6.885801e-02
-7.312424e-02
-1.011895e-01
4.128918e-02
-8.037738e-02
-8.142946e-02
1.143855e-02
-6.666780e-02
-3.003037e-02
-8.588222e-02
-1.690118e-01
-5.461613e-02
-1.358177e-01
-2.422334e-01
-9.970554e-02
-9.134081e-02
-1.520286e-01
-3.253546e-02
-7.822519e-02
8.492204e-03
8.667001e-02
-1.192381e-01
-2.306549e-01
-1.433389e-01
-2.143062e-02
-9.593837e-03
-1.748951e-01
-1.023913e-01
8.656627e-02
1.168255e-01
-7.073519e-02
2.311740e-02
5.736917e-02
5.450879e-02
-1.098476e-01
-5.948367e-02
-5.493983e-03
-4.180364e-02
-4.689152e-02
-1.578804e-02
-1.090746e-01
-1.302494e-01
-1.338236e-01
-1.953459e-01
-1.526287e-01
-2.824464e-03
-1.387019e-01
-2.687608e-02
7.117777e-02
-1.889048e-04
1.351821e-01
2.967034e-02
-7.419794e-03
6.996088e-02
1.340401e-02
-2.974996e-02
-6.181425e-02
3.985923e-02
8.385312e-02
1.949688e-02
5.967249e-02
4.012657e-02
-5.954148e-02
-1.142864e-01
-4.877309e-02
-5.853997e-02
3.519243e-02
-5.306863e-02
-1.385116e-01
-4.669817e-02
-1.398620e-01
-2.047090e-01
-8.934110e-02
9.597860e-03
1.986360e-03
-2.617920e-01
-1.482248e-01
2.993703e-02
-3.050883e-01
-1.655698e-01
-4.870835e-02
-5.291392e-02
1.289565e-01
-1.728135e-01
6.595813e-02
3.724639e-01
1.399881e-01
-1.146842e-01
1.265474e-02
-7.528862e-02
-6.719279e-02
-9.741896e-02
-1.165933e-01
6.336239e-02
1.403318e-01
2.967244e-02
4.979540e-02
1.022780e-01
6.338470e-02
-2.547719e-02
-1.489978e-01
6.312434e-02
-2.599855e-02
-1.199341e-01
-1.100069e-01
8.597707e-02
6.751560e-02
-2.570520e-02
8.188042e-02
-9.121879e-02
2.393824e-02
4.650613e-02
-2.115377e-02
1.110189e-01
-4.771934e-02
-2.567954e-02
7.283553e-02
4.088780e-02
1.483460e-02
-1.252356e-01
-6.291095e-02
5.571594e-02
-2.931936e-02
-1.328768e-01
1.849644e-02
6.420103e-03
-6.881294e-02
-1.276044e-01
-9.886573e-02
-1.283860e-01
3.829952e-03
-2.555238e-01
-5.145531e-02
-1.761152e-01
-2.291406e-01
-9.864745e-02
9.303060e-02
2.319267e-01
-1.966177e-01
-2.609968e-02
1.958029e-01
-2.471387e-01
-1.490237e-01
3.286560e-02
-1.949076e-02
4.844923e-02
1.375822e-01
-2.938704e-02
5.377367e-02
1.197727e-01
-3.080617e-02
9.025463e-02
8.870476e-02
-3.938824e-02
-3.687007e-02
1.845444e-03
7.994460e-02
-1.129889e-02
-4.873665e-02
-3.678913e-02
-3.817742e-02
-1.494206e-01
1.264072e-01
-1.771538e-01
1.426503e-01
1.991809e-02
-5.491373e-02
3.024159e-01
7.249454e-02
2.101065e-01
-1.212212e-01
-2.689131e-01
8.584481e-02
-2.308540e-02
1.069517e-01
-4.962607e-02
-1.740203e-01
-3.002436e-02
-3.260969e-01
1.733518e-01
-3.644396e-02
1.314597e-02
-4.695983e-02
-2.179776e-02
-9.389053e-02
-5.337791e-02
-6.174751e-02
-1.326671e-01
1.090200e-01
-6.047262e-02
6.345024e-02
2.174696e-01
-7.726256e-02
7.098159e-02
1.181030e-01
4.049410e-02
-4.145381e-02
-4.773381e-02
-1.078623e-02
3.583216e-02
-1.563668e-01
-6.837068e-02
2.659894e-02
-3.631751e-02
-6.868351e-02
-1.624211e-01
1.308698e-01
1.005852e-01
-2.067209e-02
-1.584231e-01
1.065509e-01
-5.210733e-02
-1.039895e-01
4.723982e-02
1.004403e-02
1.837133e-01
-5.974915e-02
-8.521593e-02
-1.054940e-01
-7.247870e-02
-1.229733e-01
-3.205128e-02
-8.623906e-02
1.024099e-01
-6.845829e-02
-6.836820e-02
1.185338e-01
-7.232448e-02
-1.336704e-02
-8.420523e-02
2.938923e-02
2.790092e-02
-2.078384e-01
1.623502e-01
1.093730e-01
1.633197e-01
1.125902e-01
1.180556e-01
2.080698e-03
4.008828e-02
1.105420e-01
-9.442676e-02
1.291125e-01
-1.432595e-01
4.524930e-02
-6.937946e-02
-8.860812e-02
1.977677e-01
-1.911668e-01
-2.114381e-03
-3.272521e-02
-2.763151e-01
2.047158e-01
4.410941e-02
-7.933280e-02
2.057256e-01
-1.031362e-01
-1.964424e-01
1.085423e-01
-5.997871e-02
1.510268e-02
1.152994e-02
-1.242704e-02
1.253389e-02
1.809340e-03
-4.746193e-02
6.841104e-02
-2.398938e-02
-4.556779e-02
2.587996e-02
-2.257272e-01
3.027904e-01
-2.286101e-01
6.733347e-02
2.625269e-02
-3.104567e-01
2.580780e-01
-4.073074e-01
2.794701e-01
-8.866439e-02
8.172305e-02
1.498884e-01
8.744034e-03
6.847911e-02
-4.025413e-04
-3.001045e-02
-8.364340e-02
-1.745158e-01
-3.566192e-02
4.383390e-04
6.737641e-02
-8.266566e-02
-8.114544e-02
-2.942704e-02
-9.519815e-02
-1.077639e-01
-7.928241e-02
-4.909001e-02
-1.291051e-01
-2.188512e-02
-1.329992e-02
1.868343e-02
2.112311e-02
-9.510425e-02
2.426699e-02
4.525166e-02
-2.942387e-02
8.107244e-03
2.244375e-02
5.707177e-03
1.154796e-01
-2.063736e-01
1.681868e-02
1.094779e-01
-7.721864e-02
-6.046981e-02
-8.165213e-02
-2.059753e-02
1.689896e-01
-2.402716e-02
2.097925e-02
1.979476e-01
8.109098e-02
-2.541774e-01
4.815585e-02
-4.208034e-02
-2.870797e-01
-2.227018e-02
1.449220e-01
-7.273866e-02
-9.850845e-02
1.060339e-01
9.883293e-03
-1.353893e-01
1.876062e-01
3.660094e-01
-2.302221e-01
-5.061985e-02
4.739959e-01
-1.710004e-01
-2.656490e-01
2.142832e-01
7.833004e-02
2.556905e-02
6.163690e-02
-5.353529e-02
-6.921168e-02
1.973038e-01
-1.043552e-01
-1.059506e-01
1.476824e-01
-1.826572e-02
-2.678983e-03
-1.253449e-01
4.145867e-03
1.461317e-01
-3.883461e-03
-2.171492e-01
4.634261e-02
9.240324e-02
-1.116465e-02
-1.096907e-01
-2.066481e-01
1.403335e-01
7.799739e-02
-1.910211e-01
5.120379e-02
1.979122e-01
6.122600e-03
8.281682e-02
1.055487e-02
-1.998316e-01
1.014731e-01
1.376012e-01
-1.926531e-01
-7.969680e-03
5.425740e-02
-1.942097e-01
-2.981180e-02
-4.855808e-02
7.647640e-02
5.889212e-02
-8.314122e-02
2.383325e-02
2.104624e-01
-4.431820e-02
-9.849806e-02
1.086961e-01
3.352450e-02
-5.357168e-02
9.787811e-02
-4.895886e-02
-3.880086e-02
1.705061e-02
-7.738065e-02
3.485230e-02
-6.121957e-02
-2.938670e-01
-1.449414e-02
2.899731e-01
-1.846159e-01
-2.917552e-01
4.643922e-01
6.491702e-02
-3.695246e-01
-3.198149e-02
1.634231e-01
-7.763803e-02
-1.641110e-01
1.508954e-01
8.971132e-02
-1.532654e-01
1.204736e-01
1.294414e-01
-2.032503e-01
-5.038178e-02
2.397312e-02
-7.145117e-02
-1.077306e-01
1.472591e-01
4.936126e-02
-1.520748e-01
-6.621104e-02
6.666174e-02
-7.331358e-02
-2.136489e-02
2.088197e-01
-6.681502e-02
-2.033862e-01
2.697076e-01
6.544744e-02
-1.617385e-01
-3.985854e-02
5.854348e-02
2.274914e-02
1.136942e-03
8.442317e-02
6.288521e-02
-5.553884e-03
1.127337e-01
1.406103e-01
-2.725818e-02
1.333273e-01
-1.687327e-01
9.646749e-02
1.173016e-01
-9.052284e-02
-2.450253e-03
1.391286e-01
-1.395575e-01
4.950708e-02
7.421795e-02
-1.029873e-01
1.108784e-01
-1.772662e-01
-1.123539e-01
3.016292e-02
3.797348e-02
-6.570821e-03
3.991670e-02
-3.255498e-01
7.529923e-02
-1.067256e-01
7.592139e-02
8.477993e-02
-7.620522e-02
-1.322710e-01
-9.714500e-02
-1.751647e-01
-3.018463e-02
-1.247314e-01
5.144728e-02
8.502133e-02
-4.857088e-02
1.164925e-02
2.894333e-02
-1.198113e-01
1.006160e-01
4.352595e-02
1.390364e-02
1.921170e-01
1.044314e-01
1.011192e-01
1.340986e-01
1.334131e-02
-7.393056e-03
-2.326213e-02
-1.594364e-01
-7.726245e-02
-2.088523e-02
2.582194e-02
4.711356e-02
-4.425557e-02
4.774916e-03
-4.329722e-02
-5.915149e-03
-1.660490e-02
-7.054862e-02
-1.220451e-03
7.140038e-02
-1.056896e-01
-5.742663e-02
1.015413e-01
-2.771960e-03
-1.567363e-01
-1.352293e-01
-1.298893e-01
-9.931099e-02
-1.587150e-01
-1.767434e-01
-9.558434e-02
-1.658434e-01
-1.441470e-01
-8.272613e-03
-7.825496e-03
7.370289e-02
-1.307329e-02
6.055211e-02
1.934662e-01
-1.964575e-02
-5.724888e-02
-7.175503e-03
1.143039e-01
-5.803900e-03
9.416725e-02
6.938149e-02
7.472309e-02
4.893749e-02
4.317109e-02
4.243324e-02
9.738329e-03
3.381512e-02
-1.843033e-01
1.337740e-01
-1.591283e-01
-7.183067e-02
1.318735e-01
-2.789737e-02
-4.233790e-02
-3.098972e-02
6.462462e-02
2.570009e-02
2.080523e-02
1.305289e-01
-3.021499e-02
-1.704836e-02
1.354603e-01
1.122745e-01
7.904989e-02
1.631711e-01
5.228745e-02
5.257047e-03
-5.710282e-02
-9.757578e-02
-3.901058e-02
-1.143411e-01
-1.016192e-01
-3.500211e-02
2.361042e-02
-3.237017e-01
1.302713e-02
-7.659966e-02
1.427388e-01
-4.356715e-02
-2.270750e-01
-1.061985e-01
-1.542868e-01
-7.063636e-02
-4.243436e-02
1.023827e-01
-1.334576e-02
1.521777e-02
1.177788e-01
-1.688209e-02
2.924220e-02
-3.751413e-02
6.498088e-02
1.154025e-01
-3.240071e-02
6.722398e-02
1.119168e-01
-2.333649e-02
1.414914e-01
1.303548e-01
-1.693501e-02
2.185110e-01
-1.277403e-01
-7.420213e-02
2.367656e-01
-8.846620e-02
-1.717453e-02
2.308624e-01
-1.672481e-01
-5.994040e-02
-1.465224e-01
-1.953672e-02
-3.414527e-02
-1.227774e-01
7.033598e-02
3.122100e-02
5.671287e-02
1.865503e-01
1.573247e-02
-5.897872e-02
6.361054e-02
2.928527e-02
1.816511e-02
-2.297279e-02
5.409835e-02
-2.193732e-01
-4.280015e-02
8.650921e-02
1.146044e-02
-1.183563e-01
-8.828191e-02
-6.994668e-02
-1.842097e-01
-1.320371e-01
-9.393927e-02
-1.611954e-01
-1.343650e-01
-1.090667e-01
-8.735272e-02
-7.262000e-02
-1.243632e-01
-2.457798e-02
5.213701e-02
2.064735e-02
8.936214e-02
7.909842e-02
-1.166565e-01
-1.788133e-01
-2.199256e-01
-3.788066e-03
-4.481992e-02
-2.094752e-02
4.004613e-02
9.846782e-02
8.526962e-02
2.357714e-02
-3.971905e-02
-3.911100e-02
2.702618e-03
-7.280104e-02
-6.767450e-02
-2.491742e-02
-1.020046e-01
-1.168363e-01
1.240320e-01
-4.567642e-03
8.243579e-02
2.478330e-02
-7.074885e-02
-3.250090e-03
-6.588650e-03
-4.066996e-02
1.392995e-02
-1.209264e-02
-9.244952e-02
-3.917462e-02
8.134954e-02
-4.378912e-02
-2.556372e-02
-1.471489e-02
5.601848e-02
-2.895600e-04
9.261119e-03
3.351231e-02
5.355560e-02
3.816856e-02
-3.323802e-02
-7.022449e-02
-4.921945e-03
-1.295271e-01
-3.976747e-02
-1.964679e-01
-1.658340e-02
-2.567627e-02
-2.841258e-02
-2.046590e-02
9.368015e-03
-1.174609e-01
-1.670246e-01
2.047807e-02
8.182611e-03
1.319658e-01
2.868809e-02
1.027798e-01
5.491593e-02
-1.976762e-01
-4.813432e-02
-1.781125e-01
-2.249649e-01
-3.009010e-01
-3.484731e-01
-1.886494e-01
-3.806696e-02
2.085263e-02
1.214071e-01
3.251973e-01
3.939849e-01
2.068008e-01
-2.713365e-02
4.977633e-02
-7.792182e-02
9.159822e-03
-5.881799e-02
2.229240e-02
-1.767218e-02
7.930975e-02
-2.128350e-02
-1.605707e-03
7.940122e-02
1.889417e-02
2.728087e-02
3.204456e-02
1.445284e-02
-3.623947e-02
-8.366840e-02
-4.390322e-02
-3.281412e-02
-8.343416e-02
-4.596920e-02
-6.288756e-03
-6.220117e-02
-3.010154e-02
4.386632e-02
-1.192174e-02
-5.494895e-03
1.068699e-01
-9.740737e-03
-7.446977e-02
9.894825e-02
6.602404e-02
-6.348582e-02
9.380838e-02
-1.215915e-02
-6.699730e-02
1.187431e-01
-6.940300e-03
-1.051156e-01
7.915652e-02
1.324357e-01
-3.022033e-02
7.772302e-02
-3.921158e-02
-1.041547e-01
-1.263029e-03
5.293580e-02
1.809848e-01
5.793443e-02
-9.150974e-02
1.055766e-01
-1.588224e-01
4.696308e-02
5.027979e-02
-6.711880e-02
-6.596950e-02
-2.647428e-02
2.773719e-02
-8.711116e-03
-2.397239e-02
4.493243e-02
-2.627121e-03
-2.746628e-02
-5.064865e-02
-1.273566e-01
-2.464255e-01
8.005477e-02
-3.677934e-02
-1.027458e-01
-4.002449e-02
-1.923108e-01
-2.068896e-01
1.275306e-01
7.011700e-02
1.543219e-03
5.424816e-02
-3.226211e-02
6.035053e-03
-1.750016e-04
3.675322e-02
6.838675e-02
-6.685562e-02
4.661116e-02
8.390759e-02
-5.001298e-02
-5.127053e-02
1.913886e-02
-1.727771e-02
-1.048291e-01
-1.189873e-01
-8.378550e-03
1.226064e-01
4.124761e-02
-4.124770e-02
8.243708e-02
7.224206e-03
-1.122408e-01
-5.782594e-02
-5.418801e-02
-1.675697e-01
-4.097741e-02
3.548062e-02
-1.432022e-01
-8.020480e-02
-1.327130e-02
-7.448217e-02
-6.301219e-02
-1.248138e-01
-1.884856e-01
5.981978e-02
8.846321e-02
-1.293047e-01
8.789839e-02
1.658339e-01
-2.477977e-01
-6.669746e-02
-2.244725e-02
1.033345e-01
-1.715349e-02
-1.552532e-01
6.922733e-02
-3.787729e-02
-2.097322e-01
7.938500e-02
-4.774371e-03
-1.466020e-01
-9.444863e-03
3.376114e-02
3.578431e-02
-5.010711e-02
-1.446299e-03
9.018797e-03
-3.545767e-02
6.542918e-03
-2.587105e-03
-1.358119e-02
-8.901765e-02
-9.015641e-02
1.613298e-02
-5.162419e-03
-5.900766e-02
-8.237784e-02
-1.072493e-01
-1.518696e-01
-4.722613e-02
-3.676312e-02
-6.369374e-02
9.949927e-02
-5.390608e-02
1.592838e-02
-5.222518e-02
-5.788925e-02
-1.463761e-01
2.223399e-02
2.470187e-02
-8.512861e-02
1.548456e-01
1.563836e-01
2.973404e-03
1.172279e-01
1.546976e-01
6.222498e-02
-6.894861e-04
-3.341680e-02
-6.884008e-02
-1.210690e-02
-2.641765e-02
-5.937186e-02
-2.259269e-02
-3.196348e-02
-5.431035e-02
-5.525983e-02
-1.159736e-01
1.192123e-02
-1.378317e-01
-2.134886e-01
-7.047396e-02
-5.432460e-02
-6.981868e-02
-1.317617e-01
-4.712403e-02
-4.787377e-02
-5.858780e-02
5.913843e-02
-2.658211e-01
-2.233466e-01
5.996663e-02
1.156546e-01
-2.018935e-02
-1.259351e-01
-8.574000e-02
6.165992e-02
-1.656304e-01
-3.084194e-02
3.020637e-01
-1.326966e-01
-6.755978e-04
-8.037870e-02
-1.707967e-01
-1.044853e-01
3.848607e-02
-9.045522e-03
-1.277285e-01
-3.671314e-02
-4.355761e-02
-1.517236e-01
-1.022770e-01
1.118912e-01
8.989080e-02
8.566792e-02
6.819889e-02
7.087836e-02
1.059812e-01
-3.145490e-02
-4.009825e-02
1.462951e-02
1.803491e-02
-3.235296e-02
-5.551766e-02
1.208624e-02
7.098622e-02
9.598882e-02
4.553058e-02
2.208215e-02
7.497314e-02
-6.180514e-02
-1.106158e-01
-1.983100e-01
1.352487e-01
1.890785e-01
-9.703912e-02
2.696069e-02
7.077869e-02
-4.869008e-02
-1.376534e-01
-1.349495e-01
-1.204916e-01
2.011809e-02
-1.702174e-01
-1.261037e-01
-1.334815e-01
-1.334321e-01
-6.098591e-02
-1.137741e-01
-4.834328e-02
-7.554340e-02
-1.101043e-01
3.143487e-02
3.187947e-01
-1.414552e-01
-2.089872e-01
-7.927776e-02
-2.177681e-02
5.890791e-02
-5.481182e-02
-5.816631e-03
1.749103e-01
3.286818e-02
1.146722e-01
1.866048e-01
7.282121e-03
3.589330e-02
-8.598153e-02
8.180471e-02
-1.274358e-01
-4.485823e-02
-3.561723e-03
-1.178217e-02
1.434632e-01
-1.980570e-02
9.759909e-02
2.025514e-02
-2.652517e-02
2.144155e-01
1.970402e-01
5.803604e-02
-6.454995e-02
7.773062e-02
7.579031e-02
7.185448e-02
-6.820142e-03
-7.116156e-02
6.575435e-03
-6.133964e-02
-3.504593e-02
-2.482307e-02
-4.101518e-02
-3.870412e-02
-6.853495e-02
1.176285e-01
-8.117796e-02
-1.050288e-01
2.612444e-01
8.553858e-02
-1.425693e-01
-2.013008e-01
8.521220e-02
-2.675710e-02
-2.904951e-02
9.610116e-02
1.371303e-02
-1.584141e-02
5.614126e-02
2.871368e-02
1.274709e-02
-6.195429e-02
1.361174e-01
1.386132e-01
1.926076e-01
1.005844e-01
9.897351e-02
1.617385e-01
2.311933e-02
2.649913e-02
7.701984e-02
-2.483354e-02
-3.626706e-02
3.845404e-03
-6.906328e-02
-7.312742e-02
-5.840404e-02
-5.862820e-02
-6.420140e-02
-1.505087e-01
8.312417e-02
-3.724500e-02
-2.544543e-02
-6.270357e-03
-9.045345e-02
-7.508529e-02
1.658848e-01
-4.957472e-02
-8.099899e-02
1.907710e-04
-4.128439e-02
-2.717467e-02
1.025788e-01
2.801387e-02
-1.145084e-03
1.621540e-01
1.864222e-01
9.540890e-02
-1.040862e-01
-4.809836e-02
9.974830e-03
4.103315e-02
7.111369e-02
7.163563e-02
-2.295628e-02
-3.767252e-02
-2.867382e-02
6.699804e-02
-6.513645e-02
-6.423229e-02
7.593501e-02
-1.503384e-02
-2.434948e-04
8.409702e-02
8.876489e-03
3.580553e-02
-5.235517e-02
-1.189628e-01
-1.422155e-01
6.335683e-02
1.188094e-02
1.177654e-02
9.646960e-02
8.973422e-02
1.112188e-01
-2.598768e-02
-5.032078e-02
-3.120694e-02
1.213765e-01
8.859426e-02
3.174184e-02
2.019998e-01
2.035453e-01
6.630336e-02
-1.388200e-01
-4.549344e-02
-4.842824e-02
-2.674346e-02
1.610523e-03
-1.791387e-02
-3.273322e-02
-4.688070e-02
-4.391516e-03
-1.715704e-01
-9.394438e-02
-1.512005e-01
-1.055197e-01
-6.055034e-02
-3.780007e-02
-7.359367e-02
-1.020852e-01
-1.122057e-01
-4.499486e-02
1.518960e-04
-5.160950e-03
-1.043482e-01
-7.986154e-02
-7.467543e-02
3.838426e-02
4.792593e-02
8.702713e-02
-6.454735e-02
-6.708672e-02
6.860351e-03
-3.289657e-02
-1.936442e-02
1.764133e-02
-2.230812e-02
1.929417e-02
1.089785e-03
-1.211881e-01
8.141804e-03
4.346246e-02
1.294586e-01
3.256907e-01
3.140563e-01
-5.145460e-02
1.242774e-01
1.552709e-01
-1.049875e-01
-1.201342e-01
-7.606237e-02
-5.677560e-02
-6.540481e-02
-1.358335e-02
6.785008e-03
-7.355383e-03
5.474671e-02
1.083890e-01
-4.778237e-02
-9.872817e-02
-6.119445e-02
-7.765231e-02
-1.026061e-01
-1.714850e-02
-7.745100e-02
-4.171583e-02
6.060407e-02
9.051485e-02
1.201679e-01
-1.291130e-02
3.600823e-02
7.365642e-02
-4.609356e-02
-2.222798e-02
-1.970282e-02
-5.697336e-02
-9.516824e-02
-7.690179e-02
-3.267785e-02
-8.437509e-02
-1.051292e-01
-2.330603e-02
-8.295877e-02
-1.065330e-01
-6.743827e-03
6.739266e-03
-1.012620e-01
-1.152679e-02
-3.973125e-03
-8.760303e-02
8.361412e-02
7.343482e-02
1.152047e-01
-1.262165e-01
4.287067e-02
6.280895e-02
-4.068090e-02
1.227303e-01
1.159132e-01
1.215810e-01
1.440895e-01
1.708242e-01
-1.036681e-01
-2.581874e-02
7.449350e-04
-1.177997e-01
-2.016446e-01
-8.130862e-02
-6.072488e-02
-8.611853e-02
-1.942061e-01
-7.579098e-02
-7.228950e-02
-7.966831e-02
-7.437693e-02
-8.006614e-02
-4.046216e-02
-4.492595e-02
-3.656621e-02
-2.569546e-02
-3.063006e-02
-3.257154e-02
-1.366482e-01
2.566080e-02
4.051334e-02
-1.587492e-02
-3.184753e-03
-9.192005e-04
-3.179154e-02
4.942458e-02
-2.310922e-02
-9.261599e-02
1.582184e-01
9.970068e-03
-5.793202e-02
1.919397e-02
-7.005978e-02
-1.011669e-01
1.305194e-02
3.421539e-02
-5.526802e-03
4.135112e-02
5.674811e-02
8.879177e-02
-8.953030e-02
4.079902e-02
4.957769e-02
-6.349424e-02
-2.567873e-02
1.369756e-01
-8.590794e-02
3.358483e-02
2.077072e-01
-1.425002e-01
-6.545302e-02
1.504758e-01
-8.974745e-03
-1.015429e-02
-6.290054e-03
-1.566970e-01
-1.049680e-01
-7.113244e-02
-6.142708e-02
1.358083e-02
1.024179e-02
5.619777e-02
8.836865e-02
1.462285e-01
-3.726654e-02
-8.054386e-02
1.982819e-02
-1.996793e-01
-1.671578e-01
-1.003607e-01
-4.643559e-03
4.675669e-02
2.670996e-02
1.451938e-01
8.582199e-02
-5.710186e-02
1.028096e-01
-5.420958e-02
-9.048975e-02
-9.569423e-02
-1.732666e-02
-5.311513e-03
1.191308e-01
2.180365e-02
-3.274436e-02
1.521505e-01
-1.162776e-02
-1.482084e-01
4.788722e-02
-2.926470e-03
1.779011e-02
4.019443e-02
1.304101e-02
-3.542727e-02
-5.085327e-02
1.519353e-02
-5.398054e-05
-4.012779e-02
-9.394949e-03
4.775764e-02
6.601109e-02
-1.250483e-01
-6.304089e-03
-6.527901e-02
-2.854488e-02
-1.278870e-01
-5.373072e-02
-2.273546e-02
-4.949408e-02
7.696062e-02
3.821892e-02
-2.601616e-02
8.069731e-02
1.839818e-02
-8.302161e-03
-1.974630e-01
-1.644254e-01
-2.125023e-01
-1.968598e-01
-1.405644e-01
-1.824595e-01
-1.319493e-01
-1.118702e-01
-1.348182e-01
-7.103703e-02
-1.555025e-01
-3.019445e-02
-1.018255e-01
8.660050e-02
7.850148e-03
5.166488e-02
-6.068153e-04
-6.733756e-02
-1.295896e-01
-4.694244e-02
-1.989468e-01
-2.388064e-01
1.372873e-01
-1.275413e-01
-1.940191e-02
6.305954e-02
7.512750e-02
-1.358406e-01
-5.409231e-02
1.407675e-01
5.601498e-02
-9.509187e-02
9.699903e-02
-5.576615e-02
1.078802e-01
-1.585218e-01
-1.835915e-02
-9.690514e-02
-9.474982e-02
-2.094451e-01
-1.220015e-01
-1.024271e-01
-2.587329e-01
-1.008921e-01
-1.230206e-01
7.485747e-02
-4.953865e-03
1.208899e-01
1.383690e-01
-2.234356e-02
1.018697e-01
3.831131e-02
-5.674176e-02
-5.070222e-03
1.190929e-01
-1.225706e-01
7.678495e-02
1.681195e-01
-1.428366e-01
2.926358e-01
6.698284e-02
-1.191240e-01
1.081100e-01
-5.639578e-02
-1.649750e-01
1.230892e-01
1.113547e-02
-9.416728e-02
1.695839e-01
-3.705687e-02
1.095724e-02
8.127473e-02
-1.525584e-01
1.258971e-02
-5.137213e-02
-2.225849e-01
1.279341e-01
-5.017743e-02
-2.816930e-01
-8.048309e-03
-8.776942e-03
6.426163e-02
8.665282e-02
3.652966e-02
1.751961e-01
5.548786e-02
-1.455462e-01
1.729952e-01
1.367078e-01
-3.017153e-02
4.691805e-02
-1.217575e-01
5.000446e-02
2.072254e-01
-1.646563e-01
7.262994e-02
7.846528e-02
-1.601539e-01
-8.672119e-02
-3.850825e-02
1.204517e-01
-9.400999e-02
5.143213e-02
1.488046e-02
1.476162e-01
9.629799e-02
-5.872945e-02
4.233063e-03
-1.504825e-02
-5.671977e-02
3.642037e-02
8.792553e-02
7.486917e-03
2.871312e-01
-2.138495e-02
-9.535244e-02
1.727001e-01
-3.839114e-02
-5.232235e-02
-4.940677e-02
-2.992491e-02
5.546045e-02
-7.581907e-02
-4.611197e-02
2.258620e-02
-2.103732e-01
-1.053475e-01
-4.804480e-01
7.442411e-03
9.781795e-02
-6.924803e-01
2.004531e-01
-2.826255e-01
-3.576243e-01
-1.228902e-01
-2.801055e-02
5.659453e-02
-1.108707e-01
7.098073e-02
1.790385e-01
3.409078e-02
2.441917e-02
5.407301e-02
1.027267e-02
-4.024091e-02
-5.484978e-02
-8.296421e-02
-5.433968e-02
-4.129121e-02
-1.060244e-01
7.888852e-03
-8.749074e-03
-7.945660e-02
-4.972707e-02
7.981265e-02
-1.381035e-01
9.331039e-03
7.410798e-02
-1.710576e-01
3.984661e-02
-1.128735e-01
-1.737616e-01
-1.310783e-01
1.528508e-01
9.513328e-03
-1.735230e-01
2.527879e-01
2.988273e-02
1.767044e-02
1.753899e-01
1.375385e-04
8.667726e-02
-1.646448e-01
-9.108795e-02
1.339517e-01
-3.081402e-01
-1.356499e-01
1.914092e-02
-1.040949e-01
4.044085e-02
1.957865e-02
3.528621e-02
-9.810661e-02
4.566619e-02
4.239313e-02
3.791312e-02
-1.524847e-02
1.047467e-01
-8.766510e-02
7.694972e-02
1.638102e-01
-9.133749e-02
1.489497e-01
7.280511e-02
-1.304885e-01
6.361937e-02
-6.292885e-02
-1.350842e-01
1.088361e-02
-4.544294e-02
5.613613e-02
2.647340e-02
-1.337363e-01
-1.183995e-02
2.035907e-02
-6.907175e-02
3.672129e-02
5.341892e-02
-1.508452e-02
2.914884e-02
3.096209e-02
-4.062960e-02
8.025634e-02
1.963898e-02
2.164987e-02
-6.234312e-02
-1.367506e-02
-1.140423e-01
-1.467600e-01
-9.858606e-02
5.249006e-02
-1.012502e-02
-2.916562e-02
1.006154e-01
-1.255228e-01
5.239654e-02
1.024153e-01
-1.368258e-02
3.877214e-02
-7.103113e-03
-3.341713e-02
4.199607e-02
-3.016096e-02
-5.182412e-02
-4.925954e-02
-2.704694e-02
2.077779e-02
-7.043657e-02
-3.973261e-03
5.920693e-02
-7.840928e-02
5.411106e-02
1.628044e-01
8.620655e-02
2.980467e-02
-9.623453e-02
5.552016e-04
1.674142e-02
-1.090289e-01
-7.723920e-02
-6.184451e-02
-8.566917e-02
1.436440e-02
-1.288889e-01
1.244378e-01
-6.514506e-02
-9.091055e-02
1.253886e-01
-8.773304e-02
4.999944e-02
9.666643e-02
-9.185598e-02
-3.240137e-02
-3.633572e-02
-7.916372e-02
-1.707426e-02
4.216550e-02
-7.624339e-02
7.493563e-02
1.028731e-01
-3.375906e-02
-2.063608e-01
-1.006719e-01
6.765436e-02
-2.517534e-01
8.398811e-02
-2.138115e-01
-1.591945e-01
1.788005e-01
6.532384e-02
1.321210e-01
-3.816978e-03
7.821808e-02
8.777289e-02
-1.904609e-02
-1.962423e-02
-7.519372e-02
-3.402101e-02
8.956725e-02
8.290872e-02
-1.246560e-02
1.521906e-01
1.406156e-01
4.588665e-02
1.185162e-01
8.521014e-02
-6.243782e-03
1.872697e-02
1.018542e-03
-7.332666e-02
9.873876e-02
4.355517e-02
-5.759864e-02
-1.874958e-02
-1.228436e-02
-2.046873e-02
1.421122e-02
4.879358e-02
2.047631e-02
-5.107111e-02
6.394282e-03
2.827039e-02
-7.034750e-02
3.616428e-02
2.677969e-02
-5.397198e-02
-1.233558e-02
-1.191220e-01
-4.409529e-02
1.314367e-01
-1.094229e-01
7.845663e-02
1.409695e-02
-2.096712e-01
-7.595725e-02
7.627437e-02
8.637357e-02
-1.058855e-02
3.177726e-02
5.678118e-03
6.992333e-02
-1.536088e-02
-9.516869e-02
1.305157e-01
1.161458e-01
1.215805e-01
3.436389e-03
-1.855826e-02
4.387078e-02
-6.602222e-02
-1.129995e-02
1.060417e-01
6.910746e-02
1.837259e-01
9.221332e-02
6.264808e-02
2.246049e-01
1.197081e-01
-1.224739e-01
-9.899887e-02
-1.656037e-01
-1.873483e-01
-5.513840e-02
-8.637011e-02
8.631619e-02
1.942731e-01
5.809114e-02
1.641571e-01
8.215930e-02
-8.567256e-02
2.825136e-01
1.806273e-01
1.489638e-02
1.467012e-01
2.724953e-02
-5.551727e-02
-8.540598e-02
-7.145887e-02
-5.352909e-02
3.182175e-02
4.121815e-02
1.574231e-01
-2.893901e-03
-3.600791e-02
1.034830e-01
7.691146e-02
-3.751193e-02
1.029646e-02
-1.546021e-01
-2.089292e-01
-7.986433e-02
-1.287699e-01
-7.833073e-02
1.014543e-01
9.792137e-02
2.339252e-01
2.611959e-01
-1.080499e-01
-7.742788e-02
-9.611223e-02
3.081657e-02
4.023138e-02
2.590640e-02
-2.155744e-02
4.590990e-02
1.193989e-01
-1.463721e-01
-2.197497e-02
-6.292053e-02
-1.351506e-01
5.964085e-03
-4.986792e-02
6.734348e-02
1.876259e-01
8.302414e-02
2.733597e-02
-1.175836e-02
-1.236532e-02
1.321461e-01
1.302903e-01
2.721008e-02
1.034612e-01
1.232977e-01
4.233073e-02
-4.711407e-02
5.519561e-02
1.682276e-01
-4.225107e-02
9.741230e-02
4.490102e-02
7.036395e-02
1.209817e-01
-7.871152e-02
-3.139472e-02
-6.702773e-02
-1.095828e-01
-5.367591e-02
-6.466099e-02
-9.849192e-02
-7.383220e-02
-5.370205e-02
-3.826980e-02
8.197634e-03
2.061156e-03
-3.569832e-02
2.350053e-02
-5.301601e-03
-4.374206e-02
-6.893637e-02
-9.754574e-02
-9.920214e-02
-1.685240e-01
-1.339523e-01
-1.247584e-01
-1.170153e-01
-1.015682e-01
-5.550122e-02
6.237811e-02
1.395864e-02
-8.938337e-02
7.692244e-02
2.038483e-01
8.487684e-02
2.141709e-01
-1.050449e-01
-5.953424e-02
-1.047188e-01
-2.168599e-01
-5.726044e-02
-6.087157e-02
3.970762e-02
-8.195606e-02
-1.543215e-01
-1.063423e-01
-2.558917e-01
1.102792e-01
-9.908447e-02
-2.910295e-01
-1.601732e-01
-5.102569e-02
-1.165981e-02
-1.035045e-01
5.826424e-02
5.689625e-03
-5.464234e-03
-3.769559e-02
-1.583940e-01
1.260336e-02
-3.553646e-02
1.996136e-02
-5.176618e-02
1.321067e-02
1.106273e-01
-1.135533e-01
-1.095495e-01
-1.391255e-01
-8.174896e-02
-1.624573e-01
-1.061498e-02
-1.823106e-01
-8.004434e-02
3.639405e-02
-1.503729e-01
3.535044e-02
-3.837794e-02
-4.965832e-02
-1.449506e-01
-4.913309e-02
-3.626347e-02
8.985502e-02
2.996876e-02
1.161296e-01
2.125856e-01
3.959083e-02
-2.468880e-02
5.420932e-02
-1.333299e-01
1.093882e-01
-4.843475e-02
-1.212940e-01
-1.823425e-01
-2.426186e-01
-2.213712e-01
-5.164969e-03
1.532647e-02
-7.652176e-02
-1.734391e-01
-1.983705e-02
1.825777e-01
-5.289302e-02
2.760263e-02
5.937802e-02
-1.800104e-02
5.235719e-02
7.833667e-02
-2.020523e-02
1.079458e-01
1.566340e-01
-1.471544e-01
1.304960e-01
1.923277e-01
2.155467e-02
-9.640676e-03
-1.225196e-01
-8.094166e-02
-1.602225e-01
-1.064448e-01
-1.377993e-01
2.095651e-02
3.316666e-02
-4.321522e-02
-1.952224e-02
4.333871e-02
1.151870e-01
1.151457e-02
6.755994e-02
-6.600706e-02
-6.886154e-02
7.692838e-02
-8.462947e-02
1.045215e-01
8.830236e-02
-9.681201e-02
6.636702e-02
5.925632e-02
-9.285755e-02
-7.087889e-03
-2.919786e-02
-5.555935e-02
-2.333208e-01
-7.870347e-02
-1.751706e-01
1.330357e-01
-1.098239e-01
-3.183724e-02
1.113730e-01
-2.518941e-01
9.222104e-02
4.132204e-02
-7.031278e-02
8.017779e-02
-1.894035e-02
-5.584924e-02
-1.800572e-02
-5.339273e-02
-1.188144e-01
3.905731e-02
-2.000021e-02
-7.976124e-02
6.252440e-02
1.081812e-02
-4.907820e-02
1.255466e-01
7.321160e-02
1.795943e-02
-1.543892e-01
1.779844e-02
-7.570498e-02
-2.196151e-01
4.342309e-02
1.655003e-02
-1.157398e-01
4.592595e-02
3.353781e-02
-3.128778e-01
-1.834618e-02
2.320190e-02
-4.018990e-01
3.959845e-02
2.644567e-01
-2.349591e-01
-7.019557e-02
7.225012e-02
1.067275e-01
-1.621562e-01
-4.830941e-02
2.296912e-01
-1.651435e-01
-4.867885e-02
-6.841076e-02
-6.599381e-02
-1.415667e-02
-5.742297e-03
-3.559247e-02
-9.269353e-02
-5.657140e-02
-7.787023e-02
-1.161723e-02
-1.507682e-01
-3.266890e-02
-6.588573e-02
-2.325588e-01
1.308200e-01
2.435445e-01
-2.625396e-01
1.493490e-01
2.370487e-01
-2.292988e-01
9.636926e-02
2.902635e-01
9.641796e-02
-8.208925e-03
1.311043e-01
1.655352e-01
-3.038465e-02
7.360020e-02
8.689699e-02
-3.062508e-02
4.815724e-02
9.075027e-04
-9.060107e-02
8.700772e-02
1.396361e-02
-7.437565e-02
1.354148e-01
2.420443e-02
-1.199189e-02
8.160188e-02
-7.608157e-02
-1.568704e-02
-7.004012e-03
-1.295798e-01
1.101288e-01
8.154847e-02
-1.317980e-01
3.067038e-02
-1.615928e-02
3.151129e-02
-3.433314e-02
5.571133e-03
1.699928e-01
7.024667e-02
-1.216587e-01
7.458586e-02
6.205936e-03
-9.773390e-02
1.495650e-01
3.145532e-02
-1.795750e-01
1.160518e-01
-7.775651e-03
-1.331785e-01
1.636070e-01
6.002456e-02
-8.602498e-02
5.730960e-03
1.547722e-01
7.813836e-03
-7.588697e-02
8.969127e-02
-7.977588e-03
-1.407137e-02
1.295550e-02
2.886784e-03
1.992816e-01
9.751301e-02
-1.344687e-01
1.828274e-01
3.710195e-02
-1.286943e-01
2.419619e-01
5.465562e-02
-1.475910e-01
-1.384003e-01
5.005719e-03
1.362583e-02
-1.103437e-01
1.916028e-02
2.272288e-03
-9.948562e-02
-1.296341e-02
-1.394188e-03
-5.051442e-02
-2.585798e-01
-1.955318e-02
7.389797e-02
-3.534494e-01
-7.854237e-02
-1.628565e-01
-2.025487e-01
-1.411064e-01
1.416052e-03
1.785942e-01
-5.862172e-02
1.751324e-03
1.517279e-01
-3.137476e-02
1.201695e-02
1.008168e-01
2.108408e-02
7.903861e-02
4.238804e-02
8.348334e-02
-1.155717e-02
-5.950387e-02
-4.336472e-02
1.201611e-02
-1.603301e-02
-2.758849e-02
-1.017240e-01
-3.683232e-02
-8.606564e-02
-8.914802e-02
4.088199e-02
6.817101e-03
3.290134e-02
1.579233e-01
1.090387e-01
-9.791117e-02
3.527739e-02
4.285824e-02
-5.102338e-02
-2.810012e-01
-1.334697e-01
7.767981e-02
2.740702e-01
1.928598e-01
2.465065e-02
-4.914263e-03
-1.823286e-01
-2.758983e-01
-1.013370e-01
-2.136425e-02
3.712935e-01
1.169215e-01
5.743210e-02
-6.503570e-03
-2.248996e-02
-7.110457e-02
5.597196e-03
1.667940e-02
-5.227056e-03
-5.034307e-02
1.544477e-02
1.632778e-02
1.548453e-01
1.120714e-01
1.383390e-01
-6.461171e-03
-7.240172e-02
-3.500759e-03
-9.891482e-02
-1.097438e-01
-7.493038e-02
-8.768164e-02
-6.087782e-02
-1.153457e-01
2.679354e-02
1.134212e-01
7.411189e-02
-4.434495e-02
-3.953375e-02
2.814160e-03
-1.079751e-01
-4.951464e-02
-1.959336e-02
5.982014e-02
1.829446e-01
2.158069e-01
-9.480585e-02
-2.977084e-02
6.232883e-02
-1.311990e-01
-2.754635e-02
5.098246e-02
-3.958396e-02
-9.799849e-03
-9.859195e-04
-1.181903e-01
-9.549111e-02
-1.571954e-01
7.250102e-02
1.890947e-02
3.331856e-02
-1.403048e-01
-9.772658e-02
-7.629386e-02
-9.875924e-02
-6.634338e-02
-1.412949e-01
1.277007e-01
8.920921e-02
1.561745e-01
5.494736e-02
8.755485e-02
1.093470e-01
6.946915e-02
-4.091160e-02
-3.684280e-02
-6.976537e-03
-1.057590e-01
-3.066413e-02
-2.338389e-02
5.677219e-02
8.149411e-02
6.388593e-02
1.010385e-01
6.936167e-02
-3.131016e-01
-1.645267e-01
-2.191497e-01
-8.145843e-02
4.148353e-02
-9.230991e-02
1.861206e-01
2.139331e-01
1.029394e-01
7.510503e-02
8.397669e-02
9.123773e-02
-1.990967e-02
-2.661590e-02
-1.671687e-02
-8.572295e-02
-8.024110e-02
-8.040844e-03
4.107336e-02
-5.156744e-02
-6.751329e-02
-1.026690e-01
-8.257985e-02
-3.826738e-02
1.594898e-01
-1.599768e-02
4.736387e-02
-8.197843e-02
-1.207278e-01
-1.531406e-01
1.020739e-02
5.765298e-02
-8.248882e-02
1.608339e-01
2.507063e-01
1.585923e-01
-2.000342e-02
1.880560e-02
4.895275e-02
-4.956191e-02
-1.930893e-02
1.894074e-02
-6.698532e-02
-3.584779e-02
-2.745438e-03
-1.383595e-01
-1.225578e-01
-5.452534e-02
-2.600969e-02
-1.354051e-02
-7.111938e-02
5.347209e-02
1.060606e-01
7.649606e-02
-9.185489e-02
-6.393024e-02
-6.585846e-02
-3.472422e-02
-2.347032e-02
-1.414621e-01
6.699567e-02
1.333647e-01
8.608309e-02
3.943490e-02
-3.186118e-02
-9.290387e-02
-6.356265e-02
1.080231e-02
3.074222e-02
2.536036e-02
-7.893082e-03
1.281158e-02
-1.123894e-01
-5.529780e-02
6.001367e-02
-7.323625e-02
-3.698947e-02
-3.026976e-02
2.423198e-03
6.416043e-02
-2.449727e-02
-2.663988e-01
-3.192095e-01
-2.057640e-01
1.108141e-01
-2.503315e-02
-7.292218e-02
2.316925e-01
2.304854e-01
1.892586e-01
-1.305135e-01
-1.424487e-01
-1.407067e-01
1.651546e-02
2.564483e-02
-6.540760e-04
1.195714e-01
5.516456e-02
-2.486453e-02
-4.220236e-02
-1.478515e-01
-1.786118e-01
5.032381e-02
4.453151e-02
-7.385703e-02
2.610043e-02
1.442571e-01
5.821092e-02
8.248886e-02
6.907801e-02
5.466188e-02
1.248453e-02
2.823199e-02
7.063149e-02
-1.221793e-01
-4.944762e-02
1.535504e-03
-1.840217e-03
6.258281e-02
1.619794e-02
-9.229083e-02
8.577295e-02
-2.647061e-03
-1.051627e-01
-6.627081e-02
-1.179461e-01
1.488637e-02
7.078201e-02
1.239960e-01
-6.210656e-02
-8.323447e-02
1.156370e-02
1.273207e-02
-6.658805e-02
-3.102345e-02
2.448696e-02
-8.548293e-03
-5.191165e-02
-7.061455e-02
-5.315543e-02
3.406637e-02
-1.513625e-01
-9.026723e-02
1.690180e-02
1.791935e-01
3.131675e-01
9.701185e-02
-1.523052e-01
1.384701e-02
4.314713e-02
-2.449648e-01
-3.274470e-01
-2.903973e-01
-4.069720e-02
-2.667092e-03
7.595494e-02
-2.497439e-02
-6.793600e-02
-3.455681e-02
2.001058e-01
5.077901e-02
-3.111915e-02
6.221558e-02
3.488868e-02
-7.991403e-02
-2.551125e-02
7.526380e-02
3.386235e-02
-2.423956e-02
-3.752906e-02
5.282077e-02
5.980251e-02
1.199279e-01
9.876373e-02
-4.685535e-02
1.508001e-02
7.746054e-02
-5.727069e-02
-3.216577e-02
4.602749e-02
