-1.176195e-01
-1.092609e-01
-1.577286e-01
-6.052428e-03
-1.868599e-02
-7.956141e-02
6.886329e-02
2.772055e-02
-7.485000e-02
-8.032946e-02
-1.715571e-01
-1.781518e-01
1.095137e-01
-8.197345e-02
-1.888856e-01
1.860560e-01
6.106306e-02
2.375305e-02
-1.961615e-02
-8.952806e-03
5.807045e-02
3.394000e-02
-2.857730e-02
-3.991197e-02
8.047910e-02
1.338194e-02
-2.843235e-02
1.591079e-02
-1.386821e-01
-1.821164e-01
-1.301431e-01
3.169953e-02
-2.922019e-01
-4.417545e-02
-1.478456e-01
-2.635003e-01
-1.529033e-02
-9.585917e-02
-1.061156e-01
5.286233e-02
1.280287e-02
-1.549651e-01
7.761445e-02
-1.286732e-02
-1.365733e-01
3.516035e-02
1.432097e-01
1.874020e-01
1.304612e-02
5.358094e-02
2.189997e-01
-1.043649e-01
-1.785028e-02
1.515163e-01
-8.686224e-02
-4.764442e-02
-5.593379e-03
3.676782e-02
9.676992e-02
1.471755e-01
-4.009530e-02
6.294758e-02
1.133444e-01
-1.953052e-02
-5.948783e-02
-1.659149e-01
5.506257e-02
3.296117e-02
-7.544579e-02
1.348702e-01
1.756166e-01
1.001856e-01
-5.759205e-02
-7.720842e-02
-9.552605e-02
-7.755651e-02
3.921749e-02
-1.248430e-01
-6.479374e-02
-1.027628e-01
-1.681948e-01
3.228419e-02
-2.028086e-02
-3.488452e-02
2.484016e-02
-2.955772e-02
1.549688e-02
3.852401e-02
1.175583e-01
3.236765e-02
-1.054139e-01
9.621134e-02
8.602744e-02
-1.152958e-01
7.785080e-02
1.538962e-01
-3.310424e-02
6.936680e-02
9.136163e-02
-2.024938e-01
-2.502147e-01
-2.361788e-01
-2.599133e-01
-2.118790e-01
-1.747153e-01
-2.942190e-01
-2.807696e-01
-2.076618e-01
-1.877278e-02
1.765923e-01
2.270663e-01
-4.233477e-02
1.008002e-01
2.287667e-01
-7.159886e-02
4.889906e-02
8.299349e-02
1.245485e-01
1.219779e-02
-1.202654e-01
6.387558e-02
5.929700e-03
-6.218242e-02
8.084030e-02
8.500829e-02
-2.813081e-02
4.311871e-02
-7.940508e-02
-1.278843e-02
1.154920e-01
1.873634e-01
-4.553436e-02
9.183853e-02
1.154346e-01
-1.874333e-02
-8.537836e-02
-2.879506e-02
-3.701889e-02
-9.839290e-02
-6.000886e-02
-9.257737e-02
-1.302628e-01
-1.237594e-01
-2.145752e-01
2.153672e-02
6.950783e-02
1.873994e-02
2.151870e-02
1.027482e-01
-6.812025e-04
-3.220119e-02
-7.819670e-04
-6.105236e-02
-2.658418e-02
-8.291729e-02
7.224308e-03
-4.181591e-03
-8.294526e-02
-3.949092e-02
-1.809536e-02
-2.993088e-02
3.789322e-03
-8.560339e-02
-4.253175e-02
-5.679017e-02
-8.072702e-02
-1.078199e-01
-9.302880e-02
-2.816900e-02
-3.902542e-02
-5.816108e-02
6.234171e-02
-2.100741e-02
-2.405206e-02
9.090066e-02
-6.662459e-02
7.956450e-02
9.946105e-03
5.157455e-02
7.336852e-02
1.081696e-01
5.888382e-02
-2.628305e-02
6.394711e-02
-4.453886e-02
-2.975923e-03
-3.242123e-02
-7.944440e-02
2.766475e-02
1.539285e-01
5.701306e-02
-1.364652e-01
1.629708e-01
-5.641674e-02
-2.369727e-01
-6.790407e-02
-2.108681e-01
-2.159888e-01
2.765196e-02
2.239542e-02
1.208817e-02
6.986842e-02
1.467516e-02
-8.203181e-02
4.931816e-02
-4.461329e-02
-1.394458e-01
1.750362e-02
-1.006761e-02
2.728564e-02
2.086869e-02
2.417288e-05
-1.396428e-02
-5.039141e-02
2.838540e-03
4.357485e-02
-1.724700e-01
-8.267157e-02
-3.717569e-02
-1.763195e-01
7.143831e-03
4.374463e-02
-8.495212e-02
1.207203e-01
5.319680e-02
8.160973e-02
-1.099490e-01
-1.175893e-01
-1.231594e-02
-5.953229e-02
-1.214659e-01
4.883618e-02
-4.090074e-02
-5.984004e-02
-1.178933e-01
-8.213714e-02
-1.682916e-04
2.768801e-02
1.143492e-01
1.699934e-01
1.616034e-01
1.241240e-01
1.117212e-01
1.459114e-02
1.070780e-01
-1.340708e-02
7.271847e-02
1.080988e-02
1.062773e-01
2.721841e-02
9.186409e-02
5.755756e-02
-2.086858e-01
-2.701091e-01
-7.436614e-02
-2.262227e-01
-9.419480e-02
1.861188e-01
1.023576e-02
1.609261e-01
2.921718e-01
-7.069958e-02
-1.211516e-02
-1.630020e-02
-9.582317e-02
7.507996e-03
4.805435e-02
-6.366088e-02
4.967921e-02
7.736949e-02
-1.523796e-02
-4.642897e-02
-1.258367e-01
-3.944007e-02
-6.901366e-02
-4.542340e-02
-5.046156e-02
-1.082520e-01
4.753874e-02
8.840305e-02
6.603735e-02
7.922250e-02
4.754883e-02
5.500195e-02
5.778638e-02
1.061527e-01
8.483373e-02
5.046622e-02
-8.105145e-02
-2.179732e-02
5.138732e-02
-4.361571e-02
-3.604632e-02
3.168390e-02
-6.550013e-02
-3.961133e-02
-2.573623e-02
-5.529138e-02
5.115468e-02
3.381928e-02
-2.280179e-02
5.113602e-02
2.012870e-02
-2.317447e-02
-2.057263e-02
-4.153665e-02
7.314035e-02
1.305053e-02
4.469544e-02
3.606056e-02
-2.460071e-02
-3.029532e-02
9.524209e-03
-7.966387e-02
-7.627247e-02
-5.746508e-02
1.795582e-01
2.379559e-02
-7.041080e-03
5.848985e-02
9.540622e-02
-2.287426e-02
1.101167e-01
7.719346e-02
-3.531202e-02
9.992713e-02
5.779799e-02
2.628095e-02
5.353966e-02
6.268559e-02
2.233672e-02
6.843767e-02
2.346059e-02
7.043635e-02
-1.484268e-02
-8.653964e-02
8.962639e-02
4.950862e-02
7.326988e-02
2.839939e-02
3.406458e-02
1.444820e-01
-2.380882e-02
1.388473e-02
-1.572820e-02
4.860133e-02
8.229962e-02
7.374068e-02
3.822525e-02
1.245657e-01
1.312903e-01
1.762040e-01
2.362197e-01
6.157473e-02
1.564497e-01
1.554538e-01
6.458241e-02
2.959230e-01
2.382189e-01
1.059258e-01
-1.623075e-02
-1.504860e-01
-1.164339e-01
2.730463e-03
-2.989526e-02
-8.517332e-02
-8.966884e-02
-1.717073e-01
-1.496420e-01
-1.067870e-01
8.147250e-02
1.997125e-01
1.353324e-02
-1.151198e-01
4.963646e-02
9.007594e-02
-1.054428e-01
-1.552724e-01
-5.319548e-02
-7.217904e-02
-5.750172e-02
-1.305311e-02
1.819686e-02
2.171178e-02
-1.388834e-02
2.144591e-02
9.382530e-03
1.169056e-01
-6.190087e-03
-4.973860e-02
-8.026897e-02
-6.231261e-02
8.892193e-03
-1.620184e-01
-6.298682e-02
9.919474e-02
5.582531e-03
8.188093e-03
6.654827e-02
-1.025609e-01
-8.205926e-02
-1.550662e-02
-1.588147e-02
-5.781801e-02
-1.886040e-02
-8.463773e-03
-3.045606e-02
1.754948e-02
3.985067e-02
5.341389e-02
2.963150e-02
-3.676981e-02
-3.215591e-02
-5.272108e-02
-3.794345e-02
2.330189e-01
1.438107e-01
-1.248458e-01
8.776046e-02
9.794896e-02
-4.318357e-02
7.951566e-02
2.656663e-04
-6.328216e-02
-9.726807e-02
-8.340721e-02
-9.335835e-02
-8.282502e-02
-1.047665e-01
-1.643098e-01
-1.851397e-01
-1.530823e-01
1.154580e-01
8.337305e-02
2.170960e-02
1.802527e-01
1.512526e-01
6.812140e-02
1.513789e-02
-7.043133e-03
-7.653927e-02
-5.631537e-02
-1.883349e-02
5.266186e-02
7.130712e-02
1.466155e-02
7.742890e-02
1.161743e-01
7.339717e-02
7.677653e-02
-2.896407e-02
-3.314029e-02
-2.790784e-02
-7.117233e-03
-5.919110e-02
-5.516627e-02
8.120791e-02
9.674667e-03
1.022923e-02
-6.611424e-02
-1.849096e-01
-8.287844e-02
-8.406249e-02
-4.117159e-02
-2.471074e-02
-6.659928e-02
-9.970635e-02
-4.048892e-02
4.959365e-02
-5.541979e-03
-2.902808e-02
1.565866e-02
4.599646e-02
-1.777402e-02
-1.919829e-02
1.033597e-02
4.049594e-02
1.322207e-01
1.436949e-01
1.634666e-01
-1.231021e-02
-2.458296e-02
4.157091e-02
-1.899873e-01
-2.307324e-01
-1.447448e-01
-5.502301e-02
-1.727474e-02
2.664183e-02
3.194296e-02
2.267188e-02
1.137188e-01
-2.660662e-02
9.470595e-03
3.025866e-02
1.028015e-01
6.078406e-02
4.546900e-02
-2.045038e-02
-5.019569e-02
-5.789572e-02
-3.122411e-02
-1.528339e-03
-5.522451e-02
-8.183949e-02
-3.999381e-02
-4.539886e-02
-1.279357e-01
-4.526110e-02
-9.073008e-02
-3.194483e-02
-5.867937e-02
-9.005708e-02
6.185446e-02
-4.955570e-02
-7.730878e-02
4.330364e-02
-5.511898e-02
-1.333911e-01
-2.647553e-02
-5.045187e-02
-1.181677e-01
-1.106097e-01
-4.270209e-02
-3.147319e-02
-1.180673e-01
-3.168511e-02
-2.844713e-02
-1.266483e-01
-7.596012e-02
-6.238834e-02
3.927788e-02
7.860094e-02
2.501559e-02
-8.300988e-03
1.535292e-02
1.195227e-01
7.629181e-02
1.140156e-01
1.012342e-01
-1.281800e-01
-7.756955e-02
-2.627205e-02
-1.083793e-01
-1.720134e-01
-9.947994e-02
8.239405e-02
5.165226e-02
6.206591e-02
9.915015e-03
-5.003284e-02
8.184185e-03
5.361258e-02
-1.207350e-02
-2.220101e-03
6.630518e-02
2.550855e-02
3.233410e-02
-1.090925e-01
-4.259986e-02
-1.066494e-01
-1.157001e-01
8.751021e-02
-7.586765e-02
-6.235174e-02
4.332048e-02
5.469058e-02
1.509148e-01
1.331629e-01
9.093075e-02
1.566580e-01
9.887348e-02
9.431322e-02
1.188464e-01
6.659207e-02
6.353845e-02
5.564619e-03
-6.224209e-02
-1.147283e-01
-1.906084e-02
-8.509324e-02
-1.082659e-01
-2.541485e-03
-7.871907e-02
-8.391265e-02
5.127799e-02
2.326070e-02
-8.897144e-03
1.283510e-02
-5.164726e-02
-1.369855e-01
-5.572436e-02
-1.097111e-01
-1.163502e-01
-2.338640e-02
8.880747e-02
-6.291807e-02
-5.277145e-02
-9.413615e-02
-6.109577e-02
-1.157770e-01
1.152007e-02
-4.773637e-03
-3.123866e-01
8.963741e-02
4.181785e-02
-1.273791e-01
3.889220e-01
-7.851644e-02
2.456946e-01
1.352980e-01
-4.822460e-02
1.973936e-02
2.051773e-02
-1.106325e-01
1.394667e-01
6.900181e-02
-1.588681e-01
2.011786e-01
9.214132e-02
-1.524187e-02
8.435130e-03
-4.994466e-02
-6.589320e-02
-1.196559e-02
-3.962544e-02
-5.015067e-02
-1.103918e-01
-1.024476e-01
-3.925905e-02
-1.666601e-02
-1.044583e-01
-5.525918e-02
2.017101e-02
8.596127e-02
-4.721399e-02
-3.089109e-02
1.356785e-02
-4.650434e-02
3.404523e-03
-2.539083e-02
-6.319679e-02
-4.314771e-03
-8.326302e-02
-1.192018e-01
4.742014e-02
-5.204339e-02
1.496536e-02
1.046051e-01
3.240046e-02
1.876211e-02
8.806520e-02
-4.841169e-02
1.645805e-01
9.864336e-04
1.435729e-01
1.734027e-01
6.932587e-02
1.581937e-02
-3.025486e-02
5.453235e-02
3.532184e-02
-6.750086e-02
3.670475e-02
-1.262123e-01
-8.581308e-02
3.185438e-02
1.467514e-01
1.717665e-01
4.876070e-02
1.461957e-01
5.755505e-02
1.151747e-01
9.297246e-02
-6.872328e-02
-1.296367e-01
-1.298253e-02
2.586441e-01
-1.159344e-01
4.389459e-02
2.671921e-01
-1.135495e-01
2.656020e-01
6.306706e-02
-1.265157e-01
-8.842925e-02
-8.046728e-02
-1.041190e-01
-2.953091e-02
-1.015517e-01
-6.813002e-02
-1.198482e-01
-1.447761e-01
2.930368e-02
-1.977694e-02
-1.807445e-02
1.237220e-02
-1.081458e-02
6.831746e-02
-6.370118e-02
4.685033e-02
1.289890e-01
-1.719998e-01
-5.515914e-02
2.239822e-01
-1.974472e-01
2.754110e-01
-5.199454e-02
2.185553e-01
5.981646e-02
-1.697892e-01
-1.703841e-02
4.278680e-02
1.666042e-01
-4.381885e-02
8.928969e-02
1.631627e-01
-4.418000e-02
7.837929e-02
7.374914e-03
5.167061e-02
-1.609313e-02
-1.049466e-01
6.390440e-02
1.209708e-02
-5.230391e-02
8.419998e-02
8.921656e-03
2.705239e-03
1.159424e-01
-2.994441e-02
-6.290455e-02
1.556742e-01
1.149372e-01
7.954756e-02
-3.619403e-02
1.874527e-02
1.125627e-01
1.728011e-01
8.974284e-02
5.097932e-03
2.129413e-01
2.531529e-01
1.501365e-01
-1.151756e-01
2.969499e-02
4.353094e-02
1.200429e-03
-6.024433e-02
2.612157e-02
-7.785971e-02
-7.299324e-02
-2.323542e-02
-4.772427e-02
6.568671e-02
4.436341e-02
2.375431e-02
-5.727312e-03
2.278972e-02
2.700739e-02
1.037043e-02
3.819111e-02
-1.127709e-01
-8.254049e-03
3.232747e-02
-1.042019e-01
-1.430380e-03
1.224062e-01
-1.040929e-01
-9.022764e-02
7.072131e-02
-1.633611e-04
-1.014529e-01
-4.042120e-03
-4.903732e-02
-8.007757e-02
-9.588718e-02
7.134096e-02
9.343378e-02
-2.639678e-02
-1.119254e-02
7.087397e-02
-5.370785e-02
7.867832e-02
1.253929e-01
9.349380e-02
-6.794085e-02
1.039205e-01
1.600616e-01
-1.393377e-01
-1.748699e-02
5.644702e-02
4.919516e-03
-1.440140e-03
-5.915334e-04
-4.979615e-02
-3.955451e-02
2.243043e-02
-1.238629e-01
-6.214514e-03
1.031410e-01
7.977306e-02
-1.772568e-01
-2.517662e-01
4.163951e-01
-1.846901e-01
-2.982596e-01
5.231807e-01
3.777567e-01
-5.191379e-02
-1.464251e-01
-3.374293e-02
3.951660e-02
-9.882316e-02
-5.475460e-02
-1.281028e-02
6.937965e-02
-5.903395e-02
-1.689216e-02
-5.791613e-02
1.437486e-01
3.363304e-01
-3.117906e-01
-9.587204e-02
2.611777e-01
-2.632009e-01
-2.633975e-01
7.544255e-02
3.083106e-02
-1.701211e-01
-1.218326e-01
9.851324e-02
-9.047130e-02
-1.210913e-01
5.015718e-02
6.461865e-02
5.413345e-02
1.165628e-02
-5.042804e-02
-1.649292e-01
3.624894e-02
2.398946e-02
-6.633668e-02
-4.708712e-03
4.919269e-02
-4.096254e-02
-7.794195e-02
-8.597629e-02
-5.411087e-02
-9.597844e-02
1.135441e-03
-6.686337e-02
-7.452061e-03
3.807269e-02
-1.015240e-02
2.120343e-01
4.963914e-02
-2.879484e-02
2.259777e-01
2.144416e-01
1.062337e-01
1.331442e-02
1.822140e-01
2.505554e-01
-8.040686e-02
-5.393771e-02
-2.951883e-02
-6.121661e-02
-4.338507e-02
-1.891591e-02
-4.565846e-02
-3.315873e-02
-2.352170e-02
-2.711340e-02
7.740485e-02
-1.013425e-02
5.382285e-02
9.698935e-02
4.403917e-02
1.753154e-01
7.336035e-02
-3.999848e-02
3.850741e-03
-3.947674e-02
9.669792e-04
-2.888874e-02
-3.869135e-02
4.492663e-02
-4.850011e-02
-1.014007e-01
-1.815905e-02
1.057956e-01
1.488025e-01
5.714661e-02
7.779549e-02
8.744731e-02
2.174106e-02
-1.504467e-02
-1.107980e-01
4.796145e-02
-4.065450e-02
-3.575996e-02
-1.082353e-02
-2.983042e-02
-5.708667e-03
1.309602e-02
8.373401e-04
-6.239339e-02
-4.870899e-03
1.130846e-01
8.135819e-02
6.300964e-02
1.535427e-01
1.278258e-01
9.409627e-02
1.081300e-01
1.021404e-01
3.702750e-02
-1.558373e-01
-1.936989e-01
-1.899006e-01
-9.174541e-02
-1.163506e-01
-8.894449e-02
-5.761256e-03
-3.523343e-02
-1.775405e-02
1.396410e-01
9.640690e-02
1.079985e-01
8.077632e-02
-3.016678e-02
-2.489001e-02
1.327329e-01
-1.719829e-02
-4.644027e-02
-6.448057e-02
-2.183723e-02
6.688284e-05
-8.735204e-02
4.102170e-02
1.765268e-02
-1.208042e-01
-7.336292e-02
4.427671e-02
-4.068356e-02
5.590696e-02
9.780771e-02
3.865535e-02
1.721774e-02
3.742415e-02
6.913965e-02
3.417729e-02
-4.979225e-02
-2.332637e-01
-2.079062e-01
-3.790994e-02
-1.714978e-01
-1.194625e-01
-3.384960e-02
-1.442192e-01
-1.475825e-01
-3.801495e-02
6.015300e-02
7.013818e-02
1.059676e-01
-6.117037e-03
9.019946e-02
1.537129e-01
4.759603e-02
1.758555e-01
2.308078e-01
4.129807e-02
6.969886e-02
-1.637072e-01
3.274422e-01
3.226278e-01
9.737433e-03
2.451142e-01
2.128466e-01
-1.374987e-02
3.789511e-02
9.638123e-02
5.038604e-02
7.586274e-02
1.294002e-01
1.646529e-01
-1.928617e-02
8.231955e-02
1.556090e-01
-4.189226e-02
-3.003940e-02
5.136105e-02
2.885927e-02
4.401249e-02
3.390818e-02
9.375435e-02
4.769464e-02
-1.736460e-02
-1.588095e-01
-1.929962e-01
-1.621300e-01
-1.014892e-01
-9.240960e-02
-7.119463e-02
2.405866e-03
-4.431009e-03
2.553115e-02
3.439010e-02
3.625364e-02
3.231990e-02
-3.843716e-02
-3.229779e-02
-8.246981e-02
-3.896748e-02
-8.283162e-02
-5.224980e-02
3.668573e-02
3.199644e-02
-6.151705e-02
1.802355e-01
-4.378492e-03
-7.653068e-02
3.598898e-04
-8.291714e-02
-5.835224e-02
-2.622147e-02
1.481534e-01
8.992300e-02
4.433524e-02
6.773088e-03
-1.532668e-01
5.676919e-03
-8.765759e-02
-4.477396e-02
-1.156522e-01
-2.730651e-01
1.318957e-01
-1.526786e-01
-1.401962e-01
4.757091e-01
-6.098149e-02
4.755346e-01
2.458514e-01
2.691630e-02
3.416315e-02
9.095715e-02
4.537589e-03
-3.675902e-02
4.371804e-02
5.962925e-02
1.488933e-02
-4.418917e-02
1.765378e-01
1.461690e-01
-1.005367e-01
1.249970e-01
5.294878e-03
-1.632120e-01
-4.084635e-02
-1.564221e-01
-2.788632e-01
4.695906e-02
-4.488463e-02
-1.557150e-01
1.360402e-01
-7.918400e-02
-1.251515e-01
5.539676e-02
-8.867363e-03
-5.581840e-02
3.315285e-02
-2.756639e-02
-7.493667e-02
-3.203104e-02
-3.007312e-02
-1.480740e-01
-2.657367e-02
-6.762823e-02
-9.829580e-02
4.002387e-02
5.687394e-02
1.018086e-02
3.237282e-02
4.011450e-02
-3.336231e-02
6.324591e-03
-3.410070e-02
5.075197e-02
9.500173e-02
1.747663e-03
-3.865143e-03
2.791950e-02
-3.290164e-02
-1.647624e-01
1.049784e-01
-7.876489e-02
-7.399056e-02
4.419225e-02
-1.067653e-02
8.704665e-02
-5.960409e-02
-6.612901e-02
8.709576e-02
-9.140744e-02
8.420441e-02
1.150531e-01
-1.316951e-01
-1.006548e-01
1.013473e-03
-1.148942e-01
-2.147226e-01
2.320738e-01
-2.430901e-01
-3.628674e-02
2.228153e-01
-7.210583e-03
-1.823430e-02
-5.778803e-02
-5.928648e-02
-3.311531e-02
-6.842110e-02
-7.518530e-02
-9.527541e-02
-5.858686e-02
8.458801e-02
1.100415e-01
4.433276e-02
2.474839e-02
-3.410609e-02
-2.262129e-02
-8.123406e-02
-4.659516e-02
1.530399e-02
-7.252554e-03
-2.358727e-01
-5.705847e-03
-1.893153e-01
-3.593901e-01
2.172909e-01
-7.349987e-02
2.246128e-01
1.685310e-01
-5.811668e-02
-5.752302e-02
-2.016531e-02
-1.446786e-01
-1.368001e-01
1.992134e-02
-1.048621e-01
-5.300641e-02
9.941839e-02
1.125745e-01
1.496995e-01
6.991597e-02
2.444395e-02
5.157071e-02
-9.272937e-02
-4.767331e-02
-8.410819e-02
-2.096403e-01
-3.314663e-02
2.457450e-02
4.088332e-03
1.317337e-01
3.625878e-02
1.349709e-01
7.171487e-02
2.257721e-01
1.269149e-01
2.166644e-02
5.947887e-03
2.643419e-02
5.415167e-02
-1.775878e-02
1.208476e-02
8.316409e-03
4.723047e-03
-3.150146e-02
-1.545846e-01
-1.193495e-01
-1.359825e-01
-1.082286e-02
-1.469106e-01
-9.487236e-02
1.266147e-01
1.153326e-01
2.694965e-02
-9.392682e-02
-1.931840e-01
-7.283904e-02
3.969250e-02
-1.767533e-01
2.653238e-02
1.280155e-01
2.031011e-01
2.342220e-01
5.671789e-03
4.794671e-02
1.042714e-02
-8.648904e-02
-8.660114e-02
-3.968555e-02
-1.440881e-02
6.845867e-03
6.009106e-02
-1.209202e-01
-1.434089e-01
-6.370816e-02
6.271839e-02
-8.881027e-02
-1.152574e-02
2.249138e-01
1.698061e-01
1.037991e-01
8.251106e-02
6.100832e-02
2.382132e-02
1.557559e-01
1.356197e-01
5.450891e-02
4.352519e-02
7.409923e-02
5.086235e-02
1.999405e-02
-5.832202e-02
-1.494628e-02
-9.570783e-02
-4.370724e-02
6.047202e-03
-1.102541e-01
-7.526100e-02
1.334729e-02
-1.068992e-01
-6.217195e-02
9.330063e-02
-3.970066e-02
-1.309321e-01
-1.485734e-01
1.650127e-01
7.027040e-02
-1.351549e-01
1.959321e-01
3.002073e-01
3.206927e-01
-2.452492e-02
2.158475e-01
1.887865e-01
-2.662862e-01
-2.666362e-01
-1.807979e-01
5.770097e-02
6.261035e-02
-2.769828e-02
-8.791962e-02
1.287206e-01
1.437730e-01
-2.477778e-01
-1.378403e-01
4.436200e-02
2.553410e-02
-1.655827e-02
3.139283e-02
-9.635435e-02
-6.690899e-02
5.497379e-02
8.970085e-03
1.471908e-02
7.743069e-02
-2.233177e-02
-3.673814e-03
-1.145217e-02
-3.664540e-02
9.972037e-02
5.471254e-02
-1.386943e-01
-2.622666e-02
-9.312855e-03
5.256966e-02
3.695261e-02
3.888137e-02
3.731754e-02
5.344021e-02
4.829587e-02
1.004367e-01
7.651403e-02
9.060052e-02
1.036601e-01
1.688542e-02
2.559767e-02
1.029900e-01
7.318310e-02
2.583736e-02
1.509628e-01
2.089535e-01
1.816411e-01
-2.976448e-02
-1.698661e-02
-2.633194e-03
-5.092844e-02
-6.167241e-02
-5.753821e-02
-6.771217e-02
-9.069380e-02
-1.390288e-01
-8.724847e-02
1.053093e-02
1.057305e-03
-1.250634e-01
-7.976308e-02
6.129820e-02
-5.034036e-02
-2.137667e-01
-1.535590e-02
-9.928577e-02
-7.363839e-02
-1.933300e-03
-8.565646e-02
-1.628667e-01
-8.285202e-02
4.410716e-02
-1.918444e-01
-2.756196e-02
1.589749e-01
1.255042e-01
-1.344921e-02
3.061288e-01
9.038789e-02
3.130528e-02
1.544506e-02
2.195033e-01
1.915800e-01
1.574431e-01
5.160075e-02
-5.432925e-02
1.737841e-01
1.354299e-02
3.792838e-02
1.744814e-01
2.095059e-01
1.459438e-01
-7.495440e-02
-4.970411e-02
4.647622e-03
-4.528207e-02
-3.529273e-02
-5.370336e-02
5.717940e-02
-1.213580e-02
-6.302160e-02
-1.219681e-01
4.559026e-02
2.010849e-01
-1.543725e-01
5.560077e-02
1.773970e-01
-1.788765e-01
-5.023208e-02
7.934598e-02
-1.242048e-01
-1.785702e-01
-7.270505e-02
-6.802038e-02
-1.721803e-01
-1.504177e-01
7.200575e-02
-9.049488e-02
-1.895034e-01
-2.837010e-02
-8.141596e-02
-2.544174e-02
-2.804070e-02
-1.391791e-01
-2.906605e-02
-6.712395e-03
-2.653815e-02
1.343897e-02
1.044183e-01
4.007978e-03
-1.674857e-03
9.393933e-02
3.069732e-02
1.269949e-02
-2.898121e-02
5.489715e-02
1.182225e-01
5.792870e-02
-5.195178e-02
-1.737659e-01
1.582451e-01
3.502031e-02
-7.154615e-02
1.150094e-01
6.328599e-02
-3.789195e-02
-1.273679e-01
-6.886905e-02
1.037543e-01
-1.892495e-01
-4.020942e-02
-1.480290e-02
-1.012694e-01
-1.746660e-01
-1.371197e-01
3.632496e-02
-1.334236e-02
3.253496e-02
2.003317e-02
2.255221e-02
8.335087e-02
-7.198562e-02
2.219405e-02
1.158432e-01
-6.288466e-02
3.222122e-02
-9.677858e-03
-1.210054e-01
8.965894e-02
1.169821e-01
-2.312790e-01
3.673591e-02
9.756459e-02
2.199588e-02
-6.482402e-03
-1.304162e-01
3.099910e-01
9.755132e-02
-1.890469e-01
1.025432e-01
2.955942e-01
-6.272636e-02
-1.019213e-01
1.084279e-01
2.867481e-01
-2.549113e-01
-3.332694e-02
2.576506e-01
-3.424520e-01
-2.524292e-01
6.105211e-02
-8.477863e-02
3.044559e-02
5.077844e-02
-1.183147e-01
4.441128e-02
7.146687e-02
-1.452764e-01
5.048607e-03
2.067380e-02
-5.757307e-02
-5.654615e-02
7.113399e-02
5.321021e-02
-2.233904e-02
9.577197e-02
6.824958e-02
8.112903e-03
4.940053e-02
-2.152312e-02
2.593087e-02
5.134195e-02
-8.309062e-04
2.769073e-02
-9.174507e-02
9.038457e-02
8.581640e-02
-6.061145e-03
-3.419165e-02
-1.507239e-02
-2.804464e-02
3.842493e-02
-6.274489e-02
-7.310274e-02
-3.416378e-03
5.511739e-02
-3.830085e-02
1.801796e-02
4.888828e-02
-3.343824e-02
3.908452e-03
-3.133445e-02
-3.345745e-02
3.985035e-02
4.823720e-02
1.265487e-02
-1.045057e-01
4.681952e-02
8.154853e-02
-1.381330e-01
-9.750174e-03
1.656111e-03
-7.044432e-02
-2.496636e-02
8.873863e-03
3.301463e-03
-7.953728e-02
4.268842e-02
-1.352891e-02
-9.916580e-02
6.347521e-02
-1.164728e-02
-1.314139e-01
5.163034e-02
-2.760948e-02
-1.464679e-01
4.400497e-02
-2.262680e-02
-6.912455e-02
2.931895e-02
-6.707652e-02
2.347150e-02
5.893823e-02
-1.252271e-01
-9.574554e-03
-1.341706e-02
-1.257350e-01
5.558807e-02
-2.464144e-02
-1.434788e-01
1.202205e-01
5.247362e-03
5.160660e-03
-1.055052e-03
-7.138599e-02
-5.151945e-02
8.182081e-02
1.230524e-02
-1.070509e-01
-9.197772e-02
-5.071794e-02
-4.363077e-03
-7.336723e-02
-4.750954e-02
4.877402e-02
-4.935321e-02
-4.262976e-03
-1.403236e-02
-4.324035e-02
4.778895e-02
-1.916663e-02
7.727052e-02
-1.347794e-02
7.058822e-02
1.077605e-02
-3.738598e-02
1.275409e-01
2.387208e-02
-1.054005e-01
-4.025779e-02
-7.729251e-02
1.000219e-01
-1.068737e-01
-1.077420e-01
4.754791e-02
-1.230792e-01
-5.652030e-02
7.912114e-02
3.846192e-02
2.619399e-02
1.370255e-02
4.044574e-03
-1.716847e-02
-5.509600e-02
-5.478751e-02
-4.353466e-02
-7.635934e-02
3.958214e-01
-1.890506e-01
-7.821892e-02
5.052915e-01
-5.195052e-01
5.666437e-02
1.445336e-01
-2.239545e-01
1.517996e-01
-2.971627e-02
1.429240e-01
9.417866e-02
-3.916794e-02
3.887296e-02
6.606455e-03
1.475293e-02
4.055539e-02
6.252841e-03
-7.666503e-02
-6.760343e-02
-7.247438e-02
-1.476097e-01
-6.099336e-02
-4.710455e-02
-6.846829e-02
1.322333e-02
4.143661e-02
3.714861e-01
2.260147e-01
8.839612e-02
2.079566e-01
-5.384215e-02
-9.067956e-02
-4.763160e-02
-1.983131e-01
-2.606717e-01
-8.277281e-02
-8.433712e-02
-2.313663e-02
-3.807245e-02
-7.099892e-03
9.994250e-02
2.191979e-02
1.895494e-02
1.025745e-01
1.036402e-01
3.796210e-02
-1.126411e-01
5.254878e-02
6.975158e-02
-1.179393e-01
4.890041e-02
-1.145051e-01
-1.759682e-01
1.378166e-01
8.194331e-02
-4.903641e-02
1.520787e-01
1.682718e-02
-1.028854e-01
5.362113e-02
-1.032307e-01
-2.369074e-01
-1.356609e-01
-6.459146e-02
-4.408178e-03
-1.886126e-02
3.592376e-02
5.679664e-02
7.155447e-02
6.501220e-02
5.184481e-02
1.999207e-01
9.111115e-02
-8.278870e-02
1.677755e-01
3.278415e-02
-1.735552e-01
-8.819906e-02
-2.378727e-01
-3.040237e-01
1.462893e-01
1.517798e-02
4.055381e-02
1.438382e-01
3.859059e-02
-7.297063e-03
-8.694737e-02
-2.178916e-01
-1.520767e-01
-1.095394e-01
-4.441265e-02
-1.008857e-01
-1.107828e-01
1.675576e-03
-7.468883e-02
6.966018e-03
3.802733e-03
-6.231664e-03
-4.766837e-02
-2.276238e-02
3.293866e-04
-9.342746e-02
4.776369e-02
-3.527143e-02
-5.754857e-02
-5.933885e-02
-1.146945e-02
-2.788309e-01
-1.848386e-01
-3.819598e-02
-1.635403e-01
-8.071993e-03
1.419713e-01
7.748688e-02
2.323280e-01
2.986133e-01
7.186090e-02
1.439122e-01
-1.444733e-02
5.762545e-02
-1.273790e-02
-7.384279e-02
-3.406113e-02
-7.876977e-02
-1.730433e-01
8.725594e-02
7.150771e-02
6.431286e-02
2.151220e-02
2.043609e-02
2.994841e-02
-1.314332e-01
-9.766438e-02
-5.306649e-02
-1.552608e-01
-8.826722e-02
-3.396167e-02
-5.559325e-02
-7.624065e-03
7.427777e-02
7.735220e-02
1.045376e-01
1.565646e-01
1.775952e-02
1.259354e-01
5.558598e-02
6.653866e-03
2.114193e-01
3.382717e-02
-1.480083e-02
1.820021e-01
1.608372e-02
7.485126e-02
2.062037e-02
-4.729151e-02
9.954837e-02
7.614004e-03
-3.314485e-02
1.516969e-01
1.037981e-01
3.049620e-02
1.566618e-02
-7.173131e-02
-3.851575e-04
4.455492e-03
-5.012581e-02
-1.949179e-02
-1.314789e-02
-1.567395e-02
-4.721581e-02
2.018441e-02
-5.876886e-03
-2.025117e-02
-5.969394e-02
5.610225e-02
5.926326e-02
-1.104636e-01
4.094797e-02
5.200594e-02
1.011634e-01
-1.733453e-01
4.585538e-02
-2.516999e-02
-8.609507e-02
-4.799578e-02
-1.299151e-01
1.218494e-01
-1.157215e-01
-6.354090e-02
2.141257e-01
-5.593833e-02
3.035922e-01
-3.454436e-01
2.403721e-01
8.342085e-02
2.198500e-02
1.593373e-01
2.386583e-02
-7.736869e-03
-9.927903e-03
-7.251179e-02
-9.550213e-02
-1.020123e-02
-7.349551e-02
-3.747244e-03
7.782631e-02
-7.368095e-02
1.423324e-02
-1.563833e-02
-4.887276e-02
6.132242e-02
-1.718080e-03
-8.322947e-02
2.769981e-02
6.947961e-02
-1.284959e-01
-8.099316e-02
-1.672828e-01
3.040066e-03
1.634158e-02
-5.196011e-02
3.627327e-02
-6.559879e-02
-5.023269e-02
1.079605e-02
-1.231461e-02
-8.157277e-02
-6.742983e-02
-1.647337e-02
-2.556724e-02
1.981012e-03
1.576592e-02
6.265721e-02
7.556124e-02
2.454047e-02
1.185878e-01
4.600926e-02
2.156934e-02
4.885720e-02
3.036519e-02
1.622113e-01
8.424162e-02
3.664610e-02
4.639768e-02
1.421144e-01
6.545489e-02
-1.723292e-01
6.948743e-02
1.005181e-01
-3.405267e-02
1.732415e-02
-7.612256e-02
3.900899e-02
-6.295408e-02
6.763190e-03
-2.552363e-02
-3.531161e-02
7.004601e-02
-5.203348e-02
7.554009e-02
-2.645772e-02
1.245081e-01
-7.707202e-02
1.332146e-02
2.362677e-02
-3.733276e-03
2.072757e-02
-6.731617e-03
1.126516e-01
-5.411949e-02
-3.172242e-02
-4.666228e-03
-6.170375e-02
8.504220e-02
-2.582876e-02
-6.382224e-02
-2.346562e-02
-5.458772e-02
4.407054e-02
-1.216167e-02
3.222401e-02
4.341388e-02
-2.541891e-02
5.216446e-02
2.791315e-02
1.487134e-02
2.781476e-02
-2.408761e-01
3.530133e-01
-2.187822e-01
1.743323e-01
-3.514571e-01
1.680908e-01
2.472357e-01
-1.297359e-01
2.638686e-01
-3.895632e-02
2.774705e-03
-5.817039e-02
1.168703e-02
-1.848732e-02
-3.501527e-02
4.191760e-02
-4.749415e-02
1.970793e-02
4.700997e-02
5.531341e-02
1.503119e-03
-3.333307e-02
-4.464890e-02
-1.118104e-01
-8.812016e-02
-9.988748e-02
-1.588569e-01
7.614743e-02
-2.963726e-02
-1.115108e-01
-9.126125e-02
-1.497526e-01
-1.764131e-01
-2.653389e-01
-3.048985e-01
-1.652890e-01
8.246251e-02
1.000664e-01
4.665507e-03
9.843919e-02
1.190640e-01
2.176629e-02
-7.853267e-02
4.389657e-02
2.505369e-02
-8.771844e-02
-6.144860e-02
-8.717600e-02
-1.820190e-01
6.673832e-03
-8.625046e-02
-1.923130e-01
-4.249197e-02
2.940682e-02
2.788261e-01
2.382450e-01
1.033346e-01
9.521240e-02
3.978583e-02
-7.478146e-02
-2.073808e-01
-2.406946e-01
-2.111512e-01
-9.597038e-02
-5.475952e-02
-6.260408e-02
8.574967e-02
1.021603e-01
1.028186e-01
1.413480e-01
2.202170e-01
1.766665e-01
-5.464869e-02
-8.690768e-02
-1.558159e-01
2.304312e-01
1.489338e-01
1.044378e-01
2.275556e-01
1.403451e-01
6.405609e-02
-3.413807e-03
4.417923e-02
1.135779e-01
-3.738825e-02
-3.441798e-02
-3.803875e-02
3.250144e-03
-5.155785e-02
-9.647889e-02
1.113892e-01
7.989334e-02
-6.616344e-02
2.977573e-02
1.174456e-01
9.211967e-03
-8.756522e-02
-4.158772e-02
-3.620027e-02
-4.891806e-02
-1.825532e-02
-4.605663e-02
-4.672656e-02
1.053107e-02
-1.469451e-01
-5.709899e-02
-1.532134e-01
-2.391431e-01
-1.516320e-01
-4.837515e-02
1.108237e-01
-7.003853e-02
6.746984e-02
2.368219e-01
8.524091e-02
2.197372e-01
3.067503e-01
-8.204432e-03
-1.284519e-03
-4.057305e-02
5.641599e-03
-7.395566e-04
1.150134e-01
-2.932724e-02
1.801101e-01
2.657059e-01
-6.768865e-02
-3.459796e-02
3.951504e-02
5.838998e-02
7.515846e-02
1.621943e-01
2.266448e-01
1.903980e-01
2.077639e-01
2.919574e-02
6.711496e-02
1.408662e-01
-9.955295e-02
-7.066250e-02
2.889802e-02
-9.497279e-02
-1.470447e-01
-1.366975e-01
-7.413151e-02
-2.881706e-01
-3.141754e-01
-3.617012e-01
-1.876614e-01
-4.068748e-01
-4.309598e-01
-5.100822e-01
-3.027751e-01
5.775359e-02
8.122707e-03
-5.643926e-03
-2.244808e-02
-5.891524e-02
-7.046101e-02
-1.179718e-01
-9.119382e-02
-1.233741e-01
-4.319354e-02
-3.707183e-02
-2.096273e-02
-1.075256e-01
-1.073243e-01
-6.375036e-02
-1.284045e-01
-9.562549e-02
-8.968925e-02
-5.165247e-02
1.184846e-01
1.198728e-01
-4.704183e-02
-5.603079e-02
-3.283083e-02
-1.056911e-01
-1.244138e-01
-1.957453e-01
-1.240904e-01
-7.795192e-03
4.635239e-02
4.957904e-03
5.170375e-02
8.084899e-02
7.719006e-02
2.893402e-02
6.543583e-02
1.526853e-01
8.620892e-02
-6.745139e-02
1.688057e-01
-8.204930e-02
-1.520395e-01
-4.681467e-02
-6.796266e-02
-8.076265e-02
-9.144672e-02
-9.871067e-02
-3.651879e-03
-2.345779e-02
-1.654658e-01
-5.531131e-04
8.772542e-02
5.391519e-02
2.134648e-02
9.041223e-03
6.085186e-02
1.234602e-01
6.000863e-02
-1.082866e-03
-7.647671e-02
1.218180e-01
1.466875e-02
-1.454687e-01
-2.190327e-01
-1.026290e-02
1.604216e-01
-7.197756e-02
6.739780e-02
1.972748e-01
-8.013666e-02
6.713544e-03
9.663283e-02
-9.157322e-02
-1.550150e-01
-1.228314e-01
-6.528354e-02
-7.378274e-03
-2.398949e-02
-7.447099e-02
-2.234421e-02
-3.853466e-03
-7.384814e-02
-7.402527e-02
-6.919796e-02
9.259249e-04
5.995917e-02
1.440675e-01
9.101053e-02
2.504836e-01
2.965547e-01
-2.547660e-01
-7.872047e-02
1.047464e-01
-1.254293e-01
9.296577e-02
1.847011e-02
-4.623572e-02
1.607265e-02
7.963028e-03
-6.669355e-02
-2.161232e-02
-7.820555e-02
-6.446709e-02
-1.781750e-03
-2.013267e-02
-1.794031e-01
-3.250929e-02
2.441235e-02
9.402990e-02
9.703510e-02
-1.218365e-01
4.120583e-02
-1.853980e-01
-1.026322e-01
-9.452581e-02
-9.893655e-02
-4.094438e-02
-2.634899e-02
-1.508466e-01
-2.345947e-01
-5.589139e-02
-1.417739e-01
-2.020972e-01
-1.843563e-01
-2.013737e-01
-1.444563e-01
-1.491336e-01
-1.172762e-01
-5.788515e-02
-7.741935e-02
-4.491471e-02
5.311737e-02
6.385131e-02
1.368704e-01
1.708785e-01
-5.346996e-02
-9.894583e-02
-6.208773e-02
8.718058e-02
-1.397186e-01
2.927778e-02
1.988928e-02
1.078612e-01
7.801764e-02
1.069399e-01
2.176812e-01
2.255547e-01
1.372288e-01
1.308795e-01
1.543714e-01
1.389997e-01
9.933202e-02
1.098597e-01
-1.183481e-02
1.649121e-02
-6.377862e-02
1.686778e-03
7.065852e-02
1.488143e-02
3.666189e-02
1.198862e-01
1.055089e-01
-1.140120e-01
-2.241833e-01
-1.402028e-01
-5.487546e-02
-2.311088e-02
1.934405e-01
9.324247e-02
1.730970e-01
4.207527e-01
8.152673e-02
5.723559e-02
-3.290933e-02
1.134497e-03
-1.214708e-01
-1.873480e-01
-1.408458e-01
-2.299059e-01
-1.455479e-01
-1.776420e-01
-2.831656e-01
-2.211560e-01
-1.819286e-01
-2.977946e-01
6.402830e-02
2.090338e-01
3.757415e-01
1.280943e-01
7.862392e-02
-9.608943e-03
-6.431188e-02
4.791199e-02
-1.664079e-02
-1.144934e-02
-3.623103e-03
8.724222e-03
5.326318e-02
-3.045052e-02
4.646857e-02
3.816440e-02
-4.951442e-02
-3.922965e-03
1.056166e-01
-9.605902e-02
-1.651304e-02
5.769351e-02
5.234642e-02
5.694892e-02
3.393206e-02
2.150217e-02
-1.114141e-01
4.359674e-02
-8.281439e-02
-9.885482e-03
9.048539e-02
-1.337759e-01
-1.874589e-01
-1.937971e-01
-1.542780e-01
-7.927641e-02
7.987352e-02
1.213476e-01
2.850555e-01
3.089001e-01
1.532001e-01
1.815205e-01
2.045108e-01
7.381338e-02
8.425042e-02
-3.555653e-02
-1.178790e-01
-1.521197e-01
-1.701742e-01
4.082701e-02
2.491059e-02
-1.609848e-03
-1.867513e-02
-6.959762e-02
-1.732830e-02
-7.409614e-02
-8.877956e-02
-2.200774e-02
2.655509e-02
-4.748016e-02
-6.255098e-02
6.478196e-02
5.881039e-02
1.232558e-02
-4.884947e-02
2.214940e-02
5.673292e-02
-9.034441e-02
2.258038e-02
-6.104783e-02
-6.412200e-02
-3.304905e-02
6.167080e-02
1.223764e-01
2.332343e-01
9.124699e-02
1.030863e-01
1.241960e-01
1.293314e-01
1.141648e-01
3.404773e-02
-3.376071e-02
-1.136842e-01
-2.013831e-01
-1.840469e-01
1.575903e-01
1.007428e-01
-1.523710e-02
-5.192492e-02
-2.868833e-02
-1.506068e-01
-7.009201e-02
-4.477371e-02
-8.097848e-02
-2.088815e-02
-1.285886e-01
-6.037038e-02
1.549101e-02
-2.486595e-02
8.067899e-03
8.361048e-02
9.441209e-02
1.422493e-01
4.770263e-03
-2.398336e-02
-1.084782e-01
-1.105919e-01
-8.454908e-02
-1.348306e-01
-1.250065e-01
-2.196261e-02
1.509813e-02
-2.392847e-02
-3.390417e-02
1.705046e-02
-1.607856e-02
-3.198856e-02
4.178547e-02
-4.437341e-02
-7.402640e-02
-6.410887e-03
1.411846e-02
1.418025e-01
5.291685e-02
-7.992777e-02
1.405600e-01
1.829382e-01
5.621697e-03
1.635365e-01
2.088131e-01
-5.443259e-02
1.441169e-01
1.071783e-01
-1.991330e-01
2.185237e-01
2.036556e-01
-2.175290e-01
1.476418e-01
1.413245e-01
5.600228e-02
-8.019350e-02
-1.819887e-01
1.896840e-01
-1.326231e-01
-2.704737e-01
8.545841e-02
-8.979458e-02
-7.357251e-02
4.818008e-03
-1.986599e-02
-3.726900e-02
-9.772495e-03
-8.619084e-02
-1.285559e-02
-4.121421e-03
2.971565e-02
1.492687e-02
2.663061e-03
-1.155244e-02
7.303962e-02
1.946158e-02
-3.105133e-02
3.276708e-03
-8.118416e-03
-5.957356e-02
-4.411831e-02
1.282295e-02
5.424682e-02
-1.268967e-01
9.108322e-02
1.054406e-01
-1.339248e-01
7.995056e-02
5.245360e-02
-1.160529e-01
-2.114252e-01
-3.140061e-02
2.800015e-01
-2.214955e-01
-7.589186e-02
2.408229e-01
-1.797337e-01
-9.870102e-02
1.882536e-01
-2.076793e-01
8.848580e-02
1.010163e-01
-2.195714e-01
1.159439e-01
2.021855e-01
-3.022981e-01
1.739750e-01
1.553541e-01
-2.403280e-02
-4.632906e-02
-7.565206e-02
3.607814e-02
-1.938427e-02
-1.432213e-01
4.115863e-02
1.573943e-02
-3.414490e-02
-1.856907e-02
2.042792e-02
-1.269978e-01
1.749448e-01
2.351817e-02
-1.606945e-01
1.395196e-01
4.315307e-02
-1.531211e-01
1.170297e-02
6.906182e-02
-7.675351e-02
-1.728132e-03
7.932674e-02
-1.078397e-01
1.154892e-01
6.454685e-02
-2.756122e-02
-1.063200e-01
1.540171e-02
-1.351981e-01
-4.896919e-02
1.501723e-01
-1.202851e-01
5.812894e-03
1.537831e-01
-4.808363e-02
4.611022e-02
1.276343e-03
-5.730827e-02
4.428202e-02
4.882881e-02
-2.344427e-02
2.658647e-02
7.779270e-02
-1.073067e-02
5.790826e-02
-2.967272e-02
-8.140336e-02
1.517901e-01
-1.175686e-01
-8.216222e-02
-7.781257e-02
3.000059e-03
-8.223329e-02
8.565165e-02
1.182360e-01
-9.457015e-02
3.520478e-02
1.548593e-01
-7.493038e-02
5.933266e-03
1.481757e-01
-2.305299e-02
2.400737e-02
-5.382329e-02
-9.353679e-02
-3.104726e-02
-8.185056e-02
-8.346606e-02
-8.237699e-02
-8.618677e-02
-7.341499e-02
4.943862e-02
9.493849e-02
-4.661009e-02
1.839132e-01
-6.520842e-02
-7.585359e-02
9.945303e-02
8.581593e-04
-3.173798e-02
3.186690e-02
1.335376e-01
1.877755e-01
8.273330e-02
4.573924e-03
7.725086e-02
5.767304e-02
-3.250154e-02
1.846741e-02
4.555363e-02
-8.024064e-02
7.139200e-03
7.116894e-02
3.363689e-02
-2.098589e-02
9.173953e-02
2.024795e-01
3.719379e-02
4.374802e-02
1.051628e-02
1.481721e-03
1.793067e-02
-8.830732e-02
-6.035840e-02
1.811872e-01
1.554594e-01
-1.806851e-04
1.315809e-01
-7.532229e-02
-1.352988e-01
1.582392e-01
-5.338958e-03
-9.240912e-02
1.039874e-01
1.130666e-03
-4.169838e-02
1.326173e-01
3.302925e-03
-2.038316e-01
1.730652e-01
1.217309e-02
-2.192359e-01
1.726591e-01
4.737007e-02
-1.259176e-01
3.256027e-02
-1.766412e-01
-8.975163e-02
1.758337e-01
-6.171387e-02
-2.774915e-01
2.813774e-01
-1.045502e-01
-2.799377e-01
-1.273984e-01
-2.782369e-02
2.332542e-01
-1.247371e-01
-1.660197e-01
9.990095e-02
-5.223795e-02
-2.205186e-01
-6.911235e-02
7.959541e-02
3.021338e-01
1.990689e-01
-9.530949e-02
1.882071e-01
1.273738e-01
-1.766527e-01
-1.036982e-01
3.105067e-02
-1.412592e-01
-1.668298e-02
1.409768e-01
-9.322333e-02
7.218131e-02
2.596128e-01
-9.957202e-02
6.727905e-02
2.477619e-01
-3.283655e-02
-2.200031e-01
-1.060767e-01
-1.037657e-02
-1.492015e-01
-1.136668e-01
7.528510e-02
6.797573e-02
-5.017995e-02
9.040138e-03
4.507646e-02
9.620613e-02
-2.193508e-02
-5.514178e-02
-1.430003e-03
5.645713e-02
-8.934895e-02
2.690675e-02
-4.128388e-02
1.524022e-02
8.523076e-02
1.433632e-02
-2.285403e-02
5.607712e-02
-3.235163e-02
-5.374039e-02
5.574998e-03
1.096257e-01
1.013064e-01
-9.201216e-02
9.733262e-02
1.621144e-01
4.086479e-02
4.401470e-02
1.361472e-01
2.528030e-02
-3.132719e-02
2.042016e-02
1.365006e-01
-1.275086e-01
-1.029034e-01
1.457315e-01
-6.595476e-02
-9.836906e-02
1.139943e-01
-3.463861e-02
-7.385218e-02
-8.894915e-02
5.111448e-02
-2.918754e-02
-3.367190e-02
6.069668e-02
3.605245e-02
-1.544719e-02
1.402246e-02
6.506911e-02
-4.308100e-02
5.394153e-02
4.530427e-02
-3.400193e-02
1.317431e-01
9.361352e-02
3.507373e-02
-7.222143e-02
-7.032548e-02
2.864566e-02
-3.800057e-02
-1.046335e-02
-1.097959e-02
4.341424e-03
6.760168e-02
-2.565397e-03
5.227752e-02
1.305327e-01
5.462769e-02
2.198771e-02
1.001371e-01
1.698480e-01
-3.352176e-02
-6.122540e-03
1.277960e-01
-2.601492e-02
-1.383567e-02
1.592221e-02
3.184818e-02
7.093596e-02
-1.854371e-02
1.480470e-02
3.837504e-02
-6.120524e-03
2.074828e-01
1.365598e-01
2.956006e-02
8.045565e-02
1.396045e-01
1.726873e-01
-1.458026e-01
9.382470e-03
1.960617e-01
-3.264535e-02
6.842657e-03
7.273874e-02
-8.726225e-02
-9.141527e-02
-4.001923e-02
-1.472149e-01
-2.183127e-01
-2.086582e-01
1.027925e-01
1.328603e-01
2.624594e-02
9.491795e-02
2.663229e-02
7.270287e-03
9.485719e-02
7.686575e-02
2.696387e-02
-1.390093e-01
-1.047013e-01
-5.417033e-02
-7.323928e-02
-3.224152e-03
-5.588220e-02
1.439154e-02
3.104548e-02
-9.472257e-03
1.302956e-02
9.806342e-02
2.907035e-02
8.474886e-02
3.117476e-02
1.529795e-01
1.548035e-01
2.015320e-01
1.487308e-01
-1.981838e-02
-7.075125e-02
-2.968904e-02
4.404086e-02
-1.935930e-02
-4.865604e-02
1.303240e-01
2.969868e-02
7.820510e-03
-4.075417e-02
-6.019918e-02
7.150078e-02
-4.256156e-02
2.136478e-02
5.545484e-02
3.214568e-02
5.739180e-02
8.681089e-02
-1.804192e-01
-3.595431e-02
1.182165e-02
-1.546875e-01
-1.103694e-01
2.513140e-03
-6.174586e-02
-1.488237e-01
-1.584618e-01
-1.693272e-01
-7.529205e-02
3.935888e-02
-1.064484e-01
-6.104328e-02
-2.942665e-02
-2.810092e-02
-4.752488e-02
-8.733448e-02
-5.577292e-02
-1.398723e-01
-1.267224e-01
-2.406594e-02
4.853567e-03
-1.497047e-01
1.780392e-01
1.254664e-02
-3.666392e-03
-1.024580e-01
-1.073103e-01
-8.631963e-02
-8.892826e-02
-9.707703e-02
-1.240252e-01
-3.902933e-02
-1.011861e-01
-1.129308e-01
-1.094603e-01
-8.223717e-02
4.763087e-03
-1.356019e-01
-9.901839e-02
1.999363e-02
-8.590923e-02
-3.181789e-02
1.351263e-02
2.917200e-02
5.705136e-02
-2.048401e-01
1.702414e-01
7.927778e-02
-1.529707e-01
8.002227e-02
7.803170e-02
-2.136448e-01
1.418487e-01
1.098953e-01
-2.866270e-02
2.252465e-01
2.554429e-01
-1.396834e-01
1.743855e-01
2.019403e-01
-8.292382e-02
2.135553e-02
-4.410020e-02
-5.195772e-02
-9.151365e-02
2.567766e-02
8.389790e-02
-1.689836e-01
3.271720e-02
2.775052e-02
-6.966543e-02
8.046852e-02
-4.238239e-02
-1.312130e-02
9.571334e-02
-2.907426e-02
3.818436e-02
1.817288e-01
-8.681602e-03
-1.289692e-01
3.987083e-02
1.272244e-01
-1.230812e-01
2.366641e-02
1.547637e-01
-6.969412e-02
-2.359581e-02
1.530007e-01
3.170773e-02
-1.386414e-01
-9.490203e-02
-2.100162e-02
-8.355386e-02
-5.923815e-02
-7.717138e-02
-1.201831e-01
1.041818e-01
-6.155074e-02
1.785652e-01
9.979114e-02
-1.142796e-01
1.563886e-01
1.378421e-01
-7.617687e-02
1.179979e-01
1.166019e-01
8.461704e-02
-4.180359e-02
-3.197421e-01
2.891562e-01
3.959096e-02
-2.836787e-01
3.341024e-01
7.772876e-02
-2.910453e-01
-3.756925e-03
-6.090397e-02
8.790722e-04
-1.006311e-01
-1.005017e-01
-4.350577e-02
-8.077629e-02
-1.571475e-01
5.374927e-03
6.417137e-02
-1.044377e-01
2.939841e-02
3.414153e-02
-1.886472e-01
3.810104e-02
-5.366687e-02
-1.317479e-01
6.624808e-02
1.093043e-01
3.220750e-02
-2.608695e-01
1.711871e-01
-4.290112e-02
-1.901079e-01
1.645746e-01
-1.639903e-01
-1.181643e-01
1.730133e-01
-1.067488e-01
-1.799571e-01
2.060599e-01
-1.393522e-01
-2.505751e-01
1.942851e-01
-1.148684e-01
-1.898578e-01
3.580273e-03
-3.693157e-02
5.505057e-03
2.584993e-02
-4.898400e-02
2.335474e-02
2.494462e-02
-3.323246e-02
5.391670e-02
-5.693508e-02
2.431545e-02
-9.328836e-02
3.009870e-03
-1.871983e-01
-8.678943e-02
-6.233947e-02
-7.038989e-02
8.655622e-02
1.720426e-01
-1.830661e-02
-2.387242e-01
2.255256e-01
-4.044958e-02
-2.499934e-01
2.048455e-01
-6.801239e-02
-2.262747e-01
-1.130592e-02
-5.431222e-02
-6.339438e-02
-3.442753e-02
-7.283456e-02
-9.318866e-02
2.889721e-02
2.977151e-02
-3.587969e-02
-1.215190e-01
-5.176356e-02
-7.111959e-02
9.054212e-02
-6.651311e-03
4.466114e-02
1.352986e-01
1.851330e-01
1.909609e-02
1.043319e-01
6.349653e-02
-6.110022e-02
1.478236e-01
1.943771e-01
-1.695692e-03
2.962312e-01
2.347665e-01
4.594721e-02
1.058609e-01
1.836600e-01
1.923196e-02
5.843258e-02
1.769913e-01
-6.368763e-03
-1.615904e-02
9.532044e-02
5.779404e-02
-9.826560e-02
-1.472571e-02
6.865014e-02
-7.136527e-02
-1.816328e-01
-7.259922e-02
-3.710428e-02
-7.951153e-02
-1.030091e-01
1.872981e-01
-1.754212e-01
-4.536132e-01
3.346264e-01
-4.651609e-02
-4.659659e-01
4.736343e-01
2.656900e-01
-1.768720e-01
-1.982571e-01
-3.983029e-03
1.190399e-01
-1.920834e-01
2.930084e-02
1.478813e-01
-1.547235e-01
-1.232109e-01
-5.737136e-03
5.737397e-02
2.453307e-02
1.885743e-02
1.346001e-02
1.916658e-02
1.894431e-02
3.497968e-02
9.965125e-02
1.497964e-01
-1.654230e-02
7.391010e-02
-2.408879e-02
1.958963e-02
7.223727e-02
1.536053e-01
-1.339947e-01
4.582207e-02
1.069270e-01
3.721522e-02
-3.132203e-02
3.949332e-02
3.634193e-02
-2.024339e-01
4.663105e-02
4.164721e-02
7.868604e-03
4.878233e-02
-5.573862e-02
-2.793676e-02
7.547343e-02
-7.124881e-02
-8.680350e-02
2.408790e-02
-4.754996e-02
-1.360807e-01
-7.401808e-03
4.330664e-02
1.356252e-02
-5.849498e-02
-7.006088e-02
1.135707e-01
-4.596812e-02
-9.184238e-02
-3.257634e-02
-9.610002e-02
-2.691538e-01
1.052910e-01
9.769545e-02
-2.432581e-01
8.011305e-02
2.489523e-01
-3.125610e-01
-9.793945e-02
1.886059e-01
2.252672e-02
4.920922e-02
1.117646e-01
-3.932412e-02
-2.845269e-02
1.394458e-01
-1.820152e-01
-1.149682e-01
8.035445e-02
-3.065105e-02
-2.614478e-02
1.062679e-02
6.695408e-03
-1.206446e-01
-2.746297e-02
-3.389701e-02
1.039006e-01
-4.624945e-02
3.263080e-03
1.709277e-02
-4.794140e-02
8.129739e-02
3.960586e-02
-9.602316e-02
1.794319e-01
6.954576e-02
-5.843128e-02
4.100370e-02
3.669344e-02
6.450964e-03
-2.594830e-03
-1.993504e-02
-3.146406e-02
-3.718079e-02
-5.405752e-02
-2.517484e-02
6.663963e-02
-8.793274e-02
2.225427e-02
1.148823e-01
-2.092402e-02
5.367296e-02
1.569936e-01
7.053089e-02
2.055055e-01
-3.984832e-02
-4.406125e-02
1.614725e-02
-1.059480e-01
4.585722e-02
-1.501543e-02
1.588888e-02
7.546433e-02
2.039420e-02
5.972818e-03
-1.180817e-02
2.083119e-02
-2.969814e-02
5.473511e-02
-7.829379e-02
3.784786e-02
1.110515e-02
-1.988225e-01
-3.330709e-02
-1.814709e-02
4.589318e-02
1.610480e-02
-1.332224e-02
-4.285552e-02
4.430969e-02
1.795787e-02
-3.595739e-02
8.740918e-03
8.269860e-02
5.243215e-02
9.444959e-02
9.906340e-02
1.188680e-01
8.144733e-02
1.372467e-01
1.711995e-01
-3.723426e-02
5.905807e-02
5.658838e-02
5.605970e-02
9.330187e-02
1.954349e-01
-6.823336e-03
5.103391e-02
7.326964e-02
2.299799e-02
9.389116e-02
1.230651e-01
-1.409804e-01
-5.794634e-02
4.781998e-02
-2.009052e-01
-9.202032e-02
-5.454552e-02
-1.840108e-01
-1.981911e-01
-2.205031e-01
-2.118528e-01
-8.250196e-02
-1.952095e-01
-1.861208e-01
-1.416041e-01
-1.750284e-01
-1.575939e-02
5.825832e-02
6.518266e-02
1.523412e-01
1.043841e-01
2.183569e-01
2.769777e-01
2.355687e-01
1.723785e-01
6.139239e-02
5.365411e-02
-4.732439e-02
1.612474e-01
2.284981e-01
6.991301e-02
1.756348e-01
1.709235e-01
8.828305e-02
7.407538e-02
-3.097587e-03
-9.152556e-02
-1.292897e-02
-2.904932e-02
-2.307648e-02
4.932230e-02
1.188650e-01
1.877380e-01
1.152927e-01
1.648718e-02
-6.000445e-02
1.929000e-01
1.102376e-01
1.564025e-01
2.300309e-01
2.094447e-01
1.889691e-01
-1.201222e-01
-9.666029e-02
-5.575568e-02
-1.997585e-02
6.966160e-03
2.361462e-04
-2.426526e-03
-8.038690e-03
3.250204e-02
-4.345668e-01
-4.399729e-01
-2.021542e-01
-3.713084e-01
-2.032891e-01
-3.330455e-01
-1.428630e-01
-2.883806e-01
-2.349651e-01
-3.637017e-02
-7.040570e-02
2.759290e-02
1.303283e-02
-1.511396e-02
5.952751e-02
3.737188e-03
3.866973e-02
9.956407e-02
-1.731528e-02
-9.307128e-02
-5.696592e-02
5.491368e-02
-1.650097e-03
1.958075e-02
8.227284e-02
1.638408e-02
2.709562e-02
-4.574598e-02
-1.189583e-01
-3.029279e-02
-6.324238e-02
-1.359667e-02
4.171957e-02
-2.112762e-02
7.419152e-02
4.543867e-02
1.077943e-01
7.646067e-02
1.069599e-01
3.860056e-02
2.279661e-01
1.669350e-01
1.014439e-01
2.868069e-01
1.949913e-01
-1.440662e-01
1.614325e-02
1.471100e-01
-2.391760e-01
-1.231217e-01
2.412670e-01
-1.313177e-01
-6.230501e-02
5.769141e-02
-1.466005e-01
-2.446745e-02
6.219890e-02
-1.775301e-01
-1.199466e-01
4.907606e-02
-1.217368e-01
-9.466715e-03
5.956375e-02
4.493322e-02
2.686461e-02
-8.994297e-02
6.139322e-02
4.352237e-02
-7.390222e-02
9.031331e-02
1.188380e-01
1.072991e-02
-1.226499e-01
-4.137559e-03
1.174522e-02
-1.537724e-01
3.396591e-02
1.529782e-03
-1.010634e-01
4.853819e-02
1.041889e-01
-1.731595e-01
-7.266311e-02
1.113233e-01
-1.526019e-01
-3.084270e-02
2.241599e-01
-1.235715e-01
-7.843352e-03
2.467023e-01
-2.522158e-02
1.631646e-01
2.058648e-01
4.270220e-02
1.974270e-01
1.716629e-01
2.845883e-03
1.645894e-01
1.662820e-01
4.442758e-02
-2.940063e-02
-2.211844e-01
3.820051e-02
6.065682e-02
-4.751719e-02
2.032830e-02
1.269534e-01
8.675060e-02
1.074628e-01
3.506427e-02
-1.681609e-01
1.814424e-01
2.553290e-03
-2.427423e-01
1.485430e-01
-1.495801e-02
-2.445928e-01
2.880203e-02
1.235485e-01
5.154148e-03
-4.041571e-02
4.568686e-02
-7.195592e-02
-3.259183e-02
-1.908165e-02
-9.877819e-02
1.044205e-01
7.792010e-02
-1.679575e-02
5.510209e-02
2.322472e-02
-6.743879e-02
6.294947e-02
3.590199e-02
-3.747210e-02
9.118380e-02
6.538645e-02
-1.127857e-01
1.188426e-01
5.449086e-02
-1.205545e-01
1.130555e-01
6.385452e-02
-6.051392e-02
-1.414799e-01
6.730890e-02
5.611421e-05
-8.240251e-03
-8.095033e-03
9.611475e-02
-9.433474e-02
4.141435e-02
6.568308e-02
8.098804e-02
-2.470236e-02
-1.573744e-01
1.228208e-01
-1.745387e-03
-1.530202e-01
1.325255e-01
8.248255e-03
-1.020554e-01
1.934873e-02
-2.327473e-02
4.403682e-02
2.896844e-02
-4.724240e-02
3.040023e-02
3.578540e-03
-3.220955e-02
-1.806460e-02
2.288397e-01
2.630301e-02
-8.974274e-02
1.334988e-01
8.004858e-02
4.717273e-03
8.938049e-02
5.782989e-02
7.837760e-02
2.191303e-01
2.442565e-01
-1.874664e-02
1.477497e-02
9.239274e-02
-3.439363e-02
4.262047e-02
-2.827185e-02
1.307867e-02
-1.368005e-01
-6.910293e-02
2.666982e-02
2.277854e-02
-4.191101e-02
-5.788736e-02
2.916222e-02
2.169701e-01
-3.534488e-02
-7.286412e-02
-7.556737e-02
-4.059373e-02
-5.338874e-02
-1.313166e-01
-4.752770e-02
-1.273469e-02
-1.008902e-01
-7.151038e-02
-1.818480e-02
1.263615e-02
1.228153e-01
-9.084207e-02
-4.191991e-02
4.126991e-02
-8.929422e-02
-6.553543e-02
4.578186e-02
-5.777891e-02
-7.383938e-02
-1.798818e-02
-1.362480e-02
-3.726206e-02
9.898954e-03
-4.905605e-02
-7.907470e-02
3.093203e-02
-1.082970e-01
5.619691e-02
4.627717e-02
-1.033102e-01
-2.507121e-02
-1.915321e-02
-2.447676e-02
-4.013959e-02
2.553898e-02
7.257473e-04
7.205286e-02
-5.530053e-02
-2.122745e-03
8.714473e-02
1.727191e-04
-6.284089e-02
1.796832e-02
8.712083e-02
1.685019e-01
2.973226e-03
-4.727539e-02
1.943832e-01
-2.479122e-02
-1.438799e-01
8.566093e-02
8.694649e-02
-1.549601e-01
-4.084357e-02
3.417097e-02
1.254901e-01
-1.039136e-01
-1.023271e-01
-9.995987e-03
-7.125050e-02
-6.202249e-02
-8.545056e-02
-1.303097e-02
-3.158166e-02
-2.808175e-02
-1.134719e-01
-1.067331e-01
5.455573e-02
-6.831670e-02
-1.583812e-01
8.785971e-02
-9.512807e-02
-5.165206e-03
-2.448430e-03
-1.413463e-01
-1.988563e-02
8.806264e-02
-1.699231e-01
-1.485413e-01
3.034361e-03
9.134258e-02
3.495896e-02
3.195177e-02
8.223916e-03
-5.872781e-02
7.279033e-03
-2.037328e-02
3.669423e-02
-2.175080e-02
2.057736e-02
-1.268597e-01
-4.220989e-03
3.926011e-01
-3.535355e-01
1.268560e-02
3.333773e-01
3.996053e-01
-1.238948e-01
1.149676e-01
4.017009e-02
-1.306113e-02
2.898078e-02
4.886729e-02
1.083464e-02
-2.651893e-02
7.961285e-02
9.315031e-02
-2.799117e-02
-7.007776e-02
-4.780482e-02
-6.545636e-03
-5.584584e-02
-5.309739e-02
3.028653e-03
-5.837129e-02
-2.835792e-02
-7.875510e-02
4.755144e-02
3.688843e-02
3.953040e-02
7.124928e-02
2.367921e-02
-1.566933e-02
-1.435734e-02
-5.792819e-02
1.605938e-02
5.543687e-02
9.256198e-02
-2.406445e-03
5.083827e-03
2.672522e-02
-3.190356e-02
-4.841151e-02
-6.160116e-02
8.388375e-02
1.503697e-01
4.837514e-02
5.629882e-02
1.574117e-01
3.133482e-02
-2.983894e-02
2.184249e-02
4.787135e-03
-3.309308e-02
1.666012e-02
5.091922e-03
-2.309736e-02
-7.225342e-02
-6.216762e-04
-9.340302e-02
-4.666267e-03
-3.468861e-02
2.045783e-02
6.972839e-03
1.037074e-01
-2.851716e-02
-2.879777e-02
8.533848e-02
1.109091e-01
8.192480e-02
1.590277e-01
-1.596624e-01
-1.562139e-01
-1.171974e-01
-8.235122e-02
-7.928986e-02
-8.355441e-03
5.836713e-02
1.407034e-01
1.591979e-01
-1.184948e-01
-1.383409e-01
-1.097263e-01
-5.321563e-02
-5.621139e-02
-7.013734e-02
-4.837147e-02
-5.503507e-02
-2.971647e-02
-6.776805e-02
1.205184e-02
7.604779e-02
-1.904407e-01
4.915766e-02
7.516779e-02
-2.627491e-01
-3.457874e-02
3.050763e-02
8.238191e-02
6.346568e-02
3.666829e-02
6.187102e-02
6.918647e-02
-1.543929e-01
4.730696e-02
-8.166853e-02
-1.500771e-01
-8.049560e-02
-7.282989e-02
-1.124754e-01
-1.064523e-01
-9.204144e-02
-1.948582e-01
-1.852636e-01
-2.785692e-01
-2.322023e-01
-3.898599e-02
-2.458667e-02
1.477996e-02
1.245412e-02
3.733349e-02
7.427333e-02
4.992622e-02
8.197816e-02
1.634397e-02
2.209977e-02
9.349407e-02
1.078669e-01
5.781897e-02
6.709672e-02
7.364375e-02
2.118090e-01
1.897029e-01
1.491341e-01
-3.840459e-02
3.622395e-02
-7.035818e-04
-6.029775e-03
8.278437e-02
1.446043e-02
-1.882692e-02
3.018155e-02
6.114192e-02
1.519200e-01
2.978234e-01
2.470372e-01
6.501457e-02
7.065824e-02
1.978376e-02
-1.690893e-01
-2.508408e-01
-1.329789e-01
4.798764e-02
1.474515e-01
1.866872e-01
8.752760e-02
1.263373e-01
1.452984e-01
1.610672e-01
1.477330e-01
1.500500e-01
-4.414864e-02
2.983005e-02
-1.794612e-02
-4.695515e-02
-4.277951e-04
-3.418532e-02
-3.532358e-02
4.693946e-03
-6.751950e-02
-7.265457e-02
2.731940e-02
1.169277e-02
4.075773e-02
-2.435040e-02
-9.902209e-04
-4.025143e-02
-7.523756e-02
-1.537409e-01
-1.010920e-01
1.698181e-01
-4.521632e-02
-1.065560e-01
1.104284e-01
-8.242481e-02
-3.970536e-02
2.355123e-01
-5.846022e-02
-9.485864e-02
5.582203e-02
-1.907109e-02
-5.262989e-02
6.843152e-02
1.870434e-03
-6.218403e-02
9.220336e-02
-1.336308e-01
1.423454e-02
-1.276692e-02
3.541640e-02
-1.122404e-02
-2.363006e-02
3.665922e-02
-3.517190e-03
7.684376e-03
5.508165e-02
1.846313e-02
-1.468775e-03
1.659282e-02
1.714190e-03
-2.020594e-02
-3.247225e-02
5.237190e-02
3.345757e-02
-3.253242e-02
3.436792e-02
4.798392e-02
5.178470e-02
5.467841e-02
2.921445e-02
7.176950e-02
-2.775806e-02
-3.420355e-02
9.360807e-03
-2.608299e-02
1.397570e-02
-9.598716e-03
3.669829e-02
7.694586e-02
-2.561732e-02
-1.145362e-02
5.113987e-02
-2.653732e-02
-9.146184e-02
-8.140471e-02
-7.580657e-02
-3.727731e-02
7.996302e-02
3.056424e-02
-1.410808e-01
4.697404e-02
-1.698658e-02
8.673042e-03
-6.449027e-02
8.271185e-03
1.844914e-02
1.423277e-02
1.089664e-01
-3.705120e-02
-5.015383e-02
2.783399e-02
-5.228280e-02
-5.928060e-02
4.265817e-02
-2.370944e-02
-5.445766e-02
5.880186e-02
-2.337495e-02
-1.581157e-02
4.072729e-02
-5.137253e-02
-8.446207e-03
-3.404342e-02
2.366614e-02
3.266497e-02
-1.147616e-01
8.549892e-03
-2.844847e-02
-2.073739e-01
6.693951e-02
1.139016e-01
4.281234e-02
-4.125512e-04
2.233758e-02
-2.179683e-02
5.206386e-02
4.339042e-02
-9.472397e-03
-4.157912e-02
2.182908e-02
3.870456e-03
-7.266660e-02
7.110897e-03
7.153341e-03
-9.228169e-02
3.093532e-02
-2.428979e-02
1.639512e-01
-2.148899e-01
4.795196e-01
2.893197e-01
-6.397965e-01
6.420738e-01
1.159328e-01
-2.730208e-01
2.641576e-01
-2.449071e-02
-2.751948e-02
-5.074040e-02
1.162679e-02
-3.946848e-02
-1.993797e-02
1.181629e-01
4.072041e-02
-2.333699e-03
-8.126849e-02
-1.246767e-01
-9.357083e-02
-1.102676e-01
-3.329962e-02
1.898443e-02
-1.196732e-01
-4.785629e-03
1.170419e-01
6.033746e-02
-1.468440e-01
-7.757610e-02
-6.998067e-02
-1.409875e-01
-6.583726e-02
-1.198530e-01
-3.054156e-02
9.526306e-03
-1.907562e-02
-1.123447e-01
4.668234e-02
8.128513e-02
9.280239e-02
-8.785705e-03
9.288970e-02
1.064994e-01
-1.777683e-02
7.658065e-02
-4.356597e-02
3.551164e-02
-1.152638e-01
-2.069070e-01
-3.221505e-02
-1.089770e-01
-2.763575e-02
6.666207e-02
-8.978186e-02
-1.563032e-01
-9.017716e-02
-7.508303e-02
-1.121013e-01
4.495547e-02
-9.005929e-02
4.010397e-03
4.465836e-02
-2.373063e-01
-8.308959e-02
1.502693e-02
-4.840766e-02
1.192497e-01
2.100851e-01
7.755661e-02
1.900260e-01
1.837505e-01
1.310544e-01
7.194322e-02
-1.019579e-01
1.435657e-01
3.211078e-02
-9.557407e-02
-9.451004e-02
-1.537579e-01
-7.892711e-02
1.008997e-01
-8.581463e-02
-1.291019e-01
-3.465301e-02
-1.084267e-01
-3.330054e-02
-2.734885e-02
8.976662e-02
1.334138e-01
-1.507565e-01
8.556935e-02
2.517661e-01
1.671820e-01
2.357500e-01
2.490595e-01
3.987766e-01
3.054041e-01
-2.352213e-02
4.185509e-02
-3.650784e-02
-1.226344e-01
-4.723215e-02
6.764225e-02
-8.920239e-02
-1.743908e-01
-4.848426e-02
3.193168e-02
-6.456080e-02
-9.251144e-02
-1.049913e-01
-1.120376e-01
-1.088522e-01
-8.517442e-02
-2.336278e-01
-1.594624e-01
5.236890e-02
8.362371e-02
1.790448e-01
1.667592e-01
1.590126e-01
-1.521098e-01
-1.396393e-01
-1.399269e-02
-1.471206e-01
-2.711384e-01
-3.750648e-02
1.097178e-01
6.633551e-02
1.723844e-01
7.242577e-02
-1.107093e-01
3.395040e-03
-1.391685e-01
-1.924002e-01
1.136598e-01
3.453763e-02
-9.285233e-02
5.993048e-02
-4.944240e-04
-1.028946e-01
-5.066897e-02
-3.831615e-02
-4.858167e-02
-1.550990e-02
-1.188924e-01
-4.473661e-02
2.160987e-02
-1.488178e-01
-4.972652e-02
-8.604756e-02
-8.145700e-02
4.854367e-02
1.040171e-01
1.193747e-01
4.310269e-03
2.038109e-01
2.210235e-02
-9.835955e-02
1.387407e-02
-1.493174e-01
-1.962710e-01
-5.362674e-02
-7.072496e-02
-1.476393e-01
-5.063244e-02
9.846539e-03
-3.991256e-02
-3.415870e-03
1.418334e-02
3.086797e-02
-1.004587e-02
-5.113904e-02
-1.230929e-01
-3.855092e-02
-5.216546e-02
6.963748e-02
-4.057638e-02
1.655138e-01
1.796135e-01
1.491894e-02
-4.174469e-02
-8.358766e-02
-7.199962e-02
-7.591411e-02
-4.887855e-02
-6.254877e-03
-9.572930e-03
8.257112e-03
-4.862879e-02
-2.369183e-02
-1.517210e-02
8.947774e-04
9.902927e-03
-1.610233e-02
2.863250e-02
1.954130e-02
-8.037619e-02
8.832578e-02
3.500642e-02
-3.966765e-02
3.474136e-02
-2.187682e-02
2.717475e-02
-3.706230e-02
1.666600e-02
1.365428e-01
4.375016e-01
3.502670e-01
1.502267e-01
2.138873e-01
-1.108398e-02
-7.497225e-02
-2.972761e-01
-4.461058e-01
-3.692702e-01
-1.671840e-02
7.332671e-02
1.691720e-01
-8.874064e-03
-5.973850e-02
-2.214678e-03
-3.233204e-02
-4.480788e-02
-9.231594e-02
-9.803638e-02
-7.341921e-02
-4.142840e-02
-1.414066e-01
-1.110242e-01
8.675628e-05
-7.432447e-02
1.926191e-02
7.132246e-02
-4.743205e-02
-5.027747e-02
-3.497344e-02
-3.980764e-02
3.569734e-02
-1.403709e-02
7.569737e-02
2.832580e-02
1.628626e-03
-1.652089e-02
-7.683665e-02
-2.373598e-02
-9.160320e-02
3.570222e-02
2.303072e-02
-8.986569e-02
9.619909e-02
1.468862e-01
-1.029659e-01
-6.141357e-02
-4.960397e-02
-1.295949e-01
7.954653e-02
4.756300e-02
-1.020544e-01
-4.760257e-03
6.758741e-02
-3.848050e-02
1.957425e-02
1.950818e-02
2.100971e-02
-1.118682e-01
-2.515866e-02
4.587223e-03
-3.924609e-02
-7.279097e-02
-2.343781e-01
-3.467358e-01
-1.710538e-01
-1.469451e-01
-3.108157e-02
1.592953e-01
1.236110e-01
3.029681e-01
3.057590e-01
2.832703e-02
-7.704643e-02
-1.458779e-01
-1.224780e-01
-1.256385e-01
-1.590975e-01
-1.437069e-01
-8.827539e-02
-3.613508e-02
-1.630153e-02
-4.371662e-02
-1.315755e-02
-2.749147e-02
3.522123e-02
3.837588e-02
-8.901519e-03
1.202326e-01
8.059138e-02
-6.683026e-02
-9.383300e-02
-6.594728e-03
2.115620e-02
-4.136145e-03
6.828883e-03
1.750648e-01
1.474375e-01
1.410121e-01
-1.010882e-01
-9.513793e-02
-4.677432e-02
-8.191627e-02
-5.326930e-02
-9.514273e-03
-5.765312e-02
-4.179392e-02
-4.305380e-02
-1.454317e-01
-2.187629e-01
-1.541957e-01
-1.391965e-01
-1.337686e-01
-9.458645e-02
-7.021275e-02
-1.290915e-01
5.575867e-02
7.935771e-02
-3.239447e-02
-7.877751e-02
-6.069531e-03
-9.932955e-02
-9.877581e-02
-4.507972e-02
-1.348651e-01
1.279177e-02
8.408409e-02
1.061434e-01
-5.454976e-03
2.125189e-01
2.748441e-02
-4.004002e-02
1.683219e-01
1.092897e-01
-7.269094e-02
4.196765e-02
-6.646568e-02
-3.503503e-01
5.493927e-02
2.919645e-03
-2.944080e-01
-2.134030e-02
-1.194250e-01
-2.883809e-01
-1.343511e-01
-4.034500e-03
6.005066e-02
-2.749350e-02
1.076379e-01
1.788720e-01
-7.713830e-02
2.902927e-02
8.438252e-02
-2.698207e-01
-1.189317e-01
5.786093e-02
-1.975071e-01
2.839829e-02
1.681788e-01
-1.187001e-01
7.033568e-02
1.351884e-01
-2.871625e-02
1.987159e-02
1.836245e-02
-4.011590e-02
3.809663e-02
-6.155683e-03
-3.349698e-02
-3.414011e-02
-7.603721e-02
1.286032e-01
9.452399e-02
-2.493477e-02
5.305950e-02
6.414568e-02
-1.926949e-01
-2.048567e-02
-1.172131e-01
-2.591450e-01
-1.663524e-01
-1.712200e-01
-1.765379e-01
-1.860253e-01
-1.250011e-01
-1.055621e-01
-1.401751e-01
-1.073735e-01
-1.406369e-01
9.329648e-02
1.422908e-01
1.248518e-01
6.172672e-02
1.356872e-01
2.117496e-01
1.665059e-01
3.062086e-01
1.834892e-01
4.110536e-02
1.008988e-01
7.519947e-02
6.681761e-02
-2.437690e-02
1.277309e-01
-1.148909e-02
4.628507e-02
1.149182e-01
-2.725428e-02
-1.102438e-01
-8.336131e-02
-1.371070e-01
-7.204799e-02
-5.472798e-03
-2.186647e-01
-5.228866e-02
3.248366e-02
-1.407057e-01
2.198330e-03
1.139697e-01
-4.609390e-02
8.349664e-02
9.734222e-02
5.075936e-02
1.021075e-01
-1.727226e-02
9.606460e-02
3.191261e-02
-2.201059e-01
6.222267e-02
2.800985e-02
-1.224012e-01
8.578832e-02
-3.470716e-02
-3.826302e-03
-1.411228e-01
-1.592022e-01
-2.382175e-01
-1.431471e-01
-1.151947e-01
-1.511512e-01
-1.721096e-01
-8.059881e-02
-4.099075e-02
-5.056389e-02
-9.113478e-03
1.243287e-01
4.422139e-02
4.415381e-03
1.808314e-01
6.758653e-02
2.871120e-02
1.385692e-01
4.640625e-02
-8.081339e-02
-1.544801e-01
1.352114e-01
2.195770e-03
-1.347042e-01
2.089232e-01
5.024091e-02
-1.014556e-01
-2.631782e-02
6.175802e-02
1.063823e-01
5.856209e-02
9.624898e-02
1.635709e-01
-2.138029e-02
5.641974e-02
9.303790e-02
-1.331270e-01
-1.804271e-01
-9.073868e-02
-1.037982e-01
-1.526881e-01
-1.794948e-01
-3.340174e-02
-2.233903e-01
-1.044474e-01
1.016097e-02
2.278969e-02
1.396883e-02
4.117731e-02
6.177578e-02
3.908840e-02
1.566428e-01
2.016014e-01
1.791617e-01
4.319019e-02
1.348682e-01
3.982288e-02
4.607855e-02
1.242851e-01
-4.836241e-05
1.314747e-02
3.411006e-02
-7.039325e-02
-5.036055e-02
-3.088363e-01
-4.869130e-01
-6.547027e-02
-1.664815e-01
-4.476321e-01
-1.285382e-02
-2.010615e-01
-3.546616e-01
-1.479336e-02
-6.873302e-02
-1.015929e-01
-1.042566e-01
-1.185169e-01
-2.085678e-01
-1.295307e-02
-5.540153e-02
-1.735549e-01
-1.326338e-02
-4.328991e-02
-6.912652e-02
-1.741587e-03
3.609164e-02
-1.627113e-02
-1.542827e-02
6.636015e-02
1.942515e-02
-3.298688e-02
-5.591882e-02
-4.654373e-03
8.488169e-02
2.078264e-03
-8.319688e-02
1.929726e-01
3.428118e-02
-1.644676e-01
-3.362559e-02
2.250774e-01
2.209073e-01
7.853521e-02
2.174252e-01
4.459869e-01
-1.875842e-02
1.491143e-01
3.489090e-01
-2.070143e-02
-1.292473e-01
-8.160529e-02
-1.424889e-02
-4.597730e-02
-1.348185e-02
-5.614873e-02
-1.325602e-01
1.751615e-02
3.203534e-02
9.501903e-03
-4.768577e-03
-1.971092e-03
4.288506e-02
-1.785887e-02
-3.910914e-02
-1.220481e-03
5.498497e-02
4.071571e-03
4.758411e-02
1.528343e-01
4.599227e-02
6.837267e-02
2.164419e-01
9.844194e-03
6.213710e-02
1.725434e-01
-5.924077e-02
3.657606e-02
1.749497e-01
-3.640066e-02
5.096588e-02
2.111863e-01
4.863492e-03
9.610235e-02
7.288180e-02
-4.983173e-02
-1.504752e-02
4.281056e-02
-7.660519e-02
-3.155803e-02
-3.888857e-03
-9.228208e-02
-1.065945e-01
-6.290164e-02
-6.329025e-02
-9.001948e-02
-6.763990e-02
-6.548314e-02
-1.149743e-01
-1.494110e-01
-8.034761e-02
-1.457070e-01
-1.667705e-01
-2.485423e-01
2.388893e-01
4.861024e-01
-2.288864e-01
-3.096802e-02
3.934845e-01
-4.791016e-02
-1.625347e-01
-2.460864e-02
-5.052945e-02
-3.222765e-02
-2.057252e-02
4.457386e-03
-6.972911e-02
-5.850035e-02
1.456996e-01
4.972241e-02
-1.680188e-02
2.742527e-02
1.280298e-02
-1.023623e-02
-2.153842e-02
1.631888e-01
6.561787e-02
-4.395306e-02
5.977341e-03
2.583565e-02
7.561502e-02
1.756144e-01
2.332139e-01
-5.759006e-02
-4.014666e-02
3.993812e-01
-1.241962e-01
1.157395e-01
3.696065e-01
6.555234e-02
5.845283e-02
-1.078317e-02
-7.286082e-02
-1.129748e-02
1.228432e-01
-8.778264e-02
-2.854082e-02
2.019674e-01
-3.151331e-02
-2.632968e-03
-4.207525e-02
-4.523021e-02
3.587582e-02
4.842610e-02
-1.275358e-01
-4.282394e-02
-4.221616e-02
1.385694e-02
-7.308619e-02
2.620620e-02
7.339241e-02
6.055215e-02
-2.233972e-02
-4.733394e-02
-2.206502e-02
-6.294792e-02
1.179904e-01
5.066568e-03
-4.037806e-02
7.749326e-02
-2.190415e-03
-1.014154e-01
-1.069352e-03
3.548966e-02
1.599422e-01
-2.271104e-01
-1.374754e-01
5.318279e-02
-4.939368e-02
-9.222662e-02
-1.555853e-01
1.785864e-01
7.097153e-02
-2.245488e-01
-9.257731e-03
-5.973863e-02
-7.292333e-02
1.141721e-01
3.328766e-02
-7.984290e-02
1.028515e-01
-2.186486e-02
-1.064312e-01
3.071293e-02
8.091970e-02
-3.702000e-02
-7.451106e-02
-3.123262e-02
-5.778407e-02
-9.637999e-02
-1.950497e-01
-4.392532e-02
-4.083135e-02
-4.299456e-02
9.776564e-02
3.221799e-02
-2.077949e-02
7.492844e-03
4.834719e-02
7.589595e-03
-1.280319e-01
2.184986e-02
-6.636069e-02
-1.030712e-01
5.031380e-02
6.041006e-03
-2.889669e-02
1.094642e-01
6.270295e-02
3.276041e-02
-2.693939e-02
-1.141674e-01
-1.351087e-01
9.671845e-02
-1.763020e-02
-1.071942e-01
6.186357e-02
6.214955e-03
-3.270928e-02
-1.417660e-03
8.552551e-02
9.011801e-02
1.682060e-02
6.354622e-02
1.098726e-01
1.376664e-01
8.958895e-02
7.560002e-02
-8.166971e-02
-3.887903e-02
-1.388881e-02
-1.014840e-01
-6.160733e-02
-5.614832e-02
-1.345710e-01
-1.240761e-01
-1.072324e-01
7.467260e-02
1.245720e-01
1.043713e-01
6.593423e-02
1.114599e-01
1.289076e-01
-1.257283e-02
7.862201e-02
3.413530e-02
5.044046e-03
-4.303611e-03
-6.562199e-02
8.745176e-02
1.086061e-01
6.494244e-03
2.556963e-02
1.088082e-01
2.740728e-02
-1.408095e-02
2.109984e-02
-2.633533e-02
-6.081836e-02
6.702801e-03
1.789361e-02
-3.093428e-02
3.009253e-02
7.736700e-02
-3.474705e-03
2.012441e-02
8.378990e-02
-7.148340e-02
-1.389409e-01
6.382511e-02
-3.256906e-02
1.139851e-01
1.995277e-01
-7.409544e-02
-9.585887e-02
2.615838e-02
-1.009137e-01
-8.711059e-02
3.801136e-02
-1.737953e-02
-6.275940e-02
5.806837e-02
2.732308e-02
-3.767158e-02
-1.243244e-01
1.214608e-01
2.726416e-02
-7.411526e-02
1.273074e-01
6.065242e-02
-2.370135e-02
3.648563e-02
7.616152e-02
1.592269e-01
-8.139676e-03
1.001780e-01
2.334184e-01
-2.848602e-02
5.084846e-02
1.813552e-01
9.443073e-03
1.027563e-01
2.992592e-02
4.028080e-02
9.708698e-02
5.562812e-02
2.475167e-02
1.829127e-01
1.294383e-01
-2.986197e-02
-6.688242e-02
1.416421e-02
4.517334e-02
-1.104825e-01
-1.177302e-01
7.329507e-02
-8.835190e-02
-1.692460e-01
-4.029739e-02
-9.868971e-02
-7.735965e-02
1.277071e-02
7.287649e-03
-3.908034e-02
-1.158018e-02
-6.780712e-02
-7.296174e-02
-4.215394e-02
-8.580869e-02
-6.740569e-02
-1.505657e-01
-3.905867e-02
-2.278513e-02
-1.325273e-01
-6.469849e-02
3.667032e-02
-1.881540e-02
3.091892e-02
2.750548e-02
4.342375e-02
8.335415e-02
-4.251187e-02
1.364706e-01
1.819772e-01
7.212232e-03
2.114768e-02
-1.981678e-02
-6.860100e-02
-1.650056e-02
-3.649303e-02
-1.240079e-01
-3.593258e-02
-1.086757e-01
-1.346256e-01
-2.397724e-03
-1.676486e-02
-4.411802e-02
-4.596623e-02
7.710136e-03
4.156312e-03
-3.842908e-03
8.856178e-03
8.824066e-03
-3.413180e-02
-8.746434e-02
-1.756427e-01
-5.005441e-03
-3.118075e-02
-1.797202e-01
-1.761992e-02
-1.820146e-02
-1.192769e-01
