8.261781e-02
1.456812e-01
1.618109e-01
-4.534127e-02
6.172289e-02
6.956985e-02
-1.368353e-02
2.301090e-03
2.978266e-02
1.923700e-02
1.446830e-02
-4.743471e-02
-1.368929e-02
-4.315307e-02
-9.728941e-02
-3.689800e-03
-5.621686e-02
-9.735898e-02
2.633944e-02
-1.020548e-01
-5.959953e-02
8.918791e-02
3.749893e-02
9.844025e-02
8.118903e-02
7.540534e-02
1.286925e-01
-2.436642e-04
-1.136027e-02
-2.553193e-02
7.328328e-03
4.709955e-02
2.965022e-03
3.251741e-03
4.363088e-02
3.573722e-02
5.820391e-02
4.725430e-02
8.198293e-02
1.039852e-02
-1.292372e-02
2.996834e-03
5.147502e-02
1.225340e-02
2.613809e-02
-8.570939e-02
-6.892220e-02
-6.229691e-02
-6.447787e-03
3.810186e-03
-9.012001e-03
9.950341e-02
6.970479e-02
9.490830e-02
1.349199e-02
-2.212504e-02
-8.732782e-02
2.130957e-02
-1.947643e-02
-5.463329e-02
9.302424e-02
2.792122e-02
5.775042e-02
7.996006e-02
-4.181579e-02
-2.281605e-02
7.543844e-02
-6.414000e-03
-8.819608e-02
1.094499e-01
1.017219e-01
-6.266726e-03
-3.270612e-02
-2.370332e-02
1.717529e-02
-1.057912e-02
-3.202720e-02
3.533569e-02
9.319022e-02
5.703904e-02
1.080904e-01
1.652237e-01
1.561578e-01
1.020980e-02
3.703066e-02
4.927462e-02
-5.631580e-02
2.423323e-01
2.690476e-01
1.543863e-01
8.285264e-03
6.801604e-02
6.138065e-02
4.477831e-02
9.603007e-02
7.760320e-02
7.893824e-02
1.353437e-01
1.057357e-01
-2.985640e-02
1.664287e-02
3.139474e-03
-3.360186e-02
3.460962e-03
-6.376591e-02
5.912666e-03
3.141479e-03
-1.762188e-02
1.412262e-02
-2.746947e-02
-7.833631e-02
5.104620e-02
-3.048729e-02
-6.266320e-02
9.234961e-02
4.323395e-02
-2.246617e-02
1.840707e-02
7.357113e-02
1.423074e-01
-3.448261e-02
1.556402e-02
8.404114e-02
-8.407305e-02
-2.616761e-02
1.243463e-02
1.613255e-02
-3.012709e-02
-4.944585e-02
3.742049e-02
-3.236490e-02
4.237157e-03
6.821699e-02
-2.910281e-02
5.031038e-03
-8.300686e-02
1.443660e-01
6.574017e-02
-7.915708e-02
-1.209970e-02
-2.601890e-02
1.145334e-01
9.578487e-02
1.077490e-01
5.650137e-02
8.397748e-02
1.664996e-02
5.065607e-02
-9.556973e-02
-5.298091e-02
-1.120108e-01
-2.273448e-01
-1.883643e-01
6.458528e-02
5.919856e-02
-1.843156e-03
3.415242e-02
1.200767e-01
1.428702e-02
-9.155522e-02
1.779416e-01
3.060655e-02
2.722045e-02
-4.974330e-02
-1.331120e-01
6.236913e-02
3.506767e-02
-1.002545e-01
2.702090e-02
1.263073e-01
-8.124920e-02
1.085253e-01
1.877493e-01
2.032699e-01
-1.782933e-02
1.081192e-01
8.385686e-02
-1.158759e-01
-7.913358e-02
-6.356645e-02
-5.111808e-02
-5.517973e-02
-8.826146e-02
-5.850472e-02
-1.013567e-01
-1.033844e-01
-8.874808e-03
-7.336198e-02
-5.486442e-02
-6.623539e-02
-6.217120e-02
-1.125905e-01
5.926692e-02
9.618075e-02
-9.768204e-02
-2.861005e-02
1.398737e-01
-7.426628e-02
-1.610672e-01
-2.143736e-01
-2.995490e-01
-3.623832e-02
-7.964580e-02
-3.689550e-01
1.415199e-01
1.854858e-01
-5.939220e-02
-1.688641e-02
-4.818623e-02
-1.515476e-01
-7.708904e-02
-4.709672e-02
-8.846033e-02
-1.966527e-02
-1.656350e-02
7.671071e-03
1.224283e-01
1.320560e-01
3.336150e-02
5.774594e-02
1.822774e-01
1.224418e-01
2.024679e-03
4.440593e-02
1.075609e-01
6.995193e-03
1.134081e-01
-1.160441e-02
-1.722594e-01
-6.061380e-02
-1.839558e-01
-1.343918e-01
2.193018e-02
-1.516876e-01
-1.761466e-02
-1.062679e-01
-9.147036e-02
-1.463093e-01
-1.111950e-03
5.252578e-02
-1.659917e-01
6.600690e-02
1.643003e-01
8.651925e-02
-2.701357e-02
4.732685e-02
1.590910e-02
1.366804e-02
4.381264e-02
-1.404722e-01
-5.617736e-02
-1.212710e-01
1.361790e-02
-1.424881e-02
-2.887191e-04
6.160653e-02
5.628860e-02
1.714513e-02
4.109586e-02
1.523262e-01
1.625174e-01
3.179558e-02
-1.626507e-02
-1.074650e-01
1.225382e-01
8.978004e-02
-4.939858e-02
1.378245e-02
1.525872e-01
4.082947e-02
-4.709877e-02
-7.099216e-02
1.114625e-02
9.334184e-03
-1.849422e-01
-1.473751e-01
2.100451e-02
-3.214680e-02
-1.857605e-01
-1.219132e-02
-1.221985e-01
-2.333879e-01
8.569154e-02
1.377974e-01
-9.365010e-02
3.771702e-02
1.723970e-01
9.222811e-02
1.223274e-01
-2.134444e-02
1.622187e-01
-1.928590e-01
-1.514207e-01
1.700626e-01
9.143554e-02
1.775495e-01
-3.196900e-02
6.804353e-02
4.601751e-02
-3.151132e-01
-1.940582e-01
4.520142e-01
-3.684238e-01
1.150421e-01
-1.373302e-01
-1.689478e-01
5.893936e-02
-4.750380e-02
-1.076993e-01
6.995908e-02
-6.374072e-02
-1.492954e-01
9.024280e-02
-5.766113e-02
-1.593840e-01
-7.356866e-02
9.269153e-02
6.867486e-02
-1.620466e-01
1.888662e-01
1.563429e-01
-8.078455e-02
-1.938465e-02
9.307236e-02
4.521042e-02
-1.026176e-01
-8.902153e-02
9.454170e-02
1.378832e-01
9.792793e-02
4.647351e-03
8.687039e-02
1.095993e-01
4.649111e-02
4.062186e-02
2.940760e-02
1.504614e-02
-1.272624e-01
-2.524888e-01
1.986723e-02
-1.150790e-01
-6.600515e-02
-1.337769e-01
-1.512778e-01
-4.621800e-02
3.915328e-02
-9.634798e-02
-1.866929e-01
-1.163581e-01
1.124885e-01
2.574672e-02
6.304580e-02
-2.051427e-01
-1.124538e-01
1.184855e-02
-2.004727e-01
-6.365421e-02
6.020185e-02
-1.257477e-03
2.382086e-02
4.636665e-02
1.144347e-01
-5.215874e-02
1.758615e-02
1.494500e-02
1.631032e-01
-3.257308e-02
-2.338370e-02
1.513015e-01
1.083209e-01
-1.826499e-01
-2.605367e-02
-1.668242e-01
-4.128543e-01
-2.728697e-01
-1.355606e-02
-8.926097e-02
1.076532e-01
-2.961801e-04
8.535392e-02
3.363925e-03
-1.294466e-02
2.005349e-01
1.894023e-01
-3.340738e-02
-7.394534e-02
-3.763461e-02
1.566125e-01
-1.669763e-01
6.614114e-03
4.747478e-02
2.824816e-01
2.732722e-01
1.145452e-02
-3.033169e-02
-1.848842e-01
3.460320e-02
7.473654e-02
2.325919e-02
8.091860e-02
5.280638e-02
5.666217e-02
-1.102872e-01
6.578405e-02
1.112987e-01
8.332180e-02
5.685667e-02
-4.033989e-02
-3.174454e-02
-1.028718e-02
-2.399513e-01
-7.266397e-02
-1.250193e-01
-1.070923e-01
-7.334848e-02
2.093127e-02
4.013675e-02
7.224210e-02
-3.216760e-01
1.749281e-01
1.383894e-01
2.006600e-01
2.288459e-02
1.453916e-01
-2.253923e-01
-1.444498e-01
3.130591e-01
5.363232e-01
-3.023364e-01
4.938915e-02
-2.178246e-03
-1.802886e-01
7.109839e-02
2.462070e-01
3.624755e-01
-3.466206e-01
-2.490004e-01
-5.876343e-01
1.723725e-01
-1.008694e-03
1.447023e-01
8.862403e-02
3.013430e-01
-3.424511e-01
4.427890e-02
-5.239978e-01
3.950061e-01
-1.430438e-01
-4.985163e-02
-3.517976e-01
1.010274e-01
6.154106e-02
1.689638e-01
5.685395e-02
1.667709e-01
4.174673e-03
7.832201e-02
-4.561516e-03
4.445881e-02
-4.071604e-02
5.652569e-03
-1.616323e-01
-1.030904e-01
-2.519237e-01
-3.277279e-01
-4.847627e-02
-4.724357e-02
2.145318e-02
1.668535e-01
6.405532e-02
-5.417470e-03
7.611217e-02
-1.358334e-01
-6.945827e-02
-3.629917e-02
-2.285045e-02
-1.043196e-01
-2.414013e-01
-3.843541e-02
2.977835e-01
-2.667804e-01
-2.471939e-01
6.072187e-02
-1.403726e-01
-9.558147e-02
1.641973e-02
-1.900202e-01
-1.299823e-01
-1.912529e-01
-1.297195e-02
1.734583e-01
1.865349e-02
-1.087326e-01
-1.289971e-01
4.892104e-02
3.750361e-02
-6.677047e-02
-2.524066e-01
-2.957203e-01
-1.528148e-01
-6.658775e-02
-8.756582e-02
-1.074862e-01
-1.617889e-01
-8.996839e-02
-1.852738e-01
-3.019558e-02
-1.039241e-01
3.954320e-02
-8.090778e-02
2.806798e-02
1.249524e-01
3.067838e-02
4.321865e-02
6.998663e-02
-1.741808e-02
-3.862687e-01
-4.084789e-01
-3.865650e-01
2.606604e-01
4.335171e-02
2.970907e-02
1.855969e-01
1.594623e-01
-2.971863e-02
2.147220e-01
1.662048e-01
1.525261e-01
1.697734e-02
1.045342e-01
1.177021e-01
1.758869e-01
8.115271e-02
-4.749245e-01
-1.286497e-01
-4.052549e-02
7.394281e-02
4.058538e-02
-1.313488e-02
-1.570685e-01
-4.420408e-02
4.675024e-03
-4.386402e-02
8.292239e-02
1.756150e-01
-5.073296e-02
-7.962608e-02
1.713461e-01
8.344029e-02
-1.042286e-01
6.571136e-02
1.856209e-01
-4.749684e-03
2.746010e-01
2.474203e-01
-9.970698e-02
-1.826376e-02
7.554307e-02
1.278440e-01
-7.262339e-02
3.014133e-01
-4.813930e-02
6.647922e-02
-2.167378e-01
-5.176588e-02
8.735149e-02
4.777703e-01
1.714307e-02
5.664382e-02
-3.953534e-01
-9.816666e-03
-5.602290e-02
3.693899e-01
-4.239818e-02
3.566256e-02
-9.770121e-02
-1.533013e-01
-1.968235e-02
-4.472652e-02
-7.449648e-02
7.199297e-02
-7.128997e-02
-1.103823e-01
4.067777e-03
-1.593477e-01
5.692685e-02
9.445050e-02
1.458106e-02
-2.870898e-02
1.024865e-02
1.458923e-02
-1.163235e-01
-5.614953e-02
8.339861e-02
1.797300e-01
1.419564e-01
1.692094e-01
1.033106e-01
8.071315e-02
1.254217e-01
2.638691e-02
8.878688e-02
6.560870e-02
-7.885776e-02
-8.903453e-02
-1.600065e-01
-1.144081e-02
-1.507676e-02
-1.046266e-01
1.657934e-02
-4.423259e-02
-1.159211e-01
1.288104e-01
5.674753e-02
1.623082e-02
4.045003e-02
5.538102e-02
8.771621e-02
-2.317749e-02
-1.459815e-02
2.517207e-02
3.047874e-02
1.668376e-01
3.149008e-02
1.582705e-01
1.905954e-01
2.675998e-03
1.793797e-02
3.133336e-02
-8.767983e-02
2.432956e-01
1.696475e-01
1.012148e-01
1.245122e-01
8.845972e-02
4.507254e-02
6.091345e-02
2.987014e-02
7.080043e-02
1.351676e-01
1.383552e-01
1.467036e-01
5.097378e-02
5.110243e-02
3.703284e-02
4.061010e-02
5.942771e-03
-7.978867e-03
3.280258e-02
5.932166e-02
-2.883326e-02
2.021583e-02
6.340887e-02
6.971595e-02
-4.315130e-02
-3.204314e-02
2.195399e-02
-2.734843e-02
7.229330e-02
5.656325e-02
-4.904708e-02
-1.143933e-03
-1.628843e-02
-1.101949e-01
-4.116281e-02
-5.187839e-02
-8.594903e-02
3.208346e-02
-4.416891e-02
-5.353834e-02
-9.127107e-04
-1.177996e-01
-1.987021e-02
-8.611138e-02
-1.248313e-01
-1.357324e-01
-1.633511e-01
-9.693608e-02
2.126103e-02
1.536507e-02
-6.520513e-03
1.320598e-01
1.300097e-01
-7.124577e-03
9.020936e-02
6.418012e-02
1.504131e-02
9.167057e-02
4.415100e-02
-1.595121e-02
1.155758e-01
2.451445e-02
-3.752755e-02
-5.710759e-02
2.180024e-02
-2.162170e-02
-4.581346e-02
4.358664e-03
-1.822869e-02
9.087767e-02
9.508993e-02
4.785090e-02
-7.057938e-02
-5.769918e-02
-3.895004e-02
-2.090747e-02
1.094644e-01
5.374843e-03
5.525892e-02
3.112889e-02
-2.144875e-02
9.609693e-02
1.460201e-01
3.623946e-02
4.083699e-02
9.304128e-02
6.694183e-02
4.458468e-02
8.262101e-02
5.853490e-02
-6.187858e-02
-8.704212e-02
-2.002935e-02
-9.848053e-02
-6.063131e-02
-9.649099e-02
-1.790659e-01
-5.046150e-02
-1.085378e-02
-4.826934e-02
-6.516867e-02
-1.107809e-01
-4.380178e-02
-4.569235e-02
2.400879e-02
-1.266493e-01
1.941037e-03
2.848870e-02
2.703616e-02
2.531603e-02
4.953044e-02
1.279746e-02
9.003448e-02
4.116781e-02
5.532933e-02
8.808818e-02
8.677129e-02
-9.460820e-02
1.837897e-02
-5.936823e-03
5.091912e-02
1.070089e-01
6.182884e-02
4.048716e-02
4.868727e-02
-2.764888e-04
7.339246e-02
-8.622408e-02
-1.619725e-01
1.302539e-01
7.344974e-03
-3.963968e-02
7.020414e-02
6.914747e-02
3.429040e-02
-1.983018e-02
1.939258e-02
-3.642647e-02
-4.214299e-02
1.861239e-02
-6.599514e-02
-1.263906e-02
2.831571e-02
7.149296e-02
1.488257e-01
2.035663e-01
8.487532e-02
2.810945e-01
3.119960e-01
7.984435e-02
3.103390e-01
2.172535e-01
1.109586e-01
2.212662e-02
1.022890e-01
6.863288e-02
3.149702e-02
5.594558e-02
-1.400472e-02
3.714800e-02
3.273581e-02
-4.844628e-02
-3.773431e-02
4.966777e-03
-1.090949e-01
4.168641e-02
3.940334e-02
-5.290991e-03
4.785435e-02
4.967668e-02
6.089123e-02
-3.153370e-02
-1.404238e-02
6.507979e-02
-1.969117e-01
-2.343072e-01
-1.310436e-01
-4.046296e-02
-8.823691e-02
1.864418e-02
-6.767739e-02
-1.168895e-01
-1.130573e-01
-2.197176e-01
-1.333264e-01
4.866236e-02
-4.788637e-02
-8.577484e-03
6.173464e-02
-1.011065e-01
9.470338e-02
5.809353e-02
-6.751036e-02
9.993934e-02
1.219625e-01
-5.051108e-02
-1.491305e-02
8.288599e-02
-2.682105e-02
3.245257e-02
-2.319013e-02
-1.238463e-01
-1.622135e-02
8.432083e-02
-2.347538e-01
-1.474173e-01
-7.104339e-03
3.096273e-01
3.324359e-01
1.180381e-01
2.665132e-01
2.206400e-01
2.011958e-02
1.956804e-01
9.252191e-02
-5.518474e-03
-5.144433e-02
-2.395739e-02
-1.932265e-02
-1.304222e-02
4.225091e-02
3.670234e-02
-6.124451e-02
7.867190e-02
7.325295e-02
5.329335e-02
1.433867e-01
2.178809e-01
-2.008452e-02
6.902131e-02
1.836401e-01
-2.090284e-02
-1.806348e-02
3.181459e-02
-3.251574e-02
6.000317e-03
-1.328651e-01
3.751116e-02
-9.483811e-02
-2.093357e-01
7.520660e-02
-4.232540e-02
-9.359303e-02
-1.763428e-02
-1.123337e-01
7.088426e-03
-1.052862e-01
-5.129048e-02
1.818781e-01
-4.388887e-02
1.384789e-01
1.261160e-01
-2.974494e-02
1.561627e-03
3.432653e-02
-3.622547e-02
-9.146308e-02
-6.281739e-02
-3.717387e-02
-1.629397e-01
-1.100634e-01
-3.796615e-02
-9.060328e-02
-1.286069e-01
6.845994e-02
-8.311126e-02
-1.131191e-01
9.919191e-02
-7.760146e-02
-7.221992e-02
-4.662184e-02
2.614319e-02
1.644711e-01
-1.402694e-01
1.085314e-02
1.762787e-01
-1.417438e-01
-3.726444e-03
1.597474e-01
1.121132e-01
2.244816e-01
1.169118e-01
2.790759e-01
3.256010e-01
1.716017e-01
1.565191e-01
2.398912e-01
1.457698e-01
-6.981568e-02
-8.629204e-04
-7.544130e-02
-2.367388e-02
2.565864e-02
-5.396551e-02
-1.310920e-02
-7.238803e-02
-2.831811e-02
5.934906e-03
8.770626e-02
5.439758e-02
3.833592e-02
2.541046e-02
-1.174899e-02
-2.587686e-03
2.010303e-02
4.959964e-02
1.137418e-02
2.109597e-02
9.235241e-02
2.122449e-02
4.086740e-02
5.039117e-02
2.489289e-02
-7.779351e-03
1.033063e-01
-1.410029e-02
-7.057266e-02
3.315166e-02
-2.529762e-01
-3.369576e-01
-1.833118e-01
-2.668918e-02
-1.345700e-01
-8.631398e-02
-1.319973e-01
-2.265975e-01
-1.833514e-02
-1.663679e-01
-3.518703e-01
-2.336808e-01
-1.524622e-01
-3.146912e-01
-3.591180e-01
6.337930e-02
1.055150e-01
-1.044838e-02
6.456286e-02
1.990146e-02
2.007582e-02
3.950944e-02
2.157505e-02
3.672193e-03
3.094480e-04
-1.957855e-01
-1.259615e-01
-1.638148e-01
-2.456736e-01
-1.668383e-01
-2.024778e-01
-2.097516e-01
-1.467635e-01
1.591553e-01
9.676355e-02
7.946774e-03
1.742053e-01
8.746359e-02
5.876145e-02
2.657341e-01
1.785097e-01
2.416551e-01
9.012681e-02
1.602386e-01
7.147292e-02
1.086713e-01
2.701581e-01
-5.335715e-02
1.162565e-01
1.869392e-01
4.730426e-02
-2.654064e-02
1.883960e-02
1.422136e-01
-1.155343e-01
-1.189303e-01
1.480783e-01
4.212877e-03
5.152252e-03
1.714654e-01
3.234795e-02
1.405076e-01
-6.510154e-02
-8.102044e-02
1.694003e-01
1.407875e-01
-2.219335e-01
-2.308652e-01
-1.425423e-01
1.534383e-02
-1.252460e-01
-1.021573e-01
9.688292e-02
2.132681e-03
-1.946510e-01
9.756093e-02
1.297219e-01
8.868202e-02
2.066707e-02
3.749905e-02
4.287479e-02
-1.397220e-01
-3.229217e-02
6.992493e-03
-1.236105e-01
-1.372595e-01
-1.851489e-02
4.918798e-02
-1.964578e-02
-9.021341e-02
1.016212e-01
1.554965e-01
8.548617e-02
-1.320544e-01
-1.016153e-01
-9.035931e-02
-2.993143e-03
-1.882597e-02
3.949205e-03
1.685966e-02
-8.558219e-03
-5.386567e-03
1.082971e-01
5.568969e-02
4.225942e-02
4.376212e-02
2.054720e-01
3.594113e-01
-1.084616e-01
-1.044577e-01
-5.028024e-02
-2.057557e-01
-1.532554e-01
-1.601426e-01
1.686306e-02
7.969500e-03
2.887277e-02
-1.318984e-01
-1.638980e-01
-1.524692e-01
-4.536576e-02
-7.075622e-02
-1.616150e-01
-2.206035e-02
9.949052e-02
1.423758e-01
-4.606156e-02
-8.821473e-02
-1.043539e-01
-1.085104e-01
-7.924968e-02
-9.314132e-02
1.695042e-01
1.144628e-01
-8.685402e-02
5.541637e-02
1.309124e-01
5.494269e-02
-4.400107e-02
2.565384e-03
4.859893e-02
-5.360096e-02
9.256750e-02
2.235737e-01
-6.768483e-02
9.728132e-03
1.104830e-01
-2.122362e-01
-1.560508e-01
-1.016676e-01
-2.259895e-02
-1.644901e-02
-1.583729e-01
2.408606e-02
-1.179179e-02
-1.207764e-01
1.609847e-02
6.625450e-03
-1.040478e-01
-8.412818e-02
-9.141293e-02
2.203771e-02
5.265973e-02
4.110412e-02
5.790823e-02
-1.159518e-01
-9.225837e-02
9.755700e-02
1.207319e-01
1.238774e-01
-1.685404e-02
7.200524e-03
5.955622e-02
2.668848e-02
-1.825174e-02
-4.164362e-02
3.410892e-02
3.691929e-02
3.582481e-02
5.037922e-03
1.828377e-02
7.672342e-02
9.864555e-03
1.459849e-02
6.116290e-02
7.626662e-02
2.963438e-02
1.806486e-01
1.364845e-01
-6.711181e-02
1.870660e-01
2.934301e-01
-1.923580e-01
-4.040043e-01
-3.105369e-01
-9.089969e-02
-2.131099e-01
-5.010580e-02
-2.608593e-03
-3.407458e-01
-2.512020e-01
6.231135e-03
-3.917472e-02
5.839975e-02
-2.287185e-01
-1.144791e-01
1.298444e-02
-5.490153e-02
1.557737e-01
2.549384e-01
-1.209042e-01
-4.185045e-02
-3.945849e-02
-4.262375e-02
-7.132947e-02
9.156793e-02
3.509755e-02
1.104331e-01
-9.023074e-02
-9.272384e-02
-7.610427e-03
5.496259e-02
-6.288131e-02
4.800038e-02
1.307433e-02
-1.966086e-02
-3.823947e-02
1.150118e-03
-1.665989e-01
-1.076625e-01
-7.602295e-02
1.261087e-01
1.486684e-01
1.415600e-01
1.092714e-01
3.426932e-01
3.528263e-01
1.159637e-01
2.223503e-01
1.073212e-01
4.598043e-02
1.581305e-01
7.151221e-02
6.942580e-02
1.048632e-01
-1.748859e-02
-4.984476e-02
-1.467845e-01
-1.315697e-01
-1.633983e-01
-1.609857e-01
-1.197713e-01
-1.289414e-01
-2.218590e-01
-2.326240e-01
-1.182078e-01
-1.153211e-01
-1.142883e-01
-6.176500e-02
-8.301032e-02
6.242875e-02
-2.267610e-01
-3.021463e-01
-1.604046e-01
-1.230085e-01
-3.905737e-02
-7.442453e-02
-8.642421e-03
1.562302e-02
-7.155696e-02
4.328156e-03
-1.979376e-01
-8.797226e-02
-7.959551e-02
-1.352304e-01
-1.819897e-01
-1.385066e-02
-7.942051e-02
-2.995596e-02
-3.834820e-02
-1.380782e-01
-1.625727e-01
-8.600623e-02
-1.889887e-01
-1.041055e-01
-3.070017e-02
-1.041107e-01
9.017711e-02
-1.105957e-01
-1.729654e-01
6.136893e-03
5.785188e-02
1.424361e-02
2.392936e-01
7.286015e-02
-8.060559e-02
1.428519e-02
9.613866e-02
-5.986885e-02
-3.860445e-02
5.004461e-02
-8.120999e-02
2.975123e-02
-1.436032e-01
-1.030287e-01
-8.293618e-02
3.864656e-02
1.091577e-01
-2.889374e-02
-3.553261e-02
6.080084e-02
5.466381e-02
1.996938e-02
-1.121560e-01
-1.954273e-01
7.969442e-02
-4.967311e-02
-2.388875e-01
1.099851e-01
-3.973279e-02
-2.194345e-01
4.241435e-02
-2.253686e-02
2.301025e-02
-6.150151e-02
-5.292510e-02
7.632934e-02
7.351241e-02
1.777191e-01
2.115000e-01
-8.979353e-02
-6.558362e-02
3.501388e-02
-2.302126e-01
-3.146265e-03
1.281492e-01
-3.495538e-03
-3.364714e-02
-1.738052e-01
1.995141e-01
2.082893e-01
2.113818e-01
2.836851e-01
6.963211e-02
-3.217179e-02
7.765072e-02
2.440610e-02
2.093834e-01
-2.038849e-01
-1.483367e-01
-1.900449e-01
1.613970e-01
2.581566e-01
-1.037365e-01
8.190340e-03
5.958318e-02
2.310443e-02
1.138558e-01
-2.634207e-02
5.300035e-02
2.588432e-02
-2.061305e-01
2.227711e-01
1.423472e-01
-2.587729e-01
-2.751717e-02
-1.769151e-01
-3.884846e-01
-1.043874e-01
-2.525668e-01
-3.908966e-01
-1.607559e-01
-1.133334e-01
-2.219307e-01
2.134359e-02
-5.328626e-02
-1.301770e-01
-3.596504e-02
1.491346e-01
-4.800901e-02
-2.090553e-01
1.918726e-02
5.011469e-02
-1.513547e-01
1.310620e-01
1.142135e-02
-6.865475e-02
4.216640e-02
-2.430753e-02
-3.633750e-02
-1.668078e-01
-9.858473e-02
-1.140341e-01
-1.225226e-01
-1.166768e-01
-2.308536e-02
1.387907e-02
-1.357160e-01
-2.479006e-02
5.718394e-02
-6.327305e-02
8.334038e-03
-3.809167e-02
1.690832e-02
-5.812282e-02
-1.802174e-02
-9.758160e-03
-1.256449e-01
6.594568e-03
-9.986820e-02
4.325679e-02
-2.172221e-02
5.044965e-03
6.160606e-02
-8.735558e-02
-1.459828e-01
-5.870047e-02
-1.201554e-01
4.552934e-02
-1.016048e-01
1.577050e-01
6.857710e-02
6.829326e-02
1.774019e-01
1.388946e-01
8.473917e-02
1.306177e-01
1.515814e-01
1.238841e-01
4.280003e-02
-1.040379e-01
-9.116291e-02
1.889310e-02
-1.595237e-01
-1.393079e-01
2.236076e-01
-8.303093e-02
-1.141927e-01
-4.376296e-03
-1.006345e-01
-3.405874e-02
8.268286e-02
-7.687499e-02
-1.443474e-03
1.232295e-01
3.302955e-02
-2.515744e-02
4.400502e-02
2.699688e-02
-4.675766e-02
7.577540e-02
2.615665e-02
-1.357781e-01
1.723139e-01
2.224756e-01
3.866801e-02
4.804318e-02
2.203044e-02
9.719247e-02
3.434035e-02
5.240070e-02
7.285364e-02
8.837903e-02
7.377353e-02
3.555077e-02
8.539650e-02
9.898132e-02
1.125079e-01
-8.192626e-02
-7.962456e-02
6.930423e-02
3.702625e-02
-2.090534e-01
-6.163051e-02
4.579891e-03
-1.048382e-01
-1.080091e-01
4.213275e-02
2.249532e-01
-1.447055e-01
5.961778e-02
1.889240e-01
-7.485850e-02
7.397603e-02
1.503496e-02
6.758288e-02
-2.126898e-01
-1.836009e-01
1.515616e-01
-1.546877e-02
-1.676160e-01
1.274576e-01
-9.909572e-02
-1.614274e-02
-1.453856e-01
-6.360160e-02
-6.257773e-02
-9.502705e-02
-5.627984e-02
-8.148888e-02
-2.500051e-02
-6.063078e-02
-8.931381e-02
5.726583e-02
6.551476e-02
-4.134719e-02
1.591510e-01
-5.530424e-02
5.623643e-02
-5.482382e-02
2.643917e-02
-9.452964e-02
4.927647e-03
-1.093772e-01
-2.013293e-01
-1.175049e-01
-1.082304e-01
-1.951500e-01
-1.536513e-02
-1.006127e-01
-1.901896e-02
-5.160179e-02
9.404434e-02
2.801947e-02
3.082694e-02
1.189697e-01
1.479581e-01
5.458053e-02
6.351925e-02
1.158765e-01
1.780673e-01
8.902552e-02
8.845148e-02
5.813726e-02
1.534663e-01
7.390846e-02
-3.248844e-02
-4.157127e-02
-8.143971e-02
-1.594611e-01
-9.213169e-02
-3.324913e-01
-2.725178e-01
-3.885952e-02
-2.723492e-01
-2.167477e-01
-8.056056e-02
-7.991598e-02
-6.801665e-02
-1.408030e-01
-3.035896e-01
-1.115364e-01
-8.241324e-02
-1.382936e-01
4.077215e-02
-2.561236e-02
-2.397970e-01
-2.593356e-01
-2.480229e-01
-3.816647e-01
-4.348253e-01
-1.803982e-01
-2.050013e-01
-2.064440e-01
-2.043633e-01
-1.761873e-01
7.504092e-02
-2.434812e-01
-1.441811e-01
-5.942356e-02
-1.308443e-01
-1.182162e-01
-1.264688e-02
5.247705e-02
-7.637073e-02
-3.296845e-02
-6.244070e-02
-1.605461e-01
-1.058138e-01
-2.044519e-02
-1.104281e-01
-7.860553e-02
-3.717971e-02
8.859576e-02
5.961782e-02
-2.293011e-02
-8.415988e-02
-8.967068e-02
-6.710070e-02
-9.412193e-02
-5.574135e-02
1.010226e-01
1.670141e-01
6.520545e-02
2.969351e-02
1.084337e-01
-1.013039e-02
-5.450890e-02
-1.612109e-02
-1.506298e-01
-5.640844e-02
-3.706550e-02
7.255729e-02
1.807739e-02
-7.843159e-02
-1.027653e-01
8.005891e-02
-1.087643e-02
-1.949233e-01
4.249980e-02
3.374675e-02
3.187350e-02
-6.735324e-02
-1.708901e-01
-8.606269e-02
-1.938502e-01
-1.727296e-01
-1.320400e-01
1.500176e-01
1.016400e-01
1.416809e-01
-9.281201e-02
-4.381110e-02
-1.683176e-01
-1.443900e-01
-2.189818e-01
-2.317296e-02
-1.874807e-02
-1.457047e-02
9.252195e-02
-6.556207e-02
-1.783192e-01
-5.440969e-02
7.445001e-02
3.254240e-02
-3.702167e-02
9.821905e-02
1.757292e-01
-1.758266e-01
9.331949e-02
-1.054138e-01
-1.351204e-01
-7.752694e-02
-1.235793e-01
1.797877e-01
6.740670e-02
-9.854795e-02
1.266843e-01
-2.351758e-02
-1.832457e-02
7.726764e-02
-1.771764e-01
1.718473e-01
-1.769066e-01
-7.421584e-02
-1.430221e-03
3.590155e-02
6.245052e-02
6.163231e-02
1.141133e-01
8.252735e-02
6.984273e-02
2.158693e-02
-1.144102e-02
-5.408863e-02
1.192143e-02
4.407550e-02
-8.003539e-02
1.205528e-01
-1.829973e-02
1.293313e-01
2.407209e-01
-2.790892e-03
1.463397e-01
8.325255e-02
6.189308e-02
1.494700e-01
7.092268e-02
7.203829e-02
7.476266e-02
4.053484e-02
-1.661562e-01
-1.626678e-01
-1.387025e-01
-1.581076e-01
-9.091431e-02
-1.627898e-01
-1.239275e-02
3.770523e-03
-4.829850e-02
-9.236474e-02
-8.833705e-02
5.423461e-02
7.726734e-02
-1.830200e-02
1.318031e-01
6.754120e-02
-6.480993e-02
-1.068552e-01
5.573836e-02
9.478994e-02
1.333800e-01
1.475878e-01
1.449291e-01
-1.331711e-03
2.597412e-01
6.249180e-02
-2.676699e-02
-1.843311e-01
-4.726008e-02
8.648231e-02
-9.162559e-02
-4.479070e-02
8.521519e-02
5.595133e-02
-2.381840e-02
-3.631872e-02
1.407514e-02
-9.207881e-02
9.813144e-02
-5.164662e-02
-1.863711e-01
-6.305342e-02
-4.792312e-03
-1.472271e-01
-4.181205e-02
4.348119e-02
2.466673e-02
1.562516e-01
-1.157402e-02
1.125090e-01
2.046390e-01
-6.694891e-03
2.036064e-01
1.913618e-01
9.819256e-02
8.244809e-02
-1.933468e-01
-7.286493e-02
-5.043271e-02
-5.037318e-03
-1.219308e-03
1.114019e-01
-3.879841e-02
-8.275888e-02
1.144067e-02
8.522441e-02
-6.147011e-02
6.623921e-02
4.817298e-02
-7.455742e-02
6.783962e-02
8.469525e-02
5.917167e-03
-2.001162e-02
-4.244471e-02
2.306779e-02
1.132684e-01
1.340971e-01
5.348179e-02
1.552660e-01
4.820002e-03
-7.426760e-02
4.381411e-02
-1.264210e-01
-1.221544e-01
-3.269508e-02
-1.332334e-01
-1.270195e-01
-1.429881e-01
2.254520e-01
-1.234878e-01
-3.318148e-01
2.299926e-02
-1.059837e-01
-8.467498e-04
1.643166e-01
3.519243e-02
3.623557e-01
1.523239e-01
-5.344763e-02
-1.415884e-01
-6.584346e-02
-1.062102e-02
-5.678428e-02
-3.434721e-02
-3.194100e-02
3.769147e-02
2.660656e-02
-1.415618e-01
1.133198e-01
1.503635e-02
-6.967498e-02
4.534579e-03
-3.534833e-02
-3.737401e-02
-4.831278e-02
-1.504239e-01
-2.635535e-02
-3.930049e-02
1.553222e-02
1.786459e-02
-3.788442e-02
-3.051554e-02
-3.974963e-02
-3.331558e-02
-4.138047e-02
-1.720959e-01
-1.835485e-01
1.555223e-02
-9.524497e-02
-9.729531e-02
5.060100e-02
-2.936463e-02
2.496668e-03
1.457773e-01
6.737384e-03
8.528940e-02
6.270403e-02
5.478921e-02
-1.549445e-03
-1.633018e-01
-9.350955e-03
-6.410354e-02
-1.948097e-01
-2.333433e-02
-2.397877e-02
1.537044e-02
1.053611e-01
1.822655e-02
9.006677e-02
-4.367645e-03
3.878921e-02
8.567306e-03
4.755679e-02
-1.045186e-01
3.495850e-02
-3.325005e-02
-4.271124e-02
1.421929e-01
-1.085365e-02
8.134662e-02
9.663887e-02
4.114406e-02
5.554216e-02
-5.207361e-02
-3.503869e-02
4.842247e-02
-3.803058e-02
-7.966788e-02
-1.173485e-02
-1.368153e-02
1.567161e-01
5.040924e-02
1.370989e-01
2.762228e-01
1.317441e-01
4.929693e-02
1.915626e-01
1.551936e-01
2.134421e-02
2.104301e-01
1.634451e-01
1.809998e-01
7.291026e-02
4.283411e-02
4.515717e-02
5.338938e-02
1.089157e-02
-3.886170e-02
8.972106e-02
-7.183366e-02
-1.016064e-01
1.219499e-01
-4.555607e-02
-1.096843e-01
-1.324662e-01
-6.863891e-02
9.666976e-02
-3.130864e-02
-4.818902e-02
-1.053752e-01
7.577284e-03
-1.788236e-02
2.188966e-02
2.877997e-02
2.310635e-01
1.838148e-01
4.246476e-02
3.682928e-02
4.500183e-02
5.374137e-02
1.712690e-02
-1.985566e-02
-4.866797e-02
-5.064786e-03
5.538439e-02
2.212251e-01
1.609358e-01
1.954583e-01
9.450552e-02
8.373934e-02
1.329602e-01
4.075547e-02
1.300957e-01
8.806973e-02
-1.512052e-01
-2.175827e-01
-1.300876e-01
1.469062e-02
8.238117e-02
1.601842e-01
8.433739e-02
1.735636e-01
1.926711e-01
-1.530384e-01
-8.805166e-02
-1.601706e-01
9.035832e-03
1.205683e-01
3.442101e-03
6.203589e-02
1.575431e-01
1.110564e-01
-4.690024e-02
-3.706234e-02
-8.558521e-02
-9.974582e-02
-8.328957e-02
-1.278191e-01
-1.083298e-01
-7.730265e-02
-7.628699e-02
3.316182e-04
4.688912e-02
4.910557e-02
1.850684e-02
3.476358e-02
1.313078e-01
3.508515e-05
-2.062663e-02
1.210065e-01
7.661281e-02
9.345912e-02
-5.333700e-02
4.956007e-02
9.688776e-02
-5.193755e-02
-1.083455e-01
-3.539665e-02
-4.967641e-02
-1.445364e-01
-4.851425e-02
5.411214e-02
-1.458521e-01
1.918527e-02
9.622573e-02
-9.106648e-02
1.197676e-01
1.590059e-01
-1.354390e-01
8.783292e-03
1.635112e-01
-5.512193e-02
1.982269e-01
4.391614e-01
2.609836e-02
3.579857e-01
5.013474e-01
-3.506498e-02
4.673104e-03
1.097233e-01
-2.778889e-02
-1.887146e-02
4.506388e-02
-1.249777e-03
-6.432240e-02
-5.467198e-02
-1.255805e-01
1.353909e-01
2.722307e-01
-1.142073e-01
1.524287e-01
2.389232e-01
-1.358385e-01
4.650580e-02
1.189230e-01
-1.353061e-02
4.484040e-03
9.390589e-02
2.030048e-02
7.340674e-02
1.524276e-01
-9.916057e-02
1.614751e-01
1.652084e-01
2.075060e-02
-7.585738e-02
-9.052453e-02
8.579031e-02
-3.653318e-03
-2.102649e-01
3.144378e-01
2.261060e-01
8.002345e-03
8.375953e-02
-4.153622e-02
4.056956e-02
-9.364780e-02
-1.652945e-01
-6.912702e-02
2.634853e-02
-7.221021e-02
4.758324e-02
1.693825e-01
7.752442e-02
-5.033705e-02
2.125964e-01
-3.919547e-02
-3.778356e-02
5.733662e-02
-1.282437e-01
-3.726278e-02
9.719836e-03
1.593787e-02
9.353437e-03
2.805291e-02
6.995681e-03
-2.595482e-02
8.360554e-03
2.618759e-03
1.527038e-02
2.267911e-02
2.015074e-01
3.353068e-01
-2.057827e-02
1.200675e-01
3.073013e-01
3.805862e-02
7.457541e-02
1.493643e-01
4.556498e-02
4.886545e-04
5.663247e-03
-7.818548e-02
-2.212003e-01
-1.589601e-01
-9.348381e-02
-1.620105e-01
-1.007173e-01
3.394178e-02
6.671792e-02
8.615270e-02
7.244144e-02
1.149533e-02
-7.594027e-02
4.548873e-02
-4.233663e-02
-2.507090e-01
4.955188e-02
2.003174e-01
1.873292e-01
9.675626e-02
1.644504e-01
1.691793e-01
-5.235935e-02
6.796458e-03
6.959587e-02
-1.467825e-01
7.706655e-02
-3.598602e-02
-1.752758e-02
2.877022e-01
-2.160920e-01
1.444437e-01
-7.008787e-02
1.575806e-01
1.896885e-01
-7.140116e-02
7.196674e-02
4.304391e-01
-6.816854e-01
4.296717e-01
-1.377435e-01
1.058145e-02
6.246213e-02
2.313174e-02
-2.847913e-02
1.304118e-01
-5.998594e-02
-1.114400e-02
-4.601868e-02
-1.114549e-01
1.776250e-02
9.946059e-02
7.978950e-02
-4.554965e-02
4.589166e-02
2.993971e-01
-7.122797e-03
-5.109281e-02
1.958654e-01
5.203458e-03
-2.485348e-02
1.167026e-02
-1.529008e-01
-5.114255e-02
1.042046e-01
-9.160546e-02
-1.452666e-01
5.075797e-02
5.140790e-02
-1.848402e-01
3.454757e-02
6.544179e-02
-1.105584e-01
4.388665e-02
2.137011e-01
-6.581730e-02
1.768329e-01
-2.652149e-02
-1.547363e-02
-6.038351e-02
5.187811e-02
-3.192113e-02
3.506057e-02
1.506260e-01
6.060552e-03
1.110291e-01
-7.236489e-02
5.638747e-02
1.369534e-02
-2.540072e-02
7.823552e-02
-8.744378e-02
1.326188e-01
-1.119314e-01
8.022618e-02
1.001055e-01
-1.787111e-01
3.471270e-02
-1.188486e-02
-6.648839e-02
-7.063911e-02
1.091708e-01
8.350792e-03
-1.651662e-01
6.545629e-02
1.118490e-01
-1.283369e-01
1.389373e-02
-1.401388e-01
-9.767392e-02
-8.546121e-02
-1.715939e-01
3.357813e-03
4.673629e-02
-2.046346e-01
-5.187505e-02
1.528955e-01
1.203479e-01
5.637072e-02
-1.123529e-02
2.357971e-01
-1.577488e-02
3.036722e-02
1.198188e-01
-1.891142e-01
1.471476e-01
-4.174805e-02
-2.595522e-02
-9.754357e-02
-9.239660e-02
1.127214e-02
1.661324e-02
-1.131210e-01
-6.604288e-02
8.191457e-02
7.348448e-02
6.185203e-02
1.653813e-01
9.674420e-02
-3.658040e-02
1.989453e-01
9.620541e-03
3.672805e-02
-4.672002e-03
2.637691e-02
1.064732e-03
-1.090367e-01
6.721810e-02
3.453873e-02
-2.105294e-01
1.950869e-03
7.782657e-03
3.693593e-02
-3.815373e-02
1.215680e-02
4.204537e-01
-1.904757e-01
-9.222551e-02
7.271259e-02
-1.655859e-01
1.153003e-01
5.986994e-02
4.054020e-02
1.749354e-01
-4.546165e-01
2.659943e-01
-4.250452e-02
-2.243330e-01
1.698096e-01
-5.929714e-02
2.659342e-02
1.909773e-02
-8.442671e-02
-1.603886e-01
-7.370108e-02
-1.657661e-01
-1.458648e-01
-2.104983e-01
1.570095e-01
-3.076140e-02
3.233931e-02
6.968550e-02
1.121287e-01
7.723520e-02
5.205823e-02
-5.071745e-02
-7.925633e-02
3.600205e-02
1.676281e-02
-4.947266e-02
-2.309156e-02
-4.342403e-02
-8.650520e-02
-3.248407e-02
-4.528986e-02
-6.521256e-02
-3.477070e-02
-3.116743e-02
7.374481e-02
-2.058581e-01
-1.268430e-01
1.546472e-02
-1.432393e-01
-1.352054e-01
1.634224e-02
1.119514e-02
1.082332e-02
2.508222e-02
-2.295471e-02
1.033482e-02
1.000135e-02
-9.130751e-02
-7.534331e-02
-2.335126e-02
1.128901e-01
6.261728e-02
6.057854e-02
3.452582e-02
9.220802e-02
6.059038e-02
-2.590882e-02
7.006095e-02
8.314466e-02
-3.875584e-02
-8.051331e-02
-9.019561e-02
-3.635441e-02
-2.914813e-02
-8.069849e-03
-3.809825e-02
6.656601e-02
1.134078e-01
4.634692e-02
-2.630740e-02
-1.802218e-02
-5.454117e-02
-1.175907e-01
-1.183729e-01
-7.543497e-02
-9.723795e-02
-5.064051e-02
-2.963506e-02
-8.321472e-03
4.085552e-02
-2.453571e-02
-3.385763e-02
-8.459402e-03
1.210326e-01
4.386241e-02
2.912986e-02
2.158287e-01
7.885401e-02
1.672826e-01
1.822705e-02
-1.239726e-01
-6.533425e-02
8.316854e-03
-7.854175e-02
6.373291e-03
-1.922070e-01
-8.930770e-02
-1.593503e-02
-9.146786e-02
-5.645288e-02
-7.240683e-03
-6.047805e-02
-2.668545e-02
7.794063e-03
4.527137e-02
-4.844420e-03
-1.721852e-02
-6.557940e-02
8.481006e-03
1.403897e-02
4.784897e-02
6.814767e-02
1.777853e-02
1.743100e-02
-1.971981e-02
-1.689170e-01
-3.305357e-03
-5.583750e-02
-2.343087e-01
-5.401456e-03
-8.611788e-02
-2.511585e-01
6.151798e-02
6.549610e-02
8.832796e-02
-9.309497e-02
-6.211908e-02
2.141274e-02
-1.188137e-01
-4.481403e-02
4.663141e-02
-1.855212e-01
-1.422976e-01
-1.389325e-01
-4.350499e-02
-1.556191e-01
-1.365238e-01
2.534677e-03
7.012146e-02
6.958742e-02
3.237680e-02
-2.316782e-02
3.004650e-02
6.148015e-02
1.647386e-01
1.650487e-01
8.872809e-02
1.632358e-01
1.717648e-01
