1.429093e-02
7.487898e-03
3.199999e-02
8.981203e-03
-1.877634e-02
-8.282219e-02
-1.381353e-03
-2.187597e-02
-1.099410e-01
6.082983e-02
-3.888065e-01
-1.654106e-01
2.635596e-01
1.816270e-01
-3.134817e-01
-3.239192e-01
2.767714e-01
-2.290448e-02
7.091254e-02
-6.122975e-01
-2.710813e-01
3.639634e-01
2.917385e-01
-2.887480e-01
-3.696486e-01
4.762442e-01
2.817907e-01
-3.295939e-01
-7.532122e-02
1.253710e-01
1.847301e-01
-5.389449e-01
8.307016e-03
5.361969e-01
-7.296856e-02
-3.116364e-01
-6.432831e-02
-1.141837e-01
1.279724e-01
-3.498065e-02
1.807245e-02
7.149344e-03
5.373079e-02
1.753094e-01
-9.064782e-02
-1.162906e-01
-9.881910e-02
6.715198e-02
1.188074e-01
-1.139551e-01
-1.818350e-01
1.598948e-01
1.345176e-01
-5.450247e-02
-5.077497e-02
1.013084e-01
-7.711002e-02
-8.526590e-02
3.824994e-02
1.432740e-01
-4.039406e-02
-9.995233e-02
-3.764137e-02
-5.877197e-02
6.540768e-02
-1.186113e-01
-4.060754e-02
2.477542e-01
2.393193e-01
-1.899910e-01
-3.020354e-02
5.503920e-02
8.046011e-03
-1.469858e-01
-1.092769e-01
-1.062952e-02
8.880314e-02
5.665301e-02
-1.916023e-01
2.384160e-02
7.589793e-02
-3.825600e-01
1.410148e-01
3.370390e-01
-1.880627e-01
-3.211695e-02
8.445375e-02
1.896521e-01
-2.941391e-02
-4.229980e-01
-3.088348e-02
2.483505e-01
1.719544e-01
-1.552140e-01
-7.816129e-02
2.867970e-01
2.162637e-01
-1.600626e-01
2.725348e-02
1.448165e-01
6.679282e-02
-3.409532e-01
5.540091e-02
1.652674e-01
-1.640555e-01
-2.398219e-01
-5.881447e-02
2.100918e-01
9.453098e-02
1.903016e-01
-1.698757e-01
-4.743005e-02
2.283351e-01
1.373303e-01
-2.139295e-01
-1.479024e-01
1.309227e-01
-8.976501e-02
-4.051119e-02
1.272931e-01
-3.752150e-02
-1.168160e-01
5.903386e-02
8.438808e-02
-6.480096e-02
-2.400015e-02
-2.812920e-01
3.544528e-01
-1.254272e-03
-3.231540e-01
-2.768872e-01
4.235916e-01
3.039055e-01
-1.477827e-01
-1.115129e-01
-1.085538e-02
-7.968294e-02
-4.644331e-02
1.657926e-01
1.129091e-01
-2.296055e-01
-7.739822e-02
1.849510e-01
-4.147076e-02
-1.788926e-02
4.464532e-02
6.477916e-02
-2.754249e-02
2.403908e-02
5.061474e-02
-4.042488e-02
6.565985e-02
6.701440e-02
-1.726346e-01
-1.659954e-01
8.889287e-02
-5.311549e-02
-3.403946e-01
2.427172e-01
8.921447e-02
-2.438663e-01
4.702500e-01
-5.999022e-02
-2.028738e-01
1.631740e-01
1.322391e-01
-4.013988e-01
3.618098e-01
2.445838e-01
-3.888425e-01
2.020790e-01
4.427148e-02
2.827334e-02
-2.051039e-01
-2.007444e-02
4.641373e-01
-3.937211e-01
1.395615e-01
5.139150e-02
-7.353653e-02
-5.253157e-02
-1.071295e-01
1.624115e-02
-2.117068e-02
-1.176606e-01
2.736221e-02
6.111402e-02
-6.258450e-02
-6.052251e-03
1.342944e-01
9.648108e-02
2.335069e-01
-7.223206e-02
-1.262430e-02
4.342072e-02
-3.324440e-02
-3.224793e-02
1.263387e-02
1.112742e-01
3.147146e-02
-4.191461e-02
-4.413270e-02
1.855228e-01
-1.849110e-01
-3.455869e-02
1.111565e-01
-1.416040e-01
1.736109e-01
-1.009245e-01
-9.557206e-02
2.074905e-01
-1.276560e-01
-9.259022e-02
8.067190e-02
-8.162911e-02
-3.951801e-02
-5.412646e-02
-1.188480e-01
-4.149575e-02
1.094609e-01
-2.256842e-01
1.779091e-01
1.236131e-01
-2.480893e-01
-2.388809e-02
-9.705526e-02
1.272314e-01
-7.471091e-02
-6.663047e-02
3.175013e-01
-2.856111e-02
2.249708e-02
7.982087e-02
-1.202820e-01
2.467797e-02
6.162376e-02
-1.247741e-01
-9.185722e-02
2.274463e-01
-8.189470e-02
-9.678640e-02
2.020646e-01
-1.156788e-02
1.032361e-01
1.049847e-01
7.010679e-02
1.487797e-01
3.769736e-02
2.437576e-02
-2.195334e-02
-1.456719e-02
1.112159e-01
1.876352e-01
-4.955435e-02
8.115558e-02
1.598344e-01
-1.411244e-01
-2.565104e-03
1.207905e-01
1.591462e-02
-2.619093e-02
-1.027022e-01
-4.019356e-02
-3.978194e-02
-5.085757e-02
3.874970e-02
3.533023e-02
-1.743115e-01
-1.245248e-01
-5.072747e-02
-3.325794e-01
-1.629803e-01
-6.467876e-01
-4.066766e-01
5.593680e-01
-7.916784e-01
-4.207410e-01
1.844378e-01
-6.346192e-01
-1.378956e-01
1.077860e-01
1.200908e-01
-1.766342e-01
5.134763e-02
7.228663e-02
-1.762402e-01
-1.982156e-02
8.846294e-02
7.321143e-04
1.806714e-02
2.415640e-02
3.825753e-02
5.729703e-02
6.469475e-02
-8.769212e-03
2.693663e-02
3.162400e-02
9.827117e-03
-3.347835e-02
-6.954202e-02
7.763946e-02
-5.867667e-02
-1.078563e-01
-1.408202e-02
-9.675161e-02
-1.243200e-01
-1.373531e-03
6.603580e-04
-7.444291e-02
-4.401436e-02
-1.707481e-02
-2.576827e-02
-6.177287e-03
4.203865e-02
7.742319e-03
1.009087e-01
9.981515e-02
5.842542e-02
7.181772e-02
4.932156e-02
-2.142611e-02
-4.337551e-02
-3.327635e-02
9.651546e-04
9.895994e-02
3.916360e-02
2.224759e-02
9.982582e-02
2.450828e-02
-6.995234e-03
5.705173e-02
-6.855887e-03
-2.403942e-02
2.535325e-02
5.095633e-02
8.105802e-02
1.985438e-01
2.395140e-01
2.435635e-01
1.122760e-01
1.395215e-01
8.248633e-02
5.090356e-03
-3.147124e-02
-6.266981e-02
-7.573510e-03
-6.305735e-02
-4.561620e-02
-6.055175e-02
-1.075444e-01
-9.675630e-02
1.085968e-01
6.931128e-02
3.595196e-02
1.094518e-01
5.118543e-02
-1.418573e-02
-3.541698e-02
-9.174521e-02
-1.026374e-01
-5.345782e-02
-5.183668e-02
-6.080755e-04
-4.009784e-02
-6.479139e-03
1.913271e-02
-4.260208e-03
3.763610e-02
6.999315e-02
-1.187686e-01
-8.549134e-02
-8.989912e-02
-7.281785e-02
-6.441382e-02
-1.161495e-01
-2.463196e-02
-3.020883e-02
-6.712043e-02
-1.005219e-01
-2.795486e-03
-6.085563e-02
-6.051641e-02
1.924532e-02
-8.917237e-02
-8.722597e-02
-1.670741e-03
-2.814458e-02
-8.090953e-02
9.934863e-03
7.547087e-02
1.229175e-02
1.026027e-01
3.571283e-02
-1.849600e-02
3.249525e-02
-9.018984e-02
-4.230059e-02
-4.899890e-02
-1.126917e-01
-6.236592e-02
-2.750638e-02
-6.186133e-02
-1.480767e-01
-1.374449e-01
-7.604187e-02
-6.987824e-02
-3.407324e-02
-4.313150e-02
-9.223538e-02
-4.993730e-02
-5.628465e-02
-5.501217e-02
-1.007473e-02
-5.902709e-02
1.607611e-02
1.223703e-02
-4.658555e-02
-2.068554e-02
4.850847e-03
-9.321539e-02
3.147095e-02
-4.655783e-02
-5.874266e-02
-2.150885e-02
-1.438446e-02
1.055640e-02
-3.302580e-03
-1.252889e-02
-5.616189e-03
6.333967e-03
-4.408349e-02
-8.779066e-02
9.652088e-02
1.362680e-03
-1.474845e-02
1.442112e-01
5.816611e-02
6.582801e-02
1.256646e-01
6.235222e-02
8.797706e-02
3.684140e-02
4.238482e-03
-2.761550e-02
-5.927390e-02
1.957024e-02
1.400159e-01
-2.563956e-02
-5.685703e-02
-2.208551e-02
4.350000e-02
4.385394e-01
-6.561469e-02
1.014780e-02
-4.813922e-01
9.091581e-02
1.608566e-02
2.113438e-01
-4.283757e-02
1.833984e-01
-6.936387e-01
3.532439e-03
-5.429229e-01
8.838789e-01
5.962781e-02
5.390904e-01
-5.294656e-01
-2.463624e-01
-8.885900e-02
7.318708e-02
7.030756e-02
1.969857e-02
1.907147e-01
-1.266287e-01
1.719170e-02
-2.422427e-02
-1.134489e-01
1.180464e-01
-1.877380e-02
8.246654e-02
4.517705e-02
7.591979e-02
6.997373e-02
9.301032e-03
3.273253e-02
-2.628141e-02
-8.405375e-02
-1.924258e-02
1.883108e-02
-2.572215e-01
1.129715e-01
1.707218e-02
-5.935162e-02
4.029460e-02
-9.445156e-02
-1.111959e-01
-1.596342e-01
5.279811e-02
8.065260e-02
1.786174e-01
-4.032062e-03
-1.116881e-02
2.337301e-02
-1.021617e-01
-2.418290e-01
1.604155e-01
6.896819e-02
1.504866e-01
-9.847715e-02
-2.254704e-01
-1.570885e-01
-5.359554e-02
-2.657726e-03
3.478492e-02
-9.573352e-02
-1.938195e-01
-1.628114e-01
1.001572e-01
-1.318837e-02
7.225385e-02
-3.820726e-02
9.984331e-02
1.404075e-01
-7.163186e-02
1.952202e-01
-1.508627e-01
8.120991e-02
8.551117e-02
1.736174e-01
8.949353e-02
-1.564223e-03
7.310168e-02
-3.407183e-01
-1.327580e-01
-3.084506e-01
8.386417e-02
2.075358e-01
4.660215e-02
-8.300252e-02
-1.805705e-01
-3.725841e-02
4.978624e-02
5.455153e-02
4.774020e-02
1.572690e-02
1.767684e-02
1.288699e-01
1.307986e-01
6.073327e-02
-5.319490e-02
-9.534235e-03
-6.934825e-02
-1.691068e-02
7.302368e-03
-8.348119e-02
3.819012e-02
8.704308e-02
4.827147e-02
2.261383e-02
-2.317318e-01
2.310522e-01
-2.244842e-01
5.068708e-01
-1.752645e-01
6.212351e-02
-1.106075e-01
1.645505e-04
4.007298e-02
-1.434154e-02
1.383011e-02
-6.500384e-02
-7.203368e-03
6.772695e-02
-4.947677e-02
-5.264302e-02
-3.306790e-02
-7.259515e-02
-7.335822e-02
-8.249164e-02
-1.180819e-01
-1.039279e-01
-1.150272e-01
-1.235624e-01
-1.049345e-01
-1.079159e-01
-2.054746e-02
9.096564e-02
2.014390e-01
-8.353909e-02
-1.144587e-01
1.535771e-03
-5.743681e-02
-1.813615e-01
-2.154656e-01
-3.714173e-03
9.949562e-02
6.099945e-02
-3.812380e-02
-4.798849e-02
-1.355391e-01
-2.241956e-02
6.325215e-02
-1.297493e-01
1.568229e-01
1.502221e-01
1.229223e-01
-1.132276e-01
-1.272875e-02
-5.387297e-03
1.860899e-02
-3.750579e-02
-1.557408e-01
-2.659547e-02
-3.164925e-03
-1.949309e-02
-2.307887e-02
-2.024256e-02
-1.511363e-02
-1.571211e-01
-1.730023e-01
-7.529750e-02
2.712019e-02
-2.078647e-02
1.787789e-02
8.083788e-03
-1.606204e-02
6.933550e-02
3.925001e-03
-9.803558e-02
-5.095497e-02
-1.792614e-02
-3.508458e-02
7.976107e-03
4.875295e-04
1.485060e-02
7.229160e-02
-8.749758e-02
-9.832347e-02
-6.878088e-02
-1.201028e-01
-2.456465e-02
1.015790e-02
-1.047048e-01
-5.865347e-02
-7.654548e-02
-6.718876e-02
-1.032248e-01
-1.562849e-01
-2.034469e-02
-8.130302e-02
-1.355365e-01
1.597640e-02
-2.662892e-03
-9.374962e-02
2.349042e-02
1.544255e-01
8.907264e-02
-1.065951e-01
-5.665543e-02
-1.401392e-01
9.521072e-02
1.501040e-01
2.370102e-02
-3.719081e-02
-3.415119e-02
-8.984683e-02
-1.550358e-02
-1.458261e-01
-2.201648e-01
1.069834e-01
-1.050822e-02
-1.527420e-01
1.835750e-01
1.048714e-01
-9.562532e-03
4.967670e-02
9.415613e-03
1.034346e-01
-1.488893e-01
-1.852941e-01
-2.032689e-01
1.075646e-01
2.366506e-02
-9.108377e-02
-1.019750e-01
-8.623606e-02
-1.583015e-01
6.102302e-02
8.220686e-02
4.075337e-04
-3.903629e-02
5.655266e-02
2.121131e-02
-3.917518e-02
-9.093460e-02
-1.843672e-01
8.315671e-02
6.716307e-02
-4.859172e-02
7.977849e-02
1.149467e-01
6.538393e-02
-9.904750e-02
-1.758334e-02
9.962481e-02
8.596288e-02
-5.258293e-02
3.781034e-02
-5.115859e-02
-6.140805e-02
-5.552799e-02
9.923661e-03
4.184363e-02
2.655788e-02
-2.028632e-02
7.015278e-04
2.699499e-02
-7.058836e-02
-1.664179e-01
-1.789736e-01
5.823968e-02
2.616126e-02
9.026446e-03
3.718382e-02
2.149437e-02
-9.447600e-03
3.361335e-02
3.938815e-02
5.754770e-03
-6.075777e-02
6.897255e-02
-1.566988e-01
-1.418166e-01
7.029678e-02
-4.117645e-02
-3.820644e-03
1.257842e-01
1.198675e-01
-2.588550e-01
1.868788e-02
1.150281e-01
-3.572985e-01
3.927416e-02
3.181317e-01
-2.944551e-01
-5.249371e-03
1.660009e-01
3.072906e-02
-7.346814e-02
-2.599099e-01
2.436841e-01
-9.597026e-02
-2.922764e-01
1.643429e-01
-1.755711e-01
-5.915271e-02
1.003968e-01
-1.745336e-02
-1.282607e-01
5.352620e-02
-4.930833e-02
-9.826081e-02
-4.495422e-02
-7.261385e-02
-9.832540e-02
1.844490e-01
1.121981e-01
-8.232742e-02
1.285617e-01
1.449041e-01
-1.149249e-01
1.252291e-01
2.059558e-02
-2.344353e-01
1.302569e-01
9.692132e-02
-2.023859e-02
1.146128e-01
7.168875e-02
-5.168124e-02
6.583471e-02
3.614936e-02
3.306322e-02
-5.605750e-02
-9.236400e-02
1.706164e-01
1.570330e-02
-1.190244e-01
1.157254e-01
-1.138756e-02
-9.714210e-02
5.836339e-02
-2.727299e-01
-9.881534e-02
1.154803e-01
-2.522618e-01
-2.832450e-02
2.786621e-01
-2.601813e-01
-2.787071e-02
1.562597e-01
3.781210e-02
4.039477e-02
4.473585e-02
1.821990e-01
1.235525e-01
-3.863320e-02
1.278635e-01
4.106487e-02
-8.027082e-02
-1.704009e-02
2.999596e-03
-6.320356e-03
8.670703e-02
1.095013e-01
3.342744e-03
6.621802e-02
3.482199e-02
-8.245932e-02
-4.796525e-02
8.792991e-02
-4.517000e-02
-4.610859e-02
1.534094e-01
-7.146008e-02
2.313426e-02
1.721693e-01
2.482815e-02
-6.223952e-02
7.822154e-02
2.054966e-01
-1.424510e-01
-4.324524e-02
1.620307e-01
-1.414536e-01
1.018077e-03
1.254813e-01
2.014864e-02
2.322349e-02
-9.857085e-02
4.981621e-02
7.851955e-02
-3.842628e-02
-3.079195e-02
3.723696e-03
-5.665790e-02
7.347663e-02
-1.902809e-01
-2.319357e-01
2.550546e-01
-9.013146e-02
-2.594419e-01
-2.637444e-02
-1.516468e-01
-1.125657e-01
-8.443975e-02
1.287495e-01
-2.902051e-03
-1.515471e-01
1.175027e-01
1.890606e-02
-7.762867e-02
1.510893e-01
1.178481e-01
-4.750416e-03
-5.096580e-02
-1.029047e-01
1.919372e-02
-2.951090e-02
-8.365413e-02
3.188140e-02
-7.869545e-04
-5.291700e-02
-5.179108e-03
8.507960e-03
4.167116e-02
2.421341e-02
-5.046320e-02
1.794042e-01
-1.053394e-01
-6.742363e-03
6.961592e-02
-9.910458e-02
-1.187290e-01
-7.234944e-02
1.191918e-01
-1.180509e-01
9.364837e-02
-1.288351e-01
1.274631e-01
-1.552450e-01
-1.809122e-01
5.678991e-02
-1.159529e-01
-3.573788e-01
1.343675e-01
-5.255726e-03
-6.573536e-02
-3.260024e-01
3.230261e-01
3.092045e-02
-1.954095e-02
-7.076033e-02
-3.651848e-03
2.503513e-02
-5.860945e-02
3.915310e-02
2.800920e-02
-7.211301e-03
-6.178229e-02
2.136218e-02
-1.450338e-01
-8.129805e-02
8.531205e-02
4.317857e-02
-1.247886e-01
2.185707e-02
8.008554e-02
-1.615871e-01
-1.704625e-01
-2.366663e-02
-1.135224e-01
-1.168007e-01
-7.143568e-02
-1.154173e-01
-1.778679e-01
-1.751927e-01
3.320748e-02
1.394602e-01
2.016712e-02
-2.100500e-02
1.146046e-01
6.311049e-02
-1.874723e-02
3.060122e-02
5.663499e-02
9.010953e-02
9.471544e-03
5.604551e-02
9.930380e-02
-9.224917e-03
7.486620e-03
6.675971e-02
6.682094e-02
-5.097114e-02
-5.778150e-02
1.137606e-01
1.042932e-01
-6.159757e-02
6.324487e-02
1.153366e-01
7.265745e-02
5.172718e-04
1.628664e-01
1.300302e-01
1.108690e-01
-1.457737e-01
2.286869e-02
2.088642e-01
-1.194000e-01
7.719019e-02
2.050844e-01
9.010980e-02
9.168354e-02
-3.068273e-02
4.490834e-02
-1.721310e-02
8.179502e-02
2.556711e-03
-8.316601e-02
1.783137e-02
-1.037030e-02
-1.750275e-01
-2.136390e-01
-2.179084e-02
-2.194036e-02
-1.202429e-01
-1.301077e-01
-6.415526e-02
-1.200661e-01
-3.074384e-01
3.135424e-02
4.443304e-02
7.294890e-02
5.767741e-02
9.650227e-03
7.409809e-02
6.690794e-02
2.715581e-02
5.634501e-02
-6.086382e-02
7.882889e-02
-2.562146e-01
-2.831540e-01
2.175644e-01
-1.509342e-01
9.572734e-02
-1.937097e-01
2.756211e-01
7.077338e-02
3.465227e-02
-1.664697e-02
9.718541e-02
8.280434e-02
3.864374e-02
1.449309e-02
3.631875e-02
2.747790e-02
7.934844e-02
1.209548e-01
1.572471e-01
1.954323e-02
4.627204e-02
6.539788e-02
-5.127128e-02
-4.079687e-02
-2.883313e-02
-1.299681e-01
-3.378935e-02
-2.202195e-02
2.194608e-02
8.837535e-02
1.122897e-01
7.907145e-02
3.333972e-02
3.057506e-02
-2.973567e-02
-4.565680e-02
-6.497684e-02
-8.649197e-02
-8.061206e-02
1.634724e-01
7.141244e-04
1.025188e-01
1.955964e-01
-1.352991e-02
3.460892e-02
1.209891e-01
-8.335505e-02
8.935215e-02
1.472691e-01
2.288109e-01
1.287540e-01
1.523439e-01
-7.367784e-02
-6.051872e-02
1.024753e-01
-1.200559e-01
-9.808495e-02
6.523702e-02
-1.384880e-01
-6.394275e-02
3.824194e-02
-2.077651e-01
-6.200163e-02
-8.597133e-02
-1.614469e-01
1.358491e-02
-7.927385e-02
2.965479e-02
1.978548e-01
1.020176e-01
-1.324716e-01
2.631558e-02
-6.917933e-02
-1.219119e-01
2.133496e-02
-8.219261e-02
5.809560e-03
9.110796e-02
-2.895090e-02
5.884640e-02
1.010995e-01
7.126159e-02
8.379109e-02
1.345456e-01
7.983039e-02
-3.223441e-02
-4.085372e-02
-1.414367e-01
3.365542e-02
-4.392347e-03
1.250421e-01
3.076836e-02
-5.773769e-02
7.743064e-02
-1.188344e-01
-1.214227e-01
-4.889319e-02
-1.180894e-01
-5.512168e-03
9.581826e-02
-1.518196e-01
-1.121360e-01
-4.223435e-02
-2.841586e-02
-1.389745e-01
-1.453367e-01
5.744014e-02
4.993905e-02
1.055986e-01
1.089704e-01
1.188743e-01
1.563420e-01
-5.677154e-02
-1.073695e-01
-2.191670e-02
-1.824057e-02
-1.255184e-01
-1.643281e-01
6.303761e-02
7.537661e-02
5.533682e-02
9.056351e-02
2.693294e-02
1.797291e-02
4.384991e-02
1.266661e-01
6.731734e-02
8.049690e-02
1.284018e-01
1.009771e-01
-1.316432e-01
-1.420180e-01
-1.276450e-01
8.326038e-03
-2.831839e-02
1.430562e-02
1.167257e-01
4.678760e-02
6.262431e-02
1.958462e-01
1.441623e-01
2.069289e-01
-8.397044e-02
5.774051e-02
1.432319e-01
1.585761e-01
1.804105e-01
1.404423e-01
-3.343300e-02
3.958221e-02
1.459827e-01
-7.018068e-02
-7.198960e-02
-7.922950e-02
1.360385e-01
1.303821e-01
4.324031e-02
1.983769e-01
1.741690e-01
7.854050e-02
-5.998318e-02
-4.728624e-02
-4.174091e-02
-6.388421e-02
-4.283655e-02
-1.868243e-02
-7.038761e-02
-3.110508e-02
-5.491839e-03
-3.971925e-02
-7.984184e-02
-6.984560e-03
-5.407833e-02
-1.983746e-02
-2.413451e-02
-6.974027e-02
-6.990293e-02
-3.458238e-02
-7.235156e-02
-1.537468e-01
-1.491847e-01
-1.068187e-01
-4.413116e-02
-6.025091e-02
-1.055277e-01
2.589209e-02
7.062225e-03
9.505752e-02
-3.145615e-02
-6.661238e-03
2.058447e-02
4.600683e-02
-1.669231e-02
1.430868e-02
4.515695e-02
-9.744602e-02
3.780965e-02
-3.527607e-02
-4.551780e-03
-3.417476e-03
-5.508307e-02
-4.918656e-02
-3.716205e-02
-9.108728e-02
-8.575493e-02
-9.879345e-02
-7.403746e-02
-1.143728e-01
-3.505498e-02
7.537240e-03
-3.532660e-04
-2.763872e-02
1.739830e-02
1.493404e-02
-7.049400e-02
-9.290542e-02
-1.356855e-01
-3.011632e-02
-9.434017e-02
-1.048301e-01
5.629798e-02
-4.135671e-02
-9.423032e-02
3.256866e-02
1.161311e-02
-8.764455e-02
-1.186272e-02
-5.010424e-03
-4.200930e-02
-3.202529e-02
-5.349025e-02
-1.510571e-02
4.981402e-02
-6.662619e-02
-7.794188e-02
7.367551e-02
3.396493e-02
2.191049e-02
6.980493e-02
8.632179e-02
7.244824e-02
-9.096381e-02
-2.526796e-02
5.396610e-02
-3.257006e-02
-2.364370e-02
-2.135367e-03
-2.682995e-02
-9.044284e-02
-6.857564e-02
9.731950e-02
2.419262e-01
7.968891e-02
1.009422e-01
1.748874e-01
-1.685093e-02
8.487635e-03
9.375200e-02
-8.962682e-02
2.098452e-03
5.613003e-02
-9.111234e-03
4.588115e-02
1.196332e-01
7.216170e-02
8.338325e-02
1.556732e-01
1.726388e-02
-5.317290e-02
-3.884889e-03
-5.114298e-02
-5.433132e-02
-2.782256e-02
-1.077104e-01
-1.587816e-02
-2.617707e-02
-1.254254e-01
5.307005e-02
8.469608e-02
1.695518e-01
9.093432e-02
6.645217e-02
7.705817e-02
1.350526e-01
3.513327e-02
-3.599319e-02
4.330653e-02
1.096290e-01
1.127676e-01
-1.389436e-02
1.349204e-01
1.049570e-01
-3.352660e-02
1.202934e-01
-1.669254e-02
-7.811896e-02
-5.535193e-02
2.567034e-02
2.664987e-03
9.087626e-03
4.031524e-02
4.212556e-02
4.285478e-02
1.258149e-02
1.615192e-02
-5.130883e-02
-2.501175e-02
-3.823836e-05
-5.280688e-02
-3.377187e-02
1.011231e-01
4.753297e-02
3.965374e-02
-1.211167e-01
2.810255e-01
5.841227e-03
6.885841e-02
7.656504e-02
-2.227966e-01
-1.272076e-01
-1.855104e-01
-2.315259e-01
-2.368313e-01
-2.918611e-01
1.428579e-03
1.794070e-02
3.476307e-01
3.199566e-01
2.084064e-01
2.463414e-01
-2.162311e-01
9.379148e-02
3.166143e-01
-1.082011e-01
5.181088e-01
4.529765e-02
-3.667468e-01
-4.393279e-01
-5.400099e-01
-2.159145e-01
-1.820770e-01
-1.641619e-01
-1.483125e-01
-2.168683e-01
-1.395167e-01
3.558880e-02
-1.096213e-01
1.905121e-01
1.330404e-01
-1.198827e-01
9.938118e-02
2.502531e-03
8.345345e-02
1.133740e-01
-9.147426e-02
-1.401735e-02
-6.155932e-02
-7.822192e-02
-1.262089e-01
2.116628e-02
-9.891503e-02
3.542257e-02
1.004645e-01
-2.502121e-02
-4.292683e-03
-9.972321e-02
-1.636655e-01
1.716935e-01
8.351893e-02
-8.522710e-02
-3.778637e-02
-2.114476e-01
-2.415837e-01
-8.743738e-03
2.659717e-02
1.960007e-01
-1.592004e-01
-3.614980e-01
-2.056248e-01
-2.973626e-01
4.335975e-02
2.233424e-01
1.532158e-01
6.005466e-01
2.351639e-01
-1.041605e-02
1.561241e-01
2.917306e-01
1.656178e-01
2.269683e-02
2.686845e-02
1.179210e-01
-8.263578e-03
-6.701393e-02
1.538379e-01
1.769626e-01
1.838812e-01
-1.655233e-02
-1.213934e-01
-5.351237e-02
-1.082806e-01
-1.589211e-01
-1.077401e-02
-2.499787e-01
2.369603e-01
6.109872e-02
2.011544e-01
2.995185e-01
-1.211924e-01
-3.838362e-01
-5.051495e-01
-3.454832e-01
1.627938e-01
-7.680142e-02
-1.021635e-01
-2.079991e-01
-1.683495e-01
9.944765e-02
3.351374e-02
6.512900e-02
1.771895e-01
-1.027620e-01
-1.019330e-01
-5.931461e-03
-1.352994e-01
-1.032604e-01
4.105892e-02
-5.154860e-02
1.649964e-01
2.221264e-01
1.289884e-01
2.857867e-01
-2.667717e-02
2.748767e-01
-1.584699e-01
-7.311669e-02
-1.337199e-01
-1.341911e-01
1.373453e-02
-7.302386e-02
8.332051e-02
7.510135e-02
1.590611e-01
1.349802e-01
-1.245970e-01
1.666331e-01
8.434569e-03
-1.559103e-01
5.721863e-02
8.288959e-02
8.734904e-02
9.923119e-02
1.188194e-01
1.191629e-01
3.273654e-02
5.494154e-02
5.674200e-02
7.984819e-02
3.659492e-02
-1.005377e-02
-9.696042e-02
-1.881550e-01
-1.778867e-01
-2.986195e-02
-3.066101e-02
-8.929589e-02
-9.477467e-02
-8.426583e-02
-1.261819e-02
9.348396e-02
1.645991e-01
-1.320780e-02
-7.828385e-02
-1.750720e-01
-1.318311e-01
-7.251818e-02
3.341191e-01
2.373783e-01
1.093557e-01
-1.592506e-01
-1.162341e-01
-1.613786e-01
7.689182e-02
1.506881e-01
-9.207612e-02
-4.284044e-02
-3.072689e-03
-5.879933e-02
-3.805978e-02
-1.378825e-02
5.222340e-02
5.871690e-02
-3.968788e-02
-1.861435e-01
-2.068921e-01
-8.531587e-02
-9.811195e-02
-2.002669e-02
1.088703e-01
1.857389e-01
2.520888e-01
2.346069e-01
4.543477e-02
4.185501e-02
-1.071187e-01
2.226401e-02
-1.005685e-01
-9.096418e-02
-1.327023e-01
-6.735396e-02
1.098951e-01
1.379803e-01
1.179755e-01
-1.976249e-02
-2.250672e-01
-2.658092e-01
-1.859602e-01
1.502611e-02
9.315072e-02
2.039658e-01
-1.339703e-01
-1.368259e-01
-1.487265e-01
-5.135370e-02
1.365401e-01
1.166799e-01
9.035864e-02
1.116447e-01
3.631125e-02
4.897754e-02
-5.441628e-03
-5.997560e-02
-3.490627e-02
-1.461226e-01
-7.630936e-02
-6.160865e-03
3.768036e-03
1.340695e-02
5.835205e-02
3.643554e-02
8.745685e-04
4.650540e-02
-2.113182e-02
-3.229129e-02
-2.771988e-02
-1.131304e-02
8.289360e-02
-1.699955e-02
2.448863e-01
1.598605e-01
-4.733127e-02
-4.105261e-02
-1.743040e-01
-2.103300e-01
-9.076428e-02
-2.620598e-02
-5.882833e-02
3.401775e-02
-2.262122e-03
2.412988e-01
1.817116e-01
2.788262e-02
3.728876e-02
-1.550349e-01
-1.849779e-01
1.775899e-02
-6.495970e-02
-1.279500e-02
-8.351534e-02
-1.117628e-01
-3.822875e-03
-1.576866e-02
3.185433e-02
6.831355e-02
-8.764661e-02
-6.049820e-03
-1.000983e-01
4.617548e-02
-1.471439e-01
-4.953958e-02
1.419231e-01
5.643964e-02
-4.354501e-02
1.196009e-01
1.007710e-01
6.462895e-02
7.356989e-02
5.166205e-02
-8.432009e-03
-3.709030e-03
-2.988549e-02
-8.755155e-02
-5.015410e-02
-4.623512e-02
-7.957830e-02
-1.736671e-02
-1.257861e-02
-3.600620e-02
-6.917604e-02
-5.963698e-02
-8.414409e-02
-7.464557e-02
-7.462530e-02
-1.112836e-01
-8.692538e-02
-6.373812e-02
9.465699e-03
-4.608142e-02
-7.721242e-02
5.026384e-02
9.218744e-02
1.141229e-01
-9.456435e-02
-3.672784e-02
-9.204592e-02
-1.959245e-01
-5.975991e-02
-1.728761e-01
-5.280967e-02
1.699056e-01
8.640714e-02
-9.357733e-02
-2.128390e-01
-2.272546e-01
-9.139052e-02
5.941896e-02
2.092761e-01
1.850263e-01
-9.192579e-02
-1.120651e-01
-9.786792e-02
-2.205974e-02
-2.205268e-02
-3.114858e-02
-6.266909e-02
-8.491218e-02
-3.852410e-02
-6.863338e-02
6.032212e-02
9.084697e-02
3.783432e-02
1.006883e-01
6.614654e-02
-7.113710e-02
-7.850528e-02
-1.426177e-01
-1.736040e-02
5.772930e-02
7.006178e-02
-5.212614e-02
1.950140e-02
2.174345e-02
2.065414e-02
8.387033e-02
2.719921e-02
1.040352e-01
-6.976136e-03
-1.343590e-01
6.843029e-02
6.910735e-02
3.556912e-02
5.260500e-02
2.843240e-02
-3.446795e-02
1.100774e-01
-4.886042e-02
-2.607591e-02
1.490695e-01
-8.103227e-03
-2.490353e-02
-5.782592e-02
-1.178587e-01
-5.334335e-02
-1.569973e-01
-1.561605e-01
3.114210e-02
-6.989509e-02
-6.190747e-02
7.004796e-02
-1.402477e-01
-1.461218e-01
-9.235702e-02
-5.615762e-02
3.373573e-02
5.189809e-02
4.847528e-02
1.003574e-01
9.361469e-02
3.036420e-02
1.216707e-01
8.170485e-02
-2.231480e-02
1.959269e-02
-9.197192e-02
-2.147868e-01
-7.832022e-02
-2.647858e-02
4.901276e-02
2.184983e-01
1.876429e-01
4.060032e-02
-2.055109e-02
-5.741428e-02
1.054593e-01
-2.179771e-02
-4.823088e-02
-3.987512e-02
-9.288671e-02
-6.376749e-02
2.583633e-02
1.560962e-02
-5.369178e-02
4.739623e-02
1.961042e-02
-6.850023e-02
-8.857571e-02
-1.023211e-01
-1.546242e-01
-1.666177e-01
-2.422275e-01
-7.535314e-02
-1.023901e-01
-1.125227e-01
1.155645e-01
-1.174562e-01
-5.080175e-02
1.080594e-02
-6.523121e-03
-5.911016e-02
-3.452312e-03
1.917851e-02
-3.833102e-02
4.399341e-02
-1.180431e-03
-3.601026e-02
2.471416e-02
4.631732e-02
4.300746e-02
3.888591e-02
1.677516e-02
1.575007e-02
-7.065691e-04
3.329201e-03
-1.579748e-02
-1.566707e-02
-3.054639e-02
1.654222e-02
-2.717562e-01
1.031225e-01
-1.582873e-01
-8.324800e-02
1.874671e-02
-1.084244e-01
-2.979137e-02
-1.570784e-01
1.836391e-02
1.659909e-01
-3.581678e-02
2.876478e-01
-2.183671e-01
2.535067e-01
1.184931e-01
-3.235384e-01
1.253780e-01
-3.965405e-02
-2.177051e-01
-1.816575e-03
-3.672705e-01
3.041070e-01
-3.291516e-01
6.841575e-02
5.254425e-01
-9.138798e-03
-8.414666e-02
-3.860125e-03
-1.502296e-01
-5.252392e-02
1.406357e-01
-1.515554e-01
1.225888e-01
-5.659740e-02
9.582909e-02
1.318201e-01
5.769586e-02
2.169812e-02
-6.184551e-02
4.389860e-02
6.904938e-03
-3.188534e-02
8.981144e-02
4.418945e-02
-2.234933e-02
7.845527e-02
1.156219e-01
-2.472948e-01
9.215893e-02
9.129529e-02
-1.402546e-01
2.561952e-01
3.306659e-02
-5.751310e-02
5.738357e-02
-1.189000e-01
-6.532900e-02
2.124847e-01
-1.570335e-01
-2.188685e-02
1.776501e-01
-1.411681e-01
2.691726e-02
7.947268e-02
-1.038775e-01
3.180273e-01
-5.786770e-02
-4.298763e-02
1.298317e-02
-3.650680e-01
2.329281e-01
-4.806051e-02
-4.888866e-02
1.271716e-01
-2.875181e-01
-1.494526e-02
-6.837754e-03
-1.675984e-01
1.749079e-01
-5.863216e-02
-1.084306e-01
-4.449508e-02
8.251456e-02
-4.767857e-02
1.080806e-02
-8.357563e-02
-1.359815e-01
1.515795e-01
-1.178579e-01
3.322382e-02
-2.179799e-01
1.567397e-01
-3.728151e-02
-8.731569e-02
9.194334e-03
-2.593908e-01
-2.287836e-02
4.963249e-02
-8.522103e-02
2.824776e-02
-1.910569e-02
8.241548e-02
4.827851e-02
1.301005e-01
1.631151e-01
6.010833e-02
2.343087e-02
7.109150e-02
-9.901768e-02
1.577604e-01
1.098505e-01
-8.053212e-02
8.994828e-02
1.425591e-02
-1.004058e-01
2.955501e-01
-3.660203e-01
-2.749390e-01
9.161652e-03
-5.870364e-01
3.454607e-01
-4.226162e-01
-1.122476e-01
3.821475e-01
1.011564e-01
5.572912e-02
-1.747586e-01
1.636865e-01
-2.260157e-02
-1.240481e-01
2.067126e-02
-1.267525e-01
-1.000303e-01
-2.641459e-02
-2.943673e-02
-6.432654e-02
2.644475e-02
2.634743e-03
-2.862817e-02
5.464817e-02
2.315896e-02
-8.768146e-03
-1.168911e-01
5.258897e-02
7.985070e-02
-1.274212e-01
2.026721e-02
3.114294e-02
-2.203370e-02
5.825979e-02
2.682087e-02
7.019247e-02
-6.759441e-02
-8.528531e-02
-1.189909e-01
3.563924e-04
5.944761e-03
1.859338e-02
-5.735010e-02
1.114246e-01
-9.064182e-02
-5.774281e-02
8.734290e-02
-5.418009e-02
-1.536206e-01
4.845943e-02
-1.251465e-01
-5.119803e-02
-8.220480e-02
-7.227741e-02
-3.597398e-02
1.983777e-02
-1.090676e-01
-9.666564e-02
9.477226e-03
-9.051546e-02
-6.561265e-02
5.922452e-02
3.126107e-02
4.587146e-02
-6.626333e-02
-5.483006e-02
-9.446878e-03
-1.043304e-01
-1.109641e-01
-5.555090e-02
-1.827347e-01
-4.962796e-02
-4.239624e-02
-4.014242e-02
-4.784248e-02
-6.635198e-02
-9.152190e-02
-1.080551e-01
-9.304985e-02
-9.763873e-02
1.014554e-01
1.843560e-01
9.866437e-02
1.062118e-01
2.094839e-01
1.709558e-01
-3.743138e-03
1.022891e-01
1.248341e-01
1.561515e-01
-7.299469e-02
-1.118259e-01
6.349728e-02
-3.948561e-02
-9.778261e-02
3.345741e-02
6.837206e-02
2.867451e-02
-2.102598e-01
5.296549e-02
2.513650e-01
-1.142362e-01
-6.829356e-02
1.296636e-01
-4.303944e-02
-6.743135e-02
4.151919e-02
3.926917e-02
2.972184e-02
-1.459095e-01
1.746189e-01
1.592944e-01
-1.174108e-02
2.396954e-01
2.742085e-01
9.962647e-02
-1.694574e-02
-3.831192e-02
-1.826338e-01
1.993613e-02
-2.515140e-02
-1.233772e-01
3.432773e-02
9.678718e-02
-4.453444e-02
-9.489137e-03
-9.456066e-02
-1.186219e-01
9.670777e-02
-4.917470e-03
-1.796435e-01
7.418741e-02
1.164730e-01
-5.906447e-02
-6.098519e-02
-6.693694e-02
1.686761e-02
3.901037e-02
-7.090445e-04
-2.474047e-02
8.504944e-02
8.137651e-02
4.508296e-03
-1.596362e-01
5.265859e-02
3.588820e-04
-7.775991e-03
-1.102336e-01
4.419626e-02
1.771919e-01
2.833604e-02
4.341174e-02
-1.002842e-01
-1.142796e-01
-1.620367e-01
-5.608428e-03
-4.253332e-02
-1.363106e-01
1.346324e-01
9.897786e-02
-6.006482e-02
-1.020753e-02
-8.257554e-02
-9.273925e-02
-3.366095e-02
-1.206215e-01
-1.196197e-01
-5.744165e-02
-1.419185e-01
-1.505732e-01
-1.020334e-01
-1.231561e-01
-3.362285e-02
-1.937157e-01
6.957976e-03
2.100445e-01
7.987469e-02
1.540735e-01
7.329547e-02
6.553192e-02
-1.016659e-01
-1.870722e-01
-2.073890e-01
-1.526028e-01
-1.311940e-01
-1.021297e-01
-2.892848e-02
1.219044e-02
-9.742823e-02
1.688679e-02
-4.645296e-02
7.615837e-02
3.173563e-01
1.209095e-01
2.186642e-02
1.379239e-01
-1.562975e-01
-5.352933e-02
-3.178951e-02
-7.182375e-02
-1.547821e-01
-1.424779e-01
-6.495800e-02
-6.991138e-02
-3.995012e-02
4.847324e-02
-2.736055e-01
-3.661521e-01
2.226498e-02
-4.052616e-01
-7.426520e-02
4.265327e-01
-1.618484e-01
2.244478e-01
4.162927e-01
1.044200e-01
5.292110e-02
1.243285e-02
-5.449739e-02
-9.220257e-02
-4.697853e-02
-1.822119e-01
-1.237570e-01
5.902005e-02
1.480012e-01
7.263036e-02
1.040771e-01
4.553014e-02
-1.463568e-01
-3.552667e-02
2.116215e-02
-2.733082e-02
-9.609979e-03
1.792102e-01
1.286327e-01
2.705321e-03
3.344650e-02
4.577809e-02
-2.781816e-01
-6.944847e-02
-7.716597e-02
-2.041660e-01
2.962618e-03
5.027622e-03
1.686302e-01
-3.969625e-02
-1.399763e-01
-6.328531e-02
1.591869e-01
8.478726e-02
-5.822264e-02
8.497337e-02
2.115432e-01
3.714091e-02
1.773150e-01
9.721501e-02
-1.160299e-01
9.465424e-03
-1.235197e-01
-1.708519e-01
-8.162929e-02
5.354114e-02
-1.027109e-01
2.251763e-02
7.622229e-02
6.189686e-02
-6.038970e-02
-5.115600e-02
1.942113e-02
4.341851e-03
3.011440e-01
5.512979e-02
2.467411e-01
2.225066e-01
-2.104056e-01
4.927754e-02
-1.699633e-01
-3.561436e-01
7.394865e-02
-5.691143e-03
2.375151e-02
-3.145505e-02
-9.283954e-02
-1.478089e-02
-6.787992e-02
-4.058637e-02
8.678430e-02
-3.945486e-02
3.128263e-02
-1.246444e-02
-9.590341e-02
1.338543e-01
-5.870354e-02
8.285055e-02
6.742471e-02
-1.117596e-01
-9.298410e-02
-1.357660e-02
2.207745e-03
-6.804162e-02
7.538126e-02
1.072227e-01
4.606909e-02
1.395885e-01
1.221644e-01
-1.078707e-01
-8.777091e-02
-7.213612e-02
-2.404398e-02
3.877429e-03
1.363111e-02
3.573446e-02
5.138075e-02
5.703402e-02
-3.448593e-03
1.292322e-01
9.191809e-02
-1.557143e-01
-9.712751e-02
-6.654414e-02
-3.773707e-02
-1.932565e-01
-2.686450e-01
8.154958e-02
1.098543e-01
6.970622e-02
-8.517729e-02
9.294116e-02
1.465437e-01
-7.436173e-02
-1.193682e-01
-1.421863e-01
3.580619e-02
-1.300584e-02
-4.895475e-02
3.670823e-02
3.484239e-01
4.016286e-02
-2.564529e-01
-1.906116e-01
-8.165784e-03
2.320086e-02
3.293030e-02
-9.386041e-04
3.312700e-03
7.892031e-02
1.174580e-01
-8.791265e-02
-6.708778e-02
2.748565e-02
-2.728993e-02
-3.744305e-02
-1.415037e-02
4.335864e-02
5.463793e-02
9.381333e-02
7.179367e-02
6.070213e-02
7.048526e-02
-8.680189e-02
-1.425248e-01
-9.916194e-02
-5.003912e-03
6.055022e-02
-1.257703e-02
-4.501512e-02
2.942698e-02
7.708743e-03
-1.064078e-01
-7.524820e-02
-1.020090e-01
1.464110e-02
-7.172336e-02
-5.578757e-02
4.689805e-02
3.390458e-03
-2.866269e-02
9.991022e-02
5.146126e-02
-5.390770e-02
-6.454482e-02
-2.558559e-02
-3.595586e-02
-1.075279e-01
1.018162e-01
7.884943e-02
-6.792594e-02
-8.195120e-02
1.019213e-02
1.253523e-01
9.287103e-02
-9.002692e-03
5.888634e-02
2.348255e-02
-1.914882e-02
-4.424498e-02
-9.710185e-03
1.080035e-01
-2.030478e-02
-8.968984e-02
-1.068805e-01
2.237416e-02
-5.608508e-02
-4.190074e-02
1.637067e-02
5.243627e-02
1.410970e-01
-2.081568e-01
-1.479040e-01
-1.113893e-01
-6.741560e-02
-1.277419e-01
-1.232540e-01
-1.532724e-01
-9.840591e-02
-3.965160e-02
-1.234895e-01
-1.001444e-01
-8.368010e-02
3.991816e-02
1.092728e-01
2.605986e-02
-1.755545e-02
1.437050e-02
4.243825e-02
-5.345329e-02
-9.643545e-02
-1.080477e-01
-6.080241e-03
6.574054e-03
-4.983584e-02
1.712270e-01
1.366456e-01
1.714449e-01
5.830394e-02
-4.911955e-02
-9.404384e-02
-5.535563e-02
-1.258963e-01
-1.310382e-01
9.776271e-02
1.253746e-01
1.212272e-01
-2.027360e-02
9.634758e-03
2.331401e-02
-7.158425e-03
-5.117118e-02
-9.334560e-02
