3.045985e-02
8.777250e-02
1.092636e-01
2.823745e-02
4.668909e-02
9.578324e-02
3.739880e-02
5.431958e-02
9.936677e-02
-7.743150e-02
8.999513e-02
-5.860373e-03
6.705719e-02
2.749380e-02
5.410459e-02
4.030580e-02
8.095118e-02
-9.186897e-03
-1.158376e-02
4.898851e-02
5.797250e-02
3.801112e-02
1.216026e-01
1.402946e-01
3.926416e-03
8.158482e-02
2.232859e-02
-4.201518e-02
-5.711950e-02
5.067461e-05
-9.099922e-02
-9.286495e-02
-2.902174e-03
-1.446513e-01
-1.298839e-01
-2.478810e-02
-5.926208e-02
-5.214439e-02
-7.893533e-02
8.905906e-03
-5.288814e-02
-6.411553e-02
-5.730773e-02
-5.501569e-02
-9.865246e-03
7.266945e-03
1.695858e-02
-3.562136e-02
9.069451e-02
4.358665e-02
3.602321e-02
1.878328e-01
8.083281e-02
-3.266421e-02
1.243314e-01
2.185082e-01
1.933888e-01
1.523008e-01
2.591991e-01
2.161263e-01
5.103689e-02
2.448910e-01
1.490666e-01
-3.169258e-02
-8.043110e-02
-8.335402e-02
-4.798109e-03
-2.122817e-02
3.679425e-02
3.396737e-02
2.271611e-02
9.306818e-02
4.632191e-02
5.539772e-04
1.639208e-02
9.432025e-04
-6.374632e-03
1.789957e-02
-2.002965e-02
-3.738247e-02
5.327332e-02
-1.688648e-01
-2.843287e-01
-2.654249e-01
-1.351036e-01
-2.827390e-01
-1.531610e-01
-1.343823e-01
-1.913817e-01
-1.693336e-01
-4.870775e-02
-9.712300e-02
-1.589094e-01
1.758106e-02
-1.769282e-02
-1.009969e-01
-2.848694e-02
-3.623155e-02
-1.414070e-01
-6.948233e-02
3.181065e-02
9.221944e-03
-3.400503e-02
1.059521e-03
2.475910e-02
-5.496808e-03
8.887738e-02
-2.441737e-03
-1.812021e-01
-1.963215e-01
-2.071999e-01
-1.792804e-01
-2.732024e-01
-2.524535e-01
-1.721063e-01
-1.983695e-01
-1.999445e-01
1.007698e-01
1.673035e-01
2.253638e-01
1.687908e-01
1.927818e-01
2.014579e-01
1.036376e-01
2.081196e-01
1.843860e-01
3.506559e-02
-8.280733e-02
-1.087375e-01
6.383436e-03
-1.156831e-01
-6.642852e-02
2.261067e-02
-3.398140e-02
6.545208e-02
9.953012e-02
3.101804e-02
2.384450e-02
7.852180e-02
-6.081091e-02
-1.564893e-02
3.795533e-02
-6.350813e-03
-1.074055e-02
-1.893145e-02
4.986727e-02
2.648869e-01
2.316297e-01
3.354176e-01
1.214512e-01
1.805294e-01
4.752707e-01
2.081656e-01
-3.244340e-01
-3.235564e-02
-8.208513e-02
-2.047260e-01
9.982051e-02
1.435960e-02
6.602395e-02
7.369590e-02
1.316074e-01
-4.506677e-02
-3.335647e-02
1.697316e-02
-1.266613e-01
-1.140158e-01
-3.688155e-02
-8.709595e-02
-1.104225e-01
-5.060389e-02
-3.826562e-04
-1.338501e-01
-1.150232e-01
-7.038346e-02
-5.383845e-02
-1.362427e-01
9.797093e-02
8.833490e-02
2.290754e-02
-1.487817e-01
-1.891900e-01
-1.353426e-01
1.669841e-01
-2.219145e-02
-1.340110e-01
1.545866e-01
7.136531e-02
1.033514e-02
-4.300469e-02
-1.262011e-02
-6.596921e-02
5.070817e-02
-9.792424e-03
-3.903662e-03
1.863674e-01
7.763611e-02
2.003877e-01
-1.140634e-01
6.752925e-03
-2.403345e-02
-1.183564e-01
-2.040755e-02
-4.326189e-02
2.832096e-02
6.432790e-02
1.170389e-01
1.140890e-01
7.615671e-02
-1.153331e-01
1.236924e-01
1.962142e-01
5.071202e-02
1.083041e-01
1.598788e-01
4.442979e-02
-1.251555e-01
-5.646743e-02
3.894143e-03
-1.265206e-01
-1.246768e-01
-3.940350e-02
1.673783e-02
-8.210892e-02
-3.357688e-02
1.211058e-01
1.721321e-01
-1.006138e-02
2.018189e-01
8.892743e-02
-2.368250e-01
1.879200e-01
5.115381e-02
9.424593e-02
-1.036969e-02
-6.938772e-02
-3.739487e-02
4.720622e-03
-8.076028e-02
-3.098367e-02
-4.500833e-02
-7.935977e-02
-1.025323e-01
5.831102e-02
2.973099e-02
-1.559296e-02
1.001926e-02
-1.473200e-02
1.614141e-02
-3.431684e-02
-6.285724e-02
-3.088885e-03
-1.758777e-02
-1.595944e-01
-4.116648e-02
1.194559e-01
1.463973e-02
-1.356661e-01
3.153442e-01
-8.602110e-03
-4.224566e-02
3.510876e-02
1.751690e-01
1.475385e-01
4.175690e-02
8.995176e-02
1.271140e-01
2.652348e-02
6.145494e-02
8.578723e-02
-7.038241e-02
-2.254869e-01
-2.567291e-01
1.198253e-02
7.359879e-02
-7.793111e-02
1.370036e-01
1.325334e-01
3.612182e-02
1.074539e-01
-1.931430e-02
1.768782e-02
1.175250e-01
1.440811e-01
2.502823e-02
-4.556828e-02
-1.252727e-01
-7.399854e-02
-1.428635e-01
-1.338200e-01
1.298176e-01
4.487765e-02
-2.525502e-02
-5.354730e-02
-5.467648e-03
1.132455e-01
4.981716e-02
-1.229631e-01
-5.157930e-02
-9.069208e-03
-8.919778e-02
8.027533e-02
-7.715365e-02
-1.282834e-01
3.457800e-02
-1.465775e-01
4.475799e-03
2.881596e-03
-2.999280e-02
-2.394439e-02
-1.270940e-02
-1.383547e-03
-1.591377e-03
-2.178772e-02
-2.736661e-03
5.017428e-02
-5.833255e-02
3.869100e-02
-3.469351e-03
4.957812e-02
3.815009e-02
-1.835755e-02
-3.049385e-01
-1.504406e-01
-1.527532e-02
1.675933e-03
3.181960e-02
-7.814823e-03
8.827574e-03
4.037406e-02
-5.113598e-02
-8.932196e-02
5.644814e-02
-7.159555e-03
-2.657435e-02
-1.899907e-02
-8.535237e-03
4.544518e-02
8.918531e-03
5.292827e-02
7.897831e-02
-1.297742e-02
-4.987859e-02
-5.357676e-02
6.426327e-02
-5.943901e-02
1.053112e-02
-3.245930e-02
5.470030e-03
2.602009e-03
-5.639727e-02
-4.617117e-02
-2.546433e-02
-4.228334e-02
-3.046579e-02
4.460121e-02
-3.570477e-02
-6.270285e-02
-4.781909e-02
-1.029817e-01
-3.110196e-02
1.311695e-02
7.325693e-02
-1.677718e-02
7.895603e-03
8.014303e-02
2.959272e-02
-1.661983e-02
2.909287e-02
7.671100e-02
-6.506147e-03
8.899446e-03
-1.991528e-01
-2.198264e-01
-5.016700e-02
3.691512e-02
-1.029593e-01
9.062732e-03
8.663356e-02
1.282206e-02
-4.031756e-02
-2.306527e-02
-8.467282e-02
-5.136621e-02
3.496001e-03
8.332825e-02
1.513029e-01
-9.853996e-02
6.664500e-02
1.787831e-01
-1.112337e-01
-3.183701e-03
1.779518e-01
-1.190696e-01
-4.252488e-02
2.127956e-01
7.899242e-02
9.106781e-02
-3.412417e-02
-5.570872e-02
-1.518373e-01
8.968252e-03
-2.409490e-01
-7.652947e-02
4.345082e-02
-8.450437e-02
-1.318252e-03
5.159817e-02
-5.867221e-02
3.710666e-02
6.240729e-02
-9.489671e-02
7.469128e-03
-2.410830e-02
-7.518786e-02
-3.723832e-02
9.606016e-02
-5.506346e-02
-4.642182e-02
3.846998e-02
4.874958e-02
-1.253579e-01
-8.223354e-02
-5.045455e-02
-8.072562e-03
7.087442e-02
-1.169554e-01
-6.183637e-02
4.256212e-03
-1.365088e-02
-1.039464e-01
-1.141545e-01
2.491219e-02
-7.072924e-02
-1.082441e-01
2.625487e-02
2.618617e-01
-5.779564e-02
1.169320e-03
2.599385e-02
1.219170e-01
-1.841654e-01
-1.505046e-01
-1.457558e-01
5.474368e-02
-2.425213e-01
6.418943e-02
2.586605e-02
8.398296e-03
-9.086068e-02
-5.049649e-02
-2.716354e-03
2.412573e-02
-1.151472e-02
-4.407519e-02
-4.345628e-02
-4.227719e-02
-2.082557e-02
-1.284225e-02
7.712334e-02
3.947950e-01
-7.547668e-02
8.392354e-02
-3.274669e-01
5.161458e-01
1.281787e-01
5.548242e-01
-6.744467e-02
-7.742549e-02
-5.757800e-02
-8.680101e-02
4.558916e-02
6.659047e-02
1.413901e-01
-1.748794e-01
-2.406322e-03
-1.718253e-01
8.198730e-03
1.769652e-01
3.398451e-02
1.128573e-02
1.112839e-01
1.115188e-01
3.593550e-02
1.803020e-01
2.571612e-02
-4.625044e-02
7.861614e-02
-1.839034e-02
-1.208156e-02
-4.618790e-02
1.859693e-01
3.103385e-02
1.699196e-01
1.079458e-01
-1.956814e-01
-9.834632e-02
-1.808766e-01
-1.719709e-01
-6.103273e-02
-4.529081e-02
-1.391401e-01
-4.231612e-02
-5.691377e-02
-4.105692e-02
-8.183546e-02
-1.232836e-01
-3.101247e-02
-5.436017e-02
-1.295747e-01
7.649116e-02
-1.990616e-02
-1.136487e-01
1.057114e-01
9.534003e-02
1.720021e-01
1.069790e-02
2.123913e-03
-1.879039e-01
5.359060e-02
7.756905e-02
2.947199e-02
-1.935723e-02
4.151518e-03
1.774049e-01
3.615698e-02
1.711440e-01
4.490592e-02
-1.479656e-01
-1.274284e-01
6.682509e-02
-1.944724e-01
-1.619741e-01
-1.158475e-01
1.914518e-01
1.014386e-01
-4.193409e-03
-2.989463e-02
-2.645295e-01
-2.536137e-01
-1.238207e-01
2.125548e-02
-1.236941e-01
4.066953e-02
3.266538e-01
-1.795139e-01
-1.815806e-02
-6.402086e-02
-1.094341e-02
-1.640554e-03
1.446038e-02
1.558736e-01
-2.906697e-02
4.813755e-02
-3.720812e-02
2.914880e-03
4.645981e-02
-1.340915e-01
1.297301e-01
9.431156e-02
1.398888e-01
1.419694e-02
7.988559e-02
3.655163e-02
4.028327e-02
1.700160e-01
9.930598e-02
-9.618420e-03
3.417157e-02
-2.530964e-02
-5.799915e-02
-1.677161e-01
-1.982761e-02
-7.001811e-02
8.039520e-02
-2.833041e-03
2.579584e-01
2.909773e-01
1.574561e-01
3.398616e-01
4.354097e-01
1.947961e-01
7.999340e-02
1.469900e-01
-2.411894e-02
2.951288e-02
2.037031e-01
1.587541e-01
1.031044e-01
9.134049e-02
5.110706e-02
-9.287231e-02
-1.456955e-01
-7.936075e-02
-1.042715e-01
-6.790737e-02
-2.475042e-02
-7.898044e-02
-6.966232e-02
-7.098190e-02
-3.970366e-02
-9.832858e-02
-6.685778e-02
1.871718e-02
-3.277827e-02
-6.825722e-02
-3.879219e-02
-7.681976e-02
-4.754265e-02
-1.510748e-01
-2.758281e-02
4.798184e-02
1.631698e-01
9.839249e-02
3.644658e-02
1.205100e-01
7.997814e-02
1.993828e-02
1.238409e-01
1.475615e-01
6.646743e-02
1.345207e-01
1.461677e-01
1.026006e-01
1.253076e-01
1.173461e-01
1.081636e-01
-8.828120e-02
-1.301682e-01
-4.286293e-02
2.529500e-02
7.423029e-02
-7.986835e-02
4.309060e-02
1.170611e-02
3.476802e-03
3.728928e-02
-3.837521e-02
-3.264081e-02
1.782659e-02
1.273593e-01
1.108057e-01
3.136187e-02
2.257755e-01
1.874413e-01
9.960718e-04
1.476697e-01
4.019777e-02
-8.353432e-02
-6.049966e-02
1.178729e-02
-5.632223e-02
-4.479597e-02
-3.736525e-04
-3.393239e-02
-4.862881e-02
-3.644351e-02
5.076808e-02
1.463070e-01
8.026095e-02
1.024145e-01
3.783812e-01
3.808174e-01
6.386897e-02
2.888091e-01
3.373412e-01
-4.061444e-02
-8.179029e-02
-3.685635e-02
-1.615878e-01
-5.773928e-02
5.809333e-02
3.576338e-04
2.861345e-02
1.409918e-02
-5.236261e-02
-6.183384e-02
-4.369409e-02
3.421958e-02
-9.687816e-02
-7.638209e-02
8.011837e-02
1.660500e-02
2.904276e-02
1.239577e-01
4.412549e-02
1.450026e-01
-1.427194e-01
1.345801e-01
9.956723e-02
-8.675607e-02
9.525018e-03
1.006732e-01
-8.704707e-02
1.097694e-02
1.096980e-02
-7.979250e-02
-5.400609e-02
-2.920130e-02
-8.745035e-02
5.258103e-02
1.707290e-02
1.179273e-01
1.251616e-01
1.112468e-01
1.468434e-01
2.453524e-01
2.154739e-01
2.360520e-02
1.500662e-01
1.189458e-01
8.334471e-02
1.511731e-01
5.630402e-02
1.845924e-01
2.016662e-01
1.220942e-01
2.074582e-01
2.148885e-01
2.279476e-02
-8.769645e-02
-1.411648e-01
-2.033635e-02
-1.824016e-01
-1.384024e-01
-9.259006e-02
-6.437369e-02
-9.641740e-02
1.794131e-02
-1.387560e-01
-1.731331e-01
4.137573e-02
-1.172284e-01
-1.462440e-01
-5.720016e-03
-1.073418e-01
8.839168e-03
6.798235e-02
6.940356e-02
4.305157e-02
-2.931904e-02
5.957612e-02
3.342634e-02
-2.550242e-03
7.001796e-02
1.175721e-01
8.213165e-02
6.762867e-02
2.690785e-02
-3.738945e-02
4.295139e-02
1.685793e-02
1.526877e-02
5.553462e-02
3.634809e-02
1.927709e-02
1.181049e-02
7.400418e-02
5.403910e-02
-8.350031e-02
3.810702e-04
-7.242690e-04
-1.546207e-03
4.772128e-03
5.502067e-02
-9.725921e-02
-1.669558e-01
-8.718846e-02
-1.487186e-01
-2.123257e-01
-1.601149e-01
-9.878810e-03
-1.465070e-01
-4.219642e-02
1.585934e-02
4.649355e-03
2.113582e-02
4.938665e-02
-3.274113e-02
-1.650735e-02
2.086609e-02
5.002228e-02
5.737606e-02
-4.287869e-02
-7.049500e-02
-1.570196e-02
-4.957914e-02
-4.996596e-02
9.201021e-02
-1.054079e-02
1.847819e-04
6.041052e-02
2.378220e-02
-2.864399e-02
9.136588e-03
5.925352e-03
-4.576859e-02
-6.665992e-03
-4.515182e-02
-5.560015e-02
-2.292576e-02
-8.988903e-02
-3.557381e-02
-7.165271e-02
-9.625588e-02
-1.957816e-01
-3.930540e-02
-1.058358e-01
-3.466218e-02
1.302316e-01
-5.666753e-02
-5.688151e-02
-1.464969e-01
4.056402e-02
4.462646e-02
-2.667916e-02
6.862701e-02
2.202095e-02
-3.149385e-02
-6.191580e-02
-9.297541e-02
-5.108653e-02
-7.617448e-02
-6.372779e-02
-4.301953e-02
1.477160e-02
2.199781e-02
3.002111e-02
-1.762332e-01
-9.687819e-02
-8.004031e-02
-1.717959e-01
-1.837797e-01
-1.027912e-01
-1.856607e-01
-2.185558e-01
-6.185766e-02
-8.328233e-02
-3.933138e-02
5.184069e-02
-1.920971e-01
-1.342275e-01
-1.636827e-02
-2.143555e-01
-1.760637e-01
-5.325512e-02
-3.080454e-02
1.247730e-02
1.847259e-02
1.015858e-03
8.205688e-02
4.017195e-02
5.400937e-02
1.612992e-01
4.321120e-02
5.063698e-02
9.046795e-02
3.431177e-02
2.143125e-02
8.581777e-02
9.897394e-02
9.546077e-02
1.059539e-01
4.026463e-02
-1.850141e-02
9.322719e-02
1.281704e-02
-7.751424e-02
3.039590e-02
4.493801e-02
1.089952e-01
-1.432367e-03
6.007504e-02
1.072498e-01
-1.084197e-01
6.004788e-02
1.291582e-01
-1.192518e-01
5.830775e-02
9.589662e-02
-8.624512e-02
-2.270707e-02
-5.533823e-02
-4.955760e-02
-4.671607e-03
-9.679442e-02
-7.465513e-02
-4.426494e-02
-2.753279e-02
-4.639525e-02
-1.781946e-02
6.933478e-02
2.985532e-02
4.518550e-02
1.310112e-01
1.504106e-01
2.047430e-01
1.396191e-01
3.011538e-01
9.196224e-02
6.401470e-02
8.651578e-02
2.724100e-02
6.391112e-03
6.983340e-02
-1.405640e-02
1.246856e-01
1.370412e-01
7.827333e-02
-1.300291e-01
-1.572054e-01
-1.739062e-01
-1.455219e-01
-1.706343e-01
-1.353604e-01
-1.848516e-01
-2.233775e-01
-1.057182e-01
-3.930842e-02
-9.413309e-02
-7.215809e-02
-4.923897e-02
-2.692795e-01
-1.046514e-01
1.748102e-02
-1.646325e-01
-7.507724e-02
4.297887e-02
-2.098444e-02
6.495243e-02
6.707928e-02
2.780222e-02
1.019179e-01
3.199302e-02
-2.015099e-02
2.631276e-02
-1.476769e-02
-7.569967e-02
-9.816439e-02
-4.109669e-02
-1.395292e-01
-1.090318e-01
-5.944103e-02
-1.040555e-01
-5.946846e-02
-3.932024e-02
1.106706e-01
1.032425e-01
1.150425e-01
7.855265e-02
5.169121e-02
-1.231643e-02
5.811289e-02
5.311514e-02
6.135818e-02
1.961325e-02
-4.676151e-03
1.581583e-01
2.428820e-01
9.489221e-02
1.567501e-01
8.324841e-02
7.090633e-02
-4.039328e-02
-9.317656e-04
-1.030861e-02
7.801133e-02
4.490615e-02
-2.372047e-02
2.706884e-02
-7.870364e-03
-7.875640e-02
-2.445631e-01
-3.695019e-02
-3.883627e-02
-1.196015e-01
3.225343e-02
-1.113463e-01
-6.221890e-02
-7.906477e-02
-1.091739e-01
1.641904e-02
-1.747008e-02
-3.229356e-03
-9.764449e-02
-9.713227e-02
-1.612395e-01
-4.396441e-02
-1.331238e-01
-7.411759e-02
1.979384e-02
-7.560897e-02
-1.086183e-01
-1.453516e-02
-1.045298e-01
-6.719220e-02
-4.409320e-02
-9.059177e-02
-1.870576e-02
3.004702e-02
6.672610e-02
-5.337533e-03
1.327345e-01
1.121056e-01
7.321706e-02
6.563107e-02
1.039300e-01
1.675032e-02
1.351687e-02
1.583019e-01
1.554409e-01
-1.299533e-02
-2.571091e-02
1.875986e-01
1.888456e-01
-5.439486e-02
-2.050397e-03
1.439869e-01
3.757942e-02
-3.330770e-02
1.045311e-01
-2.644458e-02
-5.571761e-02
7.985353e-02
2.151125e-02
-9.069487e-02
1.393039e-03
5.176228e-02
7.066175e-02
5.151049e-02
1.036005e-01
1.486722e-01
2.709609e-02
1.337730e-01
1.843277e-01
3.113204e-02
9.708294e-02
-3.312033e-02
-7.945545e-02
-1.713602e-01
-8.665833e-02
-1.514302e-01
-3.915507e-02
7.357879e-03
6.561952e-03
1.661272e-02
-8.315230e-02
-2.783586e-02
-9.552155e-02
-1.653907e-01
5.745081e-02
1.208972e-01
6.842513e-02
1.758700e-02
3.775458e-02
2.176213e-02
-5.217386e-02
-8.594102e-02
-6.728809e-02
-9.395009e-02
-8.812267e-02
-5.417119e-02
3.219989e-02
-1.975008e-02
-3.703225e-02
8.656666e-02
-1.766070e-03
-1.055180e-02
5.755070e-02
-3.749554e-02
-9.434646e-02
9.308831e-02
1.067167e-01
6.469361e-02
-2.506758e-03
-1.514457e-02
-2.516641e-03
1.551157e-02
-1.167395e-02
3.326998e-02
5.841615e-02
2.381257e-02
2.962185e-02
-2.055677e-02
9.137176e-03
1.879678e-02
-1.732207e-02
-1.720973e-02
-4.432017e-02
5.403240e-02
1.291575e-01
2.637494e-02
6.233205e-02
3.817280e-02
5.073489e-02
-8.809684e-02
-1.493537e-01
-6.541915e-02
-2.779839e-02
1.366602e-02
1.721051e-02
1.254917e-01
1.704882e-01
2.085188e-01
3.227055e-02
2.536050e-02
2.504371e-02
-7.607232e-03
-3.394543e-02
1.875433e-02
-3.795536e-02
-4.843524e-02
7.066915e-02
1.538430e-02
1.102651e-02
2.882464e-02
-2.446425e-02
5.378822e-02
7.165895e-02
-6.302378e-02
1.469323e-01
9.027680e-02
-4.296737e-02
-6.197912e-03
-6.983035e-02
2.188359e-02
7.607874e-02
1.010860e-01
2.746497e-02
-1.034680e-03
5.192139e-02
-1.639183e-02
-3.285883e-02
-5.600583e-03
-5.358870e-02
3.629332e-02
-1.021774e-01
-4.147233e-02
1.980238e-02
-7.931370e-02
-1.079805e-01
-5.370226e-02
-5.972669e-02
6.354325e-02
1.251416e-01
5.575906e-02
6.785982e-02
1.574902e-01
1.019885e-01
-2.610045e-02
-4.486382e-03
2.332777e-02
1.113158e-01
3.889707e-02
9.546678e-02
1.563859e-01
7.235760e-02
2.320666e-02
4.739872e-02
1.579994e-01
-2.215020e-02
-7.392118e-02
1.182009e-01
9.305562e-02
-6.477524e-02
1.520006e-01
-1.877387e-02
5.102210e-02
1.280836e-01
1.120927e-01
-4.598619e-02
-5.648709e-02
3.223328e-02
-4.423563e-02
-5.457932e-02
2.570020e-02
-9.120195e-02
-1.508366e-01
-4.940382e-02
-2.345384e-02
1.514105e-01
2.492022e-01
2.596845e-01
3.286144e-01
9.774198e-02
5.969649e-02
-1.042001e-02
2.192895e-01
-3.735757e-02
-8.620135e-02
-1.438986e-02
-6.008045e-02
-7.161534e-02
-8.179931e-02
2.607644e-02
3.264133e-03
2.744731e-03
-3.084658e-02
3.588383e-02
8.938365e-02
-8.215102e-02
8.430167e-02
1.346286e-02
-9.104811e-02
2.211543e-02
-6.608573e-03
1.038405e-01
1.029942e-02
-3.381230e-03
1.634102e-02
1.337664e-01
-3.558011e-03
3.732855e-02
3.868598e-02
-1.567386e-02
-1.684532e-02
-1.493198e-02
-9.768149e-02
-3.622883e-03
1.132079e-02
-4.897907e-02
4.670969e-02
5.781940e-02
-7.995916e-02
-1.669061e-02
4.169008e-02
5.693840e-02
3.347767e-02
1.486861e-02
4.934921e-02
7.373637e-03
-3.507926e-02
4.586925e-03
-8.274094e-02
-1.529562e-01
-5.828122e-02
1.151040e-01
2.891165e-01
2.842764e-01
1.697146e-02
8.200126e-02
3.210887e-02
-8.298859e-02
-2.344113e-02
-5.783041e-02
-1.448978e-01
-8.110948e-02
2.507753e-02
1.380566e-02
1.247483e-01
7.470129e-02
-5.333563e-02
2.694891e-02
1.110334e-01
-2.679906e-01
-1.595618e-01
-2.647793e-02
-1.770694e-01
-1.289169e-02
1.092633e-01
8.263637e-02
4.425596e-02
-2.165813e-02
8.300581e-02
-5.823476e-02
2.007737e-01
-1.056646e-02
1.737585e-01
5.797686e-02
-8.093821e-02
-6.303307e-02
-7.192276e-02
-6.587246e-02
-4.056431e-02
3.510548e-02
-5.435846e-02
-3.977913e-02
-1.279880e-02
-8.018798e-02
-2.246920e-02
2.247534e-02
2.149565e-03
-1.994704e-02
2.335063e-02
-2.656570e-02
-6.868577e-02
-1.932885e-01
-6.604122e-02
-6.839520e-02
8.977648e-03
-5.695980e-02
1.997547e-02
-2.218378e-02
8.663534e-02
2.981696e-02
4.387205e-02
1.280201e-01
2.982971e-01
1.290300e-01
7.459349e-02
3.171939e-01
3.614151e-01
-1.812996e-01
1.891765e-01
2.847826e-01
-8.808859e-02
-1.840532e-01
-7.203135e-02
-5.180409e-02
-2.341769e-01
-7.456950e-02
-4.332638e-02
-8.851484e-02
1.212431e-01
4.133683e-02
2.040470e-02
5.275643e-02
5.232678e-02
-4.070427e-02
-1.799161e-02
9.421746e-02
-2.917510e-02
-3.936905e-02
-3.045817e-02
9.439259e-02
4.625788e-02
-4.486200e-02
-8.547194e-02
7.262591e-02
9.193175e-02
1.351001e-01
6.220148e-03
-2.100804e-02
-1.275385e-02
2.332109e-02
1.470368e-02
3.340196e-03
8.258016e-02
7.032884e-02
1.213547e-01
1.512301e-01
-8.308254e-02
-1.386081e-01
-2.147213e-01
-9.932696e-02
-1.916692e-01
-1.644709e-01
-6.061299e-02
-1.224733e-01
-2.741013e-02
2.934704e-02
5.837008e-02
4.623967e-02
1.581277e-01
9.803563e-02
4.371613e-02
1.341043e-02
1.179536e-01
2.388938e-02
4.590391e-02
-7.128754e-02
1.750137e-02
-7.188624e-02
-6.734707e-02
7.447968e-02
3.636307e-02
-2.480815e-02
3.324240e-02
-4.296841e-03
-5.884979e-02
6.372277e-02
3.477678e-02
-1.082965e-01
-1.906835e-02
1.122405e-01
-2.218176e-02
-1.462727e-02
-1.351884e-01
-2.511051e-01
-2.012657e-01
-7.956687e-02
-4.081672e-01
-2.789409e-01
-2.443842e-02
-2.205105e-01
-2.052606e-01
-1.551441e-01
-7.909998e-02
2.118723e-02
-1.487366e-01
-6.937892e-02
-6.398694e-02
-7.727367e-02
-1.330058e-01
-6.243517e-02
-2.432721e-03
-1.522859e-01
-6.288417e-02
-8.852313e-02
-2.581298e-01
-2.392909e-01
1.318881e-01
-7.963424e-03
-2.297680e-01
-3.618247e-01
-2.514663e-01
-2.271374e-02
-2.439709e-01
-1.932634e-01
-3.032034e-01
-6.472655e-02
-2.305319e-01
-2.672562e-01
-9.523495e-02
-7.367129e-02
-1.684902e-02
4.449330e-02
1.692084e-02
-1.054007e-01
2.190511e-02
6.377222e-02
-2.285624e-02
-1.059889e-01
-3.128141e-01
-1.201390e-01
-1.047024e-01
-2.568785e-01
-1.265272e-01
-1.608855e-01
-2.103758e-01
-1.910646e-01
-2.568752e-02
-6.263064e-02
1.011347e-01
4.613893e-02
-8.007129e-02
1.652263e-02
4.531167e-02
1.064055e-01
6.029779e-02
-9.092414e-02
-1.256355e-01
-9.752813e-02
-2.338826e-01
-9.083677e-02
-9.159823e-02
-3.686154e-02
-1.570291e-01
-1.306705e-01
1.361957e-02
-2.249181e-01
8.972216e-02
1.355702e-02
-2.106389e-01
6.705692e-02
6.851770e-02
-1.379973e-02
4.957961e-02
1.753826e-02
-6.097008e-03
-1.166079e-03
-4.697322e-02
-8.537608e-02
-4.897789e-02
-1.091804e-01
-8.815468e-02
-4.039017e-02
-2.963379e-02
-1.827116e-01
-2.246371e-01
-1.987058e-01
-3.376074e-01
-2.566389e-01
-1.773445e-01
-1.762482e-01
-2.444101e-01
-1.593418e-03
8.086293e-02
1.349256e-01
-5.499547e-02
-1.657745e-02
1.452177e-01
-1.732820e-01
-9.066163e-02
6.775668e-02
-1.598025e-03
8.193001e-03
3.174186e-02
4.484912e-02
4.492505e-02
9.385949e-02
8.418672e-02
2.094737e-01
1.121724e-01
-1.511104e-01
-4.504775e-02
2.928470e-02
-1.000425e-01
-8.422309e-02
4.079853e-02
-3.060715e-02
-8.685860e-02
-6.421686e-02
4.587940e-04
-9.777898e-02
-5.342693e-02
-2.628988e-03
-7.003933e-02
-5.861609e-02
-3.437522e-02
1.124777e-02
6.411267e-02
1.463535e-02
-6.264760e-02
-4.684583e-02
4.352589e-02
-2.286662e-03
1.514280e-02
8.196518e-03
-3.703534e-02
2.237399e-02
1.549832e-01
1.025868e-01
4.187656e-02
7.960144e-02
-7.255488e-02
-9.737435e-02
-9.839465e-02
-3.087370e-02
-4.299164e-03
4.455004e-02
1.269745e-02
-2.676199e-02
-1.008787e-01
-1.259152e-01
-1.776453e-01
-1.416602e-01
-2.330039e-01
-1.412468e-01
3.984204e-02
-5.264895e-02
-2.010216e-01
3.744897e-02
3.858853e-02
-1.137574e-01
9.935185e-02
7.933302e-02
7.684942e-03
1.596385e-02
-1.986438e-02
-5.876340e-02
2.671018e-02
1.582902e-03
-1.632737e-01
-4.511381e-02
-4.797322e-02
1.280196e-01
3.479661e-02
5.423145e-02
5.212773e-02
5.311831e-03
2.079721e-02
3.199691e-02
-2.469737e-02
-9.371744e-02
-9.048744e-02
7.416458e-02
-2.457708e-02
5.818535e-02
3.341876e-02
-4.229681e-02
3.889794e-02
4.487490e-02
5.249371e-02
1.648859e-01
1.847524e-02
-2.503130e-03
6.816231e-02
-1.253617e-02
-4.806618e-02
-2.987904e-02
-6.103643e-02
-1.457900e-02
-2.727998e-02
-4.139768e-02
-1.840282e-01
-1.600481e-01
-7.959888e-02
-3.848975e-01
-1.527326e-01
-2.161520e-02
-8.694915e-02
5.644272e-02
-1.529830e-01
-2.032751e-01
-1.075598e-01
-1.167588e-01
-1.583730e-01
-1.854145e-01
6.340645e-02
4.665228e-02
8.893453e-02
1.432834e-01
1.040244e-01
-6.462341e-02
1.103502e-01
6.601518e-02
1.476896e-03
-4.330148e-03
6.846939e-02
6.720174e-02
1.566070e-02
6.789970e-02
6.115315e-02
-1.352056e-01
1.548447e-01
1.287434e-01
1.521978e-01
3.129203e-01
7.114006e-02
-7.002503e-02
-7.806907e-02
-6.947404e-02
3.978202e-02
6.507669e-02
1.194718e-01
-7.934473e-02
-1.432124e-02
-7.665189e-02
-2.029714e-01
-1.208312e-01
-1.103178e-01
-1.350062e-01
-7.164156e-02
-2.971695e-02
-2.951741e-02
-2.299434e-02
-3.554389e-02
8.408669e-02
4.805787e-02
2.043477e-02
1.396197e-02
1.802920e-02
5.763467e-02
-1.109985e-01
1.023858e-01
7.685188e-02
-1.012368e-01
-5.793026e-02
3.305767e-02
-5.885970e-02
9.188168e-02
1.262713e-01
1.513608e-01
2.422496e-01
7.611366e-02
8.258119e-02
1.263801e-01
9.458621e-02
4.140599e-02
1.159326e-01
1.065625e-01
6.364199e-03
2.291277e-02
1.254887e-01
1.107324e-01
2.756440e-01
3.078017e-01
2.560674e-01
1.996898e-01
1.298716e-01
8.987847e-02
2.438850e-01
3.833987e-01
6.801995e-02
1.041076e-01
1.280848e-01
1.417723e-01
3.274737e-01
2.051250e-01
1.385276e-02
-4.978365e-02
-1.628733e-02
-3.149318e-02
1.363129e-02
1.805322e-02
2.311388e-01
2.166069e-01
1.451489e-01
4.760578e-02
1.379070e-02
6.238457e-02
-2.026448e-01
5.348136e-02
-4.468215e-02
6.851897e-02
2.481360e-01
2.356368e-02
1.572669e-01
2.149442e-01
1.159521e-01
1.089409e-03
-6.731800e-03
-5.647484e-02
4.701078e-03
-5.213189e-03
-2.189125e-02
1.548361e-02
-1.086219e-02
9.227099e-02
2.405582e-03
1.275362e-01
1.161903e-01
-1.457661e-01
1.239369e-01
2.098356e-01
9.126812e-02
2.632107e-01
1.627411e-01
-1.094056e-02
2.288852e-03
-1.875536e-02
-1.990590e-02
-7.566691e-02
-7.574259e-02
-1.151779e-01
-6.119302e-02
-9.690735e-02
-1.219917e-01
-2.098481e-01
-1.768761e-01
-2.095535e-01
-2.905168e-01
-1.421243e-01
-5.845178e-02
-2.170868e-01
-4.529639e-02
-1.318090e-02
-7.094787e-02
-6.998765e-02
-1.047608e-02
6.968529e-02
-7.866966e-02
9.837191e-02
1.735686e-01
7.534356e-02
1.348664e-01
1.479250e-01
9.684677e-02
7.812094e-02
7.151693e-02
1.002698e-02
6.125669e-02
2.855225e-02
1.776796e-02
-1.240608e-01
-1.842448e-01
-8.426930e-02
-9.875835e-02
-2.100043e-01
-2.565053e-01
-1.930344e-01
-2.284512e-01
-1.253766e-01
6.635267e-02
5.377040e-02
9.371338e-02
8.815003e-02
5.647327e-02
7.440826e-02
1.313602e-01
8.796225e-02
1.411205e-01
-1.480838e-02
4.326784e-03
-1.005913e-01
-1.911421e-02
8.500704e-03
-7.905651e-02
2.632051e-03
1.102568e-02
-7.490760e-03
-8.931433e-02
-1.741370e-01
-3.226319e-02
-2.044783e-01
-1.945172e-01
-4.213521e-02
-1.134508e-01
-1.475359e-01
-6.840191e-02
1.064144e-01
1.033299e-01
1.083127e-01
-3.184224e-02
-6.805570e-03
-1.800294e-02
5.631530e-02
4.578495e-02
1.273299e-01
-2.869233e-02
6.084555e-02
1.666202e-02
-2.178828e-02
-8.157512e-03
-1.689178e-02
-1.334007e-03
7.969556e-03
2.225758e-02
-4.470637e-02
-7.960534e-02
-2.260761e-02
-6.117062e-03
1.226929e-02
-3.459135e-02
-1.659055e-02
1.913672e-03
-5.300761e-02
2.522558e-02
-2.087079e-03
6.037938e-02
-1.664283e-04
1.164218e-02
2.685485e-02
5.899740e-02
5.712621e-02
2.634603e-02
-6.575824e-02
-5.341195e-02
-5.551303e-02
-7.231833e-02
-7.754654e-02
-8.322331e-02
-1.034520e-01
-8.704037e-02
-9.795366e-02
-1.443437e-01
-1.947089e-01
-8.508403e-02
-1.423567e-01
-2.390466e-01
-1.251293e-01
-4.694847e-02
-9.396755e-02
-4.620546e-02
2.126779e-02
7.867956e-03
-1.828588e-02
1.123056e-02
-1.218193e-02
-2.051899e-02
-1.091480e-02
-4.669023e-02
-3.805123e-02
3.868163e-02
2.461514e-02
-2.102213e-02
-1.996955e-03
-2.990876e-02
-5.358158e-02
3.058713e-02
1.581649e-02
1.094950e-01
2.326075e-02
-2.038463e-02
1.558490e-02
3.364316e-02
2.779414e-02
-3.248234e-02
2.317452e-02
-3.382345e-02
1.303151e-02
8.460913e-02
4.713817e-02
4.096454e-02
7.371167e-02
1.398345e-01
6.360653e-02
-1.764689e-03
9.123457e-02
6.343797e-02
3.105463e-02
-4.356999e-02
6.254413e-04
1.595954e-02
1.565201e-02
4.285070e-02
9.133538e-02
6.678963e-02
1.684905e-01
4.599342e-03
-7.958774e-03
1.026633e-02
7.470194e-02
5.349839e-02
1.040669e-01
7.919997e-02
6.160388e-02
7.251566e-02
-4.984847e-02
-1.014050e-01
-7.329497e-02
-2.939395e-02
-5.440937e-02
-1.034433e-01
-6.146809e-02
-1.894213e-01
-9.183093e-02
2.936474e-02
1.105925e-02
1.622555e-02
-5.019800e-03
-3.304946e-02
-5.556606e-02
-7.283995e-02
-4.147360e-02
5.334004e-02
5.172238e-02
1.071963e-01
3.678517e-02
8.062253e-02
1.234249e-01
8.966890e-02
1.154082e-01
1.609203e-01
4.855475e-02
-4.176962e-02
9.781121e-02
1.087476e-02
2.734566e-03
1.490149e-01
8.378553e-02
2.273910e-02
5.503792e-02
2.293476e-02
-6.514508e-02
-7.231107e-02
-1.333305e-01
-3.473306e-02
-1.622056e-01
-1.860079e-01
-9.919545e-02
-1.573783e-01
-1.415969e-01
-1.595571e-02
8.238052e-02
5.631482e-02
3.401711e-02
1.096762e-01
5.815751e-02
4.383903e-02
8.264775e-02
2.998361e-02
1.632274e-02
-1.140288e-01
-3.390428e-02
-7.134570e-02
1.173653e-03
5.517756e-03
4.349006e-02
-5.391590e-02
-3.151156e-02
-4.821406e-02
-1.007299e-01
-1.084503e-01
-1.186739e-01
-1.292976e-01
-9.491951e-02
-4.403135e-02
-7.536505e-02
-4.730059e-02
3.787324e-03
7.335290e-03
-1.412068e-03
-1.558301e-01
-1.173007e-01
-6.205692e-02
-6.581335e-02
-6.888130e-03
6.804755e-02
1.137635e-01
-3.610869e-02
-2.848619e-02
7.387108e-02
5.245593e-03
-1.498981e-02
3.411008e-02
1.179635e-01
9.202749e-02
-9.571169e-02
-8.372743e-02
-2.575346e-02
-8.624474e-02
-9.614255e-02
-5.842975e-02
-1.440469e-01
-1.492635e-01
-1.214560e-01
2.763761e-02
-8.513959e-03
-7.664148e-04
1.233209e-01
-1.830139e-02
1.492462e-02
-1.622607e-03
-9.224067e-03
4.578939e-03
-9.002615e-02
-7.902868e-02
-6.866518e-02
-2.203701e-02
-8.616532e-02
-5.186238e-02
-4.856165e-02
-9.899968e-02
-6.204099e-02
-5.162188e-02
-1.246159e-01
-9.117874e-02
-2.506382e-01
2.052743e-01
2.166183e-01
-7.409939e-02
-9.295338e-02
6.622998e-02
5.933473e-01
1.753088e-01
2.965935e-01
5.369558e-01
1.153053e-01
4.373006e-01
7.305297e-01
3.848556e-01
4.528424e-01
-5.731965e-03
-8.183748e-02
7.980470e-03
4.598531e-02
-8.506534e-02
-5.593913e-02
6.278154e-02
-6.431021e-02
-4.468996e-02
-2.663200e-03
4.796537e-02
-1.051867e-01
4.121267e-02
-3.174523e-01
1.315390e-01
-2.048594e-01
1.312359e-01
4.085737e-02
6.883051e-02
-1.181182e-01
9.427939e-02
8.079956e-02
-4.405341e-02
3.092233e-02
2.490375e-02
2.263466e-03
7.095455e-02
-1.648423e-01
1.772018e-01
-1.200000e-01
1.580750e-02
2.394810e-01
-3.978968e-02
7.049788e-03
2.862678e-01
6.500706e-02
-1.529095e-01
2.695982e-01
-3.398889e-02
8.043952e-02
-9.719408e-02
2.255193e-01
8.924658e-03
2.626720e-02
1.072260e-01
-8.217184e-02
-9.959548e-02
-1.067621e-01
2.429186e-02
-2.183691e-01
-1.987263e-01
2.676067e-02
-5.922282e-03
-8.910868e-02
-2.495070e-02
-1.812068e-01
-9.012333e-02
-1.015005e-02
-9.009857e-02
-5.782866e-02
2.889867e-02
-6.692700e-03
-1.162189e-01
-1.045878e-01
-4.210176e-02
4.498466e-02
-7.892933e-02
-1.501766e-01
-1.685448e-01
-5.214114e-02
-1.465072e-01
-2.000989e-01
-4.182091e-02
-5.575870e-02
2.914662e-02
-5.077922e-02
3.036579e-02
7.555571e-02
-5.572515e-02
-4.320476e-02
-2.480950e-02
1.281272e-01
4.902575e-02
-7.583261e-02
8.502902e-02
-1.148914e-01
-1.660098e-01
1.641588e-01
4.718176e-02
1.333789e-02
-9.651038e-02
-1.551778e-01
9.155013e-02
6.671643e-02
1.302619e-01
1.787497e-01
2.783253e-01
1.242134e-01
3.166384e-02
4.650661e-02
-1.541238e-01
-3.192656e-01
4.690098e-02
1.077325e-01
-1.152597e-01
2.118374e-02
9.990485e-02
-2.481896e-03
-1.183333e-02
-5.689785e-02
-3.201038e-02
-9.563226e-02
3.459075e-03
6.506449e-02
-6.540943e-02
-3.802481e-02
9.259780e-02
-1.017402e-01
-1.226576e-01
-1.280464e-01
-3.952525e-02
-1.439930e-01
-1.524675e-01
-5.101953e-02
-4.779813e-03
4.914528e-03
5.248397e-03
-1.691665e-01
-2.890463e-02
1.488320e-01
6.951525e-02
-4.628339e-02
-1.045979e-01
1.031363e-01
2.850724e-03
-1.216780e-02
1.016647e-02
2.824838e-02
-3.727739e-02
5.753346e-02
7.530407e-02
-7.843272e-02
-2.795664e-02
8.060513e-02
-3.056550e-02
-3.683772e-02
-3.435446e-02
-5.581285e-02
-4.482420e-02
-4.210991e-02
-2.515702e-02
-5.486780e-02
-2.194897e-02
4.765298e-02
1.749225e-02
-4.717366e-02
-7.397126e-02
1.039599e-01
1.022636e-01
8.078156e-02
-1.623367e-02
-3.987275e-02
5.146607e-02
6.910621e-02
3.930405e-02
1.041182e-02
4.158527e-02
2.931859e-02
-2.585585e-03
3.561197e-02
1.891680e-02
-6.136573e-02
7.810204e-03
2.332400e-02
2.086474e-02
2.105554e-03
1.007205e-01
-1.503008e-02
1.942122e-02
3.738482e-02
4.355424e-02
-3.191671e-02
-3.794822e-02
-5.206913e-02
3.082637e-02
-9.064862e-03
-9.645334e-03
-1.380854e-02
1.578158e-02
1.588713e-02
-5.487962e-05
2.896036e-02
1.675556e-02
5.678123e-02
8.997333e-02
4.984476e-02
9.990282e-02
7.784048e-02
-4.832940e-02
-1.390205e-02
2.230886e-02
-1.693642e-02
4.738843e-03
3.791605e-02
1.164343e-02
-2.091626e-03
1.498241e-02
1.086876e-01
7.128478e-02
-1.641878e-02
4.435706e-02
-4.255799e-02
4.710065e-02
-6.969908e-02
6.191238e-02
1.045325e-01
4.423366e-02
6.309360e-02
5.064234e-02
-5.869147e-02
-3.269580e-02
-5.324476e-02
-5.733282e-02
-2.935849e-03
6.924941e-03
-7.532916e-03
1.330624e-02
3.256972e-02
-9.961186e-03
-1.286770e-02
-1.114143e-02
-2.027847e-02
-5.902480e-02
-5.928307e-02
3.249049e-02
6.136297e-02
-7.764944e-02
4.070460e-02
5.828973e-02
-1.522417e-01
2.551609e-02
-4.240748e-02
-8.586259e-02
3.826417e-02
3.923781e-02
4.169366e-02
2.507840e-02
1.310629e-02
3.681562e-02
3.083091e-03
1.272937e-03
8.313646e-03
-9.802928e-02
-5.016813e-02
-3.188654e-02
-1.324793e-01
-5.984806e-02
-3.202731e-03
-7.870670e-02
6.949485e-04
-2.107910e-02
-5.024704e-03
2.645505e-02
3.842291e-02
-3.055450e-02
-2.087369e-02
4.862094e-02
-5.494553e-02
-2.098637e-02
-1.955775e-02
