-4.111810e-02
2.817759e-02
-1.238831e-01
8.641588e-02
4.510735e-03
-1.115806e-01
1.800807e-03
-3.304314e-02
-9.926599e-02
6.166772e-03
8.497997e-02
6.823500e-02
-1.760870e-02
-2.173587e-03
7.891104e-02
-8.813839e-02
-1.533055e-01
-8.253807e-02
-2.138233e-01
3.819324e-01
1.386938e-01
-3.630709e-01
-3.122461e-01
-5.635793e-01
-1.008734e-01
4.159922e-02
2.366378e-01
3.903054e-01
2.139619e-01
6.374171e-02
-3.545699e-01
-6.781515e-02
-1.723989e-01
-4.048477e-02
1.921871e-02
1.298751e-02
-6.988164e-02
-6.348304e-02
1.195734e-01
2.155965e-02
1.439227e-01
1.498599e-01
5.306650e-02
2.624836e-02
-5.928847e-02
-1.533643e-02
-2.828374e-02
-6.624281e-02
-1.161972e-02
1.551992e-01
1.184596e-01
-1.446275e-02
8.748432e-02
-5.545519e-02
1.687416e-01
-1.341821e-01
-2.633253e-02
1.106647e-01
7.216476e-02
1.549004e-02
-2.442067e-02
3.624424e-02
-2.045097e-02
1.306923e-01
-5.209494e-02
9.638930e-02
3.815204e-02
-1.498835e-02
-4.261881e-04
2.416980e-01
2.247558e-01
7.090414e-02
-3.026203e-02
9.059344e-02
9.206779e-02
1.293772e-01
-2.525278e-01
3.203742e-02
-1.617239e-01
-3.242158e-01
-1.666576e-01
5.436027e-02
-8.007464e-02
-1.001520e-03
-1.837723e-01
-1.841287e-01
4.255523e-01
-8.909713e-02
-9.628061e-02
8.660628e-02
-1.462277e-01
-1.431152e-01
-1.509971e-01
-2.713117e-01
-3.483285e-02
2.396369e-02
-2.103300e-01
2.040668e-01
2.924597e-01
1.651660e-01
9.098591e-02
-7.161731e-02
6.660147e-02
5.508021e-03
-6.123808e-02
-5.535743e-02
5.864647e-02
4.892019e-02
1.762704e-02
1.302204e-01
1.066723e-01
1.138421e-01
4.869121e-02
4.914350e-02
-3.407043e-02
-1.706016e-02
-6.506015e-02
-7.345115e-02
-3.085583e-04
1.859974e-03
-7.374408e-02
1.624407e-02
5.791526e-02
-5.979161e-02
2.550695e-02
4.605704e-02
1.652626e-01
-1.674074e-01
-8.284087e-02
-1.783772e-01
5.608656e-02
-7.089721e-02
-1.293539e-01
1.032522e-01
-1.025721e-01
4.229932e-02
3.877217e-03
-1.301531e-02
1.434178e-01
3.800004e-02
-9.519552e-02
3.890216e-02
-5.694725e-03
-4.277618e-02
-4.344691e-02
4.757240e-02
1.884494e-02
-1.307787e-01
1.657447e-01
2.073426e-02
-8.342992e-02
1.871360e-02
9.903821e-02
-6.771427e-02
-2.729307e-02
-5.760174e-02
-1.429275e-01
-6.152595e-02
-2.641792e-01
6.186993e-02
-6.566507e-02
5.395991e-04
9.799614e-03
-2.880094e-01
1.521644e-01
-1.214237e-01
2.103214e-01
-4.117323e-02
-1.525700e-01
-2.013218e-02
-3.395552e-03
-2.777061e-01
2.213527e-01
5.402454e-02
4.397759e-01
-5.620453e-01
3.748759e-01
-1.961251e-01
6.644100e-02
1.588314e-01
-4.826583e-02
-9.122438e-02
-1.557214e-01
-1.545742e-02
-1.561126e-01
6.309655e-02
-2.248752e-01
4.505976e-02
-5.469199e-02
5.378070e-02
1.015320e-01
1.042765e-01
8.638693e-02
4.511916e-02
9.422423e-02
-6.595915e-03
-1.913096e-02
9.097329e-02
8.522960e-03
8.496550e-02
2.085928e-03
1.832129e-02
-1.187153e-01
2.171092e-01
-8.469809e-02
3.351249e-02
3.877749e-02
-1.151369e-01
-4.111542e-02
5.413430e-03
-3.180735e-02
-2.598741e-02
1.723074e-01
-1.232862e-01
-1.989966e-02
4.759345e-02
4.180236e-02
-1.358523e-01
-1.941825e-02
-1.295739e-01
3.025852e-01
-3.440205e-01
-7.557595e-02
1.680885e-01
-1.855435e-01
-2.248593e-01
1.252353e-01
-3.256746e-01
5.125921e-02
-2.407225e-02
-4.940078e-01
5.666455e-02
2.083853e-01
-1.368506e-01
9.037568e-02
-4.906530e-02
-4.121054e-02
2.134593e-01
-2.329935e-02
1.318653e-02
2.333661e-01
-4.558385e-02
-7.791016e-02
-2.347248e-03
1.305390e-01
-2.533793e-02
-2.912332e-02
9.266093e-02
-6.264643e-02
5.476852e-02
6.801078e-02
1.355301e-01
-4.425075e-02
-8.755966e-02
1.780155e-01
1.409743e-02
4.485432e-02
1.013392e-01
1.931691e-01
-1.204889e-01
-7.923840e-02
5.296406e-02
-4.649969e-03
-2.410416e-02
-1.006048e-01
-1.280633e-02
-8.818955e-02
-1.204517e-01
-3.602569e-02
-1.657391e-02
-1.240044e-01
-6.401895e-02
-8.223961e-02
1.475934e-01
-4.991134e-01
1.505517e-01
-1.475186e-02
-3.261034e-01
-5.042776e-02
-3.076102e-02
1.171615e-02
-7.059067e-02
-1.031222e-01
2.916449e-02
4.188618e-03
-1.355528e-01
7.962740e-02
8.262887e-02
-2.225384e-02
-6.116614e-02
-5.978407e-02
-5.828177e-03
-4.741833e-02
-6.085179e-02
1.737706e-02
-9.090686e-03
-8.622964e-02
-7.851541e-02
8.426148e-03
9.620809e-02
7.901616e-02
1.393742e-01
1.019491e-01
9.647817e-02
1.463662e-01
-1.030015e-02
4.217559e-02
4.376915e-03
-5.517331e-02
1.108156e-01
3.310917e-02
-1.666547e-02
1.733234e-03
6.406122e-02
1.965542e-02
-4.706315e-02
3.342242e-02
-4.062070e-02
-3.086231e-02
2.876955e-02
-1.752995e-01
-6.283753e-02
-1.354461e-01
-5.511799e-02
8.837705e-03
5.378268e-02
-2.312557e-02
4.804797e-02
4.336185e-02
1.960391e-02
-7.245207e-02
-4.498833e-02
4.624961e-02
6.620298e-02
1.436629e-01
7.594013e-02
1.198801e-01
1.133047e-01
-1.666838e-02
-1.001765e-01
-1.617465e-01
-2.503637e-01
-9.417994e-02
1.138748e-02
1.407448e-01
2.981552e-02
8.895132e-02
1.021780e-01
9.717664e-02
1.143719e-01
3.460398e-02
-8.909401e-03
-4.524627e-02
-7.128425e-02
1.030183e-01
1.791165e-02
7.570135e-03
1.584394e-02
-1.822058e-02
2.608164e-03
4.516691e-02
-3.443912e-02
-9.104738e-02
-3.264281e-02
-6.799798e-03
-1.570534e-02
-1.326763e-01
1.246324e-02
3.610130e-03
4.596297e-02
2.061718e-01
1.496644e-01
5.947712e-03
2.556862e-01
4.534627e-02
-6.311458e-02
1.258217e-01
-2.942854e-03
6.602804e-02
2.418546e-01
1.037903e-01
6.005240e-02
1.994900e-01
5.021947e-02
-3.601344e-02
7.881800e-02
-9.305327e-02
-1.237619e-01
-2.486888e-02
-1.768548e-02
-1.124124e-01
9.324907e-03
2.639347e-02
-6.484011e-02
1.681737e-02
7.657795e-03
1.911829e-02
-6.938154e-02
-1.376261e-01
-1.422240e-01
-1.821083e-01
-5.903457e-02
-9.015559e-02
8.248765e-03
1.779070e-01
8.094500e-02
8.891679e-02
9.575643e-02
8.290710e-02
-4.612972e-02
-5.875786e-02
9.027674e-02
-5.238355e-02
-7.860152e-02
-2.093134e-02
2.112700e-01
-7.470067e-05
6.318706e-02
2.083860e-01
-3.644248e-02
-6.589050e-04
7.258655e-02
1.009878e-02
-1.485625e-01
-7.332327e-03
6.177876e-02
-9.517081e-02
8.285354e-02
1.579670e-01
6.732570e-02
1.789651e-01
1.802973e-01
5.181167e-02
1.467726e-03
-3.937953e-02
7.460108e-02
-3.647872e-02
-1.040207e-01
5.496957e-02
-4.301361e-02
-6.967950e-02
-3.233090e-02
-2.008091e-01
-7.239892e-02
-2.211465e-02
-1.414436e-01
-6.283682e-02
9.818520e-02
-1.042490e-01
-1.034882e-02
7.947647e-03
-1.974422e-01
5.515545e-02
2.289238e-02
-1.115917e-01
-1.489903e-01
3.429274e-02
-1.344683e-01
-3.435766e-02
9.943404e-03
1.880287e-01
1.125813e-01
-9.713650e-03
-5.681102e-02
1.344463e-01
1.649812e-02
1.787927e-01
-2.894516e-02
9.059075e-03
-1.558235e-01
-9.824335e-02
1.340688e-01
1.207790e-01
3.800631e-02
1.328317e-01
6.756161e-02
7.643088e-02
-1.576773e-01
-1.210894e-01
5.344295e-02
-1.002535e-01
4.824986e-02
2.563785e-01
5.947386e-02
1.314455e-01
7.899108e-02
7.488430e-02
1.321471e-02
-7.294460e-02
1.250762e-02
5.351808e-02
6.924437e-02
-1.168167e-01
4.486680e-02
6.261940e-02
9.865370e-02
-1.740463e-01
-2.925743e-01
9.063966e-03
-1.846314e-02
-1.319487e-01
1.793777e-02
1.211455e-01
9.678736e-02
-1.233178e-01
-4.950656e-02
2.533553e-02
-1.021961e-01
-1.009435e-01
-1.263192e-01
-1.729570e-01
-2.067033e-01
-1.470215e-01
2.177398e-02
-1.176756e-01
-8.910672e-02
-2.176837e-01
-4.789191e-01
-2.233558e-01
-1.792918e-01
-3.320488e-01
-3.172092e-01
-1.678609e-01
-2.422450e-01
-2.423279e-01
-2.353389e-01
-3.123950e-01
-7.316288e-02
-2.246121e-01
-1.712038e-01
1.633182e-01
6.183821e-04
-1.636541e-02
-1.311818e-01
-1.385986e-02
-8.395977e-02
-1.568735e-01
3.470138e-02
-6.825774e-02
-7.083129e-02
-1.417002e-01
4.884652e-02
1.647346e-02
9.996912e-02
7.739864e-02
-2.955345e-02
-5.354982e-02
-1.298447e-02
1.204429e-01
-5.197361e-02
-5.082453e-02
-8.560545e-02
-5.583794e-02
-7.380104e-02
-4.271004e-02
-9.054518e-02
-8.563229e-02
-4.511415e-02
-6.676161e-02
5.891011e-03
-6.319839e-02
-1.537958e-01
-7.853697e-02
2.733227e-02
-1.530440e-01
-1.212651e-01
-6.526259e-02
-6.060029e-03
-8.761552e-02
-1.052262e-01
1.230654e-01
-5.799736e-02
-2.278905e-01
8.058383e-02
-3.135989e-02
-1.201481e-01
-4.453531e-03
-7.855341e-02
-8.691023e-02
1.082552e-02
-3.677021e-02
-1.019004e-01
-2.286530e-02
-5.211543e-02
-1.064028e-01
3.471985e-02
8.171166e-03
-6.097073e-02
3.264372e-02
-4.648526e-02
-1.029384e-01
1.306091e-02
-2.258095e-03
2.382404e-02
2.404614e-03
8.670385e-03
6.925602e-02
5.108218e-02
2.362394e-02
4.756622e-02
-1.591918e-02
-1.144766e-01
-9.914498e-02
-2.545335e-01
-1.029595e-03
4.432434e-02
-3.137746e-02
6.414304e-02
2.137350e-01
1.267261e-01
1.863890e-01
8.163222e-02
-4.973369e-03
-1.126055e-01
-2.182104e-01
1.907067e-02
-8.651339e-02
-6.934325e-02
1.356466e-01
1.139239e-01
9.074089e-02
3.127000e-02
-8.580305e-03
-2.185378e-01
-1.343864e-01
-2.106324e-01
-2.017416e-01
-2.349725e-01
-2.929952e-01
-1.146233e-01
-1.198835e-01
3.150950e-01
2.731103e-01
5.116482e-02
3.686785e-01
1.548823e-01
-1.371811e-01
2.558623e-02
-1.289616e-01
-3.639029e-02
-7.543510e-02
-1.580313e-01
-2.915900e-02
-1.309980e-01
-2.090365e-01
-5.879240e-02
-1.043256e-01
-1.524125e-01
4.684995e-02
1.356872e-02
-1.541142e-02
2.169629e-02
8.580513e-02
4.458444e-02
-8.155454e-02
2.498291e-02
-1.529365e-02
9.811564e-02
-1.207892e-02
-6.877144e-02
8.375998e-02
-6.306161e-02
-1.703006e-01
8.199690e-04
9.519005e-03
-1.651269e-01
-3.782119e-02
-8.460198e-02
-1.023688e-01
-5.236905e-02
-8.220199e-02
-1.111718e-01
-1.185614e-02
9.799633e-03
-7.891788e-02
-1.275326e-01
-1.442516e-01
-1.432538e-01
-1.030601e-01
-7.667745e-02
-1.807767e-01
-5.167544e-02
-5.457298e-02
-1.613608e-01
-6.475362e-02
-2.201819e-01
-1.532927e-01
-5.044073e-02
-1.176182e-01
-1.673614e-01
1.091499e-01
3.409691e-02
-1.916351e-01
-3.936750e-02
7.639018e-02
-1.897326e-01
-2.584159e-02
3.166413e-02
-2.556592e-01
-2.643508e-01
-1.794596e-01
-2.498208e-01
-7.855652e-02
2.882788e-02
-1.282411e-01
-1.136847e-01
-4.069626e-02
-1.094023e-01
2.601397e-02
2.206362e-02
-1.045057e-01
5.250565e-02
4.198014e-02
4.840875e-02
8.444992e-02
6.390198e-02
3.353311e-02
1.911159e-01
1.917114e-01
1.172424e-01
-5.266241e-02
-9.194400e-02
-7.157176e-02
-4.060119e-02
-5.376527e-02
-3.272420e-03
-6.596310e-02
-5.588367e-02
-2.346660e-02
-2.948787e-02
1.057368e-01
-2.832102e-02
1.462785e-02
1.949679e-01
3.225017e-02
-8.934450e-02
-9.310564e-02
5.933693e-03
6.716869e-02
2.377196e-01
3.598161e-02
2.295185e-02
2.143995e-01
5.589264e-02
-8.826270e-02
-1.568809e-01
-1.916969e-01
2.216926e-01
-1.114388e-01
-2.872669e-02
1.162069e-01
8.250959e-02
1.063832e-01
-2.693941e-01
-5.327202e-02
1.453885e-01
9.406221e-02
-1.532408e-02
-2.012499e-01
-7.470097e-02
-3.402109e-02
-1.437659e-01
9.745528e-02
6.401896e-02
1.803423e-02
-1.491224e-01
-1.528623e-02
-1.536840e-01
-3.269430e-02
8.400410e-02
-4.550984e-02
-1.119127e-01
3.514067e-02
8.734170e-02
-2.038556e-01
-1.264482e-01
8.702710e-02
-9.228655e-02
-1.059022e-01
-4.903817e-02
-2.667965e-02
4.341902e-02
-2.237199e-02
8.732181e-02
1.155954e-01
-4.418203e-04
-8.675598e-02
-1.037673e-01
-1.496680e-01
-1.010677e-01
-1.453616e-01
-1.562361e-01
-8.399945e-02
-8.104211e-02
-4.146944e-02
1.009278e-01
1.911259e-01
1.451430e-01
2.120102e-01
2.150628e-01
1.078269e-01
9.643197e-03
-5.947580e-02
-9.852156e-02
1.683720e-02
-4.185620e-03
-4.333487e-02
-3.448016e-02
1.128284e-01
1.873676e-01
4.925580e-02
1.228272e-01
1.227949e-01
3.067039e-02
-1.223585e-01
-1.406247e-01
-1.819123e-02
-7.669108e-02
-1.305047e-01
3.080611e-02
2.542310e-01
1.683095e-01
1.275257e-01
2.256432e-02
3.957598e-02
-6.130337e-02
-6.349417e-02
6.211770e-02
1.794106e-01
1.246972e-01
1.919806e-01
-2.038437e-01
-2.832215e-01
-1.558648e-01
6.463374e-02
1.088143e-01
5.679309e-03
2.214815e-02
-4.736360e-03
2.377751e-02
1.101512e-01
1.864176e-02
4.428138e-03
6.417036e-02
-6.101544e-02
-1.332751e-01
6.658224e-02
-6.369006e-02
6.939238e-02
4.682024e-02
-3.735836e-02
3.697690e-03
-5.931919e-02
3.518954e-02
-1.611443e-02
-7.762684e-02
5.099515e-02
6.804805e-02
-1.524910e-01
-1.502713e-02
-1.274043e-02
-1.583306e-01
-6.865040e-02
-5.019668e-02
-3.603335e-03
-8.701038e-04
-3.421153e-04
-9.586719e-02
-1.102245e-01
-1.395576e-02
-6.092348e-02
-1.399415e-01
-8.903617e-02
-5.403516e-02
4.411275e-02
-2.997900e-03
-3.962131e-05
1.231697e-01
1.556120e-01
1.174481e-01
5.073796e-02
1.447864e-01
3.317426e-02
1.615093e-01
3.262243e-02
-5.088269e-03
1.126179e-01
2.832904e-01
2.374142e-02
-3.080913e-02
-1.834787e-01
3.215924e-02
-1.089340e-01
9.188630e-02
9.223666e-02
2.684886e-01
7.264706e-02
2.070390e-01
-9.920911e-02
-2.586664e-01
-9.581345e-02
-2.522527e-02
-4.876702e-02
-6.281672e-02
-8.035207e-02
-1.489018e-01
5.207918e-03
-1.259079e-02
1.122134e-01
-2.719701e-01
-1.761437e-01
-1.170067e-01
-2.799023e-01
1.242190e-02
4.108316e-02
-1.283958e-01
1.416473e-02
3.226337e-02
-2.273156e-02
-2.334588e-01
-1.367874e-01
8.319025e-02
2.820326e-02
3.040527e-02
1.228870e-01
2.766308e-01
1.916346e-01
-4.127679e-02
-1.308136e-01
-5.471501e-02
5.445896e-02
-8.292756e-02
-1.237481e-01
-6.353015e-02
-1.040889e-01
-1.116249e-01
3.358530e-02
1.949881e-02
-1.077624e-01
1.568636e-01
8.774541e-02
1.394230e-01
4.950175e-02
1.728693e-01
4.107190e-01
5.779069e-03
1.814752e-02
-8.869729e-02
9.273409e-03
1.149981e-01
5.850466e-02
-1.398826e-01
-2.179844e-02
4.998534e-02
2.435834e-01
1.821796e-01
1.206211e-01
1.181736e-01
3.803198e-02
-8.692702e-02
-5.398036e-02
-2.173484e-02
-1.454685e-01
-4.861744e-02
-4.312513e-02
-1.164320e-02
-3.107295e-02
4.304532e-03
4.936997e-02
6.031081e-02
1.233822e-02
5.411171e-02
1.114631e-01
-3.116932e-02
-1.062653e-01
-5.503261e-02
-4.644391e-01
-3.881950e-01
-1.946446e-01
-3.286398e-01
-2.504877e-01
-9.042431e-02
3.075877e-03
7.606215e-02
9.843484e-03
-2.757868e-02
-1.086515e-01
-1.309140e-02
-6.872781e-02
-1.834770e-01
-1.574996e-02
-9.168006e-02
6.387471e-02
-9.565732e-03
-5.250926e-02
-1.674391e-01
-1.900703e-01
-7.313470e-02
-1.645460e-01
-4.861151e-02
1.062115e-01
2.199642e-01
-1.959357e-01
-1.065303e-01
1.118007e-01
-1.177755e-01
-1.975040e-01
-9.940318e-02
-1.189768e-01
-2.406241e-02
-4.789494e-02
-1.780380e-02
5.618938e-02
5.515126e-02
6.201205e-02
1.063340e-01
2.869552e-02
-7.576756e-02
-6.133681e-02
1.516158e-02
2.502211e-01
1.235877e-01
9.057429e-02
1.709950e-01
1.477485e-01
-7.335755e-02
-2.299683e-02
-1.164964e-01
-1.050111e-01
1.540783e-01
2.303163e-02
1.048491e-01
-3.135053e-02
6.610421e-02
-6.729596e-02
-3.456411e-01
5.677463e-02
1.762986e-01
-6.088670e-02
1.376173e-01
2.092558e-01
4.910660e-01
-6.247761e-03
-3.421992e-02
-1.793220e-01
-1.681523e-01
-7.830235e-03
-4.222313e-02
-1.585852e-01
-8.059827e-02
9.656732e-02
6.766816e-02
1.164729e-01
3.112321e-02
1.053029e-02
7.619726e-02
-3.891284e-02
-8.181117e-02
-7.239234e-02
-6.992220e-02
-9.778183e-02
-5.666243e-02
-3.145566e-02
-8.336463e-03
-1.845974e-01
6.504738e-02
3.256935e-01
2.191887e-01
-1.032136e-01
4.570898e-02
9.584940e-02
1.007809e-01
4.987969e-02
2.992987e-02
1.491981e-01
1.875088e-01
1.112066e-01
-1.687617e-01
-6.975070e-03
4.485686e-02
2.162178e-01
4.279982e-02
6.631386e-02
1.489740e-01
4.316127e-02
1.534179e-01
-1.550294e-01
7.741665e-03
6.146343e-02
-1.414265e-02
3.756757e-02
4.459910e-02
2.327851e-02
-7.620972e-03
-5.945406e-02
4.524838e-02
-1.130836e-01
-2.185023e-01
5.530248e-02
5.514309e-02
5.568808e-02
-1.189883e-02
4.188353e-02
2.411847e-03
6.477802e-02
2.344850e-02
3.955688e-02
-9.303375e-02
-1.298097e-01
-8.252422e-02
-1.192843e-01
1.178951e-01
5.245470e-02
-3.986796e-02
9.690084e-03
-1.370454e-01
7.772505e-02
-3.981572e-02
-2.109566e-01
-8.476101e-02
-1.993577e-01
-3.012016e-01
-1.186176e-01
-1.456122e-01
-2.660777e-02
1.094285e-01
1.526713e-01
1.614857e-03
1.362257e-01
1.474048e-01
-6.914161e-02
-3.614521e-02
-6.089368e-02
-1.631944e-01
-9.384638e-02
1.415650e-01
-6.819132e-02
-1.141265e-01
1.411441e-01
-1.930145e-02
-2.166422e-01
-2.285978e-01
-6.821347e-02
-5.762862e-02
-2.974267e-02
3.510152e-02
3.409752e-02
1.653823e-02
4.041369e-02
2.169774e-01
1.881791e-01
9.217040e-02
-1.596982e-02
2.293653e-02
1.085222e-01
7.107291e-03
6.514706e-02
1.468750e-01
-4.824613e-02
-1.538237e-02
3.776257e-02
4.794184e-02
-2.357501e-02
3.207649e-02
-1.933455e-02
2.165912e-02
2.921207e-02
-1.371239e-01
-7.985640e-02
-7.275040e-02
-1.286845e-01
-1.130429e-01
-4.355348e-02
-2.430290e-04
-4.885991e-02
-1.220070e-02
-1.259996e-01
2.357049e-02
-1.166811e-01
8.984439e-02
6.197651e-02
-6.812813e-03
5.093345e-02
1.980984e-01
8.377162e-02
-4.974238e-03
-7.788590e-03
1.539351e-01
3.192599e-02
-1.901415e-01
-1.995720e-01
2.320766e-01
3.953402e-02
-1.599894e-01
2.262477e-01
2.584075e-01
3.775203e-02
1.032520e-01
-1.089618e-01
-2.754596e-01
2.204538e-01
8.973325e-02
-1.934865e-01
1.075546e-01
1.549188e-01
4.840803e-02
3.875554e-02
2.481749e-01
4.175996e-01
-1.917981e-01
-6.806434e-02
2.639564e-01
-2.983172e-01
-3.736689e-01
-1.246107e-01
-1.912970e-02
-2.887940e-02
-2.909709e-03
-2.974701e-02
-5.667882e-02
-2.817997e-02
-5.276198e-02
-4.104293e-03
-6.474941e-02
2.549185e-02
1.630269e-02
2.433056e-03
1.464601e-01
6.519525e-02
9.991512e-02
7.153884e-02
1.178544e-01
1.325515e-02
-6.235634e-02
-7.163946e-04
-6.585443e-02
8.969912e-03
5.857923e-04
-2.084796e-02
-8.380558e-02
-1.379255e-01
-1.691252e-01
9.833562e-02
1.400235e-01
9.969579e-02
5.174927e-02
4.714802e-02
-1.476234e-02
-7.958324e-03
-2.266861e-02
1.018172e-02
-1.001617e-01
3.623019e-02
9.158429e-02
-1.122069e-01
6.118693e-02
1.028591e-01
-1.928151e-01
-6.983079e-02
-6.026612e-02
-2.341518e-03
8.587879e-03
8.464537e-02
-5.181213e-02
-8.468053e-02
5.879277e-02
4.293866e-02
-1.411819e-01
-1.388541e-01
9.393791e-02
1.693266e-01
1.220126e-01
3.151407e-03
1.543850e-01
2.782140e-01
-1.190860e-01
-6.927883e-02
1.337061e-02
-9.429234e-02
1.954521e-02
-4.155272e-02
-1.395112e-01
1.004117e-02
-9.607416e-02
-5.471718e-02
-1.273903e-01
-1.770245e-02
-7.922915e-04
8.307692e-02
1.331561e-01
1.914479e-02
3.647476e-02
6.289613e-02
6.749688e-03
-6.109989e-02
-9.018514e-02
-5.570428e-02
1.461659e-01
-2.184292e-02
3.133644e-01
4.883735e-01
3.319523e-01
9.694235e-03
3.265451e-01
1.724210e-01
-1.445092e-01
-5.290480e-02
-1.864843e-01
1.606159e-01
2.897176e-01
1.517612e-01
2.942010e-02
2.032030e-01
-1.273885e-01
-1.785312e-01
5.617279e-02
4.121823e-02
2.546567e-01
1.579967e-01
2.798959e-02
4.695642e-02
4.215121e-02
-1.030451e-01
-8.138664e-03
9.125081e-02
-1.809390e-01
-5.790382e-02
1.788953e-01
1.436360e-01
-2.655872e-02
-2.362612e-01
-3.546465e-02
-1.453997e-01
7.055952e-02
-2.993282e-02
-6.030401e-02
3.309248e-02
-8.538216e-02
-1.887169e-03
1.258168e-01
-9.076699e-02
-8.359937e-02
-7.536644e-02
-1.501702e-02
-1.229474e-01
-6.620937e-02
-2.031671e-02
2.662460e-02
4.375522e-02
9.186164e-02
7.044995e-02
-1.023360e-02
-3.186693e-02
4.740319e-02
7.583564e-03
-1.527537e-01
1.252486e-01
1.259990e-01
5.827986e-02
-1.182557e-01
-7.311318e-02
-9.956238e-02
1.561194e-02
5.657657e-02
-4.654365e-02
9.698931e-02
1.216891e-01
4.669927e-02
6.234833e-02
1.981619e-01
-7.310630e-02
1.235430e-01
2.577485e-01
1.084614e-01
4.319197e-03
-1.765358e-02
-1.707870e-01
-7.474906e-02
1.545426e-01
-3.114172e-02
-1.741788e-01
2.171334e-01
1.540885e-01
-1.321826e-01
1.243777e-01
3.370676e-02
-2.705748e-02
-8.648290e-02
-7.033349e-02
-9.406657e-03
2.376794e-02
-5.850438e-02
3.661815e-02
4.737768e-02
1.669648e-02
-8.632505e-02
-1.178713e-01
-7.937966e-02
9.292034e-02
1.052869e-01
8.944555e-02
5.078826e-02
2.519875e-01
8.887806e-02
-2.824501e-03
-4.380431e-02
-6.228527e-02
-4.098431e-02
1.433352e-02
-1.061795e-02
-1.562998e-02
1.321959e-01
8.190397e-02
-1.329488e-01
4.540209e-02
2.907955e-02
1.449693e-01
2.331448e-01
2.102500e-01
-6.404107e-02
6.433215e-02
-2.843282e-03
5.355087e-02
-9.888365e-02
-7.373422e-02
2.098391e-01
1.930684e-01
1.447667e-01
8.608184e-03
-2.176581e-02
3.688507e-02
-1.058703e-01
1.298922e-02
-7.580227e-02
1.041930e-01
2.226815e-01
9.170705e-02
-1.125777e-01
5.222634e-02
-2.324347e-01
-1.131912e-01
-1.275424e-02
2.596898e-02
-5.823154e-02
1.032094e-02
5.677699e-02
-6.399930e-03
-1.885617e-02
5.416357e-02
-1.550374e-01
-8.372641e-02
2.333881e-02
-2.602301e-02
-8.256966e-02
-3.223376e-03
2.577340e-02
-1.792357e-02
2.832276e-02
-2.470051e-02
-2.001990e-01
-8.958568e-02
5.891473e-02
-1.805691e-01
-1.559101e-01
3.602008e-02
-3.813363e-02
-2.327376e-02
1.284385e-01
-1.220877e-01
-5.118698e-02
4.035955e-02
-3.291426e-01
-8.478235e-02
-8.523178e-02
-2.274157e-01
-1.984000e-01
1.686410e-01
-3.731382e-02
6.104177e-02
9.646457e-02
-7.856238e-02
5.852284e-02
1.061357e-01
-2.086324e-02
3.185476e-02
3.648757e-01
1.297233e-01
-2.832322e-01
5.107466e-01
1.043742e-01
-3.229464e-01
3.860349e-01
5.195474e-02
-1.761685e-01
-1.085662e-01
8.793219e-03
3.160569e-01
-9.500587e-02
-2.953225e-02
2.816580e-01
1.245633e-01
1.227893e-01
2.417638e-01
8.904251e-03
2.773881e-02
1.181763e-01
-2.893104e-02
1.734292e-02
3.291699e-02
-1.169850e-02
4.279573e-02
3.156427e-02
-4.880767e-02
-1.065803e-01
-1.256476e-01
-5.147126e-02
4.365603e-02
-1.433384e-01
9.675176e-02
7.720571e-02
-8.106481e-02
1.004888e-02
-2.072654e-02
-7.150692e-02
3.247792e-02
2.315183e-02
-3.779735e-02
2.969163e-02
-1.820357e-02
-7.991392e-02
7.926795e-02
6.325490e-02
1.304438e-01
3.301334e-03
9.273761e-03
5.192353e-02
-3.682977e-02
-6.569159e-02
-4.453097e-02
-2.217310e-01
-1.163248e-01
3.413577e-02
-2.215005e-01
-6.340623e-02
1.545584e-01
-1.155223e-01
-1.546301e-02
1.836951e-01
8.893529e-02
8.464359e-03
9.945637e-02
-1.640476e-01
-3.225589e-03
3.349864e-01
-1.548771e-01
5.623912e-02
2.933459e-01
-1.137670e-01
8.738386e-02
1.964004e-01
-1.053763e-01
5.286764e-02
1.210225e-01
-4.077819e-02
8.995210e-02
1.071452e-01
-3.493756e-02
-6.769765e-02
-6.035007e-02
-9.227221e-02
-1.717760e-01
4.812619e-02
-1.655435e-01
-1.515162e-01
2.011403e-02
8.429025e-03
6.823693e-02
9.401405e-02
2.087812e-02
8.627644e-02
1.602555e-01
-6.871514e-03
-6.793005e-02
3.704200e-02
-1.514918e-02
1.474780e-02
2.696371e-02
-1.576734e-02
-2.898771e-02
-9.329650e-03
-5.834866e-02
-8.270227e-02
-1.414452e-02
-7.821423e-02
-9.149427e-02
-9.631938e-02
5.079813e-02
-8.776018e-02
-8.683017e-02
-4.352494e-02
-1.030194e-01
1.792330e-02
-2.734325e-01
-2.167836e-01
1.095105e-02
3.453080e-02
9.145612e-02
-1.777605e-01
-1.506563e-01
-2.640537e-01
2.785290e-02
-2.805667e-01
2.683011e-01
2.900611e-02
8.684114e-02
-1.438543e-01
-2.447224e-01
-2.314070e-01
2.733187e-01
1.197977e-01
-1.802856e-01
-3.436737e-02
-1.040577e-02
4.234696e-03
-6.606105e-02
1.602973e-02
6.820304e-02
-1.163530e-02
-3.828666e-03
-5.668781e-02
-1.250943e-01
-1.138401e-02
4.128963e-02
-6.103969e-02
-1.926862e-02
1.223656e-01
8.493581e-02
7.766125e-02
-1.800690e-01
-8.127899e-02
2.548712e-02
-3.054805e-02
3.028077e-02
8.405527e-02
-9.883937e-04
7.931713e-02
-4.800841e-02
-1.243202e-01
-8.739297e-02
-1.861529e-02
-9.322747e-02
-1.002499e-01
5.201338e-02
1.064348e-01
2.162158e-02
-3.267106e-02
-5.120198e-03
-1.508727e-02
1.032044e-02
-3.403075e-02
-1.010225e-02
1.750066e-01
6.026661e-02
-4.590042e-02
4.809438e-02
-1.714677e-02
-4.905173e-02
-4.899095e-02
-7.941042e-02
-2.424221e-01
-2.308753e-02
-5.840322e-02
-1.355593e-01
-8.225304e-02
5.781118e-02
-9.087120e-02
-1.305543e-01
-9.302484e-02
-8.755499e-02
-2.390575e-02
-1.178955e-01
-3.670686e-02
8.608784e-02
1.650382e-02
-4.636250e-03
-3.722760e-02
1.353637e-01
-3.628009e-02
-1.450087e-01
-4.422464e-02
-3.319888e-02
-2.796941e-02
1.797399e-01
1.172679e-01
-8.207875e-02
-1.109297e-01
7.063004e-02
9.997979e-02
-1.926872e-01
-8.290526e-02
-6.478167e-02
-4.759939e-02
-5.407535e-02
-3.839906e-02
4.313241e-03
-5.334989e-02
-2.554552e-02
3.988513e-03
-6.415982e-02
-2.963313e-02
1.084678e-01
4.162868e-02
7.452040e-02
8.074463e-02
-6.519962e-02
2.250944e-02
-1.725380e-03
7.830089e-02
-9.661453e-02
9.504980e-03
7.063919e-02
1.201396e-02
2.090042e-02
4.933532e-02
1.783520e-02
-8.672505e-02
-7.420531e-02
-1.487662e-02
-6.260400e-02
1.519481e-02
1.429988e-02
-5.510804e-02
3.648251e-02
4.918936e-02
-5.875833e-02
4.429589e-03
1.819689e-02
-3.643797e-02
-4.277989e-02
-1.481579e-01
2.159328e-02
-4.256237e-02
-1.653178e-01
-1.876588e-02
-2.093985e-02
-1.893875e-01
2.141333e-02
-2.003261e-02
-8.321454e-02
4.681907e-02
2.502521e-02
-1.027506e-02
-2.642057e-02
-1.237394e-01
-5.758899e-02
-1.201814e-01
1.722433e-02
3.883247e-02
-1.317092e-01
2.308637e-02
-1.365279e-05
6.041474e-02
5.946668e-03
7.338120e-02
-1.649856e-01
-4.849899e-02
2.515901e-01
-1.838914e-01
-2.220946e-01
1.027369e-01
-1.147414e-01
-2.044833e-01
-5.102326e-03
-4.843108e-04
-9.324895e-02
6.501152e-02
8.028787e-02
-5.360054e-02
-2.576000e-02
1.249797e-01
1.499668e-01
1.787419e-01
2.913861e-01
-8.903151e-03
-3.804938e-01
3.759480e-01
1.263764e-01
-2.784154e-01
2.821987e-01
1.138226e-01
-9.489243e-02
-3.298192e-03
4.140958e-02
-4.098314e-02
2.955735e-02
-1.637816e-02
-3.549441e-03
1.640204e-02
-5.500872e-02
-5.554813e-02
1.140058e-01
-7.386990e-02
-7.373887e-02
1.155783e-01
-7.256675e-02
-6.183802e-02
8.024890e-02
-6.075411e-02
-7.031589e-02
-1.132110e-01
-1.063003e-01
-4.886229e-02
-7.473390e-02
-4.076779e-02
-3.618132e-02
-6.806785e-02
-5.353737e-03
-5.496568e-02
-4.589044e-03
-3.298699e-02
6.685445e-02
-2.954066e-03
2.643722e-03
2.324659e-02
2.532758e-02
-3.872803e-02
-3.007471e-02
-1.437460e-01
-1.059673e-01
-8.622207e-02
-7.719830e-02
-2.707317e-02
-4.966203e-02
-7.506878e-03
4.104922e-02
-5.666384e-02
-3.384501e-02
-8.478674e-02
5.993293e-02
-2.318237e-01
-9.673554e-02
3.860602e-01
-3.026956e-01
-3.220613e-01
2.122954e-01
8.178108e-02
-1.958803e-01
-3.889050e-01
1.757288e-01
-1.496275e-01
-3.754707e-01
2.185533e-01
-3.290864e-02
-2.698114e-01
6.977082e-02
6.233297e-02
1.017759e-01
-3.091127e-02
3.730797e-02
1.438629e-04
2.773455e-02
-3.302378e-02
1.498684e-02
7.577775e-03
1.098764e-01
1.772683e-01
-1.460256e-01
3.358521e-02
2.442138e-01
-2.096160e-01
-8.530212e-02
1.269307e-01
-4.739482e-02
-4.734633e-02
-5.683382e-02
-2.920656e-02
-1.416203e-03
-1.941080e-02
2.111434e-02
7.915986e-03
-3.714609e-02
2.789147e-03
7.648791e-02
5.533465e-02
-7.591812e-02
-1.258382e-02
2.459996e-02
-7.091931e-02
-9.653632e-02
-1.373727e-01
3.696157e-02
-1.562902e-02
-1.700623e-01
-3.426676e-02
8.867138e-02
6.970794e-02
1.279381e-01
8.577822e-02
5.045370e-02
4.709994e-02
5.333255e-02
1.218793e-01
1.553525e-01
7.988557e-02
-7.753240e-02
5.955404e-02
-7.287957e-02
-3.686125e-02
2.074177e-02
3.133018e-02
7.681964e-03
5.300524e-02
1.515407e-01
1.140485e-01
-7.850984e-02
-1.668171e-02
-3.935802e-03
-1.833997e-01
-2.145445e-01
-9.029908e-02
2.090698e-02
1.000117e-01
1.485409e-01
2.287676e-02
1.362717e-02
-1.016316e-01
-7.989920e-02
-7.838474e-02
-2.078835e-01
-2.436434e-01
-2.708876e-01
-2.839856e-01
-2.131745e-01
-1.223125e-01
-5.988697e-02
-6.034274e-02
-3.551636e-02
-2.961889e-02
-6.397230e-02
8.395845e-03
1.538692e-02
-1.012686e-01
-7.572786e-02
-7.262223e-02
-1.627680e-01
-1.037253e-01
-1.121501e-01
-1.936425e-01
-1.895412e-01
-2.109821e-01
-1.319429e-01
7.157744e-02
1.795438e-02
-1.088085e-01
-1.883236e-01
-1.180882e-01
-2.490871e-02
-1.292205e-01
-2.287210e-01
-1.630471e-02
-1.020186e-02
-4.027198e-02
2.470994e-01
3.107785e-01
2.278981e-01
2.207489e-01
2.106838e-01
1.649888e-01
7.509947e-02
1.470948e-02
-6.677037e-02
-2.919499e-02
3.394141e-03
-6.477790e-02
-4.204407e-02
-7.044005e-02
-1.017017e-01
-8.585321e-02
-1.558956e-01
-1.713343e-01
1.025103e-01
2.360511e-01
1.997519e-01
-9.752496e-02
-1.968338e-01
-1.355858e-01
-2.760760e-01
-2.738783e-01
-1.308572e-01
9.651037e-03
9.077277e-02
2.720022e-02
-4.202307e-02
2.932486e-02
-7.835381e-03
4.395751e-03
3.408589e-02
1.346491e-02
7.231706e-03
2.011260e-01
1.946138e-01
5.187343e-03
9.128288e-02
7.957155e-02
-1.002785e-01
-9.888402e-02
-3.487555e-02
-1.248747e-01
-2.994712e-02
-3.847478e-02
-7.541746e-03
1.213117e-01
1.323204e-01
1.787980e-02
1.486143e-02
7.406010e-02
-5.248999e-03
2.853965e-02
1.172535e-01
9.442954e-02
-2.948390e-02
6.123761e-02
-3.493810e-02
-9.596102e-02
-9.383570e-02
-4.039474e-02
-1.341211e-02
-3.172094e-02
-7.566433e-03
-2.139336e-01
-9.961002e-02
-1.031189e-01
-2.019273e-01
-1.499617e-01
-2.483463e-01
1.882897e-01
-1.458053e-02
-2.579925e-01
-3.231185e-01
-1.091653e-01
1.274036e-02
1.429465e-01
-4.824137e-02
-1.653455e-01
-3.011325e-01
-6.838424e-02
-4.948809e-01
2.969167e-02
-1.332618e-01
1.455037e-01
-3.029206e-01
1.073545e-01
-1.151176e-01
-5.319646e-02
5.576281e-02
2.114433e-02
4.475599e-02
-1.531046e-01
4.876322e-02
-5.379436e-02
-1.802071e-01
-5.239026e-02
-1.096217e-01
-1.033954e-01
-1.392603e-02
5.238434e-02
6.995878e-02
1.685710e-02
-3.004334e-02
-6.918581e-02
-1.194446e-01
-2.716562e-01
-1.420459e-01
-1.304679e-01
-1.089747e-02
-1.184771e-02
-2.622059e-02
-8.594248e-02
-4.005808e-02
-1.452328e-01
-2.156825e-01
-1.031789e-01
3.754839e-02
-4.072517e-02
-1.880286e-01
1.398617e-01
9.753142e-02
-1.794332e-01
7.448944e-02
5.868386e-02
-3.033843e-02
2.759069e-01
-8.429734e-02
2.656895e-01
-1.029403e-01
-2.881962e-02
-9.692375e-02
1.426646e-01
-7.109436e-02
-4.131565e-02
-7.680215e-02
3.360057e-03
4.640204e-01
-1.514985e-01
-2.161869e-01
4.278378e-02
-1.280724e-01
-1.311396e-01
-1.582180e-01
-1.489402e-02
5.562942e-02
6.431597e-02
-1.009370e-01
4.951625e-02
2.319322e-01
1.211955e-01
-5.593493e-02
5.956086e-02
6.579644e-02
-4.663561e-03
-1.594697e-03
6.087014e-02
-2.824717e-02
-3.699410e-02
-2.940726e-02
3.869004e-02
-2.172833e-02
-1.793447e-02
-7.618644e-02
-1.398412e-01
5.797015e-02
9.818497e-02
-7.184342e-02
-6.190485e-02
-6.942812e-02
-3.706346e-02
4.795302e-02
4.080464e-02
2.854156e-02
3.483746e-02
4.327836e-02
-2.473934e-02
-4.548719e-02
-1.397258e-01
-2.053653e-01
-1.539418e-01
1.090569e-01
-1.689147e-01
-1.095386e-01
-2.149755e-01
-6.031484e-02
1.609944e-01
1.970218e-01
2.112278e-01
2.068151e-02
-5.983443e-02
6.274341e-02
-1.210976e-01
-2.749043e-01
-9.469241e-02
-9.034240e-02
7.029215e-02
1.720135e-03
-1.588339e-02
1.065597e-01
3.073729e-02
5.267564e-02
-1.013294e-01
-7.442073e-02
-3.590539e-02
9.112860e-02
4.580171e-02
-5.651334e-02
1.046774e-02
-2.276255e-01
3.130893e-02
-1.574941e-01
-5.438705e-02
-1.768844e-01
-1.166242e-01
8.268632e-02
-1.940686e-01
3.685336e-01
5.711116e-02
-4.064583e-01
-2.786017e-01
-2.262760e-01
1.281950e-02
3.277975e-02
-2.135799e-03
1.933744e-01
-3.078521e-01
-9.405912e-02
-2.619712e-01
1.622913e-01
2.331701e-02
-1.329452e-01
-2.281199e-01
1.637426e-02
-2.280102e-01
-2.251887e-01
1.777164e-01
-1.952344e-01
2.290302e-02
7.936263e-03
-1.767476e-01
-6.175344e-02
5.030202e-02
-6.781051e-02
-1.062792e-01
-2.167594e-02
-6.385740e-02
-8.130910e-02
2.350187e-02
-4.937223e-03
-4.614869e-02
2.736878e-03
-7.385027e-02
-1.778002e-01
6.935195e-02
-1.572796e-01
-9.505699e-04
-4.947151e-02
-2.808915e-02
4.555096e-02
1.410625e-01
-1.152084e-01
-7.372400e-02
1.470500e-02
4.432707e-03
-5.955821e-02
-3.087800e-02
-2.593753e-01
-1.044516e-01
-1.482510e-01
-2.331584e-01
3.749009e-01
-1.932789e-01
-8.394228e-03
1.744543e-01
-2.138495e-01
8.855665e-02
2.169499e-01
-5.750491e-01
3.858639e-02
1.397346e-01
-5.729329e-01
2.053233e-02
1.329750e-01
-1.827743e-01
2.882864e-01
8.955167e-03
-2.783453e-01
-4.786183e-02
-2.564561e-01
-3.796861e-01
-1.831779e-01
-1.396705e-01
-1.329124e-01
1.026296e-02
1.473528e-02
-2.185040e-01
3.042863e-02
-7.386018e-02
-1.769680e-01
-9.932873e-02
-1.255229e-01
6.142697e-02
1.075607e-01
-6.671268e-02
-4.201366e-02
-3.178507e-02
-1.782365e-01
1.646740e-01
1.197937e-01
-2.609669e-02
4.153469e-02
-9.024632e-02
3.544708e-02
6.692968e-02
-1.144496e-01
2.076141e-02
2.221515e-02
-5.305718e-02
-5.137438e-02
3.620494e-03
1.964470e-01
-1.334192e-01
-3.350549e-03
1.518575e-01
-3.584157e-01
9.166617e-02
-1.218066e-01
-8.586959e-02
-9.230337e-02
1.991819e-01
3.898196e-01
-9.630244e-02
2.283640e-02
1.918850e-01
-1.094801e-01
-3.506011e-01
-2.723427e-01
-1.753905e-01
