6.992650e-03
7.077420e-02
1.941034e-01
8.043764e-02
1.101624e-01
2.666551e-01
4.318139e-03
-5.365063e-02
1.314614e-01
-5.532370e-02
-8.368431e-02
-1.005810e-01
2.250018e-02
-3.404469e-02
-8.013428e-02
6.766805e-02
-1.241732e-02
-3.804834e-02
-4.577934e-02
-5.771311e-02
-1.205716e-01
-3.207491e-02
-7.204603e-02
-3.747802e-02
-3.985140e-03
4.353154e-02
-4.889435e-02
1.055731e-01
-2.547519e-02
-1.608310e-02
1.059559e-01
-1.104506e-02
3.005948e-02
-9.757601e-02
-2.177187e-01
-1.689998e-01
-1.656689e-02
1.140063e-02
-7.888401e-02
-4.419655e-02
-1.104661e-01
-1.639814e-02
-6.965891e-02
-6.644712e-02
-7.073032e-02
2.546825e-02
3.562531e-02
5.395127e-02
9.205793e-03
2.627261e-02
7.321722e-02
-1.413285e-02
-9.201963e-03
1.089487e-01
9.105852e-02
5.423430e-02
-3.031280e-03
4.608680e-02
8.084307e-02
-2.174540e-02
3.043608e-02
4.403187e-02
-4.533689e-02
5.430194e-02
-4.333694e-02
-5.744405e-02
1.173609e-01
1.633191e-02
-2.331125e-03
3.973738e-02
-6.923041e-02
-9.139827e-02
-2.653790e-02
6.366426e-02
3.343491e-02
3.561744e-02
1.570774e-02
4.104493e-03
5.804310e-02
1.150337e-01
4.175632e-02
1.045777e-01
-7.140795e-03
9.713721e-02
2.171058e-01
5.018673e-02
2.071778e-01
1.383070e-01
2.506511e-03
2.058374e-01
1.355760e-02
-3.776016e-03
-5.275510e-02
6.992672e-02
-5.236916e-02
1.535586e-02
5.975116e-02
-6.412574e-03
7.301738e-02
-2.862815e-02
-3.078163e-02
-5.885117e-02
-3.961478e-02
1.364536e-02
-4.767110e-02
8.458634e-04
6.168278e-03
2.509572e-02
-5.199156e-02
-1.002739e-01
-1.159601e-01
-2.664133e-02
-4.228346e-02
-2.133535e-02
-6.149640e-02
-7.408155e-02
-6.099818e-02
-9.530596e-02
-7.997641e-03
-6.050698e-02
-4.600155e-02
-2.944517e-02
-1.211583e-02
1.182670e-03
-7.351344e-02
-4.085313e-02
2.723816e-02
-1.422036e-02
-3.402394e-02
3.646209e-02
4.197930e-02
-6.901233e-02
2.996393e-02
6.592602e-02
-1.994903e-02
2.475844e-02
9.779586e-02
-1.012206e-02
7.909988e-02
3.758967e-02
-2.115301e-02
2.867749e-02
1.794282e-02
-8.960398e-03
-1.007457e-01
-5.601116e-02
-6.112210e-02
-8.721954e-02
-7.894336e-02
-6.959525e-02
-4.795374e-02
-2.480443e-03
-7.508232e-02
1.740285e-02
2.764269e-03
-1.126144e-01
6.966495e-02
2.344672e-01
-1.009252e-01
-4.000195e-02
-5.913838e-03
-1.630842e-01
6.560124e-02
1.472472e-01
9.031444e-03
1.035599e-01
1.332249e-01
1.914957e-01
-2.078682e-02
1.385538e-01
-3.787811e-02
6.510278e-02
6.839292e-02
8.442698e-02
-3.371872e-03
1.970851e-02
5.354921e-02
3.346410e-02
1.661097e-03
4.281993e-02
8.341454e-02
1.362939e-01
7.263230e-02
1.300220e-01
1.555190e-01
7.686575e-02
6.343468e-02
1.084483e-01
4.452560e-02
-5.804038e-02
-6.939279e-02
9.874163e-02
-2.541733e-02
9.846666e-02
-3.362805e-02
2.179417e-01
1.845309e-01
1.835062e-01
3.119153e-02
-4.495054e-02
7.581466e-02
-2.455870e-02
-1.352561e-02
2.478650e-02
4.642681e-02
2.091214e-01
1.492476e-01
-3.761638e-03
-1.086594e-02
-6.174597e-03
-2.329648e-02
-5.815365e-02
-6.992285e-02
-8.996635e-03
-6.463288e-02
-7.285318e-02
4.474434e-02
5.762122e-02
1.527498e-01
2.208777e-02
1.099006e-01
1.362853e-01
-8.915128e-02
5.431920e-02
2.926037e-02
-5.967633e-02
-7.169291e-02
4.003098e-02
-1.195754e-01
-1.352538e-01
-6.611421e-02
-1.415994e-01
-1.241914e-01
-1.080569e-01
3.067056e-02
-1.575687e-01
-6.025366e-02
1.885942e-02
-1.165069e-01
-8.069763e-02
-1.142766e-02
-1.065476e-01
-2.041845e-02
2.112851e-02
3.846978e-02
-7.426696e-02
2.146639e-01
1.303909e-01
-7.497054e-02
8.551059e-02
-5.959352e-02
-1.086840e-01
4.877915e-02
5.755387e-02
6.573129e-02
-5.699614e-02
-7.050556e-02
-4.412223e-02
-2.182523e-02
-7.059764e-02
-7.897000e-02
-5.341906e-02
8.710210e-02
4.679523e-02
-7.586838e-02
4.065808e-02
9.105614e-02
3.102458e-03
1.211776e-01
1.280073e-01
-4.249353e-03
9.909446e-02
1.806948e-01
8.792353e-02
1.943057e-01
1.257429e-01
-5.172659e-02
7.413929e-02
8.042931e-02
3.156339e-02
-6.603744e-02
-2.994411e-02
1.151284e-01
-9.063413e-02
-1.459680e-01
5.350941e-02
-6.156199e-02
-1.681652e-01
-3.269053e-02
-1.168216e-01
8.370415e-02
-2.200779e-02
-5.827877e-02
2.300464e-02
2.655215e-02
-2.272804e-02
-7.250553e-02
1.074767e-01
6.098240e-02
1.873079e-01
-4.290623e-02
-6.589914e-02
-1.892697e-01
1.085246e-01
-3.694548e-02
7.245332e-02
1.241124e-01
1.506457e-01
-9.444617e-02
4.175252e-02
-2.561492e-01
9.130213e-02
-1.585644e-02
-2.785492e-02
-5.190836e-02
6.759214e-02
-1.133689e-01
5.206594e-02
1.778936e-02
-1.520256e-01
1.833008e-02
1.406141e-01
-7.597239e-02
9.419595e-02
-8.944149e-02
1.784766e-01
-9.095085e-02
8.829705e-02
-1.659355e-01
-2.981015e-02
-1.047437e-01
-3.826693e-02
-8.047418e-02
-6.675410e-02
-1.251478e-01
3.287547e-02
-9.144479e-02
-2.049937e-02
-9.073947e-02
-1.229438e-01
-8.470111e-02
8.825578e-02
-1.320326e-01
-2.194387e-01
-4.047015e-02
-1.083320e-01
-9.293994e-02
1.004576e-01
-1.884022e-02
-2.549758e-02
1.310958e-02
5.281425e-02
-1.339928e-01
-3.957118e-02
1.402872e-02
-1.939076e-01
-9.871638e-02
2.347692e-02
-1.777690e-01
-2.425804e-02
7.006119e-02
9.465876e-03
5.803130e-02
5.671527e-02
-2.283632e-02
1.353797e-02
-2.004378e-02
-1.369403e-01
-1.657617e-01
-7.083804e-03
-2.669624e-01
2.425167e-02
-7.939284e-02
-1.737599e-01
-1.211194e-01
1.131701e-01
5.596609e-02
2.732078e-02
-3.001279e-03
-3.498947e-02
1.272778e-02
3.314682e-02
-4.687851e-02
1.919535e-02
-9.093445e-02
-6.862321e-02
-9.654632e-02
-4.388063e-02
-8.647288e-02
-3.198802e-02
-8.594763e-02
6.971851e-02
1.464285e-01
-9.446228e-02
-2.141028e-01
-1.498930e-02
2.982230e-02
-7.133876e-02
1.346058e-02
-1.237668e-01
-1.338147e-01
-8.119719e-02
4.825271e-02
-3.908299e-02
-2.845197e-02
-4.691450e-02
1.033057e-01
-7.115096e-03
-2.016340e-01
1.843475e-02
-1.041580e-01
-2.990949e-01
-1.548734e-01
-1.317787e-01
2.494621e-02
-2.826801e-02
1.092413e-01
-1.077729e-01
-4.281447e-02
-1.411955e-03
-2.240030e-02
-9.998286e-02
9.238858e-02
-1.284194e-01
-9.420928e-02
-4.096596e-02
-1.735217e-01
-7.181579e-02
-8.668470e-02
-3.753275e-02
-1.348987e-01
-1.249797e-01
1.620235e-01
-1.535553e-02
-1.228761e-01
1.261410e-01
1.537515e-01
-2.813045e-03
-4.842677e-02
-2.432927e-02
1.089646e-01
-2.050377e-03
1.755593e-01
9.641111e-02
-1.948626e-01
-1.362114e-01
7.836077e-02
9.361409e-02
2.034126e-01
9.383949e-02
3.201609e-02
2.213315e-01
7.747618e-02
-2.361466e-01
1.259689e-01
1.424508e-01
5.141801e-02
-1.045680e-01
-2.354773e-01
-5.897042e-02
-5.955678e-02
1.209189e-02
-5.528145e-02
-4.938151e-02
-1.285219e-02
-2.377589e-02
3.069988e-03
-2.539101e-02
2.245186e-02
8.608783e-02
1.701854e-01
-9.898807e-02
-2.262038e-01
1.881565e-01
2.136707e-01
1.304476e-01
-7.160085e-02
-5.375360e-02
-2.733813e-02
-1.278607e-01
-6.062791e-02
3.007563e-02
5.629237e-04
7.093170e-03
1.227077e-01
4.949921e-02
-2.079299e-02
1.828057e-01
6.558696e-02
2.497869e-01
2.519202e-01
-1.695550e-03
1.449088e-01
2.931853e-02
-2.316991e-02
-6.721096e-03
3.597645e-02
-1.860815e-02
-5.745517e-02
-1.272995e-03
-3.035016e-02
-3.504242e-02
-7.824989e-02
-4.154742e-02
-1.085238e-01
3.022425e-03
1.747276e-02
-2.163579e-01
-5.788774e-02
-3.714294e-02
-1.370721e-01
-1.411139e-01
-1.761563e-01
1.972548e-01
1.678449e-01
-1.222387e-01
9.777654e-04
-6.309547e-02
-5.802768e-02
6.296468e-02
-1.610202e-02
-1.981018e-03
1.782404e-01
1.817184e-01
1.270008e-01
1.845805e-02
2.392189e-01
1.132472e-01
-3.908541e-02
5.093326e-02
9.899262e-02
-9.619552e-02
8.093696e-03
5.765266e-02
2.871044e-01
1.651233e-01
2.421746e-01
-1.491924e-01
-1.702795e-02
1.710301e-01
2.245482e-02
1.360212e-02
2.479420e-02
4.219045e-02
2.734044e-03
3.801395e-02
7.256134e-03
-8.877627e-03
-1.005409e-01
3.816916e-02
1.169383e-01
3.263569e-01
2.158491e-01
1.764997e-01
1.391950e-01
-1.313325e-01
1.703050e-01
3.095907e-01
7.210296e-02
-6.091083e-02
-1.167428e-01
-4.619914e-02
-6.426887e-02
2.774489e-02
-3.917412e-02
-9.852744e-02
1.076839e-02
6.573450e-02
4.418196e-02
-7.821195e-02
-3.115484e-03
2.556913e-01
1.718246e-01
-4.641888e-02
7.814121e-02
1.894060e-01
-3.286877e-02
1.392810e-03
-3.380506e-02
1.328735e-02
4.352570e-02
1.740993e-02
6.231684e-02
1.336993e-01
-2.244038e-03
-1.669187e-02
5.411817e-02
-5.204331e-02
3.802959e-02
1.775228e-01
6.491128e-02
9.179164e-02
3.881501e-02
-3.897958e-02
1.495909e-01
2.247773e-01
9.895094e-02
2.396808e-01
2.821925e-01
1.152238e-01
1.950988e-01
2.185685e-01
1.886028e-02
-7.353856e-02
-5.504891e-02
-8.238421e-02
-1.313837e-01
-8.341470e-02
-1.389191e-01
-1.605540e-01
-1.360908e-01
-2.769017e-01
1.384284e-03
7.641830e-02
-2.211555e-03
1.240965e-01
6.328961e-02
-1.902845e-01
5.226510e-02
-2.019866e-01
-1.421329e-01
8.474300e-02
2.937105e-01
2.456477e-01
1.883762e-01
3.900828e-01
2.887188e-01
1.468866e-01
2.793631e-01
1.683506e-01
1.355364e-01
9.176849e-02
6.259467e-02
4.065641e-02
1.400034e-01
1.465730e-01
4.989615e-02
1.663571e-01
1.078439e-01
-3.676295e-03
-2.437753e-02
-6.350444e-02
-1.545639e-02
-7.992401e-03
-9.245215e-02
1.173335e-02
9.923393e-02
-1.921663e-02
1.050839e-01
1.123785e-01
-2.510877e-02
1.066880e-01
1.120025e-01
1.025168e-01
8.677230e-02
1.209573e-01
1.510077e-01
2.408922e-02
4.357901e-02
-3.684278e-02
-1.392570e-02
9.360976e-03
-1.422961e-01
-4.457113e-02
-1.013316e-01
-1.882674e-01
-7.452834e-02
-2.488521e-02
3.106565e-02
-9.187480e-02
4.364734e-02
-7.484838e-03
-9.669056e-03
4.675176e-02
2.884621e-02
-4.788211e-02
-3.915711e-02
-1.570677e-01
-1.634630e-02
-3.342684e-02
-1.343616e-01
4.795002e-02
-3.458523e-02
-3.763561e-02
-1.028885e-01
-1.014317e-01
-1.061073e-01
-1.052296e-01
-5.913554e-02
-2.692666e-02
-2.856213e-02
1.212003e-01
5.772360e-02
-6.423598e-03
-1.201481e-01
2.915433e-02
-5.888908e-02
2.635638e-02
-6.356149e-03
-5.933067e-02
3.170165e-02
-2.619646e-02
-1.524535e-02
-6.105421e-02
-2.086790e-01
2.553916e-02
-5.185436e-02
-9.963211e-02
3.897921e-02
3.182476e-02
-8.673634e-02
2.175802e-01
7.572417e-02
-4.757739e-02
1.242868e-01
5.692703e-02
-3.113088e-03
-1.251349e-02
1.184932e-01
1.060757e-01
3.957308e-04
8.400103e-02
5.826513e-02
-3.848086e-02
-8.482098e-03
3.512890e-03
1.354817e-01
1.281087e-01
1.036009e-01
1.446377e-01
9.588508e-02
5.468066e-02
3.382387e-02
1.296178e-01
7.238621e-02
-7.334802e-02
-8.790290e-03
3.138173e-02
-1.663872e-01
-1.904406e-03
1.405486e-01
-1.358093e-01
-1.187597e-01
-3.810426e-02
-7.149067e-02
-1.123675e-01
-6.891362e-02
1.695676e-01
1.105811e-01
1.446680e-01
1.391058e-01
6.090453e-02
1.349640e-01
6.692152e-02
3.505632e-02
6.684899e-02
-1.178341e-01
5.600437e-02
1.104232e-01
-1.245446e-01
-1.986400e-02
9.700725e-03
-1.542400e-01
-1.600163e-01
-1.193078e-01
-8.024663e-03
-1.189386e-01
-6.355630e-02
-8.675832e-02
-5.624840e-02
-1.515033e-01
-2.743745e-02
-1.355358e-01
-2.247567e-01
-4.734670e-02
-1.144859e-01
-2.933257e-02
-1.975880e-01
-1.318695e-01
-7.582429e-02
-2.305006e-01
-1.056711e-01
-5.587354e-02
-1.076736e-02
-6.644221e-02
-9.081220e-02
-6.444955e-02
-1.293678e-01
-1.662256e-01
-2.845130e-02
-1.145034e-01
-1.789650e-01
-1.311230e-01
-1.177803e-01
-1.483186e-01
3.005132e-02
7.768117e-04
-1.677925e-02
4.882649e-02
1.688630e-01
4.763353e-02
1.826218e-02
-1.306473e-01
-1.011821e-01
-1.013387e-02
-1.992701e-01
-1.718939e-01
-2.694943e-02
-2.211742e-01
-1.840123e-01
-1.770635e-01
-8.135142e-02
-1.165350e-01
-1.894843e-01
-1.067089e-01
-7.319755e-02
-9.938394e-02
-4.483661e-02
-8.874133e-02
1.233755e-01
1.189255e-01
-3.417100e-02
-1.149797e-02
2.613370e-02
-1.897688e-02
4.928792e-02
1.003919e-01
-5.860884e-02
1.043505e-01
4.011478e-02
9.168038e-03
6.218732e-02
-2.892030e-02
-4.500317e-02
-1.099451e-02
1.064969e-02
6.243076e-02
9.330010e-02
4.936193e-02
-3.115844e-02
-1.148332e-01
-1.475679e-01
-8.134127e-02
-1.060801e-01
-1.605179e-01
-1.351746e-01
-6.059790e-02
-1.330955e-01
-1.354733e-01
-1.805511e-02
-1.820190e-01
-2.292729e-01
-2.548687e-02
-8.044570e-02
-1.587859e-01
1.300111e-01
3.320411e-02
-1.373149e-01
3.977636e-03
-9.324338e-02
-1.716193e-01
-4.380192e-02
-7.722192e-02
-4.934967e-02
7.256873e-02
-1.687444e-03
1.835387e-02
1.093906e-01
2.998411e-02
4.969862e-02
5.896455e-02
3.486420e-02
7.943096e-02
1.370329e-01
2.575164e-01
1.580955e-01
2.894222e-01
4.278401e-01
3.551802e-01
2.706266e-01
2.885213e-01
1.281918e-01
-2.307636e-02
1.993845e-03
-1.680064e-02
6.019869e-02
1.368606e-01
1.538237e-02
1.035636e-01
5.008312e-02
-2.879298e-02
9.429595e-02
-6.461365e-04
7.822839e-02
1.284865e-02
-9.296500e-02
-2.169716e-02
5.337486e-02
-2.641667e-02
2.244473e-02
1.137078e-01
1.016380e-01
-5.828474e-02
1.434693e-01
1.568257e-01
3.708722e-02
1.555246e-01
2.465976e-01
5.507029e-02
1.026177e-01
-3.346410e-02
-1.140844e-01
3.613459e-02
-1.213359e-01
-2.193348e-01
-4.087067e-02
-1.414035e-01
-1.824761e-01
-1.689434e-01
-7.508293e-03
-4.782500e-02
-2.008116e-01
-6.740417e-02
-6.064769e-02
-1.834258e-01
-6.058452e-02
4.758355e-02
-8.117071e-02
-1.427717e-01
-9.250815e-02
-6.815059e-02
-1.222716e-01
-9.569027e-02
-4.782972e-02
-7.682553e-02
-2.375347e-02
-9.999982e-02
-4.929480e-02
4.356211e-02
-8.268510e-03
2.843494e-02
1.725048e-02
-4.163860e-02
-3.197746e-02
-2.181783e-02
4.913642e-02
-1.582201e-01
-1.260792e-01
1.639784e-02
-2.430884e-01
-9.177126e-02
-4.292491e-02
-2.605050e-01
-1.931521e-01
-3.706253e-03
7.684767e-02
-1.087460e-02
-7.758391e-02
-1.055042e-02
-3.380382e-02
-5.958100e-02
-2.834088e-02
-1.097857e-01
1.978667e-01
2.888759e-01
8.676190e-02
5.054073e-01
3.840998e-01
2.639675e-01
2.371844e-01
3.344398e-01
2.986353e-01
-1.541066e-01
-1.743792e-01
-1.300478e-01
-1.884969e-01
-1.894008e-01
-1.129857e-01
-1.366097e-01
-1.068365e-01
-4.111909e-02
-1.890378e-02
3.598154e-02
5.500438e-02
-9.551618e-02
6.016190e-02
8.048018e-03
-2.978407e-02
-8.101235e-02
5.136120e-02
-5.888010e-02
1.533268e-02
-6.496024e-03
-3.052672e-02
9.169906e-02
9.470593e-02
-6.151349e-02
-7.191411e-02
1.019141e-02
4.794282e-02
-5.940878e-03
-1.411007e-02
7.591910e-02
6.328499e-02
1.928156e-01
4.181128e-02
4.410065e-02
6.135419e-02
-1.737495e-02
5.291371e-02
9.999864e-02
1.486885e-01
2.564127e-01
3.658074e-01
-6.722529e-02
-9.398682e-02
-1.026075e-01
6.841670e-02
5.942964e-02
1.825957e-02
-7.111786e-02
-4.352195e-03
3.768144e-03
-6.486600e-02
-1.241844e-01
-1.615272e-01
-4.976536e-02
-2.136582e-02
1.264135e-01
-1.369433e-02
2.257205e-01
1.613551e-01
-6.689757e-02
7.448544e-02
3.156399e-02
-1.124704e-01
-2.175387e-02
-6.634550e-03
-2.528868e-02
3.335049e-02
3.598665e-02
-8.666791e-02
-4.822541e-02
-5.944928e-03
1.288275e-01
1.804650e-02
-5.114587e-03
5.046452e-02
2.488595e-01
1.409322e-02
-2.115626e-01
-1.111402e-01
2.720134e-02
-2.131899e-04
9.934495e-02
1.366343e-01
-3.874138e-02
-1.456507e-01
3.771289e-02
-1.006628e-01
-1.322888e-01
-5.245095e-02
-1.427750e-01
-1.835579e-03
-1.344031e-02
-1.751099e-01
5.665032e-03
2.276569e-03
-1.518428e-01
-1.582203e-01
-1.197209e-01
-1.321999e-01
-4.501599e-02
3.820496e-02
-7.502878e-02
-4.900723e-03
3.960726e-02
-5.767346e-03
4.377154e-02
4.576890e-02
9.859248e-02
4.406553e-02
-2.021352e-01
9.239399e-02
6.963596e-02
-1.303067e-01
-7.493401e-02
-5.484023e-03
-2.465487e-03
-1.103664e-01
1.519584e-02
7.076924e-02
-7.774547e-02
-7.762019e-02
-6.453324e-02
-6.619438e-02
-4.585056e-02
-6.887474e-02
-4.258648e-02
9.550660e-02
7.875776e-02
-1.063325e-01
-8.386187e-02
-1.383680e-02
-7.475217e-02
-1.793906e-01
-1.569254e-01
-8.538096e-02
1.272441e-01
1.958546e-01
-6.793254e-02
-1.610726e-02
-7.068282e-02
-3.401274e-03
-6.034001e-02
2.939465e-03
-3.775139e-02
5.051721e-02
4.756618e-02
-7.705928e-02
-7.488276e-03
5.327121e-03
-1.968657e-02
-1.216728e-03
-6.039738e-02
1.143671e-01
8.944028e-02
8.074113e-02
1.054665e-01
5.463164e-02
1.565674e-01
-8.215702e-02
8.520646e-02
-6.912547e-02
5.323375e-03
9.356725e-02
2.317146e-01
4.311806e-02
5.684032e-02
7.266836e-02
1.888281e-02
2.832333e-01
2.175409e-01
-1.259029e-02
8.036682e-02
1.605398e-01
-1.434089e-02
6.601675e-03
-3.083731e-02
-9.145325e-02
-2.337130e-01
-1.413716e-01
-2.887515e-02
-6.864268e-02
1.469893e-01
-1.285646e-01
-1.792371e-01
-7.431277e-02
-3.304118e-02
-1.127023e-01
-1.300717e-01
-1.160895e-01
-1.613880e-01
-1.430597e-01
-7.564302e-02
-1.262458e-01
-9.799226e-02
-8.116454e-02
-1.723814e-02
-8.373128e-02
1.055370e-01
-9.732960e-02
-1.376196e-01
1.548312e-01
-7.680290e-02
-9.332819e-02
1.913165e-02
8.060738e-02
1.049163e-02
-6.093501e-02
-2.715770e-01
-9.190056e-02
-8.713603e-02
-2.975844e-01
-1.350619e-01
9.829716e-03
-2.004983e-01
-3.954900e-02
3.076573e-02
-9.263100e-02
-5.785578e-02
1.361035e-01
4.536574e-02
6.512205e-02
-5.780858e-02
2.427015e-02
1.120601e-01
1.567575e-01
1.511300e-01
2.209045e-01
3.339556e-02
1.516192e-01
2.090272e-01
-3.830598e-02
4.090044e-02
2.053109e-01
1.502401e-02
3.413174e-02
-8.549429e-02
5.063977e-02
3.623578e-02
-8.199239e-02
7.757586e-02
1.264801e-01
-3.033343e-02
4.800418e-02
-8.632442e-02
3.475543e-02
4.584306e-02
-9.735607e-02
3.594854e-02
-1.289613e-02
-1.192417e-01
1.233591e-02
7.095447e-02
5.338188e-02
-3.138075e-02
-5.993229e-02
-1.122234e-01
-9.286428e-02
-4.703725e-02
-1.247458e-01
-7.642754e-02
-1.565695e-01
-2.787724e-01
1.125930e-01
-4.373424e-02
-2.388584e-01
1.526503e-02
9.850378e-02
-1.325025e-01
2.104019e-02
3.421115e-02
-2.129053e-02
-1.876584e-02
1.061339e-01
-7.138574e-02
-4.668939e-02
4.886011e-02
-9.769676e-03
-9.134123e-02
-1.462810e-01
-1.146832e-01
-5.902183e-03
-1.201187e-01
-1.636705e-01
-9.670591e-02
-5.494557e-02
-5.639724e-02
3.763426e-02
1.458980e-02
-3.840568e-02
-1.416193e-01
5.471688e-02
-5.937305e-02
-1.404791e-01
8.028065e-02
-5.468236e-02
-1.217321e-01
1.548287e-01
2.469049e-01
1.475899e-01
3.154509e-01
3.520950e-01
3.087812e-01
3.135739e-01
3.981565e-01
1.875610e-01
1.705620e-03
7.277340e-02
1.281559e-01
-1.238416e-01
-8.545173e-02
8.681657e-03
-1.079210e-01
-1.589635e-01
-1.049191e-01
-5.070969e-02
1.724989e-01
2.151409e-01
3.684724e-02
1.689819e-01
1.078230e-01
1.066181e-01
9.480005e-02
1.921158e-01
7.679868e-02
-9.238873e-02
-9.272317e-02
-1.178798e-01
-1.371722e-01
-1.904392e-01
1.038209e-01
-8.382243e-02
-1.367429e-01
-2.337275e-01
-2.619883e-01
-1.038271e-01
-1.560130e-01
-1.007417e-01
-6.664561e-02
1.836908e-02
-1.424604e-01
-1.325822e-01
1.168713e-01
2.810473e-01
1.171781e-01
4.833559e-03
1.965846e-01
2.192576e-01
1.516303e-01
2.146486e-01
1.073006e-01
1.984128e-02
-2.566276e-02
-3.558283e-02
5.149332e-02
-4.501700e-02
-5.259232e-02
1.103675e-01
4.266264e-02
-1.138113e-02
9.910838e-02
2.553629e-01
7.831912e-02
2.805701e-01
3.790395e-01
1.818719e-01
4.590122e-01
3.345964e-01
1.226456e-01
-5.302322e-02
-1.694301e-01
2.011150e-02
7.633792e-03
-1.538109e-01
9.428807e-02
7.636891e-02
-2.308200e-01
-9.551308e-03
-2.293157e-01
-5.958797e-02
-1.709390e-01
-1.480192e-01
1.080653e-01
-1.091958e-01
-4.738719e-02
5.505560e-02
-2.992013e-02
-5.845116e-02
1.361545e-02
-3.080277e-02
-4.491502e-02
-2.410811e-02
2.118094e-02
-6.079795e-03
-1.049893e-01
-3.709695e-02
2.904961e-02
-1.867643e-02
4.990586e-02
-3.096419e-03
6.092800e-02
1.459916e-01
1.181639e-01
7.604004e-02
1.768621e-01
-6.637833e-02
-1.770970e-01
-1.705270e-01
-4.299305e-02
-1.491491e-01
-1.695566e-01
3.618905e-02
-2.875313e-02
-8.857625e-02
-1.945298e-01
-2.325218e-01
-5.817477e-02
-2.336417e-01
-1.567527e-01
-2.125129e-01
-1.922299e-01
-1.809848e-01
-2.538722e-01
-1.173322e-01
-8.697294e-02
-5.016804e-02
-1.270044e-01
-2.342210e-01
-9.244650e-02
-9.694572e-02
-2.071832e-01
-1.818189e-01
5.106866e-02
-2.974951e-02
2.844377e-02
-1.633335e-02
-8.082366e-02
-8.316930e-02
-1.791887e-03
-1.399725e-01
-5.349030e-02
9.319990e-02
5.814601e-02
2.318584e-02
1.515725e-01
1.996171e-01
3.330103e-02
4.319097e-02
2.272940e-01
-1.348353e-02
7.864640e-02
1.163576e-01
2.419523e-01
-2.087821e-03
2.745492e-01
2.395428e-01
-4.916641e-02
1.259431e-01
1.746094e-01
-2.060789e-01
-1.712657e-01
-1.046384e-01
-3.728800e-01
-2.898943e-01
-2.227766e-01
-1.010717e-01
-1.662783e-01
-1.224972e-01
2.535857e-02
4.528249e-02
-1.905743e-02
5.808605e-02
4.222327e-03
-1.296485e-01
-8.643687e-03
-8.117650e-02
-1.117314e-01
-1.676789e-01
-3.140194e-01
-1.702453e-01
-1.855846e-01
-2.944258e-01
-1.912034e-01
-6.303498e-02
-1.833488e-01
-1.696117e-01
-2.676455e-01
-2.724333e-01
-7.407416e-02
-2.024220e-01
-2.154054e-01
-7.571322e-02
-2.312208e-02
-9.350030e-02
-2.460415e-02
8.241180e-02
8.789747e-03
-1.219705e-01
-4.859821e-02
-7.481942e-02
-1.872130e-01
-2.817192e-02
-1.827195e-02
-1.418025e-01
-2.673697e-01
-1.028542e-01
5.073368e-02
-2.931204e-01
-1.880541e-01
-5.990202e-03
-1.654911e-01
-2.006309e-01
-1.510790e-01
9.174755e-02
3.108034e-02
-2.304821e-02
5.035489e-02
3.060882e-02
1.716000e-02
1.285716e-01
8.813503e-02
-7.406275e-02
-7.496557e-02
8.739504e-02
1.579754e-01
1.013341e-01
7.821608e-02
1.486440e-01
8.818351e-04
4.926823e-02
1.178383e-01
3.569759e-02
1.393913e-01
4.828475e-02
-2.057177e-02
1.135940e-01
-2.788487e-02
-2.561174e-02
1.815637e-02
-7.541759e-02
-2.973512e-02
-7.881164e-02
-1.295666e-02
-1.533180e-01
-2.439253e-01
-1.474837e-01
-1.369369e-01
-2.372962e-01
-1.654276e-01
1.137776e-01
3.093912e-02
-2.604949e-01
3.641622e-02
2.224676e-02
-1.444359e-01
-4.370214e-02
1.726831e-02
-5.308468e-02
1.515989e-01
4.887835e-02
5.144589e-03
1.305017e-01
6.109906e-02
-8.780690e-02
1.958415e-02
-4.070041e-02
-1.476517e-01
-2.588787e-01
-2.596867e-01
-1.892999e-01
-2.599926e-01
-3.407132e-01
-2.424899e-01
-1.447432e-02
-1.018476e-01
-1.753676e-01
4.282834e-02
-9.077130e-02
-1.200947e-01
-1.010366e-02
-1.035541e-01
-1.980863e-01
-8.485834e-02
-1.690884e-01
-2.481066e-01
-8.704841e-02
-1.183574e-01
-6.238781e-02
-1.070881e-01
-2.074570e-01
-2.521016e-01
-3.506956e-02
-1.560096e-01
-1.362236e-01
-1.434289e-01
-1.256439e-01
-6.786624e-02
-5.903139e-02
-1.865037e-01
-9.644853e-02
8.313317e-02
4.378084e-02
3.528889e-02
-1.644810e-02
-5.288644e-02
-5.338462e-02
-1.871303e-01
-1.459443e-01
-3.706445e-03
-1.841465e-01
-9.840516e-03
9.226645e-02
4.680349e-02
-6.101680e-03
-5.237528e-02
-4.090012e-02
-4.473766e-02
-1.746090e-02
-8.712041e-02
1.851220e-02
1.302926e-02
-1.247181e-01
-2.328879e-01
-2.484900e-01
-1.086705e-01
-1.489596e-01
-1.884880e-01
-1.733240e-01
-1.963315e-01
-1.368912e-01
-1.457441e-01
-1.016579e-01
-1.579015e-01
-1.269999e-01
-1.760246e-01
-1.876012e-01
-1.844636e-01
-2.189478e-01
-7.139696e-02
-6.946658e-02
-1.276721e-01
-1.262842e-01
-2.922907e-02
-2.804873e-02
-1.995398e-02
4.548077e-02
-3.046883e-02
2.526162e-02
-1.593433e-01
-1.822751e-01
-4.201845e-02
-1.629435e-01
-2.299237e-01
-8.532744e-02
-1.460508e-01
-9.255943e-02
6.532034e-02
-6.769097e-02
1.043563e-03
-6.785095e-02
-7.146926e-02
-2.167679e-01
-2.097319e-01
-5.881305e-02
-1.091380e-01
2.970506e-02
-2.679009e-02
8.160163e-03
1.562602e-03
-5.182059e-02
-5.900608e-02
-1.771803e-01
-5.854863e-02
-6.340265e-02
-9.175374e-02
3.744236e-02
-3.205242e-02
-5.910250e-02
-3.324756e-03
-3.724186e-02
-1.003693e-01
-7.847416e-02
-1.011839e-01
-8.520258e-02
-1.061941e-01
-5.612281e-03
-1.065791e-01
-9.049840e-02
-3.193550e-02
-4.881729e-02
-9.209365e-02
-4.940357e-02
-5.113641e-02
2.048842e-02
-2.753889e-01
-8.957512e-02
3.241874e-02
-1.276787e-01
5.368395e-02
-2.059029e-03
-5.063331e-02
7.035642e-02
4.089999e-02
1.073766e-01
2.163387e-02
1.013907e-01
5.920268e-02
8.454290e-02
1.541584e-02
-5.525378e-03
7.768925e-02
-5.512257e-02
-5.377923e-02
-9.808226e-03
8.531971e-02
5.185199e-03
-4.674036e-02
-5.632694e-02
-7.478431e-02
-2.048429e-02
1.477199e-01
1.376354e-01
1.024221e-01
8.891024e-02
1.045702e-01
2.426307e-02
2.735728e-02
1.978927e-02
-1.081943e-01
1.724164e-01
1.882916e-01
3.449929e-02
1.110484e-01
2.028092e-01
8.257782e-02
2.188744e-01
9.819622e-02
1.049170e-01
-4.657219e-02
-3.915673e-02
-3.855691e-02
2.974788e-02
-8.222974e-02
-8.936564e-02
-4.011243e-02
-1.105622e-01
-8.003259e-02
3.649766e-02
9.694046e-02
1.839533e-01
9.822065e-02
2.017646e-01
3.082401e-01
2.079777e-01
2.617940e-01
1.203730e-01
1.383041e-01
1.256348e-01
9.807774e-02
4.038499e-02
1.168899e-01
1.095770e-01
-7.423607e-02
8.467070e-02
2.941963e-02
1.513508e-01
1.455745e-01
8.002219e-02
2.223680e-01
1.868281e-01
1.317794e-01
1.314223e-01
1.210992e-01
1.954823e-01
3.404085e-04
4.359979e-02
5.018314e-02
-1.048674e-01
-8.188114e-02
5.121602e-03
-6.078205e-02
-1.006250e-02
7.562906e-02
-9.994651e-02
-1.845218e-02
-1.133378e-01
-1.240186e-01
-3.854751e-02
-1.166245e-01
-1.535621e-01
-6.883178e-02
-6.903467e-02
-1.773758e-01
-5.722168e-02
3.995931e-03
-1.178607e-01
-3.646668e-02
5.356995e-02
-9.570798e-02
-1.765105e-01
6.448426e-03
-5.581412e-02
2.143464e-03
-1.369641e-01
-2.980593e-02
-8.250421e-02
-1.209534e-01
3.898442e-02
-1.055255e-01
1.011061e-03
-1.267810e-01
-1.420698e-01
-1.265072e-01
-1.311216e-01
-1.315378e-01
-1.057211e-01
-1.039180e-01
-5.639398e-02
-3.567828e-02
-1.352237e-02
9.199104e-02
2.402769e-02
7.671084e-02
1.696991e-01
1.256984e-01
3.057069e-02
9.908731e-02
5.870461e-02
1.377960e-01
1.729923e-01
1.215679e-01
8.234446e-02
8.495629e-02
1.192060e-01
-1.713346e-01
-1.588203e-01
-3.615580e-02
-3.907192e-02
-1.143818e-02
7.228673e-03
-4.971496e-02
5.820205e-02
5.426010e-02
-1.281982e-01
-2.370834e-02
-3.782943e-02
1.511736e-01
1.444996e-01
6.788071e-02
1.170158e-01
6.418601e-02
-6.045663e-02
-1.184668e-01
-1.176600e-01
-2.016550e-01
1.606053e-01
2.064422e-01
8.789151e-02
4.563967e-02
-1.142024e-02
-2.210067e-02
7.129820e-02
7.767206e-02
-1.022245e-02
1.609936e-02
5.172827e-02
1.012146e-01
8.006452e-03
5.215697e-02
7.108198e-02
4.919603e-02
5.579303e-03
-3.836076e-03
-1.626494e-01
-2.084523e-01
-1.052145e-01
-2.586608e-01
-3.849462e-01
-2.357102e-01
-1.410151e-01
-3.568753e-01
-2.472777e-01
-7.005866e-02
1.072812e-01
1.888841e-01
-9.329411e-02
-1.497452e-01
5.796763e-02
-3.292924e-02
-9.080460e-02
-2.907561e-02
-7.901029e-03
-9.328375e-02
-3.465946e-02
-6.319077e-02
-9.829340e-02
-8.392384e-02
-9.200235e-02
2.651688e-02
-8.617731e-02
-1.142774e-01
-6.712175e-02
-6.638460e-02
-6.552386e-02
-5.247194e-02
-8.546019e-02
-1.631510e-02
-1.036046e-01
-1.694690e-01
-6.936520e-02
-1.627009e-01
-1.950095e-01
-1.249835e-01
-2.265210e-01
-2.305445e-01
-1.148903e-01
-1.766082e-01
-8.108696e-02
8.207699e-02
2.312078e-02
7.226345e-02
2.252055e-02
-4.768324e-02
-3.307429e-04
-1.986198e-02
4.783034e-03
-3.858149e-02
1.695677e-01
9.437826e-02
7.355595e-02
1.465415e-01
7.011432e-02
7.247351e-02
9.535641e-02
2.398363e-02
5.910645e-02
-8.145199e-02
-1.715920e-02
3.904786e-02
-3.175110e-02
-4.921825e-02
-4.688673e-02
-2.722575e-02
-1.110072e-01
-1.211595e-01
1.030743e-01
1.489991e-01
9.213275e-02
1.278677e-01
1.366209e-01
1.291329e-01
5.957347e-02
6.791215e-03
3.779929e-02
1.172972e-01
-5.664811e-02
8.785714e-03
6.551725e-02
-1.071174e-01
-2.119637e-02
-2.042126e-02
-7.816803e-02
-4.110465e-02
-1.631550e-02
-4.480394e-02
-2.747163e-02
2.080331e-02
-1.603252e-02
-1.275800e-02
-5.391654e-03
-4.919930e-02
-3.887120e-02
1.095647e-02
3.059145e-04
-8.031322e-03
1.019191e-01
5.769427e-02
8.296324e-02
6.188022e-02
5.865502e-02
8.365593e-02
-6.264708e-03
-4.346526e-02
7.633349e-03
-3.666350e-02
-9.539980e-02
-5.063451e-02
1.427972e-02
-8.328176e-02
-7.223369e-02
-5.932213e-02
-1.320480e-01
-2.630021e-02
-4.572359e-02
-2.109768e-02
-4.221606e-03
3.191448e-02
-4.124752e-02
5.512414e-03
-1.209931e-01
-1.413221e-01
-1.801908e-01
-2.048154e-01
-2.470248e-01
-1.978482e-01
-3.348425e-02
-1.600067e-01
-1.376728e-01
1.133217e-01
6.621274e-02
-5.470430e-02
5.061547e-02
2.592430e-02
-8.659378e-02
3.950102e-02
8.694234e-04
-4.713785e-02
3.777069e-02
5.327214e-02
-1.815555e-03
1.698840e-01
-5.337282e-02
-9.801748e-02
1.398628e-01
1.288223e-02
-1.153255e-02
-7.537634e-02
-7.829247e-02
-6.204810e-02
-1.051693e-01
-1.051762e-01
-1.213449e-01
1.089623e-02
-9.254774e-02
-1.256971e-01
8.013371e-02
7.421798e-02
-1.994012e-02
9.279885e-02
-6.894237e-03
-1.001548e-02
2.522884e-02
8.243449e-03
-6.580721e-02
7.063571e-02
-4.584767e-02
-1.458374e-01
7.728593e-02
7.170216e-03
-1.679976e-01
1.041126e-01
-1.520627e-02
-1.230813e-01
-3.287777e-02
2.365565e-02
4.764670e-02
4.402139e-02
2.733867e-02
6.020267e-02
-1.643435e-02
1.575734e-02
-2.307820e-02
6.694288e-03
9.656736e-02
1.129815e-01
-8.610082e-02
-1.954872e-02
-1.528772e-02
4.648987e-02
1.045394e-01
-1.529749e-01
-5.289716e-03
-2.030467e-02
-1.029584e-01
-7.774068e-02
-3.309834e-02
-1.075056e-01
-6.679811e-02
-4.597421e-02
-1.083923e-01
4.113666e-02
-2.172380e-02
-4.494948e-02
1.271095e-01
2.641883e-02
-3.958191e-02
8.217543e-02
2.412339e-01
3.670658e-02
-2.959040e-02
2.173438e-02
-8.915215e-03
9.226666e-02
9.400008e-03
-8.211507e-02
2.027497e-01
1.053135e-01
-1.947284e-02
5.900081e-02
2.908246e-01
5.743929e-02
1.638985e-01
3.411362e-01
1.352630e-01
1.333300e-01
2.232484e-01
1.597698e-01
-4.854522e-02
-2.392458e-03
-1.201374e-02
-9.938164e-02
-3.437261e-02
-1.891691e-02
-7.215184e-02
-3.989924e-02
-5.553339e-03
-8.614084e-02
-7.661473e-03
-8.181565e-02
-9.148869e-02
1.002488e-01
2.423297e-02
-1.551516e-02
1.454094e-01
1.103065e-02
-1.120204e-01
-2.727493e-02
-4.763545e-02
-1.680323e-01
-1.330047e-01
-8.778286e-02
-1.744653e-01
-2.133856e-01
-6.120793e-02
-3.213467e-02
3.097907e-02
-1.684761e-02
-8.416965e-02
6.347981e-02
-2.147522e-02
-8.365388e-02
-3.032055e-02
2.188117e-03
4.087749e-02
6.287221e-03
5.316525e-02
-2.970090e-02
-1.632734e-01
3.779334e-02
1.368092e-01
-4.251403e-02
6.328055e-02
1.224163e-01
6.983460e-02
8.757649e-02
5.815898e-02
7.596382e-02
1.195559e-01
1.318044e-02
1.281896e-01
9.914190e-02
-5.419575e-02
8.720148e-02
1.036774e-01
6.987954e-02
1.189139e-01
1.381213e-01
-1.834731e-04
5.483594e-02
-4.488124e-04
2.116806e-02
-2.371167e-02
8.979141e-02
-7.935112e-02
3.050923e-03
-6.631149e-02
-3.633157e-02
-3.098619e-02
-1.663916e-02
-1.133125e-01
5.940178e-02
-4.072990e-02
-6.722839e-02
-1.629181e-02
6.157780e-02
-1.760327e-02
1.288559e-03
1.171736e-01
-2.669393e-02
-1.643593e-01
-6.386580e-02
-5.750692e-02
-2.268120e-01
-6.750413e-02
3.640878e-02
-5.102352e-02
1.942894e-02
6.649690e-02
6.406560e-02
1.125750e-01
-6.292594e-02
3.457816e-02
-2.840683e-02
-5.933141e-02
-3.309292e-02
5.756265e-03
8.370258e-02
6.267425e-02
-1.973139e-02
4.100511e-02
9.814188e-02
1.061140e-01
-4.933325e-02
1.304192e-02
2.380714e-02
-8.932418e-02
-1.440275e-01
-6.610489e-03
-2.061817e-01
-2.796056e-01
-1.528630e-01
-1.490240e-01
-2.530727e-01
-1.627518e-01
7.578712e-03
8.620518e-02
1.184527e-01
-2.047978e-02
1.101389e-01
1.968173e-01
-1.342940e-01
-5.018460e-02
3.816677e-02
2.453574e-02
-3.497467e-02
8.997913e-04
-3.093704e-02
2.144902e-02
7.691016e-02
-4.215755e-03
-9.645187e-03
1.393194e-01
7.003424e-02
-7.881921e-02
-8.843715e-02
1.246083e-01
-2.215626e-02
-1.532207e-01
1.915577e-02
2.773303e-03
-1.693937e-01
-1.472167e-02
-5.503365e-02
-7.832055e-02
-2.092332e-02
-3.445955e-02
-3.505346e-02
-3.069206e-03
-6.244661e-02
-7.751225e-03
-3.659491e-02
-7.457667e-03
-3.532563e-02
-1.005036e-01
-4.555256e-02
-1.654714e-02
-1.503878e-01
-7.140744e-02
-5.503363e-02
4.268358e-02
-3.084542e-01
-5.996192e-02
-7.481484e-02
-2.747695e-01
-1.159460e-01
-6.435228e-03
-1.906898e-01
2.997999e-02
-9.505179e-02
-1.175914e-01
-5.936705e-02
-4.054670e-02
-5.171398e-02
-1.013748e-01
-5.780049e-02
-1.259983e-01
-9.043618e-02
-1.256484e-01
-1.004212e-01
-4.702488e-02
-4.534488e-02
-4.024838e-02
-2.795343e-02
3.161987e-02
2.134522e-02
-3.570758e-02
-9.679931e-02
-1.251812e-01
-9.260308e-02
-1.363022e-01
-2.394986e-01
-2.483791e-01
-3.613935e-02
-1.506098e-01
-2.166836e-01
1.050610e-01
2.672457e-02
2.629851e-04
5.901412e-02
6.772713e-02
4.571428e-02
-2.585418e-03
8.488975e-02
-2.053529e-03
8.189493e-02
7.015053e-02
8.392944e-03
2.138325e-02
-2.425720e-03
2.037386e-02
-4.803396e-02
-7.188262e-02
-3.838448e-02
-8.392935e-02
-1.039467e-01
-1.173439e-01
-4.941566e-02
9.678693e-03
-1.028908e-02
-2.459445e-02
7.125327e-02
-6.760414e-03
