-1.349291e-03
3.170587e-03
-3.165417e-02
2.797190e-02
5.491687e-02
3.356241e-02
5.115912e-02
7.594290e-02
3.289979e-02
3.379147e-03
-2.208545e-02
-3.892314e-02
6.187925e-02
8.278766e-02
6.548093e-02
9.022619e-02
1.099307e-01
7.227013e-02
-1.082040e-01
-1.021922e-01
-3.834340e-02
2.576066e-02
6.090372e-02
7.714108e-02
-4.580008e-02
-4.549439e-02
-7.884756e-02
1.296027e-01
6.759862e-02
1.675556e-01
1.348744e-01
2.040929e-02
8.933584e-02
-7.861890e-02
-9.351926e-02
-2.097621e-02
8.574679e-02
1.299156e-01
6.793269e-02
6.056117e-02
1.270181e-01
6.245435e-02
8.773162e-02
1.369098e-01
8.831787e-02
1.960342e-01
1.885629e-01
1.167300e-01
2.074887e-01
1.856740e-01
1.212163e-01
1.331023e-01
1.091378e-01
8.056304e-02
-1.537773e-01
-1.761417e-01
-1.860160e-01
-2.206468e-01
-2.180198e-01
-1.854589e-01
-1.222770e-01
-6.048886e-02
1.487369e-04
1.299606e-02
1.113513e-03
-2.582888e-02
2.841213e-02
-1.090307e-02
-4.212840e-02
7.959924e-02
7.029135e-02
1.912843e-02
-5.550000e-02
-5.612307e-02
-1.084630e-01
3.545303e-02
8.175208e-02
5.697118e-02
-3.293170e-03
6.967910e-02
4.251252e-02
-1.200074e-02
6.531423e-02
8.162140e-02
-6.928630e-03
6.882203e-02
6.134178e-02
-7.137892e-02
6.600491e-02
9.887190e-02
3.923548e-02
5.488085e-02
8.509918e-02
3.836395e-02
2.020054e-02
2.808223e-02
-1.490711e-02
-2.502451e-02
6.775998e-03
-6.268787e-02
-6.582372e-02
-4.768350e-02
-6.109786e-02
-6.543463e-02
-6.289653e-02
-2.702030e-02
-6.557129e-02
-7.503999e-02
3.067457e-02
1.467897e-01
1.173811e-01
2.883535e-02
1.564869e-01
1.488371e-01
5.354824e-02
1.470828e-01
1.491704e-01
-1.628952e-02
1.400837e-02
-2.960092e-02
5.062011e-02
8.462860e-02
5.735312e-02
2.367345e-02
4.511832e-02
1.886671e-02
3.712789e-02
1.439544e-02
1.041254e-02
8.126802e-02
2.135003e-02
-4.472797e-03
2.374439e-02
-4.124786e-02
-5.078691e-02
9.311596e-03
2.596611e-02
4.361815e-02
7.609396e-02
1.012984e-01
8.823562e-02
1.135469e-01
1.033300e-01
5.693145e-02
-2.959400e-03
3.188159e-02
1.370908e-01
-4.293128e-02
2.851289e-02
1.616584e-01
-7.155146e-02
-2.093802e-03
-1.984480e-02
6.039840e-02
6.868886e-02
1.660579e-01
-3.476423e-04
9.842682e-03
1.955027e-01
4.512427e-02
-6.074668e-02
-7.060172e-02
-1.990848e-02
2.768766e-02
2.295838e-02
-5.298861e-02
-1.589245e-02
2.682658e-01
5.981616e-02
-3.063965e-02
-5.091554e-02
-3.265050e-02
7.073772e-02
-1.532542e-01
6.051181e-02
4.176248e-01
-1.268987e-01
-7.876024e-02
-2.105314e-01
-4.528847e-02
-8.892874e-03
-2.388272e-02
5.537446e-02
2.516392e-02
-1.558831e-01
-9.844479e-02
6.309533e-02
-4.868479e-02
3.501705e-02
1.291154e-01
4.304563e-02
-5.577502e-02
1.364294e-01
5.605061e-02
-1.020148e-01
1.528925e-01
6.634339e-02
-1.834065e-02
-1.690089e-01
-2.548574e-01
-1.289000e-01
-1.584412e-01
-2.130402e-01
-1.469510e-01
-8.685465e-02
-6.534404e-02
8.535350e-02
-2.804046e-02
-9.785160e-02
-9.013408e-02
1.023218e-01
4.145117e-02
-3.114082e-02
9.650789e-02
8.509346e-02
2.948717e-03
-2.489586e-02
-1.779627e-01
-1.068173e-01
-1.694895e-01
-2.096223e-01
2.191672e-01
-1.036104e-01
-6.837382e-02
1.248509e-01
1.007047e-01
7.862302e-02
1.191760e-01
5.572580e-02
8.631694e-02
2.435680e-01
9.255155e-03
-1.877257e-01
-9.945588e-02
-4.845302e-02
1.043249e-01
6.459661e-02
-1.821790e-02
3.072348e-02
-1.201033e-01
-1.365352e-02
-5.085057e-02
-8.109975e-02
-1.809809e-02
4.476012e-02
8.252064e-02
-2.124181e-02
1.012510e-01
1.393182e-01
-5.861306e-02
3.085157e-02
6.045645e-02
9.268853e-02
-9.975882e-03
-1.455735e-01
1.612840e-01
5.252058e-02
-7.895920e-02
6.180688e-02
1.093517e-01
1.267213e-01
-1.134157e-01
-5.301113e-02
8.739115e-02
-6.865460e-02
-8.597524e-02
9.625235e-02
-6.117573e-02
-7.828002e-02
-1.071105e-01
-4.485471e-02
-4.266230e-02
9.158364e-03
9.475454e-04
-5.294864e-02
-7.376924e-02
-2.604835e-02
-5.985573e-02
-1.137161e-01
-1.134545e-01
6.217168e-02
1.800186e-01
-1.065255e-01
-4.030616e-03
1.175180e-01
-1.711236e-01
-2.437816e-01
-2.489698e-01
9.603812e-02
5.186179e-02
-1.451398e-02
4.812281e-02
3.321863e-02
-2.720578e-02
7.660829e-03
-4.077440e-02
-1.215545e-01
3.409760e-02
-5.196598e-02
2.198657e-03
1.071547e-03
-3.063864e-02
-2.684348e-02
2.790181e-03
-6.888987e-03
-9.525999e-02
-1.266107e-01
-1.444416e-01
-3.230072e-02
1.228490e-01
-6.058829e-02
-3.538268e-01
3.167006e-01
1.786359e-01
-1.897915e-01
-2.938437e-01
-1.450662e-01
-1.266566e-01
-3.814755e-02
-1.102515e-01
5.629009e-02
-1.170131e-02
1.317524e-01
5.267014e-03
-2.273975e-01
-2.414509e-01
-1.917363e-01
1.527944e-03
-5.965214e-02
-1.483317e-01
3.185872e-01
2.128929e-01
1.999150e-03
-4.223588e-01
-3.718663e-01
-2.682264e-01
-1.917597e-01
-1.568045e-02
2.404345e-02
6.812705e-03
3.455728e-01
3.195397e-01
4.857300e-01
4.238456e-01
2.928190e-02
1.996838e-01
-1.995337e-01
-4.309821e-01
3.514280e-02
-4.220448e-01
-5.317771e-01
-4.426686e-03
1.520959e-02
-8.878316e-02
-6.265237e-02
-4.980484e-02
-7.451777e-02
5.135061e-02
2.404033e-02
-1.703262e-02
1.252430e-01
-9.515697e-02
-1.565307e-01
1.596516e-01
9.448217e-02
-5.541102e-02
-1.403112e-01
-4.491743e-02
-1.145643e-01
-5.095168e-02
-4.577992e-02
-6.091018e-02
4.053197e-02
3.091063e-02
7.788252e-02
-5.527690e-02
7.669663e-02
1.504722e-01
-1.328880e-01
-4.210301e-02
-5.917014e-02
4.706190e-03
-4.896683e-02
-1.160835e-01
1.200490e-01
1.013864e-01
-7.852721e-02
2.303590e-01
1.977303e-01
8.347557e-02
3.539193e-02
-6.809038e-02
-1.488354e-01
-1.417885e-01
-2.940426e-01
-3.460160e-01
7.001454e-02
1.639948e-01
1.322056e-01
-6.890476e-02
-1.734156e-01
9.005314e-02
1.049353e-01
-3.079815e-01
7.291581e-02
1.308673e-01
1.383194e-01
1.169960e-01
-5.760257e-02
-2.213186e-02
-7.542286e-02
-1.368825e-01
-1.961800e-01
-2.466515e-01
-1.600160e-01
-9.418547e-02
-1.069470e-01
-9.641632e-02
7.142100e-04
1.557569e-02
-4.654621e-02
8.264046e-02
4.929171e-02
-4.984562e-02
-8.504898e-02
-2.865760e-02
-1.052669e-01
-1.140534e-01
-5.856347e-02
4.993625e-02
-2.763848e-02
-6.729530e-02
-6.222359e-02
-2.638999e-02
-4.148253e-02
-2.132374e-02
-1.410998e-02
-4.589233e-02
-1.384867e-02
-3.042187e-02
-4.209228e-02
-1.283141e-01
-7.728712e-02
-8.471475e-02
-5.729964e-02
-3.927635e-02
-9.351702e-02
-7.913561e-03
-5.064076e-02
-1.015124e-01
-8.847775e-02
-1.426968e-01
-1.077320e-01
-1.258280e-03
-9.485661e-02
-1.640480e-01
1.052727e-02
-2.380840e-02
-8.937354e-02
-1.354574e-01
-3.993301e-02
8.267114e-02
-1.148120e-01
-1.388214e-01
9.524563e-02
-1.046973e-01
-1.705011e-02
5.828075e-02
-6.692623e-02
1.007996e-01
4.846750e-02
-8.843716e-03
1.361381e-01
9.018494e-02
1.301544e-02
3.555040e-02
-4.725646e-02
-1.110059e-01
-5.357959e-02
-2.481576e-03
-5.514367e-02
9.659788e-03
4.752170e-02
-1.942062e-02
4.142337e-02
3.645479e-02
2.636898e-01
2.333429e-02
-7.287087e-02
1.456423e-01
-7.208105e-02
-7.118350e-02
1.575570e-01
4.076983e-02
5.387343e-02
-7.933779e-02
-6.144658e-02
-1.001886e-01
-9.821301e-02
-2.537191e-02
-2.202906e-02
-8.590958e-02
-3.815163e-02
-2.551060e-02
-7.151386e-02
-1.079132e-01
-1.426525e-01
-1.140342e-01
-1.150841e-01
-1.754621e-01
-5.777492e-02
-3.784153e-02
-6.583577e-02
-1.352664e-01
-2.451167e-01
-2.210320e-01
-2.370022e-01
-2.838283e-01
-2.616619e-01
-2.016997e-01
-1.977984e-01
-1.219043e-01
8.937724e-03
-7.683121e-02
-4.658848e-02
-8.286570e-02
-1.271819e-01
-3.148939e-02
-9.940135e-02
-1.215540e-01
-2.255280e-02
1.001851e-01
7.302205e-02
7.509556e-02
1.031940e-01
3.295220e-02
4.112478e-02
6.079700e-02
1.301031e-02
1.487608e-02
-1.862162e-02
1.477852e-01
2.107028e-01
-9.125914e-02
3.011030e-02
1.963982e-01
-2.363313e-01
-2.453902e-01
-6.234254e-02
1.371496e-03
1.623784e-02
2.581725e-02
2.493302e-03
-5.039469e-03
-2.291688e-02
-3.381865e-02
-6.613091e-02
-8.251680e-02
-1.100608e-02
-1.487725e-02
-7.205398e-03
-4.627237e-02
-4.356107e-02
-5.950540e-03
-5.419793e-02
-4.218565e-02
2.597267e-02
6.569281e-02
9.091171e-02
3.596085e-02
8.624332e-02
3.799264e-02
-6.453330e-03
8.006845e-02
-3.791281e-02
-6.497461e-02
-2.959179e-02
9.581564e-02
1.288110e-01
-9.436486e-02
1.115722e-02
-6.367798e-03
-4.007997e-02
-8.832325e-02
-4.224887e-02
1.320815e-02
1.574974e-01
3.090833e-01
-1.345501e-01
-3.955175e-02
-6.451216e-02
-2.230379e-01
-2.770120e-01
-2.219604e-01
2.294251e-01
1.757867e-01
3.731168e-02
-1.374426e-01
7.897589e-02
6.378043e-02
-1.829900e-01
-1.084189e-01
1.953596e-01
2.785594e-02
-8.269406e-02
1.773434e-01
2.039997e-01
-2.541262e-01
3.335547e-01
2.113982e-02
2.090062e-01
-1.280088e-02
-5.776610e-02
3.173944e-02
-1.495581e-01
-2.245068e-01
1.479042e-01
3.041551e-01
-3.183236e-01
4.307419e-02
2.513301e-01
9.963356e-02
3.181744e-01
3.698843e-01
-4.685993e-02
-5.246418e-02
1.055968e-01
-1.242575e-01
-2.125972e-01
-3.252389e-02
2.074795e-01
9.609344e-04
-6.906158e-02
2.981353e-01
-1.241595e-01
-3.342306e-01
2.616062e-01
-7.503282e-02
-3.944772e-01
-3.807487e-02
-3.957092e-02
-1.390248e-01
6.094607e-02
9.748305e-02
7.786302e-03
7.307999e-02
2.190112e-02
7.439963e-02
1.749712e-02
2.931753e-02
4.822163e-02
-1.981596e-01
-5.720137e-02
-3.176338e-01
-2.263606e-02
-4.897369e-02
-1.762978e-01
-1.532890e-01
1.379241e-01
1.254241e-01
-2.999439e-02
1.063059e-01
-1.611812e-01
3.489594e-02
1.655180e-02
-1.389454e-01
-5.631451e-02
-1.260081e-01
-1.276217e-01
4.474903e-02
5.446060e-03
-3.148487e-02
-6.369301e-03
5.496791e-02
2.893380e-02
-7.864916e-02
-8.135603e-02
-1.446632e-01
6.255220e-02
-6.104062e-02
-1.299939e-01
2.164463e-01
8.596859e-02
-4.806446e-02
-3.716749e-01
-5.398414e-01
-2.990360e-01
1.282275e-02
2.136575e-01
2.698130e-01
2.303638e-01
6.145999e-01
3.643967e-01
-5.414814e-02
6.197938e-03
-2.078830e-03
-2.837231e-02
8.470484e-02
-3.722854e-02
8.853173e-02
1.154781e-01
7.585760e-02
-5.424662e-02
-6.198541e-02
-7.887200e-03
-3.230847e-02
-5.564854e-02
-1.861749e-02
-1.051243e-01
-1.008405e-01
-8.010140e-02
-8.291914e-02
-1.954422e-02
5.232491e-02
-2.891810e-02
7.509631e-02
1.568099e-01
7.162647e-03
1.003304e-01
1.799954e-01
-5.276180e-02
-1.324695e-01
-1.285320e-01
-8.654992e-02
-2.440926e-01
-1.593347e-01
-1.754543e-01
1.923899e-02
1.005739e-01
-8.806696e-02
-4.745281e-03
-6.923489e-02
-4.646568e-03
-2.686707e-01
5.362344e-02
-2.204235e-03
3.541018e-02
3.389641e-02
-1.841550e-02
4.329669e-01
1.613091e-01
-8.735389e-02
-5.683436e-01
-1.287723e-01
-1.818385e-02
1.682019e-01
1.907241e-01
2.049491e-01
-1.579869e-01
-1.767042e-01
-6.460811e-01
6.883270e-01
-3.595468e-02
2.065209e-01
-6.286174e-01
-5.085387e-02
-1.226663e-02
-1.880205e-01
2.951071e-01
-1.952880e-02
8.221963e-02
-6.665690e-02
-7.783749e-02
-1.568754e-01
2.589801e-02
5.983912e-02
1.486235e-01
1.025808e-02
1.574907e-01
1.694913e-01
-2.588384e-02
1.255016e-01
-6.442360e-02
-2.221210e-01
1.843293e-02
-1.085592e-01
-6.968152e-02
1.336241e-01
3.158784e-01
1.464549e-01
-1.512696e-01
-2.868915e-01
6.836359e-04
5.284580e-02
-1.362980e-01
-5.171284e-02
-7.436208e-02
-7.448506e-02
-1.919262e-01
-8.209263e-02
-8.673514e-02
-4.257444e-02
-4.074511e-02
-2.818579e-02
4.280827e-02
-5.444492e-02
-5.087972e-01
-3.494769e-02
-1.741039e-01
-9.258108e-02
-3.816241e-01
1.173655e-01
5.549299e-03
8.607072e-02
-1.249911e-03
-1.727240e-02
4.186312e-01
2.866730e-02
-1.964956e-01
-3.115138e-01
-1.231638e-01
-6.851611e-02
-2.143607e-01
-5.309482e-02
1.705903e-01
-8.330698e-02
-1.320640e-01
-7.811639e-03
-2.712016e-02
6.445206e-02
-4.965480e-02
-1.229314e-02
-9.409065e-02
1.301237e-03
8.134419e-02
8.625048e-02
1.271024e-01
1.085710e-01
-3.381714e-02
-2.303796e-01
-6.836707e-02
-1.412556e-02
2.270281e-01
-2.685008e-02
-1.805254e-01
2.764470e-01
3.491918e-01
-1.310164e-01
-1.156081e-01
7.386474e-02
-1.018822e-01
-2.223560e-01
-1.472793e-01
3.649211e-02
8.032755e-02
6.435355e-02
9.799960e-02
-1.747967e-01
-1.113808e-01
2.248534e-02
-9.190103e-02
-1.830319e-01
6.995998e-02
8.181806e-02
-8.728605e-02
-3.354754e-02
-7.599504e-02
-1.375177e-02
-4.119787e-02
-5.086951e-02
-4.657861e-02
1.366070e-01
1.723552e-01
1.188044e-01
2.446468e-03
2.296653e-02
-9.066631e-04
6.533343e-02
8.863810e-02
8.376812e-02
1.073718e-02
3.298335e-02
3.766732e-02
1.488598e-01
1.488832e-01
6.079672e-02
2.453941e-01
2.507167e-01
2.043307e-01
1.135461e-01
1.261413e-01
9.898490e-02
-4.682513e-02
1.406570e-02
-3.532435e-02
2.001328e-01
1.715679e-01
1.504552e-01
-4.753003e-02
-2.676789e-02
-1.259452e-02
-3.473568e-02
-9.973274e-02
-5.272884e-02
-2.484148e-02
1.192157e-01
1.984503e-01
-4.946902e-02
6.787516e-02
4.955799e-02
-1.362983e-01
-1.202782e-01
-7.397863e-02
-5.018716e-02
-6.823922e-02
-3.983156e-02
-3.509408e-03
-1.486835e-03
5.461824e-02
9.529320e-02
6.435475e-02
1.006421e-02
2.469197e-01
2.019119e-01
1.222839e-01
2.114441e-01
1.416191e-01
6.794585e-02
1.933613e-01
3.217340e-01
2.848663e-01
7.509025e-02
2.193842e-01
1.214802e-01
-3.476693e-02
6.297375e-02
-5.861741e-02
-9.741620e-03
-4.450604e-02
-4.875504e-02
1.386096e-02
2.464265e-04
-2.499242e-02
3.604669e-02
4.821018e-02
2.315377e-02
5.223297e-02
1.134000e-01
8.367106e-02
8.212562e-02
1.352444e-01
7.353639e-02
-2.197347e-02
2.795872e-03
-3.020129e-02
9.394024e-03
-1.240926e-02
-4.297602e-02
-4.387726e-02
-1.940551e-03
5.328551e-02
1.839710e-02
8.413486e-03
4.501586e-02
-4.740186e-02
-7.042147e-02
-6.961849e-02
-5.017926e-02
1.673171e-02
3.273969e-02
-1.433062e-02
8.248352e-02
1.020031e-01
3.260197e-02
4.489924e-02
6.637135e-03
7.695117e-02
6.896973e-02
4.636610e-02
4.718006e-02
5.118566e-02
4.444877e-02
7.954103e-02
1.920110e-02
2.566538e-02
-3.343122e-02
-6.951579e-02
-4.070654e-02
1.287818e-02
2.861999e-02
8.086543e-02
-1.786571e-02
-5.484605e-03
-4.369635e-02
1.373644e-01
1.434754e-01
1.100460e-01
5.746254e-02
5.921732e-02
3.037356e-02
-7.534111e-03
-4.754006e-02
-3.929651e-02
1.434800e-02
1.017805e-02
1.255283e-02
2.781242e-03
3.420353e-02
1.110026e-02
-8.230799e-02
-4.979166e-02
-9.123013e-02
-2.208391e-02
2.930209e-03
-2.235386e-02
-5.630545e-02
-2.579238e-02
-5.029713e-02
-9.221897e-02
-1.083655e-01
-7.818773e-02
8.289207e-03
2.154328e-03
1.411348e-02
1.983290e-02
-5.094614e-03
6.131357e-03
5.004962e-03
-4.341263e-02
-3.568402e-02
1.038489e-01
7.452698e-02
7.497075e-02
9.222467e-02
5.712297e-02
1.136747e-01
2.103702e-01
7.419255e-02
-4.738094e-02
9.652958e-02
2.697762e-02
-1.133194e-01
-1.423669e-02
1.172640e-01
2.693040e-01
-9.229203e-02
8.770688e-02
9.545319e-02
-1.129777e-01
3.834853e-02
3.504960e-02
1.335866e-02
2.605292e-01
-2.383490e-02
7.157035e-02
-6.602038e-02
-8.565532e-02
6.862489e-02
7.527786e-02
5.753879e-02
5.771466e-02
7.861218e-02
1.295349e-01
3.566627e-02
9.376818e-02
-1.080146e-03
-2.399646e-02
-1.335673e-02
-5.244710e-02
-9.142716e-02
-9.747985e-02
-6.958948e-02
-8.553192e-02
5.031880e-03
6.415764e-02
6.241457e-03
1.165716e-01
9.325710e-02
1.690709e-03
6.716780e-02
8.704794e-03
-5.196439e-02
-1.143981e-01
-1.288480e-01
7.298900e-02
2.600955e-02
5.892511e-02
2.450965e-01
1.759546e-01
1.552368e-01
1.449100e-01
2.767114e-02
5.461063e-02
4.759544e-02
-9.657444e-02
-3.689639e-02
-1.269250e-03
-2.728406e-02
3.510885e-02
4.572459e-02
7.785492e-02
7.378721e-02
8.439349e-02
4.609536e-02
1.088174e-01
1.785874e-02
4.719678e-02
1.567991e-01
-4.977794e-02
-3.489541e-02
-1.303523e-01
-7.657020e-02
-3.666336e-02
-6.136739e-02
1.446764e-02
1.206804e-01
1.267646e-01
-7.390871e-02
-6.820618e-02
-5.411285e-02
-3.991379e-02
-3.894478e-02
-1.183656e-02
-2.757198e-02
-2.037168e-02
3.179296e-02
-2.087591e-01
-1.407502e-01
3.854819e-02
-7.922922e-02
1.087835e-01
1.411114e-01
3.687645e-01
4.689437e-01
1.880784e-01
-4.393769e-02
-9.366177e-02
-4.513548e-02
-9.949697e-03
-5.694904e-02
-1.326566e-02
4.711448e-02
-5.492079e-02
6.840093e-03
-3.280365e-02
-5.835093e-02
-7.704683e-02
-7.434759e-02
-1.360637e-01
-9.349167e-02
-4.529624e-02
-9.986822e-02
-1.130288e-01
-3.306770e-02
-5.987071e-02
-3.320697e-02
2.310048e-02
3.712019e-02
3.914744e-03
-2.533968e-02
-9.793243e-03
1.898537e-02
-2.257058e-02
-6.669090e-03
-5.044307e-02
-1.727043e-02
-8.664005e-02
-9.476091e-02
-1.276049e-01
-4.498757e-02
9.801937e-04
2.765546e-02
9.537391e-02
4.293959e-02
1.692314e-01
-1.176411e-01
9.282751e-02
-1.988397e-02
1.106679e-02
2.484056e-02
-4.434435e-02
1.210873e-01
-1.456960e-02
4.848744e-02
-2.958427e-01
-1.593919e-01
-2.550437e-02
2.218929e-01
3.088020e-01
-3.645157e-01
2.355569e-01
-8.626653e-02
-5.804282e-01
7.739176e-01
8.748137e-02
1.706444e-01
-1.961659e-01
-2.444666e-01
-8.207321e-02
-2.700137e-01
4.333521e-02
1.438577e-01
2.074136e-02
-2.046788e-01
3.468900e-02
-4.754434e-02
-1.541812e-01
3.118776e-02
1.109371e-01
1.335608e-02
4.815739e-02
2.556672e-01
2.173380e-01
-9.404153e-02
7.000473e-02
2.872715e-02
-9.679497e-02
1.018000e-02
4.658183e-02
5.937612e-02
3.300021e-01
9.130886e-02
-7.393721e-02
-2.091399e-02
-5.879484e-02
-3.455316e-02
-1.010789e-01
8.145537e-03
9.086162e-02
8.317924e-02
-5.158009e-02
6.640451e-02
5.497883e-02
2.358349e-03
2.112191e-01
1.057218e-01
2.687173e-01
8.058242e-02
-3.388245e-01
-8.211999e-03
-1.931932e-01
-2.067773e-01
-2.400905e-01
-1.534652e-01
-3.181875e-01
6.677192e-02
-2.291087e-01
-2.624285e-01
6.179991e-01
2.736400e-02
-2.672246e-01
-1.756202e-01
-2.993069e-01
-8.173306e-02
-3.127832e-02
-1.970165e-01
2.746821e-01
1.697173e-01
-1.605805e-01
1.350482e-01
1.978092e-01
-2.317498e-02
-5.559851e-02
-9.837484e-02
-5.907222e-02
2.568109e-02
-1.603282e-02
2.821268e-02
1.141664e-01
1.163077e-02
-1.063542e-02
1.091645e-02
3.906362e-02
1.245296e-01
1.752641e-01
-2.111994e-01
8.823297e-02
5.058411e-02
-1.395737e-01
-1.003749e-01
-6.313746e-02
3.487014e-02
-1.185372e-02
-4.504040e-02
-7.994314e-02
4.405732e-02
1.810552e-02
4.573271e-02
1.005068e-01
-1.348456e-01
3.678864e-02
-5.649186e-03
-4.799601e-02
-7.829790e-02
-8.170837e-02
3.611184e-02
-7.839516e-02
1.101657e-01
7.980941e-02
8.018155e-02
1.588553e-01
1.576304e-01
4.998486e-02
7.503312e-02
1.582668e-01
6.727444e-02
-1.252175e-02
-5.326249e-02
5.699355e-02
-3.977420e-02
-8.955432e-02
7.826471e-02
-3.033552e-02
1.050927e-01
1.250866e-02
-1.145103e-01
-2.903329e-02
1.201687e-01
-2.221957e-01
-1.750238e-01
2.213380e-01
-8.148725e-02
6.000018e-02
1.222485e-01
-7.921388e-02
1.401541e-01
-5.404575e-02
-1.292688e-01
1.645770e-01
4.761285e-01
-3.747982e-02
8.764281e-02
1.391570e-01
-5.604770e-03
-9.658005e-02
2.753223e-02
-3.211828e-01
5.330456e-01
-3.120540e-01
-2.381222e-02
-3.057328e-01
2.126979e-01
1.866285e-01
9.669776e-02
2.900438e-01
9.854922e-02
1.771596e-01
2.098248e-02
-4.710852e-02
-7.746954e-03
4.117258e-02
-2.713969e-01
-7.527285e-02
3.148180e-01
-4.166104e-01
-1.035581e-02
4.733471e-01
-2.591199e-01
7.954636e-02
4.615895e-01
3.937469e-01
9.423925e-02
-2.826348e-01
3.866434e-01
7.850008e-02
-4.339796e-01
2.479984e-01
1.024911e-01
3.741118e-02
5.379437e-02
-1.092288e-01
-1.258336e-01
1.103140e-01
-4.805415e-02
-3.677607e-02
3.749102e-02
3.864457e-02
6.138048e-02
-1.573584e-01
-2.122292e-01
-3.354822e-02
-5.084124e-03
-2.576271e-01
2.351706e-01
2.349941e-02
-3.411064e-02
1.107195e-02
1.969245e-01
-1.173938e-01
-1.033622e-02
5.940967e-02
-2.582023e-01
1.342796e-01
4.248185e-02
-2.214133e-01
6.352061e-02
-6.626076e-02
5.060821e-02
2.964673e-02
-4.114344e-02
9.414888e-02
4.014796e-02
-1.472221e-02
-3.884991e-02
7.297231e-02
2.819284e-01
9.046207e-02
-3.169045e-02
1.887811e-01
7.707567e-02
-1.357613e-01
1.742177e-01
-5.040671e-02
-2.321841e-01
2.106317e-01
2.297150e-01
-2.198056e-01
4.678169e-01
1.274529e-01
-5.115021e-01
-3.840486e-03
-1.632933e-01
-3.298731e-01
1.087899e-01
1.200263e-02
3.429178e-02
1.893627e-01
-1.240019e-01
-6.929722e-02
2.020035e-01
1.252074e-01
-1.503335e-01
-1.659160e-01
-1.589969e-01
2.594914e-02
-6.929078e-02
-8.323957e-02
-8.413068e-03
7.406414e-02
-2.105081e-02
8.014692e-03
6.560218e-02
-8.329315e-02
1.886524e-02
-1.332125e-02
-2.908939e-02
-4.073944e-02
6.867089e-02
-6.766201e-03
-9.367754e-02
-1.417075e-01
8.121547e-02
2.117054e-02
3.191258e-02
3.597913e-01
2.696311e-01
4.513550e-02
1.762107e-01
1.540380e-01
-3.541873e-02
1.182408e-02
5.996056e-02
-3.788459e-02
1.988468e-01
1.213805e-01
-5.451150e-02
5.056421e-02
4.657546e-02
-4.765584e-02
-1.566420e-01
-1.852553e-01
1.133037e-01
2.580410e-01
3.242839e-02
-1.265152e-01
-4.156661e-02
-5.593824e-02
1.759326e-01
-1.572594e-01
6.610888e-02
3.225211e-01
-2.432254e-01
1.020381e-02
-1.526414e-01
2.704221e-03
3.218776e-02
3.016481e-02
4.113151e-02
-5.420193e-02
-1.073083e-01
3.766415e-02
1.556752e-01
-2.231877e-01
8.521302e-02
1.476948e-01
3.246158e-02
8.882373e-02
1.151230e-01
-5.760675e-02
-3.171754e-02
-7.795583e-03
-5.968384e-02
-4.414306e-02
-2.970577e-02
-4.194757e-02
-3.683057e-02
5.664267e-02
-1.979609e-01
-3.007389e-01
-8.805391e-02
-1.599394e-01
-1.980980e-01
-1.085947e-01
-1.415630e-01
-1.499004e-01
-1.406425e-01
-2.470686e-02
-6.228022e-02
-1.527228e-01
1.354124e-02
8.085645e-03
-1.270984e-01
-1.238675e-01
-2.182641e-01
-8.644475e-02
-1.186849e-01
1.309701e-01
-9.563655e-02
-6.009114e-02
2.662517e-01
-7.574152e-04
-4.225583e-02
-5.852364e-02
-6.783144e-02
1.908847e-01
1.425180e-01
-2.586549e-01
8.368403e-02
1.443545e-01
-1.661564e-01
1.728391e-01
1.143030e-01
-2.106918e-02
8.172029e-02
-2.489038e-02
-1.636019e-01
-8.953377e-02
-9.092304e-02
-1.562245e-01
-1.568843e-01
-1.005125e-01
-9.737540e-02
4.755138e-02
-7.444472e-03
-7.517768e-02
-1.834461e-02
-2.161284e-02
-2.607436e-02
-9.766894e-02
7.362145e-02
1.269892e-01
-1.455311e-01
-1.622576e-01
1.094573e-01
-7.380531e-02
-6.188022e-02
1.465329e-02
-8.333481e-02
8.694393e-02
-6.419913e-02
-6.385119e-02
3.062789e-01
2.422039e-01
-8.170997e-03
8.590782e-03
1.188249e-01
1.009902e-01
1.022416e-01
1.333568e-01
3.027086e-02
-6.360307e-02
1.594096e-02
-4.010025e-02
-8.839202e-02
-7.939123e-02
8.503121e-02
2.751240e-01
-5.502503e-02
1.384573e-01
4.044506e-01
9.969737e-02
-1.293655e-01
4.011951e-02
-6.545317e-02
-4.741367e-03
-2.510771e-02
1.144793e-02
5.061548e-02
2.930008e-02
-5.618104e-02
7.659985e-02
9.849853e-03
-6.089838e-02
-1.044251e-03
-5.668954e-02
2.799142e-02
7.660742e-03
1.491767e-02
-9.957014e-02
-7.015507e-03
-2.534338e-02
-9.985668e-02
-8.695608e-02
-7.852290e-02
-7.172024e-05
-1.971796e-02
3.045142e-02
-8.926581e-02
-8.965214e-02
-3.225320e-03
-5.106528e-02
5.069741e-02
-6.134664e-02
1.903563e-01
1.145109e-02
-4.131710e-01
-2.293979e-02
1.335918e-03
-7.417720e-02
1.960747e-01
4.232804e-02
-3.909508e-02
-1.248402e-01
-2.743609e-03
3.352966e-02
1.443775e-02
-8.841223e-02
-1.910516e-02
-3.001576e-03
-8.131878e-02
-3.727171e-02
6.248880e-02
-1.045671e-01
-1.086605e-01
5.579666e-03
-3.972948e-02
-1.076088e-01
-3.027331e-02
-1.657678e-01
-1.594991e-01
-3.205107e-02
-2.905897e-01
-1.537711e-01
2.118205e-01
-2.552647e-01
-6.652659e-02
2.048398e-01
4.620356e-02
2.574546e-02
-1.885465e-02
-6.619958e-03
-1.480312e-02
-1.664737e-02
-4.736119e-02
-6.003939e-02
-6.688993e-02
-4.303789e-02
-1.258507e-01
3.062149e-02
-5.632205e-02
-1.203130e-01
-1.355808e-01
7.943283e-02
3.814778e-02
-1.115764e-01
-1.520160e-01
-1.934242e-01
-1.884208e-01
-1.393065e-01
-3.430890e-01
-4.692612e-01
-7.108324e-04
-1.548723e-01
-2.845551e-01
4.441341e-02
-3.589739e-02
-1.107054e-01
1.526029e-02
-1.479091e-01
-9.211495e-02
-9.924580e-02
-2.199224e-01
2.249015e-02
-1.269213e-01
-1.344370e-01
-8.806963e-02
-5.161121e-02
-6.982271e-02
-8.645292e-02
4.980994e-02
1.765969e-02
-2.325354e-02
-2.680215e-02
-2.666857e-02
-8.299657e-02
-6.551424e-02
-2.178869e-02
6.491966e-02
-1.272946e-01
1.205213e-02
8.547481e-02
-4.096517e-02
-1.227295e-01
-1.068560e-01
-1.805823e-02
-2.337262e-02
-8.626442e-02
-9.177417e-03
9.699615e-03
4.014758e-03
1.042002e-01
8.737935e-02
-3.613705e-02
9.518793e-03
-1.892331e-02
-3.721414e-02
-9.765597e-02
-8.075302e-02
-1.676872e-04
1.326245e-01
-1.520825e-02
-1.878389e-01
1.653116e-01
4.753903e-02
-2.109299e-01
4.607658e-02
-5.781383e-02
-7.633127e-02
3.442876e-03
1.296219e-03
-5.226436e-02
9.385357e-03
-2.402536e-02
-9.083375e-02
-4.274073e-02
-8.209765e-02
-1.011628e-01
-5.357725e-02
-1.169671e-02
-3.963061e-02
-1.238502e-01
-3.713961e-02
7.104802e-02
-1.241778e-01
-2.565636e-02
1.772753e-01
-5.764160e-02
1.606512e-01
2.399887e-01
-1.014289e-01
9.747197e-02
1.374760e-01
4.998572e-02
7.434199e-02
2.088740e-02
2.385066e-02
-1.026307e-01
-4.205203e-02
1.074502e-01
-3.569326e-02
-3.813773e-02
7.151947e-02
8.304611e-02
1.386883e-01
-6.563850e-02
-7.644162e-02
-3.506046e-01
1.773304e-01
7.413046e-02
-2.805724e-01
2.979768e-01
1.366908e-01
-1.187011e-01
-2.275906e-01
-2.329866e-01
-1.151931e-01
-1.336519e-01
-3.659974e-02
7.995449e-02
1.886319e-01
3.256846e-01
2.843047e-01
-5.492969e-02
2.523641e-01
5.716367e-01
-4.909616e-01
-8.417130e-02
5.207786e-01
-5.371766e-01
-2.709112e-01
2.597090e-01
3.869176e-02
5.271531e-02
7.074966e-02
-9.057281e-02
-5.706955e-02
-1.076354e-02
-3.507829e-02
3.475683e-02
8.983987e-02
1.396187e-02
-5.500356e-02
8.745325e-02
-4.455737e-02
-1.148454e-01
6.498895e-02
-1.915208e-01
-2.568132e-01
2.714305e-02
1.522962e-01
-1.305423e-01
-1.173822e-01
-4.485000e-02
-2.087590e-01
3.388846e-03
-1.450641e-01
-1.123520e-01
1.918415e-01
-9.190058e-03
-1.098992e-01
7.424632e-04
-7.032736e-02
-2.029012e-01
-7.736828e-02
-2.894829e-03
-4.533489e-02
3.743719e-02
5.801336e-02
1.560513e-01
2.534459e-01
-1.185601e-01
8.981228e-03
1.824564e-01
-2.135166e-01
-1.426283e-01
1.587327e-02
4.006743e-01
1.648266e-01
-3.614779e-01
5.217367e-01
8.359944e-03
-5.571336e-01
2.795014e-01
-1.235056e-01
-3.408568e-01
1.319219e-01
4.886727e-02
-3.431346e-03
-5.057902e-02
-9.010521e-02
-9.527477e-02
-1.603356e-01
-2.432016e-01
-2.143957e-01
-4.245823e-02
-6.631184e-02
-5.585772e-02
-5.858931e-02
-7.781428e-02
-3.601888e-02
-6.139249e-02
-2.326370e-02
4.805153e-02
4.883547e-02
1.320015e-02
2.514890e-02
2.236279e-02
-5.243128e-02
-2.070024e-02
1.348707e-02
-1.049124e-02
5.680217e-02
8.564215e-02
1.312076e-01
3.432459e-02
7.018045e-02
-6.665161e-02
4.049245e-03
-1.151880e-01
-5.488531e-02
6.165116e-02
4.154374e-02
8.460034e-02
-1.877967e-01
1.003377e-01
-1.014104e-01
-1.010859e-01
2.263880e-01
4.302481e-02
2.031766e-01
-1.170432e-01
1.131896e-01
2.031748e-01
-8.569798e-02
-6.176754e-01
-4.410122e-01
3.339183e-01
1.471539e-01
4.002735e-02
2.511466e-01
-2.003910e-01
9.636418e-02
-3.403898e-01
5.101891e-01
-2.814731e-01
2.034632e-01
2.459048e-01
-3.773345e-02
-8.704401e-02
3.533358e-02
4.430324e-01
-2.847789e-02
-8.105557e-02
-4.760948e-02
1.517843e-01
-2.209294e-01
-1.057033e-01
-1.059190e-01
-2.604169e-01
-2.684436e-01
1.295149e-01
1.359698e-01
-2.196351e-02
9.850594e-02
2.538597e-01
1.078847e-01
-1.551484e-01
-3.426036e-01
-5.955921e-02
-7.165723e-03
5.479144e-02
-2.879963e-02
3.933789e-01
4.142766e-01
1.859328e-01
-1.262054e-02
6.314907e-02
1.387258e-01
-1.494047e-01
-1.643845e-01
-8.118410e-02
1.075122e-01
5.936409e-02
9.865697e-02
5.780115e-02
1.560757e-01
1.327817e-03
-5.550280e-02
-3.758715e-01
-8.526816e-02
6.395105e-02
2.730401e-02
6.623629e-02
5.958669e-02
-6.020258e-02
-4.411107e-02
-1.651185e-01
-9.938730e-02
1.874213e-01
-4.500680e-02
1.052724e-01
2.487396e-01
-4.558725e-02
-2.104831e-01
-1.195555e-01
-1.894379e-01
-1.561656e-01
-1.416968e-01
-5.811815e-02
1.637744e-01
4.517012e-02
7.952839e-02
5.191438e-02
1.373621e-01
-7.781219e-03
5.132044e-02
1.229734e-01
-4.540771e-02
3.643370e-02
6.555479e-02
1.483969e-01
4.238615e-01
5.408125e-01
-2.201987e-01
5.827885e-02
1.467040e-01
-4.427332e-01
-4.421553e-01
-1.991522e-01
-8.853292e-02
7.578528e-02
4.988762e-02
-1.468956e-01
-1.804489e-01
-1.229878e-01
-1.737687e-01
-2.310908e-01
-7.533889e-02
4.003671e-02
-2.211221e-01
-1.132208e-01
-1.144169e-01
-3.132059e-01
-1.767243e-01
8.382102e-03
-5.476594e-02
-3.333371e-02
8.736099e-02
1.420735e-01
7.332321e-02
-1.102342e-01
-9.128667e-02
-9.128610e-02
-1.220830e-01
-6.581968e-02
-4.652148e-02
-4.362788e-02
1.472205e-02
3.110812e-02
-3.249418e-02
3.116706e-02
4.376122e-02
-1.752126e-02
1.202010e-02
2.759054e-02
-9.496602e-02
-2.353455e-02
1.660768e-02
-5.635586e-02
-2.442201e-03
2.972128e-02
-9.826652e-02
-1.052449e-01
-6.925122e-02
5.877823e-02
-4.126413e-02
-5.042401e-02
-1.543056e-02
-1.267370e-01
-1.403247e-02
1.849058e-02
-1.202072e-01
-2.354609e-02
-9.990836e-02
3.596852e-03
5.061354e-02
-9.388558e-02
1.260015e-01
1.141517e-01
-1.721783e-01
5.506695e-02
4.453311e-02
-5.516206e-02
3.109834e-02
1.185706e-01
-4.111163e-02
-1.205760e-02
5.124098e-02
-3.662337e-02
-7.381411e-02
-5.654139e-03
-2.149220e-02
3.877689e-02
5.334304e-02
7.179303e-02
7.318825e-02
6.027732e-02
1.068383e-01
6.467729e-02
4.396454e-02
3.576769e-02
-5.125305e-02
-1.260874e-01
7.914616e-02
1.169242e-01
7.454962e-02
-1.915830e-02
7.595198e-02
5.751494e-02
1.119440e-01
8.590010e-02
1.592755e-02
1.188795e-01
1.697553e-01
5.317893e-02
9.986395e-02
1.331053e-01
2.783987e-02
-3.527442e-02
-3.164075e-02
-7.753132e-02
-1.262445e-01
-1.079660e-01
-8.428447e-02
-1.307131e-01
-1.177461e-01
-7.841091e-02
-6.745916e-02
-4.891063e-02
-1.445006e-02
-8.607785e-02
-4.044290e-02
-1.459006e-02
-1.504452e-01
-1.137585e-01
-9.298874e-02
4.053194e-02
-1.603295e-02
6.106306e-02
9.625343e-02
4.919143e-02
1.898015e-01
-8.714559e-03
-2.517392e-03
1.695536e-01
-2.462956e-02
-1.374837e-02
-3.680100e-02
1.611038e-02
2.338628e-02
-3.758749e-02
2.036799e-03
-9.769963e-03
-5.358208e-02
-2.199933e-02
1.014950e-01
2.175946e-01
-3.353401e-02
2.142942e-01
3.467868e-01
-1.587431e-01
1.745726e-01
3.552461e-01
-2.779756e-02
2.971696e-02
3.252688e-02
-7.690234e-03
5.354426e-02
6.579260e-02
-5.394396e-03
1.581859e-02
1.029442e-02
-5.888519e-03
-2.184190e-02
-5.921912e-02
-2.967715e-02
-1.835374e-02
-4.191597e-02
-8.457492e-02
-3.363756e-02
-2.758504e-02
-3.363866e-02
9.370682e-02
1.119166e-01
-2.937622e-02
8.717655e-02
1.299594e-01
-9.911061e-02
-3.680893e-02
4.806722e-02
4.189064e-02
6.340231e-02
5.425823e-02
7.980027e-02
9.464190e-02
2.707661e-02
2.884208e-02
3.097471e-02
-5.451765e-02
1.052999e-01
7.460087e-02
1.314792e-01
1.013495e-01
9.365864e-02
6.761935e-02
-1.205203e-02
3.918123e-02
-3.238883e-02
9.962367e-02
1.557993e-02
-8.130449e-04
1.567168e-01
1.144245e-01
5.013341e-02
2.848402e-02
8.509897e-03
2.744038e-02
-1.463032e-01
1.959213e-01
-7.786079e-03
-7.572888e-02
1.755574e-02
-1.783327e-03
3.818114e-02
-1.946585e-02
-1.068240e-01
1.061290e-01
1.768619e-02
-5.496563e-02
1.380472e-01
1.336298e-01
7.135926e-02
5.696207e-02
1.173655e-01
1.399845e-01
-4.648684e-02
6.884686e-02
1.052433e-01
-1.371511e-01
-4.886204e-02
1.073418e-02
-2.196485e-01
-1.458325e-01
-1.165949e-01
4.766636e-02
7.016983e-02
2.563458e-02
6.526587e-02
9.385263e-02
3.935282e-02
7.387226e-02
5.221186e-02
-9.430343e-03
-4.491714e-02
-9.447628e-02
-1.706944e-01
2.919648e-02
-1.631931e-02
-5.796354e-02
7.550321e-02
1.683703e-02
-3.004492e-02
9.173067e-02
2.144744e-02
1.143902e-01
4.609993e-02
-5.385771e-02
3.674835e-02
4.853627e-02
-9.347543e-03
-5.164167e-04
-4.088357e-02
-1.332637e-02
5.451589e-02
-3.795118e-02
-1.126170e-01
-8.798032e-02
-5.397029e-02
-1.073336e-01
-2.304927e-01
-6.657919e-02
-5.975553e-02
-1.651165e-02
-2.426913e-02
7.617531e-03
3.041007e-02
3.251876e-02
5.978447e-03
1.288525e-02
-7.520733e-04
-2.927186e-02
-6.432620e-02
9.831309e-02
6.135288e-02
-2.533709e-02
1.679637e-01
1.168722e-01
-4.720842e-03
-1.267131e-01
-1.721946e-01
-2.018687e-01
-2.401765e-02
6.286199e-02
4.125646e-02
1.475181e-01
2.339692e-01
2.412770e-01
3.499151e-02
-2.290998e-02
-3.234421e-02
1.871317e-01
1.326004e-01
1.771780e-02
1.512556e-01
1.776486e-01
6.777091e-02
-5.785139e-02
-9.593831e-03
-4.574691e-02
-2.584827e-02
1.987240e-02
-3.012308e-02
-6.981874e-03
-2.786605e-03
-1.542978e-03
1.299113e-01
4.872575e-02
-6.220000e-03
2.392805e-01
1.827451e-01
5.500942e-02
1.650458e-01
1.739399e-01
5.492564e-02
