1.991237e-02
1.041860e-01
-3.924395e-02
4.890835e-02
1.585360e-01
1.959392e-02
1.493161e-02
1.420028e-01
-3.843406e-02
8.546800e-02
1.455328e-01
-9.285585e-03
6.404897e-02
4.160747e-02
-1.536576e-01
-5.074646e-02
1.041290e-02
-1.762632e-01
-1.120466e-01
-7.191848e-02
-7.927512e-02
-1.426855e-01
-1.334022e-01
-1.775926e-01
1.909989e-02
3.564595e-02
-5.378121e-02
-9.617786e-02
-3.242179e-02
-3.369595e-02
5.748571e-02
-6.500787e-02
-1.066649e-01
2.451795e-01
1.561014e-01
5.118010e-02
-1.558672e-01
1.331504e-02
2.616822e-02
9.580632e-02
1.921943e-01
4.937079e-02
1.544839e-01
8.218329e-02
-8.041245e-02
-2.277657e-01
-3.059282e-01
-1.875251e-01
1.173937e-01
8.202906e-02
2.804372e-01
1.347705e-01
4.333778e-02
1.040620e-01
2.864279e-02
-2.506825e-02
-4.251216e-02
-3.999266e-02
3.165539e-02
-2.913732e-02
-8.549161e-02
-9.295381e-03
5.613813e-03
-4.409035e-02
1.668802e-02
-1.359892e-02
-2.683754e-02
8.955686e-04
-8.214757e-02
2.419790e-01
1.635657e-01
3.686780e-02
3.012213e-02
9.665035e-02
-1.056784e-01
2.965982e-01
2.231745e-01
3.039724e-02
-3.707033e-02
-3.443865e-02
-1.252976e-01
-4.250003e-02
2.241790e-02
3.999126e-02
8.256526e-03
1.617297e-01
3.761435e-01
-3.264826e-02
-7.842280e-02
2.271615e-02
-7.451123e-02
-1.727105e-01
-2.036592e-01
-1.168588e-01
-1.685665e-01
-9.184825e-02
2.693101e-02
8.198334e-02
2.483535e-01
1.187764e-01
2.092374e-02
3.572454e-02
8.102853e-02
3.508855e-02
-1.030176e-01
1.922560e-02
-7.639699e-02
-1.362168e-01
-6.743564e-02
4.725007e-02
-6.648423e-02
-7.578239e-03
7.908722e-02
-1.438973e-01
-1.823047e-01
-1.006258e-01
-2.044786e-01
1.644271e-01
1.316085e-01
3.258718e-02
-6.423835e-02
-5.137603e-02
-6.162427e-02
-1.049389e-01
-4.894481e-02
-4.685538e-02
8.515205e-02
-6.686760e-02
-7.289373e-02
5.122117e-02
1.260998e-01
-3.391892e-02
1.382890e-01
8.343631e-02
-1.366964e-01
1.317110e-01
9.464946e-02
6.332091e-02
1.513145e-01
8.900790e-02
3.799659e-02
2.223388e-02
1.865809e-03
-4.371751e-02
6.722404e-02
7.585585e-02
1.025699e-01
6.585181e-02
4.240399e-02
5.703030e-02
-2.738307e-02
-1.014758e-01
-8.924282e-02
8.687406e-02
1.433877e-01
2.085009e-01
-4.781764e-02
4.575401e-02
-2.247006e-02
-7.259680e-02
-1.774378e-01
-2.436756e-01
-4.343511e-02
-2.084678e-01
-5.123999e-02
1.879337e-01
4.784821e-01
1.709633e-01
-2.656740e-01
-4.259523e-01
-2.491098e-01
-1.837469e-01
-3.546417e-01
-4.754553e-02
4.142618e-01
5.089957e-01
2.231156e-01
-4.992425e-01
-5.131709e-01
-1.754550e-01
-5.497696e-03
2.213792e-02
-1.845666e-02
-1.135628e-01
-1.472720e-01
-2.968863e-02
2.173322e-02
-1.417783e-02
-2.448724e-02
-8.528824e-03
3.626784e-02
3.486217e-02
-6.766447e-02
-6.836705e-02
-1.652455e-01
-7.765490e-03
1.001737e-02
-1.266115e-01
-1.189531e-01
-1.026032e-01
-1.683339e-01
-1.783875e-01
-2.208093e-01
-2.230521e-01
-1.631401e-01
-6.649219e-02
-1.115675e-01
1.771367e-01
1.874166e-01
5.156619e-02
-1.518074e-01
-2.069998e-01
-1.834718e-01
3.882468e-02
4.783015e-02
-4.212505e-02
4.860410e-02
-9.613955e-02
-2.208556e-01
-1.022174e-01
-1.114661e-01
-1.936938e-01
4.580564e-01
3.858994e-01
2.479237e-01
-2.015090e-01
-5.090227e-02
-6.010587e-02
-1.437650e-01
-7.520622e-03
-3.185568e-02
2.031939e-01
3.738463e-01
4.714578e-01
3.672478e-01
3.078246e-01
3.593683e-01
7.214782e-03
-1.406043e-02
-1.246919e-02
4.419443e-02
5.586829e-02
9.234533e-02
8.454788e-02
1.180312e-01
1.042894e-01
1.580060e-02
5.804739e-02
9.126898e-02
-2.823114e-01
-2.032745e-01
-1.444231e-01
-1.586906e-01
-1.020037e-02
-1.850254e-01
-1.426313e-01
-8.782701e-02
-1.109969e-01
-1.134141e-02
1.335330e-01
1.340931e-01
3.811078e-02
1.000093e-01
1.215980e-01
6.881969e-02
-3.443262e-02
-2.255964e-02
1.398287e-01
8.180609e-02
1.203420e-02
3.535971e-02
-5.099644e-02
3.116191e-02
3.961485e-02
-1.105646e-01
-4.336527e-02
-3.917366e-02
3.531945e-02
-7.006722e-02
1.145601e-01
1.223905e-01
1.355203e-01
5.895412e-02
5.056341e-02
1.041902e-01
-4.035516e-02
-1.125597e-01
-7.252423e-02
1.506923e-02
1.130778e-01
9.261883e-02
2.491171e-03
5.273400e-02
2.602221e-02
-3.501124e-03
5.262771e-02
-5.703351e-02
-2.228308e-01
3.476191e-02
7.815263e-03
-1.436716e-01
-8.315740e-02
-7.876293e-02
1.261788e-02
6.530250e-02
-1.965953e-01
-2.289079e-01
1.014239e-01
2.612475e-01
-2.386977e-01
-2.488598e-01
-8.089394e-02
2.586278e-01
-7.133485e-02
-2.059551e-01
1.513887e-01
3.883734e-01
-2.435821e-02
-3.919822e-01
-1.121531e-02
2.108772e-01
1.088354e-01
-3.731079e-01
-2.498716e-02
-2.751617e-02
-9.126630e-03
3.110006e-02
-9.735817e-02
-1.238818e-01
-1.396762e-02
-5.532795e-02
-1.173838e-01
-5.141134e-02
1.698619e-02
6.369832e-03
-2.213523e-02
1.647056e-02
-4.971853e-02
-6.632850e-02
9.266818e-02
3.780853e-02
3.539914e-02
1.773695e-03
-5.833315e-02
6.062410e-03
-1.192448e-01
-2.450785e-02
-1.233924e-01
-1.782338e-01
-1.289961e-02
8.624536e-02
-2.343321e-01
-1.393617e-01
-7.808270e-02
1.069752e-01
-3.086144e-02
-2.287515e-01
2.645905e-02
2.357502e-01
9.996443e-02
7.959414e-02
-2.839322e-02
1.326194e-02
9.393995e-02
-7.507069e-02
6.253960e-03
-8.569727e-03
3.926294e-02
-1.892141e-02
1.451192e-01
1.620580e-01
-1.603556e-01
-1.834563e-01
2.422668e-01
2.616968e-01
-4.107566e-01
-1.843120e-01
-3.217222e-02
-6.577061e-02
-8.197477e-02
-1.444236e-02
1.446625e-01
1.118698e-01
7.213403e-02
8.998564e-02
6.104909e-02
1.652979e-01
-5.944039e-02
-1.072659e-01
9.415253e-02
1.212487e-01
-1.143412e-02
-4.109310e-02
1.405373e-01
2.209496e-01
1.542899e-01
1.180642e-01
-3.761846e-02
-1.350316e-01
1.168864e-01
1.582910e-01
2.911549e-02
-1.789304e-01
5.746594e-02
1.110577e-01
7.154407e-02
6.975099e-02
8.358087e-02
3.808957e-02
1.427115e-02
-8.181101e-03
1.118123e-02
1.063712e-02
8.568024e-03
2.100646e-02
-1.229489e-01
-2.415727e-01
-1.475829e-01
2.859908e-01
-1.875470e-01
-2.075930e-01
-9.385522e-02
9.710377e-02
-4.353901e-02
1.579991e-01
1.468597e-01
-1.011790e-01
-2.845290e-02
7.999969e-02
-6.174653e-02
-6.509992e-02
-1.295372e-02
3.874665e-02
2.352954e-01
3.250178e-02
1.580300e-03
1.909131e-01
4.406490e-03
-3.493049e-02
1.466849e-01
-3.265931e-02
-1.061827e-01
1.087701e-01
-1.011639e-01
-8.476767e-03
1.685225e-01
-2.503959e-02
-7.668387e-02
8.687681e-02
-1.285087e-01
-9.983952e-02
-2.194472e-02
9.192546e-02
-7.585920e-02
-7.692514e-02
4.843732e-02
-8.685744e-02
-2.309839e-02
1.084763e-01
-8.059221e-02
-1.620231e-02
-6.254864e-02
-1.007621e-01
-1.021228e-01
-7.869727e-02
-6.860595e-02
-2.626760e-02
5.566156e-02
1.338584e-01
2.152098e-01
1.598166e-01
5.918268e-02
1.424598e-01
1.155398e-01
1.179056e-02
1.036442e-01
1.243515e-01
3.234126e-02
6.494641e-02
5.339489e-02
-5.414693e-02
-3.108434e-02
-1.576838e-02
-8.593979e-02
-1.104682e-01
-3.803708e-02
-1.033365e-01
-1.532240e-01
-8.546438e-02
-2.017586e-01
-2.081878e-01
-1.396781e-01
-1.571678e-01
-1.537969e-01
-7.306286e-02
1.504442e-01
5.504213e-02
4.351227e-02
3.596139e-02
3.451543e-02
5.131842e-02
6.680863e-02
2.864956e-02
1.269738e-03
-1.371736e-01
4.291717e-02
-1.206718e-02
-8.479926e-02
5.117286e-02
-3.136272e-02
-2.779497e-02
7.996090e-02
-7.404935e-03
-7.944848e-02
5.556856e-02
-4.242282e-03
-5.975690e-02
3.430694e-02
-2.251092e-02
-6.130846e-02
4.982591e-02
1.605601e-02
9.138378e-02
9.601879e-02
9.757968e-02
-3.545476e-03
5.231511e-02
5.656207e-02
-4.173294e-02
-1.003374e-02
-2.989334e-04
3.885582e-02
3.176524e-02
4.897119e-02
5.917715e-02
1.450465e-01
1.612570e-01
4.818919e-02
1.129202e-01
1.533893e-02
-3.123419e-02
-9.101368e-02
5.075948e-02
1.746426e-01
1.330950e-01
1.718018e-01
2.486747e-01
2.282959e-01
2.297221e-01
-4.727487e-03
1.855840e-03
-9.492041e-02
1.839502e-02
-5.225436e-03
-7.750281e-02
1.211046e-02
2.461263e-04
-6.090398e-02
5.383351e-02
5.712154e-02
7.772432e-02
2.831711e-02
8.757684e-02
5.073310e-02
5.308813e-02
6.385043e-02
9.018753e-02
1.633770e-02
1.145796e-01
4.278989e-02
1.008611e-01
1.773034e-01
9.098981e-02
8.033180e-02
1.451928e-01
3.143803e-02
-5.345744e-02
1.677697e-02
3.311385e-03
-8.337755e-03
1.044233e-02
2.393386e-02
6.159377e-02
8.177024e-02
5.523029e-02
-1.002592e-02
1.209322e-01
-1.697465e-03
-1.412413e-01
4.389815e-02
1.496684e-01
-2.184477e-01
-8.253654e-03
-7.948449e-02
8.713633e-02
1.933654e-01
-4.478524e-02
-1.479028e-01
-2.568580e-01
3.354859e-01
1.392867e-01
-3.964804e-02
-2.694407e-01
4.578391e-01
-9.012452e-02
-5.218795e-01
-4.610432e-01
5.222849e-01
1.557205e-01
-9.283009e-02
-6.396552e-01
2.896720e-01
9.736586e-03
-9.075265e-02
-2.159787e-02
2.089444e-02
-1.085271e-01
-4.549125e-02
-3.639676e-02
2.656932e-02
-3.607227e-03
-3.286317e-02
-8.146238e-02
-8.260327e-02
-5.245206e-03
3.912003e-02
-7.685282e-02
-1.529636e-02
1.148075e-01
6.486199e-02
-3.073599e-03
-1.696290e-01
-1.660769e-01
5.871932e-02
-3.418206e-02
-1.711734e-01
4.628248e-02
3.488573e-02
7.046139e-02
2.372840e-02
7.472929e-02
1.826870e-01
5.349586e-02
-1.421735e-01
-7.158995e-02
-4.921947e-02
7.047749e-02
-4.988920e-02
-9.506854e-02
-1.667733e-02
9.098306e-02
8.577975e-02
-3.611586e-01
-1.034045e-01
9.904235e-02
1.333791e-01
-1.227088e-01
-2.353271e-01
-5.499564e-02
-1.728104e-01
-1.349206e-01
3.624304e-02
6.799547e-02
-2.102722e-02
2.617279e-02
1.186438e-01
9.056531e-02
7.263641e-02
1.490089e-01
1.364336e-03
1.355474e-01
9.020374e-02
7.309472e-02
-1.049687e-02
1.820553e-01
7.569601e-03
-1.117536e-01
6.931528e-02
-2.808723e-02
1.361401e-02
-3.672257e-02
-8.428621e-02
2.438815e-02
5.086556e-02
-5.109629e-03
-3.561058e-02
9.282991e-02
9.466216e-03
-3.095121e-02
-2.233945e-02
-4.315588e-02
-7.748549e-02
3.269042e-02
5.379432e-02
4.546272e-02
-7.819173e-02
9.635890e-02
-8.818268e-02
-8.518676e-02
1.346626e-01
-3.939311e-03
4.848416e-02
9.713381e-02
-2.617260e-01
-1.855945e-01
-7.161388e-02
3.121462e-01
-3.020593e-01
-2.875492e-01
-9.639462e-02
1.329784e-01
1.925980e-02
1.374356e-01
1.289867e-01
-1.072410e-01
-2.787045e-02
1.203290e-01
-1.051733e-01
-8.153607e-03
1.255345e-01
-1.307245e-02
-2.726554e-02
-1.146708e-01
-9.770529e-03
-8.781815e-02
-1.235569e-01
-2.588115e-02
-1.039064e-01
-7.684283e-02
-1.038325e-01
1.041125e-01
-5.022204e-02
-1.844113e-01
-2.153683e-02
-5.834777e-02
-1.120777e-01
-1.859453e-01
-1.676827e-01
-4.020547e-01
3.019714e-02
1.367890e-01
-4.534224e-01
-1.497454e-02
2.938225e-01
-1.727242e-01
-1.235709e-01
-1.675238e-02
2.874531e-01
-4.614235e-02
-2.359849e-01
2.071393e-01
5.769897e-02
-1.187344e-01
-9.086962e-03
1.227135e-01
-5.675363e-03
-8.529703e-02
-4.797864e-02
-1.716501e-01
-1.424736e-01
-2.024147e-02
-1.310932e-02
-2.092972e-01
-3.897149e-02
4.590962e-03
-1.012008e-01
-1.899475e-02
1.086270e-01
-3.333068e-02
-3.219526e-02
5.889702e-02
3.925366e-02
-1.930276e-01
-1.469430e-01
1.106221e-01
6.326357e-02
1.628883e-01
7.799832e-02
-2.506420e-02
-3.445975e-03
9.232970e-02
2.739545e-02
2.753325e-02
-9.122136e-02
-1.059895e-01
-3.111654e-02
-4.744603e-02
-8.926915e-02
-5.406067e-02
1.577253e-02
-1.051853e-01
-3.693499e-02
-9.250115e-03
-2.044414e-02
-5.647448e-03
-1.542340e-01
1.094378e-01
-3.459119e-02
-8.914959e-02
1.273485e-01
-9.145021e-02
9.972624e-02
7.382434e-02
-1.058739e-01
6.696024e-02
1.648209e-01
-9.166662e-02
-9.417748e-02
1.470761e-01
5.772971e-02
1.596005e-01
-3.981859e-02
-8.308387e-02
1.206517e-01
-7.641925e-02
-1.542035e-01
1.052062e-01
2.045104e-02
-1.510791e-02
-1.014110e-01
1.265898e-01
9.441835e-02
-1.567042e-02
-3.975517e-03
-1.773777e-02
5.378468e-02
-1.411584e-01
-1.548377e-02
2.652265e-03
-6.842008e-02
4.901603e-02
4.038551e-02
-1.040668e-01
-1.061227e-01
1.869459e-02
5.940832e-02
-4.189958e-02
-9.094170e-02
-3.161415e-02
-9.328514e-02
-7.317599e-02
-7.037758e-03
-5.876282e-02
-2.517461e-02
6.930779e-02
1.887879e-02
9.457792e-02
-3.745496e-02
-1.001595e-01
2.417592e-01
-1.389721e-02
-7.780001e-02
8.322050e-02
6.114834e-03
-1.074247e-01
-9.335782e-02
2.751741e-03
2.780797e-02
-1.212070e-01
-2.636636e-02
9.227670e-02
-8.809999e-02
-5.337285e-02
1.050788e-01
-1.658815e-02
8.052640e-02
-1.046839e-02
-1.612600e-02
6.781554e-02
3.480701e-03
-1.023343e-02
7.822409e-02
1.652180e-02
1.274277e-02
-8.493511e-02
-1.151513e-01
6.566595e-03
-2.161852e-01
-9.603979e-02
-6.570660e-02
-1.821687e-01
-1.364904e-01
-4.796591e-02
3.492749e-02
-9.569789e-02
1.816053e-01
-1.350517e-01
-2.913780e-01
8.082177e-02
-1.339057e-01
-1.391595e-01
-1.351739e-01
-7.361579e-02
1.704002e-02
-1.735995e-01
-9.753674e-02
1.225087e-01
-1.010386e-01
8.298571e-03
2.751690e-02
-5.928611e-02
-4.413513e-02
-5.310892e-02
-1.494176e-02
-6.836630e-02
-1.232630e-01
4.118104e-02
-1.085558e-01
-2.367962e-01
7.875545e-02
-7.675666e-02
1.816456e-02
-7.259909e-03
-2.822867e-02
2.245452e-01
-6.024354e-02
-4.820975e-02
2.183283e-01
3.887700e-02
-6.238855e-02
1.191288e-01
-1.509981e-03
-6.599855e-02
2.716131e-02
-1.447939e-02
-7.329645e-03
5.325679e-04
1.169945e-01
3.925246e-02
-3.024184e-02
1.400500e-01
-4.661304e-02
-2.716310e-01
1.121753e-01
2.496717e-02
-2.133300e-01
1.497984e-01
-7.106204e-02
-1.098563e-01
9.902676e-02
-1.905195e-01
-2.589161e-01
2.190458e-02
-2.905596e-01
-1.871742e-01
-2.313367e-01
-7.329780e-02
4.930459e-02
-2.484011e-01
9.981544e-02
4.480658e-01
-7.696185e-02
1.055932e-01
4.182642e-01
-2.903792e-02
6.206981e-03
1.090966e-01
-6.441271e-02
1.097028e-01
1.677693e-01
-6.392477e-02
1.438945e-01
1.993304e-01
-7.788372e-02
-2.369890e-01
-5.416708e-02
-6.547845e-02
-1.101122e-01
6.314270e-02
-1.148246e-01
-5.960840e-02
-2.199356e-02
6.101048e-02
2.400686e-02
5.767388e-02
5.759036e-02
-3.942129e-02
-2.503243e-02
7.403343e-02
-1.053190e-02
2.472308e-02
-8.632161e-02
-3.054969e-02
5.372880e-02
-1.110714e-01
-3.884367e-02
5.976361e-02
-1.503038e-01
-4.500741e-02
6.086423e-02
-4.062114e-02
-1.987397e-01
-9.311548e-02
-1.236373e-01
1.810821e-02
-1.215194e-01
-1.496262e-01
2.339127e-02
-1.773731e-01
-6.515057e-02
7.833876e-02
2.054451e-01
-6.384163e-02
3.728223e-02
2.522697e-01
-5.801120e-02
4.387701e-02
1.790916e-01
9.763378e-02
1.488772e-01
7.184840e-02
5.665782e-03
7.878750e-02
1.707279e-02
-3.888732e-02
6.032255e-02
-2.479433e-02
3.690936e-03
4.886266e-02
-7.483104e-02
-2.115516e-02
6.597654e-02
-9.708682e-02
1.940086e-03
8.347592e-02
-1.246349e-01
-4.632331e-02
1.298651e-01
-6.898998e-02
9.536978e-03
5.674447e-02
-4.183917e-02
-8.476432e-02
5.343973e-02
8.819426e-02
6.614026e-03
8.249206e-02
9.066038e-02
7.607394e-02
-4.931889e-02
1.255125e-01
6.645479e-02
3.349318e-02
4.432450e-02
-8.969468e-02
-1.511324e-02
-3.010122e-02
-5.927752e-02
-3.083227e-03
-2.765837e-02
-6.044558e-02
-4.054793e-02
-4.948236e-02
-8.834562e-02
-1.406185e-01
-1.304947e-01
-5.420397e-02
-5.702259e-02
-3.500313e-02
-1.185040e-01
-1.225712e-01
-6.637795e-02
1.731179e-02
2.524737e-02
-3.026894e-02
8.518579e-02
9.977581e-02
-1.064701e-02
1.041481e-01
1.024142e-01
-3.405404e-02
-7.513083e-03
-1.583754e-02
-2.821340e-02
1.002443e-02
7.206702e-02
4.109793e-02
1.177718e-03
9.054992e-02
1.185296e-01
2.833842e-02
9.667633e-02
-4.071201e-02
9.848658e-02
1.227589e-01
1.961481e-02
8.357701e-02
1.575290e-01
1.460974e-01
-6.599951e-03
4.230032e-02
9.510266e-02
1.327689e-02
6.429813e-02
1.101625e-01
4.121219e-02
-3.072676e-02
1.194929e-02
4.723199e-02
1.795205e-02
-8.532097e-03
6.053841e-02
4.234768e-02
9.791897e-03
8.352126e-02
4.957157e-02
5.754019e-03
-2.574845e-02
4.968587e-03
-3.749546e-02
-1.155152e-01
-3.369282e-02
-6.251066e-02
-6.024678e-02
2.262649e-02
-1.135149e-01
-4.523234e-02
9.200349e-03
6.613123e-02
-1.538342e-02
2.536936e-02
4.853404e-02
2.850913e-02
5.071745e-02
8.932360e-02
-2.777070e-02
4.125629e-02
-1.173227e-03
3.757993e-04
1.443933e-02
-1.365713e-02
4.447071e-02
1.032736e-02
-1.225137e-02
2.046621e-02
-2.561066e-02
7.083833e-02
-3.053048e-03
-3.160631e-02
2.801391e-02
-2.206682e-02
-6.774262e-02
-1.814011e-02
1.118262e-01
1.672260e-01
1.736756e-01
6.623465e-02
1.245210e-01
8.952309e-02
7.662081e-02
1.404613e-01
3.080171e-03
-3.019545e-02
3.403530e-02
2.126322e-02
-4.615915e-02
1.038946e-02
2.585925e-02
-8.901649e-02
-6.480727e-02
-7.586112e-02
-9.190658e-02
1.988980e-02
1.429170e-01
-9.312168e-02
-3.586979e-02
5.269555e-02
-3.016017e-02
-4.800313e-02
-4.052113e-02
8.708885e-02
4.336487e-02
2.555460e-02
5.638394e-02
-5.197483e-03
-4.001153e-02
-2.073153e-02
-7.278268e-02
-5.471403e-02
-5.368003e-03
-2.196463e-02
-3.435555e-02
-9.134809e-02
5.958037e-02
8.134757e-02
-3.077221e-02
-8.981950e-02
3.531273e-02
1.622202e-01
9.071143e-02
-7.940625e-02
-4.976231e-02
1.015747e-01
1.632225e-01
-1.938161e-01
-1.726327e-02
2.049730e-01
-1.273872e-01
2.567082e-01
3.429914e-01
-3.011641e-01
-1.364115e-01
1.100897e-01
-1.862953e-01
-3.594024e-01
-2.467921e-01
1.199535e-01
8.250123e-02
1.690581e-02
-3.284748e-02
-2.874268e-03
-8.919559e-02
-6.176772e-02
8.756888e-03
-2.025724e-02
-3.620123e-02
-2.796277e-03
-2.042075e-02
-1.574567e-01
-1.242627e-01
-1.059573e-01
-1.160562e-01
-6.932981e-02
-8.740571e-02
8.730345e-02
9.729742e-03
-1.412558e-02
1.282775e-01
1.388782e-01
1.007615e-02
7.808589e-02
1.900346e-01
1.080467e-01
-6.073474e-02
4.930058e-02
-2.567766e-02
-1.726759e-02
5.635748e-02
1.267639e-02
-1.047907e-01
1.049971e-01
1.257766e-01
6.350091e-02
9.792057e-02
-3.533554e-02
9.108829e-02
1.389199e-01
-3.005909e-02
1.003940e-01
1.777089e-01
7.559732e-02
3.955465e-02
3.354268e-02
8.847334e-03
-1.962319e-02
-7.345226e-02
-5.507129e-02
2.232919e-02
-6.074911e-02
6.747547e-02
-2.093132e-01
-4.792780e-01
-4.029191e-01
2.102012e-01
-8.865630e-02
-3.982731e-01
1.620020e-01
3.060735e-01
-1.527035e-01
-1.239881e-02
1.249458e-01
2.193026e-01
-1.698864e-01
-4.078590e-02
1.245090e-01
-1.733117e-01
-1.530937e-01
8.626018e-03
1.147714e-01
1.553215e-03
5.500527e-02
-1.042854e-01
-5.001613e-02
-1.887144e-01
4.576762e-02
6.421310e-02
-1.737633e-01
1.005891e-02
-6.021493e-02
-3.691207e-02
8.818172e-02
1.528110e-02
-4.410138e-02
3.820713e-02
7.161318e-02
4.800440e-02
1.511045e-01
4.282400e-01
1.370168e-01
1.652889e-01
3.483165e-01
1.547149e-01
2.998034e-02
2.180250e-01
4.636770e-02
8.173039e-03
2.027681e-01
6.969794e-03
1.124660e-01
1.928133e-01
3.897407e-03
1.639848e-01
2.370107e-01
-3.261139e-02
-2.609102e-01
-3.477282e-02
7.623491e-02
6.988253e-02
1.243056e-01
-5.122939e-02
7.294511e-02
-2.836348e-02
-1.498784e-01
-2.199519e-01
-1.006252e-01
1.594743e-02
3.648124e-02
-7.136333e-02
1.123745e-01
-3.818300e-02
-1.401749e-01
-9.123217e-02
-1.429934e-01
3.089326e-03
1.486517e-02
-7.875758e-02
1.081921e-02
-1.084270e-02
-1.892360e-02
9.313150e-02
-3.102809e-02
9.126478e-02
1.116003e-02
-5.021141e-02
1.629870e-02
-1.370832e-02
-5.335904e-02
-6.702245e-02
-3.870511e-03
-1.396614e-02
2.006276e-02
-9.640799e-02
-1.725677e-01
-4.215223e-02
-6.267645e-02
-1.407895e-01
-3.917101e-02
1.918891e-02
-3.159574e-02
-7.374454e-02
-9.813104e-02
-3.261616e-02
4.443236e-02
8.077269e-02
-5.557286e-03
1.085608e-01
1.984841e-01
1.287962e-01
-2.032628e-02
2.429087e-01
3.968516e-02
-4.504469e-02
9.874640e-02
-2.166959e-02
-4.320759e-03
6.896901e-02
8.788821e-02
8.474334e-02
1.035497e-01
-2.108615e-02
7.750431e-02
1.152496e-01
3.151621e-02
8.101616e-02
1.281720e-01
4.140879e-02
1.027056e-01
-4.792953e-02
-5.056355e-02
3.165773e-02
-7.493068e-02
-5.977139e-02
6.098888e-02
-2.211194e-02
5.805672e-02
5.838959e-02
1.699633e-02
-3.382650e-02
9.533598e-02
1.177081e-01
1.709819e-02
-7.062320e-02
6.016183e-02
-8.748656e-02
-3.929531e-02
-5.748524e-02
9.249326e-03
-4.501981e-02
2.165842e-02
-2.396455e-02
-4.114766e-04
3.198940e-02
1.911438e-02
1.040005e-01
1.074572e-01
-1.354805e-03
1.113000e-01
4.517798e-02
9.109273e-03
-1.919880e-02
-5.485952e-02
-6.121756e-02
2.115243e-01
5.611083e-02
8.433273e-02
1.621168e-03
-1.202621e-03
1.291770e-02
-7.807142e-02
1.627723e-02
2.894272e-02
2.789097e-02
1.688486e-01
7.287401e-02
1.215198e-01
2.228291e-01
9.419501e-02
-3.838043e-02
3.403687e-02
-2.412445e-01
-6.090120e-03
2.764817e-02
-6.398553e-02
1.050434e-02
1.391274e-02
-3.411061e-02
-9.465713e-03
-1.355940e-03
-6.123159e-02
1.112280e-01
-3.270005e-02
-2.827566e-02
3.504537e-02
-5.453579e-02
-2.957087e-02
-4.969612e-02
-9.334850e-02
-4.093384e-02
1.245836e-01
9.180306e-02
-9.429822e-02
4.000338e-02
-1.486678e-01
-8.792836e-02
1.006257e-01
-9.469422e-02
8.684365e-02
-1.246312e-01
-1.109766e-01
9.251984e-03
-6.513120e-02
-4.679217e-03
-2.166172e-02
1.126875e-01
-4.568654e-02
7.786585e-03
-6.267881e-02
3.622381e-02
-3.676351e-03
1.864883e-02
6.980790e-02
2.830542e-03
8.478571e-03
6.257431e-04
5.900367e-02
3.776641e-01
1.391969e-01
-1.050567e-01
2.695486e-01
-9.073315e-02
-1.945099e-01
1.729072e-02
-2.777157e-01
-7.388002e-02
-1.424411e-01
-5.195357e-02
1.059155e-01
1.747593e-02
1.945063e-01
2.360061e-02
9.602127e-03
2.219271e-02
-2.166786e-01
1.118145e-01
3.770319e-02
4.852010e-02
8.013286e-02
-3.158691e-02
-1.419421e-02
8.038533e-02
-6.319320e-02
1.257442e-02
-5.160901e-02
-1.179269e-01
-4.962459e-02
-1.618063e-01
-5.487872e-02
6.934647e-02
-1.186891e-01
6.116298e-02
7.256162e-02
8.674432e-02
9.069075e-04
6.708630e-02
5.109653e-02
9.200463e-02
1.092638e-01
1.026328e-01
4.415346e-02
4.125820e-02
-4.777548e-02
1.677827e-02
1.580460e-01
-2.484461e-02
1.741702e-01
2.081551e-01
9.368590e-02
2.927577e-01
1.538686e-01
2.667669e-02
-7.371589e-02
-1.918372e-02
-1.258429e-02
-4.879135e-02
-1.297586e-02
-9.010065e-02
-2.098270e-01
-9.283483e-02
-2.599656e-01
-4.207084e-01
-1.517712e-01
-4.671319e-01
-1.398447e-01
2.936075e-01
-1.570467e-01
2.611324e-01
2.989119e-01
2.513496e-01
1.250360e-01
4.399023e-02
1.336424e-01
-2.935669e-02
-1.126742e-01
3.726826e-02
-9.400520e-02
-1.799729e-01
4.390935e-03
3.097982e-02
-4.113794e-02
-5.694928e-02
8.947525e-02
-1.789908e-01
5.165310e-02
4.866986e-02
7.413038e-03
-7.120645e-02
-1.120975e-01
-2.793178e-02
-1.443551e-01
1.409366e-02
1.768079e-01
-4.171566e-02
1.508961e-01
2.616989e-01
8.158471e-03
1.794462e-02
3.694529e-02
-3.885723e-02
-1.817700e-02
-2.470703e-02
-1.050648e-02
1.837456e-02
1.512510e-02
-8.624765e-02
-1.405681e-01
-8.192008e-02
5.344084e-02
-4.316659e-02
-1.523785e-02
-1.674774e-02
1.125019e-01
2.121362e-02
-6.088769e-02
2.311741e-01
2.465346e-01
3.772270e-02
-2.974822e-01
-4.443735e-01
-4.522291e-03
1.776784e-01
2.629381e-01
-4.686439e-02
3.292575e-01
-2.488798e-01
-3.890149e-01
-6.576259e-01
-3.285096e-01
2.279973e-01
6.163557e-01
7.066461e-02
-5.719398e-02
-1.668690e-01
-1.142841e-01
8.302068e-02
1.719220e-01
1.123344e-01
1.677095e-02
1.468388e-02
-6.539646e-02
6.026612e-02
2.377821e-02
5.430658e-03
1.800474e-02
8.911813e-03
5.721972e-02
-6.546417e-02
-1.760937e-01
-1.618529e-01
-2.716418e-01
-1.869261e-01
-2.142134e-01
-1.260886e-01
-7.084534e-02
-5.456323e-02
-6.817865e-02
-1.779104e-02
-1.713489e-01
-1.792772e-01
-2.960694e-01
-2.524106e-01
8.433414e-02
2.233682e-01
2.526892e-01
-5.493467e-02
7.527214e-03
9.174295e-02
7.449552e-03
6.516557e-02
2.062753e-01
1.711571e-01
2.678211e-01
-5.902245e-03
-7.467130e-02
-2.300978e-01
-7.817088e-02
7.198326e-02
1.523994e-01
2.391715e-01
1.504741e-02
2.729045e-02
1.862748e-01
6.180281e-02
-6.617807e-02
-2.456376e-01
3.612314e-02
-7.909580e-02
-1.278737e-01
1.494075e-01
1.466522e-01
3.176081e-01
2.183792e-01
2.953652e-01
4.335241e-01
2.149683e-01
1.875348e-01
-3.065367e-02
-6.241689e-02
-5.849626e-02
8.264534e-02
7.725560e-02
2.623591e-01
2.516768e-01
1.533753e-02
-7.480545e-03
2.747277e-02
-2.050745e-01
-1.286688e-01
-2.013279e-01
-1.369710e-01
-7.586113e-02
-2.597658e-02
1.119128e-01
7.018779e-02
7.751816e-02
-2.662645e-02
7.857752e-02
9.005573e-02
6.114046e-02
6.557021e-02
3.049386e-02
7.060456e-02
2.120623e-02
-2.903032e-02
-9.178723e-02
-1.054477e-01
1.769548e-01
3.586811e-02
-4.098336e-02
-1.601264e-01
-2.311300e-02
-1.415835e-01
-1.079840e-01
2.331223e-02
-8.818166e-02
-6.810424e-02
6.876536e-02
1.311089e-01
1.117049e-01
5.632715e-02
8.428162e-02
6.727549e-02
-7.565519e-02
-5.408927e-02
-5.992992e-02
-9.076536e-02
-6.670144e-02
-7.985762e-02
-1.009972e-01
-1.272911e-01
-1.663440e-01
-1.303091e-01
-8.143815e-02
-1.018580e-01
-6.398267e-02
-6.524567e-02
-9.042186e-02
-4.216244e-02
-2.967989e-02
-5.694326e-02
-5.966916e-03
2.004788e-02
4.123847e-02
-3.874338e-02
3.500208e-02
4.284048e-02
4.311875e-02
1.540550e-02
-1.046996e-01
2.248199e-02
-3.720028e-02
-7.252616e-02
9.679270e-03
-7.741640e-02
-9.334093e-02
2.054653e-01
1.759159e-01
9.943973e-02
1.595248e-01
1.922503e-01
5.188250e-02
8.854878e-02
1.109640e-01
-3.828136e-03
2.223299e-02
-6.624557e-02
-1.280880e-01
-1.555354e-01
-1.501618e-01
-8.696841e-02
1.297470e-03
4.018290e-02
1.804406e-01
-1.488554e-01
-1.510422e-01
1.157030e-02
-1.958790e-01
-1.599106e-01
1.851655e-03
-1.501606e-01
-8.399289e-02
4.612690e-02
-1.383931e-02
1.649865e-03
-5.097978e-02
-1.860479e-02
3.496933e-02
5.078721e-02
-1.514750e-02
1.619805e-02
3.722898e-02
-7.407518e-02
2.386186e-02
7.512747e-02
4.651058e-02
4.083266e-02
6.751289e-02
4.007763e-02
-1.526370e-02
6.128550e-02
-5.694787e-04
9.235892e-02
8.444285e-02
1.839877e-02
6.325670e-02
2.277934e-02
1.575664e-02
1.864756e-02
2.483701e-03
1.265185e-01
1.463080e-01
1.405277e-01
9.128174e-02
6.325768e-02
2.120207e-02
-1.075626e-02
-8.913603e-02
-8.156484e-02
-9.754585e-02
-3.918814e-02
1.840371e-02
-1.625522e-01
-1.109518e-01
-5.697438e-02
-1.070262e-01
-6.412020e-02
-1.012242e-01
-3.733371e-01
-7.034227e-02
6.384325e-02
1.554847e-01
3.322330e-01
9.489752e-02
2.395864e-01
2.265755e-01
-1.973402e-01
-1.559090e-01
-3.455695e-02
-2.946038e-02
-1.678346e-01
-4.878794e-02
-5.984030e-03
-8.263391e-02
3.690014e-02
8.387505e-02
-8.780260e-02
-1.075244e-01
-3.691506e-02
-4.463559e-02
-7.089555e-02
-7.647772e-03
-7.875254e-02
-6.269457e-02
7.980148e-02
1.246934e-01
1.537784e-01
2.293287e-01
1.455626e-01
1.207939e-01
9.361839e-02
9.187705e-02
4.275847e-02
-3.313622e-02
1.221325e-02
-6.685418e-03
1.227123e-01
3.239460e-02
6.406804e-03
5.624991e-02
1.195698e-01
8.124232e-02
1.026906e-01
9.298328e-02
-1.606797e-01
-3.297099e-02
-2.633028e-02
-5.077189e-02
-7.588657e-02
-1.084426e-01
2.961435e-03
-2.121998e-02
4.023172e-01
-4.782099e-01
1.262101e-01
5.777109e-02
2.465272e-01
-3.378703e-02
-1.256832e-01
2.491790e-01
5.192795e-02
-9.542549e-02
1.741262e-01
-1.254927e-01
3.077729e-01
-5.522983e-01
-9.473213e-02
-3.123845e-01
3.919284e-02
-5.602241e-02
1.995209e-01
-8.494730e-02
-1.615713e-01
4.148510e-02
-6.234276e-02
7.054180e-02
-6.943158e-02
1.568837e-03
4.508987e-02
-8.420408e-03
1.763322e-02
-3.816336e-02
6.923997e-02
8.136053e-02
3.550396e-02
3.790652e-02
-2.230631e-03
1.536468e-02
-1.772722e-01
1.272495e-01
8.404992e-03
-9.969204e-02
-2.047576e-01
-3.706568e-02
9.704509e-02
-1.541381e-01
-3.477994e-02
1.249538e-01
1.434613e-01
-3.662064e-01
-1.245029e-01
8.265999e-02
2.795278e-02
-1.707457e-01
6.957966e-03
1.785187e-01
-1.943448e-01
-4.657508e-01
-4.647107e-03
-3.282492e-01
1.261381e-02
7.769441e-02
-1.010533e-01
6.800452e-02
-4.581203e-02
-1.619321e-01
3.928988e-02
1.946035e-01
-4.602133e-02
-1.487966e-01
-5.668855e-02
-1.262270e-02
-1.951403e-01
-1.757848e-01
4.040077e-02
3.279873e-01
3.704813e-02
2.188182e-01
8.394629e-02
-1.466037e-02
1.969094e-01
2.365210e-02
2.073415e-02
-2.911150e-01
2.212082e-01
-1.502246e-01
-6.454356e-02
5.723271e-02
-2.245573e-01
1.406838e-01
2.755157e-03
-1.360581e-01
-5.093406e-02
9.392332e-02
1.700359e-02
8.977705e-02
6.180618e-02
8.654827e-02
1.577213e-01
5.117207e-02
-4.116324e-02
-2.808368e-02
-6.324740e-02
1.266527e-01
1.465145e-02
-5.485563e-02
4.260634e-02
7.271837e-02
2.320179e-02
-3.955812e-02
-1.756860e-01
3.956584e-01
-3.723907e-01
7.802951e-02
-3.582590e-01
2.408237e-01
5.874307e-02
-3.257286e-01
2.245696e-01
-7.605918e-02
-6.163401e-02
6.683489e-03
1.268022e-01
5.264785e-02
-1.441123e-01
1.005034e-01
5.336510e-03
-1.819787e-01
-4.699586e-02
3.407145e-02
4.623214e-02
-2.076182e-02
1.381161e-02
-4.593854e-03
-2.930231e-02
9.436063e-03
-1.301485e-02
-1.230651e-01
2.236956e-02
7.423425e-02
-6.433406e-02
-6.910819e-02
4.521528e-02
-8.551022e-02
-1.622915e-01
-9.919557e-02
-2.041842e-01
-4.900554e-02
-6.800861e-02
-1.651588e-01
-7.788409e-02
-9.089434e-02
9.817184e-02
6.678238e-02
1.964187e-02
-2.334532e-02
1.457501e-01
-1.068117e-02
-1.232789e-01
-2.128038e-02
-1.982021e-02
5.042149e-02
5.342875e-02
-7.834278e-02
1.095445e-01
6.732877e-02
-5.079066e-02
6.603002e-02
1.266531e-01
4.816063e-02
-1.387084e-01
3.753672e-02
3.549799e-02
3.089235e-02
1.530574e-01
4.234581e-02
-6.998240e-02
1.205102e-01
2.860036e-01
-1.781327e-01
-1.509227e-01
7.537729e-02
8.335420e-02
4.203137e-03
4.912679e-02
8.290210e-02
5.629938e-03
-5.177550e-02
1.031137e-01
1.225005e-02
-4.731985e-02
-1.287667e-01
-1.482470e-01
-2.662268e-01
2.626676e-01
2.904709e-01
4.464851e-02
-5.064039e-02
1.998820e-01
2.405138e-01
5.095096e-02
-7.892389e-02
-2.888440e-02
5.994519e-03
-7.341918e-02
-5.633066e-02
1.872999e-03
7.874390e-03
-3.871835e-02
-6.039734e-02
1.024750e-02
9.600311e-02
-2.273749e-01
-1.456302e-01
-1.128559e-03
-1.760670e-01
-2.413221e-01
-2.358445e-01
3.901907e-02
1.342263e-02
-6.974703e-02
2.589356e-01
2.232170e-01
5.810002e-02
1.032910e-01
1.387306e-01
1.349080e-01
-4.636612e-02
2.221251e-03
-2.852280e-02
1.560162e-02
-1.467574e-02
-7.622173e-02
7.820868e-02
-5.789641e-03
-3.757130e-02
-1.169393e-01
-1.100132e-01
1.528261e-01
-2.002850e-02
-1.539444e-01
-5.346092e-02
2.700800e-01
4.064070e-02
-2.247897e-01
-2.473079e-02
5.285191e-02
1.778780e-01
-3.618880e-02
-5.786795e-02
1.885295e-02
7.811151e-02
-3.937428e-02
-1.053319e-01
-1.880463e-02
1.834414e-01
-2.360477e-02
-1.156342e-01
7.677773e-02
-3.185721e-02
-1.288396e-01
-1.088103e-01
-3.475205e-03
-7.117371e-02
-7.720478e-02
-1.990511e-03
1.124099e-01
-4.541164e-02
-1.328440e-01
1.741322e-01
-2.841515e-03
-1.154113e-01
-4.563250e-02
-3.559489e-04
-1.334229e-02
-3.919365e-02
-3.115784e-02
-1.140757e-02
-7.340140e-02
-8.959915e-02
-5.015679e-02
8.978927e-03
-1.502547e-01
-1.018500e-01
-4.643422e-03
7.816574e-04
2.185788e-02
3.220371e-02
-2.684361e-02
-3.585844e-02
2.167246e-01
9.546072e-02
-3.091978e-02
-7.069554e-03
-2.100764e-01
-2.189949e-01
2.383341e-02
4.184005e-02
2.545522e-01
-8.328708e-02
-3.230404e-01
-2.068308e-02
-2.636070e-01
1.034789e-01
1.055826e-01
1.719638e-01
3.060325e-01
-2.035256e-01
-4.078379e-02
-5.867675e-02
1.141009e-01
-4.619969e-02
9.594148e-02
-3.299034e-02
2.323534e-02
1.640243e-02
-1.279795e-01
-9.432409e-02
-4.064234e-02
4.717556e-02
-4.452176e-02
2.617594e-02
1.486175e-01
-2.116518e-02
1.568239e-02
1.014360e-01
1.004209e-01
-1.218339e-01
-1.251921e-01
-1.586285e-01
-1.507259e-01
-1.503813e-02
-7.125127e-02
4.058533e-02
-1.220534e-02
-6.306143e-02
-9.523499e-02
-3.180513e-02
-1.768454e-01
-2.132524e-02
9.792954e-03
-3.639764e-02
7.403053e-02
-8.848649e-02
7.315502e-02
2.507334e-01
6.576082e-02
1.357266e-01
8.265411e-03
-2.722134e-01
-3.652447e-02
-1.604662e-01
-1.245136e-01
8.763304e-02
-8.614524e-03
-4.941118e-02
3.955023e-02
-2.219769e-02
-1.671041e-02
-5.475006e-02
-1.269789e-02
-6.693263e-02
9.976567e-02
5.712138e-02
-2.301791e-02
8.067145e-02
3.426404e-02
1.988002e-03
5.891532e-02
2.125202e-02
-2.538309e-02
-5.267234e-04
-1.767870e-01
-1.383325e-01
-1.410076e-01
-1.185458e-01
9.134644e-02
-3.967278e-02
6.556996e-02
-2.642251e-02
2.676202e-02
2.050674e-01
1.629298e-01
1.412823e-01
1.198813e-01
-1.905411e-01
1.190331e-01
-4.574335e-02
-1.658066e-01
3.191721e-02
-1.165782e-01
-2.526260e-03
-3.077944e-02
-5.714348e-03
9.771349e-02
4.946608e-03
6.818384e-02
1.627155e-01
-8.545828e-02
-2.511522e-01
1.101144e-01
-2.973823e-01
1.123965e-01
8.128941e-02
-1.902144e-01
1.099531e-01
-1.379189e-01
1.265830e-02
-3.514830e-03
-6.269228e-04
-6.920595e-03
1.980072e-03
7.174615e-03
1.690349e-02
3.087324e-02
-5.954054e-02
