-2.492365e-01
-5.175008e-01
-1.764228e-01
-1.710332e-01
-2.329893e-01
-3.230965e-01
1.192273e-01
8.843801e-02
-1.645583e-01
-3.240297e-01
-5.147337e-01
-9.492272e-02
-1.559689e-01
-1.127812e-01
-9.908124e-02
8.839355e-02
1.510604e-01
3.693224e-02
-1.101306e-02
-6.050626e-02
3.086587e-01
2.381865e-02
1.714488e-01
1.668766e-01
1.304668e-01
2.545749e-01
1.763898e-01
1.672363e-01
-2.517944e-02
9.575710e-02
-7.015996e-02
-4.683130e-01
1.406253e-01
9.881449e-02
-6.355499e-02
1.706798e-01
2.916677e-01
-5.939451e-02
1.883968e-01
-6.380711e-02
-5.907626e-01
2.935174e-02
1.918793e-01
-6.252268e-02
1.722303e-01
-1.193031e-01
-3.817080e-01
-1.764316e-01
-2.057413e-01
-6.292869e-01
-2.087184e-01
-2.715742e-02
-1.935361e-01
-1.042228e-01
-2.239002e-01
-3.305021e-01
-3.513106e-01
-3.784948e-01
-3.798741e-01
-5.327966e-01
-9.642536e-02
-3.290474e-01
-3.762402e-01
2.903097e-01
7.106839e-01
6.126291e-02
7.041000e-01
1.470052e+00
6.606578e-01
5.861086e-01
1.055047e+00
6.142734e-01
1.671872e-01
-1.643272e-01
2.103803e-01
-7.685899e-01
-1.029368e+00
-3.394277e-01
-5.859990e-01
-8.443326e-01
-4.129150e-02
2.641400e-01
-1.233380e-01
2.141211e-01
-6.700877e-01
-9.946147e-01
3.332284e-01
3.016469e-01
9.893621e-02
1.051755e-01
1.135242e-01
-4.028994e-01
1.948492e-01
-6.820012e-01
-7.791691e-01
7.258154e-01
3.467677e-01
5.606905e-01
4.959956e-01
-2.077826e-01
-2.598049e-01
1.396215e-01
-7.698078e-01
-5.603361e-01
5.713937e-01
1.600776e-01
3.643938e-01
4.265167e-01
-5.744994e-01
-8.343831e-01
-1.322956e-01
-1.951356e-01
1.101552e+00
1.076563e-01
4.382965e-01
6.352658e-01
9.603345e-02
-3.855778e-01
-3.629325e-01
1.870864e-01
-9.615487e-01
9.312506e-01
3.687009e-01
-5.610473e-01
-2.350999e-01
-1.121611e-01
3.143615e-01
1.486238e-01
8.287196e-02
-3.708263e-01
9.572544e-01
1.946075e-01
-4.656810e-01
-1.342440e-01
-9.029016e-02
-8.964571e-02
-1.296489e-01
-8.842181e-02
8.274748e-02
5.087325e-02
-3.221952e-01
8.155833e-02
1.242480e-01
-2.113215e-02
2.551040e-01
1.116962e-01
1.132116e-02
5.209118e-01
4.121765e-01
-1.769192e-01
2.853917e-01
3.110580e-01
1.066865e-01
8.208684e-02
-6.848279e-02
-7.060309e-02
2.261714e-01
1.694920e-01
-2.402591e-01
-5.593989e-02
4.976650e-02
9.769549e-03
9.639040e-04
7.879475e-03
6.900868e-04
2.251656e-03
7.895540e-03
1.873459e-03
2.655970e-03
1.745521e-03
4.448795e-03
3.341301e-03
7.883462e-03
-1.080860e-03
-6.164219e-04
-2.512754e-04
4.871772e-03
-3.099901e-03
5.642624e-03
-4.174108e-03
4.591495e-03
8.297273e-03
5.589338e-03
1.036724e-02
-3.729477e-04
4.049072e-03
1.062230e-03
9.429793e-03
4.335991e-03
1.663781e-01
4.778280e-01
3.770648e-01
-4.806607e-01
-3.335350e-01
4.078589e-01
-2.804220e-01
-2.214900e-01
3.586290e-01
-1.676132e-01
-1.716319e-01
9.078043e-02
-7.338921e-01
-1.103534e+00
-6.604705e-02
-1.584483e-01
-5.154302e-01
1.957921e-01
3.121473e-01
4.272440e-01
2.189031e-01
-2.099173e-02
-2.291814e-01
1.239593e-01
1.080912e-03
-3.049125e-01
1.411756e-02
1.840480e-01
-1.565193e-01
2.099448e-01
-5.521539e-01
-1.250409e+00
-5.425957e-01
-4.025608e-01
-1.379926e+00
-1.478776e-01
4.054495e-02
1.331942e-01
1.445466e-01
2.557904e-01
3.217446e-01
2.171127e-01
2.218055e-01
9.561606e-03
4.912531e-01
-1.505189e-01
1.064072e-01
-1.311108e-01
3.114589e-01
8.673960e-01
1.714718e-01
2.136995e-01
5.324675e-01
4.039473e-01
-3.956348e-01
3.864673e-01
-5.960829e-01
1.338861e+00
8.341938e-01
-5.603746e-01
7.789446e-01
1.377213e+00
-7.080051e-01
-2.106371e-01
-5.657105e-02
-7.746179e-02
-6.450160e-01
-1.472083e+00
-2.374726e-01
-3.428973e-01
1.035195e-01
3.188399e-01
3.237583e-01
6.447382e-01
3.932856e-01
-3.232318e-01
-7.624403e-01
5.524928e-01
-4.945749e-01
-2.456319e-01
4.243252e-01
1.685199e-03
6.305504e-03
7.024665e-03
3.767707e-04
2.494675e-03
-4.084761e-04
5.332724e-04
-6.398653e-03
-9.225199e-03
5.073543e-03
3.254068e-03
1.011210e-02
2.182551e-03
-3.630984e-03
1.711481e-03
1.399336e-03
-8.631789e-03
4.057504e-03
4.610705e-03
1.973148e-03
-2.081359e-03
1.404060e-02
2.223851e-05
2.744392e-03
6.018685e-03
-3.885591e-03
1.307508e-03
-1.431102e-01
-5.923460e-02
9.631802e-02
5.552875e-02
3.753155e-01
3.411446e-01
8.585016e-02
2.983166e-01
1.047104e-01
-2.490930e-02
-3.722719e-02
-1.236021e-02
3.464940e-02
2.098927e-01
4.040149e-02
-1.390747e-02
3.687035e-02
-1.556887e-01
2.413193e-01
1.264648e-01
5.336250e-02
1.380569e-01
1.377461e-01
-6.920078e-02
-6.960507e-02
-1.640808e-01
-3.712384e-01
4.340911e-01
8.256849e-01
2.618246e-01
3.042356e-01
3.441943e-01
-1.598891e-01
-2.784333e-01
-8.219619e-01
-5.074068e-01
2.512075e-01
8.798466e-01
3.390703e-01
4.679523e-02
3.062296e-01
-1.180636e-01
-3.518597e-01
-8.092087e-01
-4.940834e-01
-3.033614e-01
3.503184e-01
1.615574e-01
-2.441189e-01
3.348612e-01
1.562451e-01
-3.433839e-01
-2.826675e-01
-6.071096e-02
5.323961e-02
4.536965e-01
4.398850e-01
-1.441684e-01
7.024731e-01
5.345091e-01
-8.787768e-01
-3.559248e-01
-3.027901e-01
1.669243e-02
9.101456e-02
1.411334e-02
-2.235309e-01
5.190712e-01
2.879987e-01
-5.034831e-01
6.376107e-02
-1.368255e-01
-2.206746e-01
-3.739456e-01
-2.256961e-01
-2.310200e-01
2.702932e-01
3.212010e-01
-1.648910e-01
4.270549e-01
2.987006e-01
6.202883e-01
3.820337e-01
2.250447e-01
1.824441e-01
-1.369039e-01
-5.204257e-01
-2.415998e-03
-4.514609e-01
-3.633852e-01
-1.353278e-01
-4.005493e-01
-5.601721e-01
-2.181466e-01
-7.334162e-02
-6.309132e-01
-1.450073e-01
-4.154003e-02
-2.844605e-01
-4.745762e-01
1.661568e-02
2.582815e-03
7.565795e-03
1.135522e+00
6.703985e-01
5.290632e-03
9.259221e-01
6.594764e-01
-1.249782e-01
1.271737e-01
-2.938421e-02
-3.791798e-02
8.464109e-01
4.436042e-01
9.336345e-01
-8.812156e-01
3.288590e-01
-7.008635e-02
-3.119755e-02
-4.501381e-02
-3.576772e-01
-4.547956e-01
-8.134469e-02
8.241371e-01
-1.821393e+00
2.265899e-01
2.182363e-01
3.990034e-02
-9.477545e-02
-1.131843e-01
3.709624e-01
-2.654919e-02
6.330777e-01
-7.479437e-01
2.466880e-01
