-3.584729e-02
1.753517e-02
1.640637e-01
-1.416065e-01
4.105700e-02
2.635629e-01
-3.852339e-02
1.544258e-01
2.041224e-01
-4.040588e-02
1.228877e-01
3.775113e-02
4.441661e-02
1.196412e-01
-3.566484e-02
9.276596e-02
4.135391e-02
-8.458641e-02
1.096853e-01
-1.731514e-02
-1.496743e-01
3.967337e-02
-1.976638e-02
-7.890183e-02
-4.109994e-02
-5.181943e-02
-2.909552e-02
1.727111e-01
1.235189e-01
-8.009994e-02
2.238572e-01
-3.789118e-03
-3.639367e-01
3.308441e-01
-1.997438e-01
-2.182298e-01
-1.679547e-01
6.241706e-02
-2.170010e-02
-8.596721e-02
3.659623e-01
-1.893806e-02
2.165020e-01
1.586138e-02
-3.562495e-01
-2.083432e-01
-4.422083e-02
1.057114e-01
-2.610472e-01
1.083348e-01
1.841581e-01
-7.419334e-02
1.537639e-01
-1.861041e-02
-2.238702e-01
-1.009720e-01
5.479591e-02
-5.890369e-02
7.888668e-03
1.747161e-01
-1.741505e-01
2.158615e-02
2.964849e-01
-7.240799e-02
1.202077e-01
-9.684243e-03
2.266805e-01
4.675685e-02
7.530518e-03
2.088614e-01
-1.220581e-01
-1.749284e-01
-3.634357e-02
7.171992e-02
-7.140267e-03
-3.474566e-02
1.303892e-01
-1.403304e-02
-2.488292e-02
1.839165e-01
-9.694535e-02
-2.845620e-02
-1.136587e-01
-2.055278e-01
1.199722e-01
-7.087496e-02
4.673231e-02
1.839651e-02
-8.380914e-02
1.004235e-01
4.929191e-03
1.032152e-02
-6.626484e-03
-3.115671e-02
5.137450e-02
-3.339522e-02
4.477050e-02
1.383235e-01
1.130468e-01
-5.408181e-02
2.955025e-02
1.419963e-01
7.562603e-02
2.652114e-01
3.045963e-01
-5.189057e-02
1.711965e-01
1.032011e-01
-1.009096e-01
-9.497672e-02
6.367582e-02
-5.014095e-02
-1.616500e-02
1.589661e-01
-2.571807e-01
-2.598594e-02
3.851062e-04
2.584775e-01
2.736853e-01
-5.063845e-02
4.218734e-01
8.241966e-02
-3.012228e-01
3.151823e-01
-1.054491e-01
-2.479684e-01
-6.392431e-02
-1.376391e-01
-2.466572e-02
-6.635482e-02
-9.814987e-02
-5.584008e-02
1.999192e-02
-1.374186e-02
5.935054e-02
-7.761321e-02
-2.888155e-01
1.450294e-01
-6.594974e-01
-2.445148e-01
4.992676e-01
-4.607469e-01
1.795323e-01
4.938417e-02
-8.064716e-02
4.306988e-04
-9.690383e-03
7.433374e-04
6.119168e-03
-2.499551e-03
-3.659815e-02
-2.976834e-02
-6.913293e-02
-2.120212e-01
-2.007797e-01
-1.126091e-01
-4.791173e-03
3.842952e-02
4.372890e-02
-1.143365e-01
-1.020698e-01
-3.914066e-02
1.271073e-02
3.134188e-02
2.209895e-02
5.711123e-02
3.574147e-02
1.591723e-02
-4.034805e-02
-9.330782e-02
-5.134079e-02
-7.361848e-02
-1.104578e-01
3.582908e-02
-1.995138e-01
-2.100853e-01
-5.596490e-02
-3.433270e-02
-8.694816e-03
-2.152403e-01
9.313018e-02
-6.802694e-02
-1.751547e-01
2.382588e-02
3.772925e-02
-6.526287e-02
-2.492175e-01
-1.073585e-01
3.756382e-02
-4.963320e-02
-4.957001e-02
-6.145153e-02
-1.156636e-01
-1.725331e-01
-6.590942e-02
3.725578e-04
-1.863988e-01
-1.201650e-01
-6.915104e-02
6.634749e-02
-2.864506e-02
1.573424e-01
2.180846e-01
4.226533e-02
-7.129047e-02
4.338666e-02
4.078431e-02
-1.455311e-01
-2.278711e-01
-1.442120e-01
-8.874506e-02
-1.202732e-01
-1.104731e-01
1.663112e-02
1.078086e-01
3.389801e-02
-6.987855e-02
-8.099517e-02
-8.356704e-02
-1.125581e-01
-8.327033e-02
-8.786421e-02
-1.398246e-01
-8.856738e-02
-1.407953e-01
-1.897695e-01
-1.476853e-01
-1.631747e-01
-1.439396e-01
-1.778393e-01
-2.198362e-01
-6.674680e-02
-1.061546e-01
-8.053551e-02
-4.503386e-02
-1.410409e-02
2.815232e-02
-6.036570e-02
-1.899264e-02
1.465146e-02
-8.067065e-02
-9.523962e-02
-8.852818e-02
3.878477e-02
3.297272e-02
5.502294e-02
2.484909e-03
-5.718974e-02
-5.843391e-02
-5.588220e-02
-6.593052e-02
-7.781875e-02
-5.431037e-02
-3.892295e-02
-2.074226e-02
3.261166e-02
5.684354e-02
5.816482e-03
4.361553e-02
8.915455e-02
4.049997e-02
-3.591710e-02
3.391396e-02
-5.080179e-02
-7.444895e-02
1.556232e-01
1.091961e-01
-1.657676e-01
4.905223e-02
8.668254e-02
-1.193085e-01
-7.696643e-02
-5.494641e-02
-2.018627e-01
-1.527965e-01
-1.241942e-01
-6.786999e-02
-6.980562e-02
-9.028385e-02
-2.659971e-01
-8.231445e-02
-4.750790e-02
1.457923e-01
-1.024712e-01
-9.008553e-02
5.375170e-02
-1.547378e-02
-5.938194e-02
1.413489e-01
8.111848e-02
1.313723e-01
2.152164e-01
1.224477e-01
8.384205e-02
4.710282e-02
-1.891981e-01
9.951562e-02
1.400913e-01
1.001227e-01
-2.436985e-02
5.664730e-02
-1.392023e-01
9.301532e-02
-5.385184e-02
9.285385e-02
1.396978e-01
-1.099966e-01
5.539009e-02
3.710787e-02
3.468919e-02
6.761733e-02
-4.040634e-02
5.959411e-02
-4.596942e-02
8.425446e-03
1.552150e-01
-3.151701e-01
-1.994104e-01
-2.410417e-01
-3.128923e-01
3.289127e-01
-1.848412e-01
3.127993e-01
4.806136e-01
-2.535687e-01
2.917040e-01
6.288116e-04
4.596963e-01
-1.793318e-01
-4.139119e-01
-2.353739e-01
-4.350926e-01
3.518222e-01
-1.080928e-01
9.138767e-02
1.149884e-01
1.951783e-01
1.075679e-01
-1.060551e-01
1.119182e-03
-3.942367e-02
8.043216e-02
1.006275e-01
2.483762e-01
1.452189e-01
2.636941e-01
2.140735e-01
8.737097e-02
1.183204e-01
-5.191866e-02
-2.786830e-01
4.903274e-02
-1.078893e-01
6.287777e-02
-1.330019e-01
3.651045e-02
2.318127e-01
9.570433e-02
3.333797e-01
-4.372834e-02
-4.308323e-02
-1.460287e-01
5.669178e-02
4.418512e-03
8.619405e-02
-5.204381e-02
3.035121e-02
7.387934e-02
-1.621717e-01
6.569479e-02
9.942052e-03
-1.231715e-01
9.768143e-02
5.656379e-02
6.999449e-02
-1.502158e-01
-4.971253e-02
-3.011209e-02
-7.618351e-02
-3.612642e-02
1.174459e-01
-7.253985e-02
-1.364052e-02
-9.576750e-02
-7.388970e-02
-1.583172e-01
9.161002e-02
-4.015986e-02
-5.755038e-02
-2.738488e-02
-1.284063e-02
2.817766e-01
1.994397e-01
1.302526e-02
3.600162e-02
5.069213e-03
-2.642264e-01
4.302684e-02
-4.178335e-02
2.557519e-01
3.435199e-01
-1.777209e-01
1.577792e-01
-2.234233e-01
-4.216334e-01
1.775955e-02
5.604539e-02
-2.280881e-01
-2.142312e-02
-1.968485e-01
-1.440226e-01
-1.012403e-01
7.994042e-02
2.374238e-01
-3.391649e-02
5.069856e-03
4.959240e-02
-7.480013e-02
-1.297217e-01
1.792316e-02
-1.120988e-01
-4.969105e-02
9.345206e-02
-4.436939e-01
8.515887e-02
2.799751e-01
5.703314e-02
4.957884e-01
-4.176469e-01
3.223553e-02
-5.927513e-01
-1.543330e-01
1.585331e-01
3.772701e-02
-2.029916e-02
-1.091971e-02
-5.251738e-02
1.064144e-01
-3.774505e-02
-6.929541e-02
-1.730583e-02
-6.255238e-03
-2.620685e-02
-5.835030e-02
1.519288e-01
7.637259e-02
-1.920720e-02
3.143692e-02
-9.982429e-02
9.777259e-02
9.857527e-02
1.423873e-01
-1.473543e-01
2.815522e-01
3.596035e-02
-2.451133e-01
-1.206322e-02
-2.100587e-01
-2.415056e-01
4.146731e-01
3.280463e-01
-5.536426e-02
2.171981e-01
-2.359307e-01
-4.335813e-01
-8.658832e-03
-3.700033e-01
2.555363e-01
-1.935017e-01
-1.549517e-01
1.645758e-01
-2.111428e-01
4.651830e-01
8.533334e-02
2.107986e-01
1.003937e-01
-3.134407e-01
-2.323224e-02
-2.456415e-02
-8.985913e-03
-1.078297e-01
4.108744e-02
-1.014371e-02
3.420211e-02
1.253282e-01
-7.247165e-02
-1.098409e-01
-1.815217e-01
1.506428e-01
1.313144e-01
1.813767e-01
2.880438e-01
9.268147e-02
1.490745e-01
1.595153e-01
1.501562e-01
9.717821e-02
-1.970146e-01
-1.047713e-02
-2.187071e-01
-7.486490e-02
-6.008986e-02
-1.615248e-01
2.065774e-01
3.202742e-01
3.016158e-02
-1.067052e-01
1.852716e-01
-1.652161e-01
-1.592178e-02
-1.279772e-01
-2.189710e-01
7.173452e-02
-1.912439e-01
6.770811e-02
-7.617853e-02
5.331037e-02
5.696481e-02
5.197264e-02
3.018073e-03
4.429239e-03
-3.224627e-02
6.998041e-02
-1.362809e-01
-1.090377e-02
-5.516355e-02
-1.189055e-01
-4.629838e-02
-6.245170e-02
7.911246e-02
7.160572e-02
-1.138849e-01
4.813974e-03
-9.176872e-02
1.219276e-01
2.022146e-01
-5.606754e-02
9.954458e-02
-3.871369e-03
-2.490866e-01
-1.059416e-02
-2.354326e-01
-6.997243e-02
-2.289597e-01
-2.964060e-02
2.697436e-01
-8.845184e-02
2.313821e-01
1.657739e-01
-6.573454e-02
4.096695e-02
7.272337e-02
8.218514e-04
-1.234802e-02
-6.975531e-02
1.733588e-01
-1.189282e-01
-1.049287e-03
1.019775e-01
-6.132690e-02
3.583847e-02
-4.235758e-02
-1.358911e-02
7.374237e-03
-2.097049e-02
2.452849e-02
4.712148e-02
2.184093e-01
-4.509905e-01
-7.311181e-02
-3.118533e-01
-1.851851e-01
3.702057e-01
-1.805261e-01
8.014698e-02
-1.108043e-01
2.194295e-01
7.656392e-02
-7.290997e-02
3.129068e-01
1.238112e-01
6.677585e-02
2.153904e-01
3.249241e-02
-2.313936e-03
-4.195622e-03
7.449892e-03
-2.098625e-01
-4.502998e-02
2.463911e-01
-1.101996e-01
-9.515566e-02
-5.601441e-02
-4.582782e-02
-3.148779e-03
-5.279965e-02
1.484483e-02
-5.409942e-02
-6.761317e-02
4.526150e-02
-1.109904e-01
-4.362549e-03
-4.900396e-03
-1.969301e-01
4.036242e-01
1.078087e-01
-3.337033e-01
6.195925e-01
3.277082e-01
-2.927899e-01
3.161347e-01
2.922462e-02
1.224964e-01
-3.261983e-01
2.136315e-01
7.493726e-02
-6.973553e-01
7.470293e-01
-1.580457e-01
-1.919488e-01
3.424696e-01
2.659903e-01
-2.426970e-01
-9.777255e-02
3.485913e-01
-1.544577e-01
-3.108041e-02
-2.127402e-02
-2.318053e-01
-1.695521e-01
2.267644e-01
-1.652694e-01
-8.299328e-02
2.242692e-01
7.194298e-02
-1.242377e-01
3.353961e-01
2.712271e-01
-1.594915e-02
-4.882517e-01
9.052540e-02
-7.824784e-02
-4.386134e-01
2.984041e-01
4.283347e-02
-3.442632e-01
3.201552e-01
7.070768e-02
-1.720945e-01
1.854351e-02
-7.532769e-02
1.210839e-03
5.627046e-02
5.479030e-02
-1.626531e-01
-5.852104e-02
6.596405e-02
1.033108e-01
1.270020e-01
4.955598e-02
1.499376e-02
1.230573e-01
-7.824831e-02
1.064851e-01
5.602676e-02
-7.690059e-02
2.059579e-01
-1.116387e-01
-1.105499e-01
1.072790e-01
-1.262325e-01
-1.202118e-01
1.592243e-01
-6.765790e-02
-1.317088e-01
-1.397901e-02
-9.782161e-02
-1.098410e-01
9.698125e-02
8.338526e-02
1.213746e-01
-9.063273e-02
-6.724727e-03
3.862201e-02
1.094869e-01
-3.319813e-03
-1.313527e-01
3.133652e-01
-1.241628e-02
3.862741e-03
2.866156e-01
3.752205e-02
-3.773841e-02
-1.774945e-01
-1.296390e-01
5.816754e-01
-2.302382e-01
-2.135004e-01
6.055021e-01
-2.808752e-01
-1.157799e-01
4.440574e-01
9.172831e-02
-1.616031e-02
-3.757569e-02
2.633942e-02
-7.957915e-02
-1.653623e-02
-9.269929e-02
-1.189726e-01
1.462818e-02
-1.786552e-01
8.812176e-01
-8.247534e-01
3.372930e-02
3.840794e-01
-4.668427e-01
-8.024511e-02
-6.741899e-02
-7.331221e-03
1.268896e-01
-2.833711e-02
-8.587115e-02
-3.347551e-02
2.434578e-01
2.903644e-01
-1.616777e-01
-1.497907e-01
6.675175e-03
-8.125559e-02
-1.264242e-01
7.894482e-02
2.578473e-01
-5.347566e-02
-8.226609e-02
1.528156e-02
2.066136e-01
1.377185e-01
-1.160548e-02
-1.423188e-02
-5.700339e-02
-9.509835e-02
-8.829016e-02
-1.102684e-01
-1.776614e-02
1.173530e-01
-7.784633e-02
9.097729e-02
1.281631e-01
-2.225105e-01
-5.040852e-01
3.827394e-01
3.719950e-01
-4.099239e-02
-6.503521e-01
-1.645766e-01
-5.831777e-01
-4.969453e-03
2.454782e-01
3.718930e-01
-3.193699e-01
-1.700105e-01
-1.149940e-01
4.553349e-01
-2.198781e-01
-1.288247e-01
-3.921819e-01
8.104375e-02
3.578343e-01
2.636255e-01
-1.595018e-01
-2.404762e-01
-1.280763e-02
8.932475e-02
-2.760805e-01
1.388324e-01
2.798121e-01
3.817312e-02
-6.030278e-01
-2.342261e-01
4.991415e-01
3.744413e-01
1.080815e-01
-1.011048e-01
1.501374e-01
-1.037599e-02
-3.042113e-01
-1.411258e-01
2.321520e-01
2.108301e-01
-1.387623e-01
-3.333372e-01
-7.314913e-02
2.355712e-02
1.699292e-01
5.545807e-02
-1.854830e-01
1.006787e-01
1.635457e-01
2.595370e-04
-1.835752e-02
1.496338e-01
-5.177547e-02
-1.171381e-01
7.803029e-02
1.390107e-01
-2.763073e-02
-7.007810e-02
1.823000e-01
5.051393e-02
-1.197152e-01
-1.056448e-01
7.022635e-02
2.486317e-01
2.779866e-01
-1.279510e-01
-1.196497e-01
3.882576e-01
9.653337e-02
1.390957e-01
7.375091e-02
4.620928e-02
-1.388146e-01
-1.384189e-01
-8.804561e-02
1.356662e-01
-1.114829e-01
2.150577e-02
-2.294715e-01
6.921367e-03
2.153482e-01
-7.020988e-02
-2.104033e-01
-2.820721e-01
3.891611e-02
4.112145e-02
-1.319715e-01
-2.209457e-01
-6.959143e-02
2.833585e-01
-6.622282e-02
-2.607175e-01
-1.484743e-01
1.106831e-01
8.383728e-03
2.397273e-03
-4.770482e-02
-1.051306e-01
1.330040e-01
4.887436e-02
-5.147541e-02
-9.798565e-02
4.041736e-04
8.830482e-02
-1.352101e-01
-1.229207e-01
5.868791e-01
2.831212e-02
-6.112034e-01
-5.136364e-01
5.278752e-01
5.312988e-01
-1.229999e-01
-6.218231e-01
-1.429944e-01
-7.391778e-02
-5.512291e-02
-7.384714e-02
1.197226e-01
2.383132e-01
-1.826547e-02
9.831361e-02
1.036169e-02
2.183142e-01
3.510950e-02
2.218550e-01
2.004766e-01
-2.566160e-01
-1.311367e-01
4.106795e-01
2.086861e-01
3.252192e-01
-5.809034e-02
-8.521525e-02
-1.473049e-01
3.564306e-02
-9.043574e-03
2.809003e-03
1.396608e-01
2.778105e-01
1.703205e-01
-4.580716e-01
-4.915819e-01
-4.341289e-01
4.725053e-01
5.954062e-01
4.862997e-01
8.872991e-02
-2.421114e-01
-2.367800e-01
2.378616e-01
4.056228e-01
2.132212e-01
-4.646412e-01
-7.360232e-01
-5.789082e-01
8.486667e-02
4.381236e-01
1.633784e-01
-2.140966e-01
-2.428763e-01
1.098817e-01
1.423243e-01
1.601746e-01
1.952024e-01
1.142404e-01
-1.001762e-01
-3.735993e-02
2.057119e-01
2.095108e-01
3.585760e-01
-3.630316e-01
-4.430195e-01
-2.720331e-01
1.532471e-01
1.127795e-01
7.424155e-02
1.727478e-01
1.431584e-01
2.721047e-02
1.795761e-01
2.278098e-01
1.468298e-01
-2.223710e-01
-3.489668e-01
-3.276148e-01
7.798516e-02
-2.592054e-02
2.323099e-02
-2.874524e-01
-3.287871e-01
-1.682053e-01
2.757040e-01
3.218684e-01
3.918942e-01
1.388140e-01
1.822987e-01
1.400527e-01
6.684548e-02
1.146189e-01
1.570586e-01
-3.739995e-02
-1.072064e-02
9.464238e-02
-1.972121e-01
-2.210513e-01
-1.315273e-01
-5.447609e-02
-4.928823e-02
-8.163551e-02
-7.230005e-02
8.862683e-02
1.789746e-01
-1.537137e-02
1.109587e-01
1.529838e-01
6.580379e-02
1.718650e-01
4.924834e-02
-1.389317e-01
-6.457294e-02
-8.125060e-02
4.230685e-02
2.281630e-01
2.650612e-01
-5.521860e-02
-1.056749e-01
-2.179369e-01
-1.146420e-01
-1.711124e-01
-1.502302e-01
3.340044e-02
1.524289e-01
-8.583799e-02
-9.396078e-02
-1.501520e-02
-2.456657e-01
-6.106419e-02
2.150784e-02
-1.122291e-02
-2.230611e-01
-2.479531e-01
-2.515965e-01
2.038488e-02
-9.082636e-04
-8.897565e-02
1.583258e-01
2.221234e-01
1.898115e-01
-1.460546e-01
3.477136e-01
-1.014953e-01
-1.613087e-01
-3.912023e-01
-3.856059e-02
-1.422591e-03
3.029114e-01
4.866124e-02
-1.449191e-02
-9.048618e-02
-3.421837e-02
1.508636e-02
-4.420033e-02
5.329227e-02
1.235168e-01
7.147690e-02
1.577570e-01
-1.847293e-02
2.154898e-02
6.280416e-02
7.035628e-02
6.553305e-02
1.510700e-01
1.098062e-01
8.457973e-02
9.854854e-02
-3.113376e-02
-1.885307e-02
-7.455316e-02
1.007189e-02
1.924507e-02
-4.153947e-02
-1.505272e-02
3.862036e-03
1.628356e-02
-1.309766e-01
2.579936e-01
1.898391e-01
7.700139e-02
2.826963e-01
7.495791e-02
-3.103807e-02
5.004811e-02
-1.418648e-01
-9.093495e-02
-6.000572e-04
-5.611134e-02
4.690501e-02
1.121366e-01
9.336582e-03
4.057413e-02
6.628017e-02
9.624504e-02
1.555472e-01
3.684280e-02
2.988411e-02
-4.260040e-02
-9.017860e-02
1.267594e-02
1.690958e-01
1.897772e-01
2.913240e-01
-9.407444e-02
-1.259769e-01
-9.786584e-02
-1.163673e-01
-8.664858e-02
-1.033437e-01
9.342253e-02
1.030217e-01
9.538620e-02
-2.210656e-01
3.836733e-02
1.269979e-01
1.592178e-01
2.585905e-01
2.294620e-01
2.045902e-01
2.723190e-01
9.146367e-02
-1.692392e-01
-2.826867e-02
-1.893159e-02
-1.603096e-01
2.450874e-02
-8.218771e-02
2.385218e-02
1.725639e-01
1.734290e-02
-1.459671e-01
-8.132494e-02
-9.213252e-02
2.593612e-02
6.105099e-02
-2.162438e-02
-5.209169e-02
-8.581756e-02
-6.138625e-02
3.597215e-02
-1.042844e-02
-6.939597e-02
-2.200018e-02
-1.462940e-02
-8.029205e-02
-4.122351e-03
9.749951e-02
1.014847e-01
6.839707e-02
1.875098e-03
5.267328e-02
1.565126e-01
1.981336e-01
3.623298e-01
-2.582203e-02
3.812837e-02
1.321301e-01
-8.715657e-02
-8.193411e-02
-5.485379e-02
2.288509e-01
2.690128e-01
3.054944e-01
4.584938e-02
2.638752e-02
-2.477253e-02
-1.153353e-01
-6.588724e-02
-3.769153e-02
8.626695e-02
2.562858e-02
1.825920e-02
1.058772e-01
-3.154699e-02
-9.595782e-02
-5.109664e-02
-1.597011e-02
-7.796211e-03
-9.987689e-03
2.051684e-02
-2.503734e-03
7.785210e-02
7.583699e-02
-1.557650e-02
-2.220229e-02
6.369150e-02
3.013540e-02
-8.113440e-02
3.473748e-02
-6.735770e-02
-7.943941e-02
-1.588883e-01
-2.324946e-01
1.009098e-02
-6.222682e-02
3.268284e-02
-3.738981e-02
-1.875382e-02
2.930371e-01
-2.210854e-02
-2.046840e-01
2.294308e-01
-2.260835e-02
-1.670707e-02
-5.030875e-02
-9.887061e-02
1.916657e-02
1.305411e-01
-9.490264e-02
4.575639e-02
7.934577e-02
-3.907377e-02
4.857798e-03
7.889944e-02
-8.601484e-02
-8.175031e-02
8.562353e-03
8.285825e-02
-9.302166e-02
1.192275e-04
-5.603578e-02
-1.113184e-01
7.626527e-02
9.234042e-02
-2.484004e-01
8.754816e-02
3.589419e-01
-9.608363e-02
-2.552458e-01
8.059224e-02
-4.911484e-02
-9.202982e-02
1.673681e-01
2.209798e-01
-3.221301e-01
-1.964319e-01
3.811453e-01
-1.047121e-01
-3.443692e-02
4.514033e-02
-1.805479e-01
-1.943412e-01
3.667626e-01
5.326379e-02
-3.293693e-01
-1.735544e-01
2.753375e-01
6.735005e-02
1.082114e-01
1.293952e-01
8.131205e-02
1.927572e-01
1.548931e-01
-8.496522e-02
2.255758e-02
1.206036e-01
-7.603420e-02
-6.611474e-02
6.465565e-02
2.948212e-01
-2.007990e-01
-3.065865e-01
3.565843e-01
1.243970e-01
-6.222513e-01
1.247592e-01
-9.215676e-02
-5.870835e-02
1.101067e-01
3.701412e-02
-2.203130e-02
-1.042245e-02
1.384622e-01
-2.571746e-02
-4.382597e-02
8.506240e-02
1.080209e-01
-2.797774e-02
1.599769e-01
1.467066e-01
-1.692845e-02
1.220104e-01
1.770088e-01
-2.725432e-03
1.232831e-01
-1.253420e-02
-1.281531e-01
3.691035e-01
1.719837e-01
-2.292852e-01
6.886623e-02
2.676724e-01
-2.252938e-02
2.797162e-03
-7.492176e-02
-1.656946e-01
-4.948416e-02
1.027257e-01
2.002339e-02
4.811410e-02
2.357797e-01
7.484654e-02
3.003381e-02
6.892310e-02
1.765073e-01
-3.865496e-02
-7.523268e-02
1.416260e-01
3.033467e-02
-2.083500e-02
3.261111e-01
4.728865e-02
-2.454515e-01
3.687965e-01
2.308879e-01
-3.695731e-01
1.459984e-02
2.809872e-01
-5.147550e-02
-3.704952e-02
-2.074891e-01
1.400131e-02
4.552344e-02
-6.042922e-02
-7.202937e-02
-1.271448e-01
-9.495168e-02
-5.108110e-02
-2.820742e-01
-2.030019e-01
6.300090e-01
1.432318e-01
-6.118655e-01
3.655312e-01
2.678204e-01
-2.176865e-01
-3.036681e-01
1.473814e-01
4.270671e-02
-1.191737e-01
1.693125e-01
2.713023e-01
1.491245e-02
-1.320251e-01
2.209026e-01
4.893325e-02
-8.166539e-02
1.322183e-02
-1.312897e-01
7.034627e-02
-1.220909e-03
-4.851005e-02
7.658640e-02
1.618159e-01
-9.092730e-02
1.464587e-01
3.012045e-02
-2.016263e-03
3.789161e-02
-8.602886e-03
-2.701288e-03
-1.873820e-02
-2.868647e-02
-5.740842e-02
-7.248003e-02
2.694096e-02
-1.981093e-01
-1.318813e-01
4.556384e-01
-8.593614e-02
-1.101086e-01
8.996331e-03
2.551922e-01
-2.115312e-01
-3.400968e-03
1.816019e-01
2.260406e-01
-3.690166e-01
1.988338e-01
2.755802e-01
1.544833e-01
-6.588903e-01
6.536917e-02
-6.232619e-02
1.861337e-01
1.559449e-01
1.365083e-01
-5.120125e-02
-1.108560e-01
2.656184e-01
-2.161919e-01
1.445731e-01
1.271477e-01
6.371772e-02
6.357322e-02
-6.973091e-02
2.850717e-01
1.721884e-01
-1.596495e-01
7.329425e-02
-1.002762e-02
1.665441e-01
1.066037e-02
-1.364040e-01
-1.438380e-02
-6.188692e-02
1.546181e-02
-9.779160e-02
2.996204e-01
1.403593e-01
1.409288e-01
-1.468714e-01
2.640306e-02
1.520667e-01
5.286786e-02
-6.766278e-02
5.526632e-02
6.203012e-02
2.305181e-01
-3.621164e-02
5.893011e-02
1.581079e-01
-7.942125e-02
-1.107201e-01
1.614897e-01
2.230054e-02
-2.861086e-02
1.704258e-03
-3.325289e-02
1.034299e-01
1.589926e-01
4.163492e-02
2.388890e-02
-7.948618e-03
1.073858e-01
-8.482580e-02
-8.626308e-02
-4.866974e-02
1.237152e-01
-7.474274e-02
-8.088686e-02
-7.498325e-02
-3.288525e-02
2.838106e-02
-2.671097e-02
-2.087900e-02
6.875446e-02
1.430703e-01
-9.826399e-02
-1.626958e-01
9.839003e-02
-2.289159e-01
-9.800659e-02
2.396336e-02
4.232404e-03
2.169472e-01
1.774780e-01
-5.456525e-02
-1.090730e-01
1.150665e-01
-1.560025e-01
-1.876531e-01
-2.163660e-01
-1.401893e-01
-1.187724e-01
1.621823e-02
3.007689e-02
-1.479513e-01
-1.901964e-02
3.211103e-02
-4.604286e-02
-5.605382e-02
-1.998460e-01
1.905510e-01
-4.811534e-01
-5.138878e-01
-2.012199e-01
8.511566e-03
2.227407e-01
-3.661620e-01
4.602987e-01
-7.112986e-03
5.786449e-02
1.379878e-01
1.482580e-03
5.144425e-02
8.054082e-02
7.077613e-02
1.335022e-01
1.106461e-01
-6.647746e-02
1.888486e-01
7.100569e-02
-1.075562e-01
8.514757e-02
3.716111e-02
-1.055637e-01
-1.230053e-02
-2.550982e-03
2.233465e-01
-1.010236e-01
-1.947532e-01
2.722477e-01
-3.109461e-02
-2.143416e-01
2.702571e-01
5.839360e-02
-1.842695e-01
2.001043e-01
-7.296409e-02
-3.129042e-02
1.604367e-01
-5.010458e-02
1.151588e-01
4.528595e-02
-1.081649e-01
-6.453327e-03
-1.982168e-01
5.260486e-02
3.245691e-01
-2.204127e-01
-2.433004e-01
3.380996e-01
-2.367504e-01
-3.386913e-01
7.318314e-02
1.572437e-01
-1.661901e-01
-3.156911e-01
4.456477e-01
7.007473e-02
-2.783296e-01
3.045578e-01
1.480885e-01
-1.636568e-01
-1.251101e-01
-1.373419e-01
-5.569083e-02
-1.346207e-02
-1.033922e-01
-7.523566e-02
-1.503747e-02
1.364141e-01
6.283399e-02
3.271222e-02
-5.457470e-02
-1.286798e-02
-2.224092e-02
8.219512e-02
1.028797e-01
2.097975e-02
4.116613e-02
1.237486e-01
2.097672e-01
-2.962020e-01
-2.475424e-01
3.584609e-01
-1.443375e-01
-1.770748e-01
3.448323e-01
-1.396604e-02
-2.173204e-01
-1.255346e-01
6.415894e-02
6.174669e-02
-1.222197e-01
1.117614e-01
5.115794e-02
-1.082732e-01
6.117127e-02
-5.704916e-03
5.608086e-02
-8.073383e-02
-1.377292e-01
7.176758e-02
1.652851e-02
-8.457508e-02
-3.698417e-02
-3.710471e-02
-9.207287e-02
1.042552e-01
-1.165640e-01
-1.011153e-01
1.405264e-01
-1.142136e-01
-7.412183e-02
2.007992e-01
-5.335997e-02
1.135042e-02
-1.425008e-01
-3.133553e-02
4.001119e-02
-6.545372e-02
-9.501238e-03
1.021083e-01
-1.054420e-01
-5.430958e-02
-5.619710e-03
5.100298e-02
-1.072236e-01
1.601148e-01
-3.655716e-03
-4.455796e-02
8.294143e-02
-9.538452e-02
1.710501e-02
1.194980e-02
-1.551932e-01
-1.460585e-01
9.429493e-02
-7.784999e-03
-1.746709e-01
8.339928e-02
3.298984e-04
-1.738522e-01
-4.601322e-02
1.184758e-01
9.931887e-03
-6.283236e-02
3.547423e-02
4.218841e-02
7.114784e-02
1.408688e-01
-8.228406e-02
-6.099891e-02
-1.084770e-02
-7.504775e-02
-9.593784e-05
-1.030127e-01
-5.911639e-02
-2.408309e-02
8.983669e-02
-3.657221e-03
2.499412e-02
2.045199e-02
6.715001e-02
-1.830818e-02
-1.419860e-02
7.902336e-02
6.260223e-02
-2.965929e-02
-8.406624e-02
1.273476e-01
-8.650444e-02
1.178214e-01
-2.136295e-02
-5.041569e-02
-4.033790e-06
2.012225e-02
6.399170e-02
-9.274852e-02
6.075977e-02
1.316788e-01
-7.847606e-02
-7.012899e-02
3.284677e-01
-3.445767e-01
-2.293991e-02
-2.191962e-01
9.537639e-02
-9.459519e-02
-1.017484e-01
1.178557e-01
-2.031318e-01
-2.324166e-01
3.511522e-01
-1.164200e-01
4.829818e-01
-6.491827e-01
2.928293e-01
-2.180780e-01
1.024460e-01
-1.038512e-01
-2.804028e-02
-4.385435e-02
-6.251590e-02
8.846210e-02
-1.383641e-01
6.488902e-02
1.861262e-02
6.628466e-02
3.090732e-01
-2.599326e-01
2.587461e-01
2.045379e-01
-7.067342e-04
1.205610e-01
-2.358937e-02
5.308535e-02
2.350346e-02
-8.313370e-02
-5.172833e-02
8.036576e-02
-2.461777e-02
-4.330886e-01
1.477617e-01
1.987357e-02
8.404255e-02
-7.000463e-02
-7.885829e-03
-8.984622e-03
9.271974e-02
3.134576e-02
-5.540287e-02
1.269451e-01
1.019844e-01
-8.960239e-02
-4.980528e-03
9.862794e-02
-5.256817e-02
-1.926100e-02
2.762566e-03
-7.166916e-02
5.822017e-02
-8.753945e-02
-3.728621e-02
-4.063855e-02
6.155630e-02
-1.397457e-01
-3.003760e-02
4.086781e-02
2.261654e-04
-3.918023e-02
-3.474479e-02
2.075543e-02
1.647627e-02
-4.883144e-02
-2.447901e-02
-9.228782e-02
-5.032285e-02
-2.625181e-02
-8.986837e-02
6.097156e-02
-1.448242e-01
1.046183e-01
-1.879899e-02
-2.964177e-01
2.283753e-01
-1.670374e-01
-6.961784e-02
1.354310e-01
5.980754e-02
-1.280362e-02
1.120571e-01
-5.498611e-02
-4.694910e-02
-9.946906e-02
6.439818e-02
1.566527e-02
-2.515426e-01
1.418219e-01
7.574530e-02
-1.424373e-02
-4.977848e-03
-1.082349e-01
-1.167416e-01
-8.755758e-02
-2.436716e-02
-4.323147e-02
9.805961e-03
3.176189e-01
-7.468964e-01
4.401603e-01
-5.740753e-01
7.112636e-01
-5.084106e-01
3.915479e-02
-1.527004e-01
-1.583492e-01
-1.392697e-01
-1.237885e-01
1.631137e-01
-1.001300e-01
-7.429185e-02
2.067649e-01
2.777161e-02
4.991611e-02
2.865206e-01
-7.975373e-02
3.492514e-02
-4.782105e-02
2.949357e-02
8.070868e-02
1.405637e-02
6.878868e-02
9.565886e-02
-1.373335e-02
-2.309777e-01
-1.406027e-01
3.004925e-03
-2.803707e-01
-1.035104e-01
2.137477e-01
-2.262002e-01
1.524783e-02
4.028564e-01
3.100182e-02
5.245258e-02
6.447393e-02
3.947058e-02
1.319943e-02
6.228763e-02
-5.568058e-02
-6.482947e-02
-6.648931e-02
7.740679e-02
-5.045470e-02
-9.493259e-02
4.939899e-02
1.068829e-01
-5.291691e-02
-4.847471e-02
8.467426e-02
-1.536975e-01
-1.500833e-01
-1.426156e-01
9.962109e-02
-2.493573e-01
-1.524019e-01
1.904212e-01
-3.237892e-02
-2.950930e-04
1.552017e-01
1.225936e-01
-5.823370e-02
-8.179778e-02
1.025112e-01
-1.955279e-01
-1.667271e-01
1.189688e-01
-1.198642e-01
-1.643348e-02
-1.333340e-01
-1.948043e-01
-5.672768e-02
-1.276886e-01
-1.553475e-01
3.166423e-02
-4.864468e-02
-6.477323e-02
3.329804e-02
-4.888740e-01
-3.066290e-01
2.772881e-01
-5.612323e-01
-8.209772e-02
4.945553e-01
-4.701671e-01
1.782327e-01
5.148407e-01
-5.996449e-03
1.901779e-01
-2.523006e-01
2.117650e-01
1.227189e-01
-2.812312e-01
2.167026e-01
-7.729986e-02
-3.005536e-01
-1.204436e-01
-1.075746e-01
1.422703e-02
-5.995307e-02
-4.517738e-02
4.647480e-02
5.022311e-02
5.102208e-02
-1.992968e-02
-6.207968e-02
-1.309566e-01
-1.551792e-01
-4.445081e-02
-1.497810e-02
3.911939e-02
2.079546e-02
7.348766e-02
5.237913e-02
1.092725e-01
2.041408e-01
2.049422e-01
1.899389e-02
1.131207e-01
1.029046e-01
-7.995675e-03
1.491632e-02
-1.444075e-02
3.122213e-02
1.575499e-01
1.311951e-01
6.104657e-02
1.682563e-01
5.272819e-02
7.519963e-02
8.799073e-02
1.759377e-02
-1.470613e-01
-2.033569e-02
3.763665e-02
-7.618564e-02
1.756412e-01
6.373904e-02
8.532168e-02
1.706328e-01
-9.341574e-02
-5.833946e-02
1.624041e-01
1.498854e-01
1.134688e-03
4.590950e-02
-2.045201e-02
-5.658614e-03
7.179639e-02
-5.523860e-02
4.330950e-02
3.204146e-02
-2.092030e-02
6.201297e-02
4.173548e-02
1.507630e-01
-2.315135e-02
4.169985e-02
1.087749e-01
4.766072e-02
6.189967e-02
-2.131977e-02
1.205745e-01
1.019216e-01
-1.522051e-02
1.574503e-01
7.197408e-02
-1.254385e-01
9.362917e-02
-7.929485e-03
-1.134073e-02
5.988172e-02
-3.001840e-02
7.345118e-02
1.202045e-03
-3.129663e-02
7.446900e-02
-1.107921e-01
-2.515476e-01
-2.996789e-01
-3.929872e-01
-3.206447e-01
-3.467822e-01
-2.267036e-01
-1.724692e-01
-1.196438e-01
3.103128e-02
-2.805172e-02
-1.298700e-01
-8.268246e-02
-2.166751e-01
-2.260870e-01
-1.504403e-01
-2.299472e-02
-7.835372e-03
4.800512e-03
-8.804155e-03
-4.970864e-02
1.988710e-01
1.319100e-01
5.986992e-02
1.297365e-01
1.316333e-01
-3.733414e-03
-6.857154e-02
3.455089e-02
7.511232e-02
1.839840e-01
1.715511e-01
9.220042e-02
2.359112e-01
2.193208e-01
1.462987e-01
-2.455412e-01
-1.359138e-01
1.760924e-02
-2.339261e-01
-1.049580e-01
-3.985124e-02
-1.172819e-01
-3.422360e-02
-6.087021e-02
-7.838628e-02
-1.161752e-01
-6.174485e-02
2.748088e-02
3.501935e-02
-1.222159e-01
-2.128137e-02
2.283558e-02
-1.241270e-01
-1.930121e-01
-1.765720e-01
-7.195555e-02
-1.251311e-01
-1.144836e-01
1.177148e-02
-1.603512e-02
-6.135768e-03
9.516668e-02
4.995905e-02
5.422749e-04
8.933187e-03
9.853943e-03
4.792164e-02
7.887533e-02
8.303307e-02
2.307478e-01
3.552720e-01
-1.623272e-01
-5.821836e-02
1.257950e-01
-1.956699e-01
1.770502e-02
1.634323e-01
-1.002669e-01
-1.027013e-02
-1.245764e-02
-1.405463e-01
6.044303e-02
1.874971e-01
-8.794236e-02
1.443734e-02
7.890865e-03
-4.460664e-02
-1.385237e-02
-1.058735e-01
1.400610e-01
4.851054e-02
-2.999997e-01
-3.062774e-03
-1.888146e-01
-4.179707e-01
-6.091781e-02
-1.261647e-01
-1.604560e-01
1.319370e-02
1.760056e-02
-3.107118e-03
-6.879578e-02
-3.704664e-02
-1.054831e-02
2.450538e-02
9.282588e-02
1.811583e-01
2.250403e-02
1.082603e-01
3.085490e-01
1.441766e-02
1.074563e-01
2.108220e-01
2.776799e-02
2.006617e-02
5.020435e-03
4.988547e-02
2.665973e-02
-3.287024e-02
-5.362970e-02
-1.115448e-01
-8.011424e-02
1.170871e-01
5.258319e-02
8.488738e-02
2.620221e-01
9.451465e-02
1.544684e-01
3.040712e-02
1.492723e-02
7.728850e-02
1.468968e-01
-6.592053e-02
5.411299e-02
8.636679e-02
-6.083576e-02
-1.266552e-01
-5.972166e-02
-6.125978e-02
4.023500e-02
-1.391919e-01
5.842757e-04
1.215291e-01
-1.961884e-01
2.829758e-01
1.523838e-01
2.292085e-01
-9.053782e-02
-2.346099e-01
-3.938949e-01
-3.150967e-01
-1.528342e-01
-3.171219e-02
-4.643973e-01
1.475973e-01
-3.713016e-01
4.822381e-01
1.203699e-01
3.410881e-01
-1.266441e-01
-2.899653e-01
-4.580104e-03
-7.503396e-02
-1.516008e-01
-2.402150e-01
-1.823788e-01
-1.756793e-01
2.086051e-01
9.847281e-02
1.726589e-01
1.345837e-01
-2.387068e-01
-1.237937e-01
-2.255876e-01
4.677854e-02
3.126621e-01
1.642324e-01
5.193666e-02
1.446040e-01
1.688755e-01
2.060203e-01
4.942822e-02
1.877359e-01
-1.042860e-01
-8.028220e-02
-3.824771e-01
7.553362e-02
1.664005e-01
-3.001143e-01
-6.279079e-02
1.324982e-01
2.405282e-02
2.689631e-01
1.886158e-01
2.628334e-01
6.748538e-05
-9.394141e-02
2.389776e-01
1.037388e-01
-7.764263e-02
-1.421994e-01
-1.868500e-01
-6.845679e-03
-2.186567e-01
-5.742179e-02
2.823145e-02
1.587375e-01
-4.630333e-02
-2.781687e-02
-1.971942e-01
-1.494454e-01
-8.557449e-02
1.883933e-01
3.050480e-04
-9.229297e-02
1.523312e-01
6.114926e-02
-9.281574e-02
-3.174619e-02
1.291128e-01
8.593702e-02
4.198021e-01
1.942209e-01
-1.278623e-02
4.313483e-02
-1.429294e-01
-1.375506e-01
-2.711791e-01
-8.591636e-02
-9.023911e-02
-1.392030e-01
-4.791705e-02
3.379708e-02
1.927159e-01
1.592259e-01
1.816768e-01
8.370541e-02
4.248851e-02
-1.260783e-01
3.890349e-03
-5.155049e-02
1.196280e-01
-9.239087e-02
-2.942801e-03
-2.364133e-02
8.594587e-02
7.460707e-02
-1.560371e-01
3.845003e-02
-7.023279e-02
-8.094231e-02
-1.721320e-01
-6.440946e-01
5.321694e-03
-2.423184e-02
5.829684e-01
4.116430e-02
1.505918e-01
-4.298158e-01
-1.859319e-01
-2.673952e-01
1.585632e-02
4.692191e-02
-2.575557e-01
-8.891463e-02
-1.084853e-01
4.602298e-02
-1.056317e-02
-2.572984e-01
7.533952e-03
2.344824e-02
3.678787e-02
7.730569e-02
1.907173e-01
8.554997e-02
-4.791225e-02
1.637026e-01
1.429645e-01
4.573742e-02
2.729483e-02
4.273979e-02
1.260444e-02
-4.402409e-02
5.596758e-03
7.020970e-02
9.724107e-03
-2.485031e-03
-3.179980e-01
-8.273785e-03
5.184051e-02
-1.338968e-01
-8.944436e-02
2.050686e-02
1.154159e-01
-1.391453e-01
-1.111515e-01
-1.315222e-01
1.781436e-02
-1.905242e-01
8.746355e-02
4.708617e-01
2.108618e-01
-2.293829e-01
4.480924e-02
2.679217e-01
-3.164514e-02
3.089810e-02
1.758227e-01
-3.777620e-01
-1.751460e-01
9.986078e-02
-1.664617e-01
-2.662919e-01
-3.055544e-01
7.729752e-02
1.296421e-01
-1.182681e-01
9.479669e-02
3.793609e-02
-1.025016e-01
-7.230689e-02
-5.150421e-02
5.074347e-02
-4.009475e-02
-1.278017e-01
-1.411086e-01
2.412098e-01
1.164484e-01
5.774787e-02
7.496622e-02
1.063804e-01
1.226902e-01
2.174723e-01
6.131370e-02
-1.905418e-01
-4.247145e-02
1.042694e-02
5.801046e-02
-2.099273e-01
-7.864787e-02
1.395618e-01
-1.001786e-01
-9.392404e-02
-9.682509e-02
8.793297e-03
-1.082146e-02
-7.658306e-02
-3.894686e-02
-7.016220e-02
-2.238094e-01
-7.779919e-02
5.564197e-03
9.417338e-02
-1.016321e-01
3.468806e-02
1.536151e-01
-2.242176e-01
-1.747306e-01
-1.099728e-01
1.019240e-01
-6.435479e-03
1.663498e-01
5.361781e-02
-1.052839e-01
3.205989e-02
-2.589467e-01
-2.429277e-01
2.272400e-02
1.156622e-01
-3.677652e-02
-2.579363e-01
-1.456428e-02
-1.561127e-02
-2.538778e-01
-3.551469e-02
1.178058e-01
2.020705e-02
2.505817e-01
2.849319e-01
1.022233e-01
3.273965e-01
3.952366e-01
4.283241e-01
1.064267e-01
1.630177e-01
2.763557e-01
-1.440920e-01
-1.706622e-02
8.005187e-02
-1.653275e-01
3.350038e-03
2.085526e-01
-1.513456e-01
-2.378320e-01
-3.946236e-02
-1.442704e-01
-2.208935e-01
-1.365959e-01
-1.895020e-01
-4.480490e-01
-3.578287e-01
-1.765358e-01
-3.395049e-01
-2.758832e-02
