-5.855918e-02
-2.110724e-02
-4.461171e-03
5.467749e-02
1.955967e-02
-3.266890e-02
8.966027e-02
6.840853e-02
4.253699e-02
1.872257e-01
6.921783e-02
6.567811e-02
4.002621e-02
-3.658582e-02
-3.620041e-02
1.010246e-03
-1.798727e-02
-2.368585e-02
-1.248606e-01
-4.710135e-03
1.636442e-03
9.292924e-02
1.544575e-01
2.333285e-02
2.194095e-02
4.007360e-02
4.947164e-02
-2.068863e-01
-1.507979e-01
-1.239951e-01
-3.114138e-02
-1.642680e-03
-1.950349e-02
-1.572164e-02
1.607619e-01
9.551284e-02
-1.143741e-01
-1.031940e-01
-1.598781e-01
-7.379763e-02
-1.370061e-01
-1.590581e-01
-3.030060e-02
-1.389294e-01
-1.241052e-01
-1.221267e-01
-7.567482e-02
1.908767e-02
-5.226090e-02
-1.618741e-01
-2.567838e-01
-4.976687e-02
-5.596737e-02
-2.431289e-01
-1.451234e-01
-1.413177e-01
-1.669516e-01
-1.528949e-01
-1.601610e-01
-1.847860e-01
6.349242e-02
6.128857e-02
-4.911121e-02
-2.156270e-02
7.222630e-03
9.042871e-03
-1.252657e-02
-1.657865e-02
-4.395242e-02
-1.598642e-02
-5.692172e-02
-8.727380e-02
5.790029e-02
1.636910e-01
1.337223e-01
-5.603525e-02
2.179773e-02
1.519454e-02
-7.801943e-02
1.191643e-02
1.875002e-03
-1.601193e-01
-1.941184e-01
-7.107536e-02
2.284576e-02
4.008492e-02
4.557813e-02
5.843414e-02
1.240444e-01
6.030958e-02
-6.784943e-02
-4.493403e-02
-2.180182e-01
4.575341e-03
-1.613986e-02
-1.858511e-01
-2.729621e-01
-1.407694e-01
-2.157994e-01
3.564610e-03
1.676458e-01
1.688905e-01
-1.205362e-01
-1.807392e-01
-1.074593e-01
6.601104e-02
-8.561783e-02
2.668314e-02
1.787491e-01
8.261665e-02
6.922483e-02
4.938646e-02
-9.699660e-05
1.868888e-02
8.769370e-02
-3.072934e-02
5.767970e-04
-7.593699e-02
-1.162575e-01
-1.496859e-01
-4.938409e-02
-1.440273e-02
-3.142593e-03
-1.862784e-01
-2.042821e-01
-2.954062e-02
-2.278049e-02
4.482969e-02
-1.987352e-02
-1.883681e-02
4.175832e-03
3.970839e-02
4.025649e-02
1.532105e-02
-4.923751e-02
-7.909686e-02
-3.633156e-02
2.318976e-02
-9.043452e-02
-1.245458e-01
-5.840536e-02
4.248782e-02
2.471945e-02
6.844823e-02
9.145314e-04
-2.378527e-02
-2.194131e-02
1.381514e-03
-3.124071e-02
-3.038668e-02
-6.109021e-03
-2.626795e-02
-2.452970e-02
-2.015421e-02
-9.272565e-02
-1.217423e-01
4.407261e-02
-1.479975e-02
-6.463075e-02
3.588524e-03
-6.519558e-02
-1.123002e-01
-9.713053e-03
-5.120031e-02
9.306909e-02
-5.807248e-02
-1.025918e-01
6.152439e-02
-1.004845e-01
-1.233462e-01
-3.179105e-02
7.471426e-02
-1.668939e-02
-5.522350e-02
1.547874e-01
8.903596e-02
4.291110e-02
8.349848e-02
1.641822e-02
-9.466935e-02
1.723679e-01
-4.832562e-02
2.197111e-02
1.332053e-01
-8.633292e-02
2.112593e-02
1.421274e-01
-1.466366e-01
-2.178203e-02
8.628876e-02
5.144837e-03
-8.190195e-02
8.983847e-02
2.394365e-02
3.554163e-02
-2.795242e-02
1.180178e-01
-6.829582e-02
3.339867e-03
-1.023090e-01
-9.503638e-02
4.215797e-02
-3.573209e-02
-3.304496e-02
2.654886e-02
-5.294393e-02
-9.978211e-03
3.754687e-02
6.087426e-02
2.327660e-03
-8.301837e-04
3.504991e-02
1.189242e-02
-3.699784e-02
1.543639e-02
1.338124e-02
2.869469e-02
-1.705776e-03
-5.733763e-03
2.912594e-02
9.090314e-03
-1.064125e-02
2.766742e-03
1.918848e-02
2.318348e-03
-9.961522e-02
-3.982956e-02
1.366234e-01
-1.094347e-01
2.399770e-02
7.718188e-02
-1.446848e-01
-4.026820e-02
-1.004263e-02
1.978092e-02
-5.444813e-02
-2.262105e-02
8.923395e-03
-6.438284e-02
-5.569012e-02
2.089785e-02
-5.025914e-02
-6.111105e-02
2.170484e-02
9.794873e-03
-8.807990e-02
1.867921e-01
-4.668495e-02
9.183606e-03
8.076170e-02
7.829376e-02
1.037431e-01
-5.942604e-03
5.651447e-02
-6.429013e-04
2.503143e-03
1.242411e-01
6.364782e-02
4.550647e-03
6.485566e-02
4.992305e-02
-6.813230e-02
-9.725968e-02
-8.298498e-02
1.305034e-02
-8.054236e-02
-5.131148e-02
1.212431e-01
-4.997217e-02
-1.050782e-01
6.429788e-02
-8.852490e-03
-1.419036e-01
1.015286e-01
4.447948e-02
-9.106079e-02
6.802303e-02
-3.735509e-02
-1.025036e-01
1.941522e-02
3.236349e-02
5.695570e-02
-1.405087e-02
1.276000e-02
-4.427847e-03
-2.472690e-02
-2.269099e-02
-1.061755e-02
5.957571e-02
3.004599e-02
7.887931e-03
-1.410230e-01
-1.145027e-01
-1.115988e-01
-1.549395e-01
-1.399946e-01
-1.288189e-01
-7.522754e-02
9.473402e-02
-1.586242e-01
-1.426044e-01
-6.390245e-02
-2.594396e-01
-1.117315e-01
-2.362793e-02
-1.753976e-01
4.333518e-02
1.496217e-01
4.854934e-02
-6.644387e-02
4.624050e-02
-7.529598e-03
-1.411314e-01
-2.573747e-01
-2.189780e-01
1.431157e-01
-1.065418e-01
-3.689881e-01
3.298344e-01
7.159442e-03
-4.951895e-01
6.398512e-01
3.738244e-01
-2.224756e-01
7.213860e-02
1.111876e-01
9.368015e-02
7.964562e-02
8.915074e-02
3.132980e-02
1.037614e-01
-1.967265e-02
-1.059819e-01
5.353152e-02
3.247789e-02
1.201862e-01
5.847884e-02
2.586603e-01
7.197431e-02
-1.715217e-02
7.838327e-02
-1.228319e-01
-3.900998e-01
-3.251711e-01
-2.188154e-02
-3.204578e-01
-2.986017e-01
-6.795398e-02
2.073415e-01
2.394528e-01
3.722105e-01
-1.854482e-02
-1.312411e-01
-2.393801e-01
7.288419e-02
-4.918838e-02
-1.941431e-01
4.459215e-02
-1.146714e-01
-1.848312e-01
2.198053e-01
9.453691e-02
1.370161e-02
2.564684e-01
1.688910e-01
3.091447e-02
2.044978e-01
1.063931e-01
1.451030e-02
-2.861529e-01
-2.078468e-01
8.783743e-02
-4.659241e-01
-1.206673e-01
2.692800e-01
4.129215e-02
2.911068e-01
4.643744e-01
-5.527831e-02
-1.291931e-02
-1.831779e-01
8.435187e-02
1.672143e-02
-4.072275e-02
1.965644e-02
7.459611e-02
6.970727e-02
-6.980437e-02
2.026331e-02
1.122746e-02
-4.066072e-02
3.281437e-02
8.346299e-02
4.118928e-02
1.286790e-01
6.541514e-02
5.602128e-02
-9.157886e-02
-5.379934e-02
8.249496e-03
-1.237439e-01
-1.546798e-01
-1.350776e-03
-4.739322e-02
-1.335746e-01
6.076289e-02
-1.371032e-01
-7.812769e-02
4.823115e-02
-1.158072e-05
-1.246109e-02
1.033642e-01
-4.759197e-02
-1.556300e-02
-2.498674e-01
-1.448909e-01
-4.437697e-02
1.855032e-01
2.225633e-01
-9.925649e-02
6.210772e-01
7.066708e-01
1.197150e-01
2.082315e-01
1.271089e-01
1.128615e-02
3.533818e-02
6.017381e-04
6.620862e-03
-3.177472e-02
-1.126879e-01
-1.971722e-01
-9.332006e-02
-1.047151e-01
-6.854609e-02
-1.506516e-01
-1.977176e-01
-7.105411e-03
8.585089e-02
1.342822e-01
9.085637e-03
-9.776917e-02
-1.267369e-01
-4.971692e-02
-2.182361e-02
-1.270857e-01
-8.036898e-02
8.011062e-02
2.648348e-02
-3.069116e-02
1.938600e-02
-1.493214e-01
1.561923e-01
-3.775920e-02
-1.999322e-01
9.316938e-02
8.860888e-02
3.664169e-02
5.224455e-02
9.727564e-02
-1.439561e-01
1.337876e-01
-3.083454e-03
1.015082e-01
2.398468e-01
2.033937e-02
5.164977e-02
7.963151e-02
2.863672e-03
1.370424e-01
-3.988950e-02
4.791037e-03
1.263035e-01
6.009177e-02
2.384599e-02
7.526793e-02
6.113138e-02
9.690528e-02
-1.364085e-01
-6.065159e-02
-3.063112e-02
-4.935015e-01
4.757287e-01
1.563140e-01
-5.157491e-02
4.072130e-02
-9.408809e-02
-1.354675e-01
2.641293e-03
-8.599290e-02
-6.376671e-02
4.885092e-02
1.787369e-01
-1.341463e-02
2.555710e-02
-6.259473e-02
-9.298742e-02
-2.774854e-02
3.023871e-02
3.410570e-02
3.476529e-02
3.417901e-02
1.678774e-02
-7.161985e-02
3.988666e-02
7.151964e-02
1.610501e-02
-1.068081e-01
-4.263068e-02
-3.444196e-02
-8.162854e-02
3.206254e-02
6.646366e-02
-1.667799e-01
-3.629366e-01
1.553235e-01
2.685957e-02
-1.005092e-01
-3.955854e-02
-1.236465e-01
1.518856e-01
1.345831e-01
-2.098935e-02
-1.358465e-01
-1.367175e-01
2.844255e-02
3.681142e-02
-6.031746e-02
-1.816500e-01
-1.457257e-01
-3.510021e-01
6.528626e-02
6.020197e-01
-7.573843e-02
-4.232788e-02
-4.285407e-01
-8.709865e-02
2.140032e-01
7.445538e-02
6.826220e-02
5.647422e-02
-2.395756e-02
-7.550272e-02
2.297510e-01
1.656314e-01
5.448018e-03
1.416852e-01
3.054617e-01
1.046811e-01
-5.981798e-02
1.372217e-01
7.572821e-02
-1.517886e-01
5.111584e-02
-3.453156e-01
2.539507e-01
2.867483e-01
-2.553864e-02
-8.468874e-02
-4.155411e-02
7.876661e-02
6.319002e-02
2.285607e-02
3.847208e-02
3.633635e-02
5.901360e-02
-6.985249e-02
1.595211e-01
1.846413e-01
6.931676e-02
3.608331e-02
-1.158629e-01
-8.359190e-03
-5.122751e-02
-1.103246e-01
-7.155477e-02
-6.078306e-02
-1.837622e-01
-2.026252e-01
1.411496e-02
4.935342e-01
2.278731e-01
5.245503e-02
2.073108e-02
1.100104e-01
-2.025527e-01
-9.424879e-02
-7.057279e-02
1.280028e-01
2.367529e-01
5.646528e-02
1.104434e-01
2.969554e-01
6.934462e-02
3.316763e-02
-6.369323e-02
8.260454e-02
-7.338573e-02
4.623341e-01
1.835971e-01
-3.633277e-01
-3.377170e-01
-2.718324e-02
3.715183e-03
1.905764e-01
-1.956541e-01
3.374042e-02
9.682806e-02
-3.927459e-03
-1.714244e-01
-2.169981e-01
9.516969e-02
3.700340e-02
2.014003e-01
7.180203e-02
9.050239e-03
2.007724e-01
1.231203e-01
-2.781959e-02
-2.411680e-02
3.556917e-02
-2.142583e-02
-5.288768e-01
7.619486e-02
-2.366560e-01
7.074155e-01
-2.407379e-02
-1.090422e-02
-2.614986e-01
-2.565153e-04
-3.359174e-02
5.070625e-02
5.417452e-02
3.803679e-01
-1.152193e-02
-3.045063e-01
1.864367e-02
-9.935863e-03
6.602174e-02
-2.795271e-02
9.653789e-02
4.689642e-02
1.528362e-01
1.533930e-01
6.945040e-03
1.070562e-01
5.610821e-02
-8.667783e-02
-4.350083e-04
-1.191344e-01
-6.446360e-02
-7.514969e-03
-3.358021e-02
4.900838e-02
1.723581e-03
-6.199845e-03
1.724285e-01
3.193328e-01
1.196469e-01
-1.399965e-01
-6.255096e-03
-1.992255e-01
-1.086801e-02
1.673991e-01
-1.140974e-01
2.597860e-02
2.418775e-01
-4.707615e-02
1.986878e-01
-2.767130e-01
-3.396120e-01
-1.547999e-01
5.866170e-02
-1.921590e-01
-1.822153e-01
2.434233e-02
-9.079942e-01
-1.058052e-01
-2.114717e-01
7.787223e-01
3.526311e-01
-6.981140e-03
-3.162384e-01
-1.027252e-01
5.621510e-03
2.008740e-01
3.012550e-02
-3.256809e-02
1.242416e-01
-8.312946e-02
-7.551733e-03
-1.164085e-02
-4.922079e-02
-3.834757e-01
-3.533556e-02
-5.922393e-02
1.794456e-01
-1.306495e-01
-1.637534e-01
5.557046e-02
-3.724657e-01
-3.026326e-01
-1.086857e-01
3.136235e-03
1.275992e-01
-6.643765e-02
-7.003173e-02
5.020538e-02
8.252185e-02
-1.582048e-01
-3.334567e-01
-4.416071e-02
-1.659120e-02
1.835185e-01
-3.122038e-01
2.864025e-02
1.730116e-01
-4.134147e-03
4.586070e-02
-2.735488e-02
3.667485e-02
-7.196850e-03
-1.483349e-02
2.380097e-01
1.717882e-01
-4.222439e-02
1.462710e-01
6.835621e-02
-7.224946e-02
1.773761e-01
1.587027e-01
3.810490e-02
3.479965e-02
6.275517e-03
-3.609810e-02
-9.620274e-02
-1.609551e-01
-2.242417e-01
-3.204209e-02
9.990545e-02
1.266137e-01
7.971077e-02
2.772094e-01
2.052615e-01
-1.393965e-01
3.353542e-02
1.108222e-01
-2.018725e-01
-2.146222e-01
-7.145088e-02
1.597394e-01
5.886022e-02
-4.995204e-02
-6.286157e-02
-6.334652e-02
8.977907e-02
9.945583e-02
1.609707e-01
-4.449820e-02
7.553466e-02
4.577009e-02
-3.272368e-02
7.426818e-02
-7.437512e-02
-1.651551e-01
5.237042e-02
-9.996267e-02
-2.027868e-01
1.540273e-01
4.182676e-01
-3.576853e-01
-1.043017e-01
2.181261e-01
-2.058489e-01
4.163495e-02
1.697018e-01
9.746383e-02
2.668254e-02
7.149099e-02
2.687450e-02
6.796468e-02
8.154558e-02
4.699026e-02
6.765142e-03
7.015406e-03
4.928016e-04
-6.157239e-02
-6.952880e-02
-7.883497e-02
5.983717e-03
8.711313e-03
-1.913437e-02
2.855352e-02
-4.075942e-04
4.427978e-02
6.053058e-03
-3.146138e-02
7.309653e-03
-1.249271e-01
-8.931370e-02
-3.654167e-02
-1.708768e-01
6.419060e-02
4.829403e-02
-2.434072e-01
1.848417e-01
2.658523e-01
-2.178126e-01
-6.163460e-02
1.255543e-01
4.443157e-02
8.012825e-02
-5.979481e-02
5.612158e-02
-4.136752e-02
-1.462827e-01
2.710896e-02
-6.334789e-02
3.031744e-04
-2.804060e-02
-1.934744e-01
7.765805e-02
1.218493e-01
8.811859e-02
-1.051513e-01
-1.381770e-01
1.570243e-01
1.139415e-01
3.548554e-02
9.667268e-02
1.210106e-01
4.154246e-02
4.473037e-02
1.002909e-01
-8.667485e-02
-1.002622e-01
-7.038299e-03
1.710467e-01
5.290589e-02
-6.310034e-02
2.600818e-01
2.601548e-01
4.017435e-01
1.427353e-01
1.106374e-01
2.481234e-01
-3.110702e-02
1.556535e-01
2.673084e-02
-9.120727e-02
1.636363e-01
1.141893e-01
-2.538002e-01
-8.927974e-02
1.198697e-01
-2.595132e-02
1.130252e-02
8.336869e-02
1.004971e-01
5.936571e-04
-5.261609e-03
6.700628e-02
-1.099023e-01
-1.087763e-01
1.544031e-01
6.396080e-02
-8.849640e-02
3.883243e-02
3.088255e-02
-1.237214e-01
-1.443960e-01
-1.457644e-01
-1.865340e-01
-1.249305e-01
-3.245958e-02
1.914701e-02
-9.200187e-03
3.991581e-02
5.671332e-02
-1.819898e-02
-2.441761e-02
-2.461220e-02
-3.813704e-02
6.874696e-02
2.697433e-02
-8.541194e-02
1.053152e-02
9.903180e-02
-2.157047e-01
-2.774200e-01
-1.896285e-01
1.511013e-01
1.817051e-01
2.217475e-02
2.306844e-01
1.981290e-01
5.972847e-02
6.946675e-02
6.005275e-02
-5.985198e-02
-6.234011e-02
-2.165753e-02
2.714648e-02
2.548226e-03
2.026727e-02
1.274329e-02
1.555992e-01
5.774469e-02
-5.788051e-02
1.522783e-01
1.343779e-02
-2.402760e-01
5.155960e-02
-2.442811e-02
-2.853403e-01
4.979538e-02
-1.907187e-04
-1.531866e-01
-6.264190e-02
-6.850913e-02
-1.508437e-01
9.921684e-03
-4.006820e-02
-1.545111e-01
1.721825e-02
-4.972693e-02
-1.745309e-01
-7.316092e-02
-9.759550e-02
-1.416423e-01
-1.000920e-01
-1.221069e-01
-1.333641e-01
-1.000198e-01
-7.964814e-02
-5.867342e-02
3.423745e-02
6.299895e-02
-3.575349e-02
6.217590e-02
1.428579e-01
2.228047e-02
4.422939e-02
1.935014e-01
1.056336e-01
-1.435804e-01
9.645019e-02
9.611676e-03
-3.490030e-02
2.685328e-02
-9.064783e-02
6.662218e-02
-2.056386e-02
-8.877752e-02
2.046381e-01
-2.346634e-02
-6.117216e-02
1.377805e-01
-2.106320e-02
-5.012553e-03
5.408715e-03
-1.226168e-01
-1.890185e-01
1.692261e-02
-7.074111e-02
-1.345878e-01
-6.901046e-02
7.412354e-02
1.057731e-02
1.145767e-02
-3.141581e-02
1.329283e-02
-9.109885e-02
-6.203028e-02
-4.419066e-02
8.873310e-03
-5.590265e-02
-4.971213e-02
4.605599e-02
7.376126e-03
1.522600e-02
6.166609e-02
-8.225299e-02
3.144406e-02
-6.673937e-02
-2.112242e-01
-6.412543e-02
-9.999257e-02
-2.352155e-01
-5.927604e-02
-5.941066e-02
-2.085836e-02
4.699915e-02
-5.653242e-02
1.270574e-02
9.641824e-02
-1.027635e-02
-9.749597e-02
1.553139e-02
-2.245036e-02
-5.975427e-03
3.890693e-02
-1.527890e-01
-1.115332e-01
-7.292252e-02
-2.032868e-01
-1.216897e-01
-5.602176e-02
1.223567e-01
1.788960e-01
7.212060e-02
7.303576e-02
7.290929e-02
6.759772e-02
-3.527391e-02
-2.413136e-02
-2.778323e-02
4.961981e-02
-5.256836e-02
-1.063755e-01
2.210683e-02
-8.177769e-02
-6.851122e-02
-1.151257e-01
-2.109522e-01
-1.784679e-01
4.559105e-02
-1.023916e-01
-6.272572e-02
-1.482667e-02
-3.142365e-01
-2.531565e-01
2.350475e-01
4.963051e-02
-1.456777e-01
-4.002748e-02
8.074071e-02
3.701379e-01
-1.147187e-01
-1.094540e-01
1.127961e-01
-9.998742e-02
-1.758699e-01
-5.903427e-02
1.047004e-01
1.423830e-01
2.598763e-02
2.564199e-01
2.797475e-01
1.006867e-01
3.005143e-01
3.571221e-01
1.864729e-01
-8.851259e-02
1.306081e-01
2.258409e-02
-1.295796e-01
-9.676094e-02
1.300788e-01
1.160025e-01
-2.920909e-03
1.302003e-01
1.895747e-01
1.696738e-01
2.700822e-02
6.056978e-02
1.788063e-01
1.195722e-01
-8.030451e-02
-1.036354e-01
-1.096203e-01
3.543842e-02
-1.787076e-02
3.737009e-02
-7.507167e-02
-9.697241e-02
-3.060076e-02
-4.637136e-02
-4.697428e-02
3.274048e-03
6.813849e-02
1.083421e-01
1.037643e-01
-1.916243e-01
-1.141551e-01
-4.968472e-02
-3.176001e-01
-2.362008e-01
-9.552287e-02
1.090922e-01
-6.409818e-02
-8.747402e-02
2.978374e-01
-1.371905e-01
-1.950619e-01
1.754637e-01
4.818358e-03
-1.681454e-01
-1.505680e-02
-8.946633e-02
-9.352667e-02
-1.120293e-01
-1.915545e-01
-2.199368e-01
1.707329e-01
1.673086e-01
5.137966e-02
-1.900596e-02
2.966309e-01
1.224620e-01
-3.081661e-01
3.612732e-02
-1.195920e-01
-9.231903e-02
7.675546e-02
4.820967e-02
1.457216e-02
-1.543370e-02
-9.680539e-02
1.283854e-01
9.533405e-02
-1.189189e-01
6.497705e-02
6.400985e-02
-1.896848e-01
-3.489255e-01
-2.068982e-01
-1.186291e-01
2.066305e-01
3.284598e-01
1.298386e-01
2.369471e-01
3.537894e-01
5.008803e-02
-7.758313e-02
-5.958047e-02
-4.383913e-02
-1.463559e-01
-4.858962e-02
1.008350e-01
-8.743860e-02
8.284237e-02
5.627793e-02
-1.273537e-01
-1.217917e-01
-1.236854e-01
-1.074565e-01
-1.396855e-01
-1.066145e-01
-6.416033e-02
-1.114743e-01
-6.778628e-02
1.302968e-02
-6.290853e-02
-1.267301e-01
-8.250032e-02
-1.848840e-01
-1.828558e-01
-1.053859e-01
-2.091009e-01
-2.491062e-01
8.458682e-03
-1.587227e-01
7.001136e-02
-5.604889e-02
-8.534738e-02
2.375823e-01
2.083486e-01
2.445414e-01
3.793874e-01
8.787084e-07
2.283036e-01
2.977245e-02
6.203311e-02
2.013669e-01
-2.753527e-02
-2.109717e-01
-1.778307e-01
-1.870365e-01
-4.224112e-01
-3.145940e-01
-1.563454e-01
1.382002e-01
2.670843e-01
1.603276e-01
1.700189e-01
3.078618e-01
1.233034e-01
1.142349e-01
7.006449e-02
6.775391e-02
1.872896e-01
6.404641e-02
6.266300e-02
1.482737e-01
2.291412e-02
-9.930152e-02
-5.967129e-02
6.657482e-03
-9.726413e-02
2.391865e-02
4.333453e-02
-8.847783e-02
1.100289e-01
-1.858805e-02
-1.293746e-01
-2.429900e-01
-1.016377e-01
3.710118e-01
-2.233101e-01
-6.416130e-02
4.014657e-01
1.749465e-01
1.822499e-01
1.896559e-01
-1.423711e-01
-1.248250e-01
-2.166655e-01
1.000005e-01
3.513491e-02
-1.535818e-01
2.449960e-01
1.441812e-01
-5.365209e-02
-9.998445e-02
-1.373253e-01
-2.634000e-01
-8.583024e-02
-8.417542e-02
-3.728861e-01
-9.021990e-03
4.123289e-02
-2.982830e-01
-2.256807e-01
2.356309e-01
3.824995e-01
-1.221332e-03
2.676858e-01
3.375129e-01
9.716943e-02
4.449232e-02
9.993500e-02
1.865860e-01
1.146032e-01
7.646921e-02
-3.009389e-02
4.027066e-02
5.103661e-02
-1.523690e-01
-1.104276e-02
-1.381906e-01
-4.683328e-02
-2.245235e-02
-1.237175e-01
-4.047318e-02
1.093637e-01
-1.311780e-01
-1.129865e-01
-7.618842e-02
-1.633414e-01
5.623853e-02
8.487032e-02
-6.410536e-03
1.071048e-01
1.755171e-01
-2.379797e-02
1.341046e-01
3.343612e-01
1.646694e-01
-1.074374e-02
8.561268e-02
1.064060e-01
-1.594344e-01
-1.408784e-01
-1.256086e-01
-1.048583e-01
-2.023662e-01
-2.655498e-01
1.052281e-01
3.200595e-02
1.789759e-01
-2.573362e-01
-2.483537e-01
2.855653e-01
-3.884020e-01
-4.101468e-01
2.040026e-01
2.145484e-02
-5.644022e-02
-1.965845e-01
1.732529e-01
1.486458e-01
-1.032182e-01
1.084773e-01
1.013497e-01
-3.623493e-02
4.329190e-02
-9.677332e-03
8.062572e-05
1.111527e-01
-3.613238e-02
-3.323692e-02
6.284936e-02
3.383833e-02
1.337191e-01
1.784385e-02
1.056033e-01
-1.545829e-01
1.491763e-01
1.339424e-01
-2.225734e-01
-8.020498e-02
-6.834218e-02
-2.459578e-01
1.093972e-02
-1.279800e-01
-4.788524e-02
1.295859e-01
-1.481347e-01
-9.281282e-02
1.767277e-01
-7.593068e-02
-1.020322e-01
2.332456e-01
2.499365e-01
-4.771977e-02
-7.283262e-02
-1.551355e-01
-1.043513e-01
-3.687333e-01
-4.625239e-01
-1.606498e-01
6.664026e-02
1.053243e-01
-5.084102e-02
-6.224421e-02
5.050525e-02
-6.480890e-02
-2.244948e-02
3.191106e-02
-2.664302e-02
-3.008546e-03
-6.426478e-02
-1.299113e-01
-1.799955e-02
-5.347468e-02
-7.621305e-02
-8.263739e-02
-1.654515e-01
-9.513826e-04
-2.146821e-03
-1.064746e-01
-4.395940e-01
1.878956e-01
7.853009e-02
-3.391127e-01
-1.515717e-01
5.246152e-02
-1.940390e-01
1.029600e-02
-9.750831e-03
3.901175e-03
-5.359496e-03
9.351249e-02
1.514797e-01
2.781858e-02
1.996821e-01
2.523497e-01
-6.160355e-02
-6.570466e-02
-2.059388e-02
-2.878425e-06
-8.626050e-02
7.543739e-03
5.725769e-02
-8.702778e-02
-1.014789e-02
1.518160e-01
5.849346e-02
-3.961125e-03
1.733190e-01
1.986983e-02
4.366176e-02
2.389134e-02
1.365119e-01
7.223997e-02
5.690085e-02
-3.691085e-02
6.806059e-02
1.621302e-01
2.014303e-02
-4.559305e-02
-1.376094e-01
-1.501650e-01
-1.326952e-01
-5.208720e-02
-2.082111e-01
-2.119091e-02
5.197834e-03
2.196507e-02
1.222961e-01
1.023634e-01
-1.432413e-02
3.807710e-02
-1.050166e-01
-2.458255e-02
-1.461253e-01
-2.029320e-01
-4.453191e-02
7.345948e-02
-3.239267e-01
-3.230385e-01
-1.097779e-01
1.079158e-01
-1.182624e-01
-9.335137e-02
-8.942231e-02
-2.100926e-01
5.618966e-04
-4.009240e-02
-1.244710e-01
7.802922e-02
-2.327320e-01
-5.166307e-02
-1.073405e-01
2.447521e-01
1.592453e-01
-8.690887e-02
2.809572e-01
1.459673e-01
-3.339816e-01
-1.497672e-01
-1.787586e-01
9.521424e-03
-6.349366e-02
-1.781915e-01
-1.074578e-01
-6.844965e-02
-1.750723e-01
-1.661756e-01
-1.741111e-01
-1.217192e-01
-5.530711e-02
-1.655506e-01
-1.534686e-01
-3.145741e-02
-1.678541e-01
-1.971450e-01
-8.693816e-02
4.367199e-02
-7.665883e-02
-1.085792e-01
5.528499e-03
-1.052928e-01
-1.547473e-01
5.188670e-02
-5.283502e-02
-1.151472e-01
5.648815e-02
1.338367e-01
1.684986e-01
4.727600e-02
1.038259e-01
3.429766e-02
-5.102562e-03
-8.679679e-02
-6.195033e-02
-1.035088e-01
-1.394917e-01
-1.612659e-01
-7.617033e-02
1.087184e-02
7.555440e-02
-1.037542e-01
4.250426e-02
8.953060e-02
-6.230200e-02
-4.221306e-02
-7.414103e-02
-1.043324e-02
-4.268882e-02
-9.556162e-02
-1.422071e-02
-4.402589e-02
-9.816882e-02
-4.833389e-02
-1.286146e-01
-1.241008e-01
5.107256e-02
6.224401e-02
-3.460424e-03
1.056762e-01
-1.774543e-01
-5.833106e-02
-1.425553e-01
-7.382555e-02
-1.206166e-01
-1.892876e-01
-1.846730e-01
-2.165857e-01
-1.353993e-01
-1.661691e-01
-2.553253e-01
-1.630572e-01
-1.245303e-01
-5.171607e-02
-7.868468e-02
-6.134317e-02
1.061594e-02
9.538122e-03
2.163980e-02
4.987267e-02
-1.656117e-01
-1.409380e-01
-4.995637e-02
-1.622615e-01
-1.491550e-01
-6.943662e-02
-2.161719e-01
-1.680699e-01
-1.035705e-01
6.003438e-02
2.252454e-02
-6.443955e-02
1.275111e-01
4.009312e-02
-4.691888e-02
8.106775e-02
-9.615969e-02
-1.054120e-01
-8.211367e-03
-9.937474e-02
-1.116747e-01
-1.032562e-01
-4.626891e-02
-7.458882e-03
-8.191327e-02
-3.198427e-02
-1.038151e-02
1.035218e-02
-1.924914e-01
-6.071738e-02
1.526531e-01
1.484069e-01
1.375259e-01
-9.437465e-03
-9.039383e-02
2.958984e-02
2.077753e-01
-4.437361e-03
-6.959985e-02
1.992453e-01
3.999394e-02
-4.713246e-02
1.739406e-01
1.022611e-01
2.055807e-02
-1.746090e-01
-1.241780e-01
-1.104015e-02
-2.666758e-02
-1.043117e-01
4.559468e-02
4.269280e-02
-7.646363e-02
4.431313e-02
1.584692e-01
1.037434e-01
1.120027e-01
5.621992e-02
-5.885147e-02
-1.504284e-02
-1.068661e-01
-1.529694e-01
-9.248066e-02
-4.586613e-02
-3.138840e-02
3.378135e-02
-6.514778e-02
-2.295936e-02
-1.045195e-02
-2.567033e-02
6.246937e-02
5.531325e-02
-1.022376e-01
-3.441298e-03
3.487344e-02
2.476499e-02
2.623600e-02
-8.298888e-02
2.836441e-02
-1.204366e-01
-2.429729e-01
-1.095674e-01
1.635907e-02
7.700120e-02
-9.529533e-02
7.953871e-02
1.878636e-01
2.892384e-03
1.590706e-01
1.861934e-01
2.098660e-01
1.538236e-01
-2.075892e-02
4.225700e-01
2.512318e-01
-7.958452e-02
-2.185460e-02
-7.007812e-02
-5.582383e-02
-1.488574e-01
1.589831e-01
2.300212e-01
2.277827e-01
1.056009e-01
-2.269637e-01
9.924186e-02
5.562787e-02
-1.501519e-01
-1.075661e-01
-6.105154e-02
4.927320e-02
-2.071310e-02
-6.909342e-02
-4.766083e-02
-4.251106e-02
-1.008112e-01
-4.547098e-02
-1.487443e-01
-1.218963e-01
1.429799e-01
1.632469e-01
2.793043e-02
-2.305301e-01
-8.520035e-02
-1.491495e-01
-3.234830e-01
-9.059442e-02
6.618531e-02
1.435926e-01
-9.238520e-02
2.270382e-03
-3.692558e-02
-2.809788e-02
2.093361e-02
-2.052091e-01
8.911996e-02
1.087607e-01
3.283663e-02
1.974247e-02
-1.465438e-02
-7.330637e-02
-4.683790e-02
-4.956918e-02
-5.079306e-02
1.270335e-01
1.383580e-01
9.330349e-02
8.788276e-02
7.419422e-02
3.671883e-02
3.156060e-02
1.632454e-02
-8.957154e-05
1.518504e-01
9.133403e-03
-1.215579e-01
1.256336e-01
4.077223e-02
-8.624806e-02
-2.309540e-02
-4.480861e-02
-1.005974e-01
-2.498414e-02
-4.586839e-02
-7.218321e-02
6.235524e-03
-1.048055e-01
-1.161824e-01
3.403471e-02
-1.819918e-02
-5.309547e-02
-6.932781e-02
-3.600741e-01
-1.241540e-01
1.654180e-01
1.858838e-01
2.315470e-01
-6.881092e-02
-2.208500e-01
-9.729909e-02
-6.988300e-02
7.930652e-03
1.076843e-01
-6.056711e-02
-7.734281e-02
6.423055e-02
-7.897025e-02
-1.406482e-01
-6.867724e-03
9.557767e-02
9.345865e-02
-9.741130e-02
-2.794167e-02
-4.708489e-03
3.614253e-02
1.811949e-02
1.259468e-01
3.028319e-01
-3.482500e-02
-6.876536e-02
-2.962230e-02
2.720604e-02
1.714501e-01
2.167703e-01
-3.173085e-02
1.900433e-02
1.398883e-03
-2.228188e-02
6.711981e-02
3.689078e-03
2.425125e-02
1.044087e-01
-9.013811e-04
-1.378574e-01
-1.783128e-01
-2.257336e-01
8.439597e-02
1.523870e-01
-4.361118e-02
7.030965e-02
7.790501e-02
-6.226995e-02
-1.190482e-01
-1.947207e-01
-4.465177e-02
3.127533e-01
1.828074e-01
-4.275226e-02
1.582258e-01
1.373989e-03
-1.109154e-01
1.337703e-01
3.147548e-04
-4.508817e-02
1.591687e-01
2.641896e-01
2.181253e-01
2.017666e-02
-1.244250e-02
-9.186301e-02
4.019251e-03
-1.243288e-01
-1.584600e-01
-1.342101e-01
-1.288234e-01
-6.193991e-02
6.988182e-03
-6.004336e-02
2.499136e-03
-2.670641e-02
6.292030e-02
1.527212e-01
-1.138925e-01
-1.231717e-02
5.747712e-02
2.719274e-02
4.346109e-02
5.584420e-02
1.779504e-01
1.372339e-01
9.240474e-02
1.015297e-01
2.286722e-01
1.246355e-01
2.624648e-02
-4.220159e-02
-1.462548e-01
5.471335e-02
-1.442601e-01
5.753128e-02
1.325313e-01
2.321008e-02
-4.186375e-02
-3.491489e-02
-9.980023e-02
-2.926151e-02
-1.158614e-01
-1.008477e-01
-7.263342e-02
3.039042e-01
1.898163e-01
8.078312e-02
1.015999e-01
-3.739446e-02
-8.869758e-02
-4.473535e-02
-1.354852e-01
-1.261097e-01
8.264259e-02
5.083360e-02
-2.700261e-02
1.598136e-01
1.640384e-01
1.944390e-02
9.411773e-02
7.959345e-02
-3.150693e-02
-1.496763e-01
-6.211710e-02
-3.752117e-03
1.855621e-02
1.185319e-01
1.996542e-01
2.174190e-02
-8.136114e-02
1.045613e-02
1.108205e-01
1.386232e-02
-1.073553e-01
-1.343632e-01
-2.646056e-01
-1.945181e-01
-1.274533e-03
4.462384e-02
1.244139e-01
9.855634e-02
1.483696e-01
3.158699e-01
-4.479605e-03
1.108345e-01
-7.778381e-02
-6.839921e-02
7.479711e-02
-1.129257e-01
7.457929e-02
7.855216e-02
6.983911e-02
1.066829e-01
4.509054e-02
1.725670e-02
8.204274e-02
1.175047e-01
8.673734e-02
-2.580600e-01
-3.668920e-01
-1.944942e-01
1.367601e-01
1.969426e-02
1.802447e-01
5.941731e-02
9.010591e-02
1.288154e-01
7.899171e-02
4.315948e-02
-8.852623e-03
1.300635e-01
1.185837e-02
-7.361916e-02
-6.043036e-02
-2.037954e-01
-1.177978e-01
-8.013131e-02
-1.107339e-01
-8.859713e-02
-8.153744e-03
-2.815699e-02
-1.050283e-01
1.189798e-01
5.979108e-02
-3.195878e-02
-4.046713e-03
-1.613125e-02
-9.624246e-02
-1.582123e-01
2.845404e-02
9.202607e-03
-2.143961e-01
-1.012084e-01
1.021455e-02
1.968769e-01
2.639637e-01
2.054342e-01
-6.490710e-02
3.564344e-03
2.248149e-02
-2.544394e-01
-1.568567e-01
-9.552991e-02
-8.846860e-02
-7.378405e-02
4.288874e-02
-2.518765e-01
3.200215e-02
8.922035e-02
-2.722166e-01
-2.965618e-02
-6.441837e-02
-1.327810e-01
-1.398722e-01
-2.129357e-01
-2.123270e-01
-1.131036e-01
-5.663823e-02
-2.136302e-01
-1.031158e-01
-5.602486e-02
-1.418276e-01
-1.074433e-01
-5.735550e-02
-1.746538e-01
-7.950211e-02
-2.744372e-02
-1.519137e-01
-2.990390e-02
2.237228e-02
-7.703365e-02
-2.348544e-01
1.813214e-02
-2.993539e-01
-3.062445e-02
7.632662e-02
-1.461524e-01
-3.029329e-02
3.692133e-02
1.679188e-01
7.644193e-02
-7.828921e-02
1.108629e-02
-1.090014e-01
2.983549e-02
-2.198835e-01
-3.916717e-01
-7.704768e-02
-3.116368e-02
5.439705e-02
1.295541e-01
-6.802189e-02
-4.634342e-03
4.496757e-02
-8.395268e-02
-6.622887e-02
-2.983734e-02
4.130917e-02
2.524050e-02
3.284834e-02
5.707781e-02
5.008646e-02
4.206943e-02
5.617496e-02
7.295268e-02
5.334480e-02
-5.064912e-02
5.727947e-02
-1.400452e-01
-2.750032e-01
-5.368364e-02
-3.087485e-02
1.255040e-03
-1.310695e-02
3.241975e-02
2.134677e-01
-5.320744e-02
-1.719191e-01
1.836755e-01
-2.460637e-01
-2.381068e-01
-7.877337e-02
-2.984620e-01
-2.347055e-01
-1.684520e-01
-9.982137e-02
1.315334e-01
-7.633056e-02
-7.734969e-02
-7.094114e-02
-1.094087e-01
9.303071e-02
-1.112119e-01
-6.335936e-02
-4.663068e-02
4.655058e-02
-8.540995e-02
-2.106120e-01
-2.150988e-01
-1.454488e-01
-1.545757e-01
-3.069291e-01
-9.915254e-02
-1.501184e-01
-4.392081e-02
-7.303166e-02
-1.636483e-01
-1.719591e-01
-2.707178e-02
-2.083857e-01
-2.756962e-01
1.499058e-01
3.575266e-01
-3.932608e-02
1.646590e-01
3.270691e-01
1.473135e-02
-8.479716e-03
-3.265623e-02
-1.151794e-01
-1.255258e-01
-1.925937e-01
-1.785375e-02
-2.406364e-01
-1.824464e-01
9.638464e-02
-1.194491e-01
-6.431387e-02
3.918704e-02
-8.579051e-02
-1.094701e-01
-2.475402e-01
7.100932e-02
1.616278e-01
-2.596723e-02
1.096146e-01
1.869313e-01
3.611074e-02
4.520131e-02
7.547098e-02
-1.286201e-02
-6.770685e-02
-3.963147e-02
-3.983352e-02
-9.050012e-02
-2.647347e-02
6.398842e-02
-2.630846e-01
-1.279945e-01
-1.133162e-01
-1.701315e-01
1.882271e-01
1.424926e-01
-2.264915e-01
1.201162e-02
7.329081e-02
-6.946336e-02
-1.491549e-01
-1.363716e-01
-2.827228e-03
1.165821e-01
2.756751e-01
-8.890978e-02
1.023292e-01
2.993339e-01
1.920240e-02
1.456745e-02
-3.204570e-03
3.934913e-02
-2.113511e-02
5.929321e-02
8.151234e-02
-3.594479e-02
-2.830723e-02
-1.625538e-01
-1.531584e-01
-9.472638e-02
-5.635262e-02
1.376701e-01
2.985843e-02
2.054000e-01
2.036339e-01
1.301319e-01
-1.564509e-01
-1.647335e-01
2.391262e-02
-8.771548e-02
-2.359702e-01
-8.274309e-02
-7.821681e-02
-1.906141e-01
-1.023930e-01
1.497529e-02
-1.833529e-02
-4.589784e-02
-7.942121e-02
-1.132139e-01
-1.545471e-01
-1.575097e-01
-2.094662e-01
-2.468139e-01
-1.698008e-01
-1.197658e-01
-1.163577e-01
-1.668576e-01
-4.934827e-02
-8.500865e-02
-3.667023e-02
1.444978e-01
7.214945e-02
6.994016e-02
1.075954e-01
-4.401920e-02
-1.845552e-02
5.214664e-02
-5.996536e-02
-7.880726e-02
-1.066102e-01
-2.212849e-01
1.065704e-01
4.561307e-02
1.549434e-01
4.318772e-02
-1.296011e-02
9.007306e-02
-3.512049e-02
6.190338e-02
1.080610e-01
5.551105e-02
-1.378030e-01
5.879179e-02
1.316404e-01
3.609819e-02
1.161083e-02
8.574998e-02
-1.088164e-02
-7.227843e-02
1.179273e-01
1.065904e-02
-1.148996e-01
3.814945e-02
-1.567599e-02
-6.548563e-02
2.733268e-02
-9.187192e-03
3.869438e-03
-6.289034e-02
6.753769e-02
7.806806e-02
2.883260e-02
3.342099e-02
9.489857e-02
8.586843e-02
-1.538255e-01
-1.913928e-01
1.093445e-01
2.559155e-01
2.191003e-01
2.281657e-02
4.968789e-02
1.589722e-01
-1.014622e-01
-2.197039e-01
-8.547737e-02
-2.810676e-01
-2.438106e-01
-2.395378e-01
-2.064298e-01
-1.510004e-01
-1.818403e-01
-1.397205e-02
6.037074e-02
-5.944679e-02
-1.626417e-01
-4.769664e-02
-5.196024e-02
7.037995e-03
-1.158960e-01
1.463495e-02
2.870722e-01
-2.253772e-01
-1.966794e-02
6.091384e-02
1.483361e-01
1.047344e-01
-1.407123e-01
-1.415363e-01
-6.295837e-02
-1.793772e-01
-2.684383e-01
2.643593e-02
-8.027720e-04
6.839716e-02
-1.688712e-01
2.333880e-01
3.787618e-02
-5.784794e-02
3.660655e-01
-5.037347e-02
2.379892e-01
-1.647387e-02
6.050660e-02
6.314064e-02
3.563256e-01
-2.105069e-01
5.691466e-02
-2.245038e-01
-9.631971e-03
-2.457041e-02
-3.830312e-02
-2.619822e-01
-1.044221e-01
-5.715456e-02
-3.490935e-01
-4.968870e-02
7.205348e-02
-2.045470e-01
-1.735092e-01
-2.100196e-01
3.918562e-02
-8.522646e-03
6.683820e-02
-3.744049e-01
1.047440e-01
7.400826e-01
-4.063665e-01
4.170505e-01
1.122249e-01
-8.711781e-02
-5.753136e-02
-2.787636e-01
-2.774660e-01
-1.030544e-01
-3.354297e-01
-2.357920e-01
3.247990e-02
1.771124e-01
1.510246e-01
1.359938e-01
7.838644e-02
-1.636566e-02
9.080284e-02
-4.231444e-02
-2.804240e-02
2.016521e-01
7.498531e-02
2.146532e-01
9.339733e-02
-6.493583e-02
3.917112e-02
2.820060e-02
-6.789917e-02
-4.676071e-02
-1.189907e-01
-1.395878e-01
-3.632857e-02
2.842670e-02
5.007555e-01
-1.776536e-01
3.636535e-02
1.256857e-01
1.263529e-01
-1.537593e-01
-3.852806e-02
-4.469070e-02
5.457896e-02
-1.469362e-01
1.872069e-01
-4.170720e-02
1.883631e-01
4.140029e-01
-4.797978e-02
3.682135e-01
-5.461781e-01
-2.922037e-02
-5.949076e-01
5.409298e-01
5.070683e-02
2.586553e-01
-2.535279e-01
-1.278086e-01
-1.480400e-01
-2.425860e-01
-1.165880e-01
-8.670752e-02
-6.063615e-03
-2.214170e-01
-9.972336e-02
9.924950e-02
-5.024884e-02
8.940732e-02
-7.109154e-02
-1.037660e-01
1.841877e-02
-1.905948e-01
-9.222186e-02
-5.021304e-01
-5.364200e-02
1.251122e-01
2.126636e-01
3.387330e-02
5.699830e-03
3.338687e-01
-1.361769e-01
6.086392e-02
-7.504929e-02
-7.853273e-02
1.881326e-01
-1.611117e-01
1.327325e-01
-6.198688e-02
-1.253548e-01
1.981874e-01
1.337466e-01
-1.255329e-01
-4.590728e-02
6.998730e-02
