-5.996542e-02
-6.885707e-02
-5.347219e-02
-3.699229e-02
-1.842594e-01
-1.292222e-01
1.856481e-01
1.122044e-01
9.654580e-02
1.339355e-01
1.527769e-01
1.143380e-01
1.011783e-01
1.179298e-01
3.846734e-02
5.254177e-02
-1.259134e-02
6.210094e-02
1.552596e-01
2.148184e-03
-8.030030e-02
1.196599e-01
1.954787e-04
-1.534805e-02
1.027136e-02
1.346791e-01
1.184583e-01
1.314078e-01
-2.739896e-02
-1.998962e-02
-3.761313e-02
-1.870947e-01
-9.892303e-02
4.231082e-02
-4.036498e-02
-5.740539e-02
-1.868755e-01
-1.640948e-01
-9.895740e-02
-2.623336e-01
-4.254431e-01
-3.655969e-01
-1.060093e-01
-2.639656e-01
-1.411905e-01
1.259235e-02
1.490005e-01
2.284276e-01
-1.180469e-01
-1.686849e-01
-1.804780e-02
3.523515e-03
-1.033551e-02
-5.550615e-03
-3.738108e-02
-2.303077e-02
8.278040e-02
-1.284705e-01
-1.747200e-01
4.916416e-03
-3.438747e-02
6.612732e-03
-3.432108e-02
-3.482343e-02
4.154114e-03
3.079651e-02
-2.487918e-02
3.742870e-03
2.881609e-03
6.842957e-02
1.141730e-01
1.125705e-01
-1.694546e-01
-3.059843e-01
-2.658977e-02
-2.696145e-01
-4.653900e-01
-1.783844e-01
-3.766047e-02
-1.965168e-01
-6.810298e-02
-2.121123e-01
-1.169024e-01
2.117313e-01
-1.021723e-01
-2.095453e-01
-3.956685e-02
-2.194389e-02
-2.583123e-02
-4.470697e-02
7.927179e-02
-1.458380e-01
-2.662052e-01
1.274677e-02
-2.292655e-01
-3.584843e-01
5.910245e-02
-1.641742e-01
-2.536166e-01
-1.418130e-02
2.608240e-02
1.494524e-02
-1.228656e-01
-1.622398e-01
5.790334e-02
-2.767630e-02
6.906731e-03
7.647132e-02
-1.638824e-01
-2.591881e-01
-2.824869e-01
-2.587305e-01
-3.273151e-01
-2.883757e-01
-2.406211e-01
-2.232682e-01
-1.680024e-01
-9.804010e-02
-6.919234e-02
3.204994e-02
-2.115490e-01
-1.947497e-01
-5.218107e-02
-1.394127e-01
-1.385656e-01
1.196270e-01
1.142436e-01
6.066447e-02
4.164258e-02
8.436052e-02
2.763520e-02
1.757498e-02
3.719621e-03
-1.994447e-02
-2.719980e-02
-4.373858e-02
1.013487e-01
1.715591e-01
-1.287760e-01
-9.140008e-02
1.494357e-02
9.193142e-02
-4.694260e-02
-3.329953e-02
-6.537330e-02
-8.638911e-02
-1.411508e-01
7.852095e-02
-7.805735e-02
-1.317531e-01
1.798436e-01
5.158641e-02
-8.599505e-02
8.659434e-02
8.183138e-02
1.610573e-01
-8.749285e-03
-1.436505e-01
-9.751255e-02
3.245339e-03
-8.245324e-02
-5.012839e-02
-6.248482e-02
-4.384260e-01
-1.708214e-01
-2.696100e-01
-3.989355e-01
-1.261132e-01
-2.139054e-01
-1.609859e-01
-8.263104e-03
-1.757123e-01
-2.092469e-01
-1.732792e-01
-1.753226e-01
-4.081377e-01
-2.173731e-01
3.010137e-02
-1.938931e-01
-1.902595e-01
1.825564e-01
3.682452e-02
-1.181268e-02
9.195535e-03
2.577199e-02
1.142050e-01
3.472981e-02
1.135709e-01
9.826503e-02
-2.176146e-01
-2.880863e-01
-1.244419e-01
-4.776783e-02
-7.286420e-02
-8.259878e-02
-1.112615e-01
-6.497727e-02
5.496766e-02
-4.409814e-01
-5.572155e-01
-3.745660e-01
-5.379327e-01
-6.413880e-01
-5.245376e-01
-4.516946e-01
-5.266854e-01
-1.991857e-01
-2.759291e-02
-9.598984e-03
3.619440e-02
-1.774528e-01
-1.608467e-01
-7.229023e-02
-5.284662e-02
-8.492789e-02
-1.895267e-02
-8.366481e-02
5.664431e-02
1.945362e-01
-5.508484e-02
1.845326e-01
1.021487e-01
2.585166e-02
1.322994e-01
1.171905e-01
1.145846e-01
2.019649e-01
2.252751e-01
1.147296e-01
3.924573e-01
3.583582e-01
3.492637e-02
2.396664e-01
2.485312e-01
-1.040965e-01
1.965062e-02
-1.024677e-01
3.513430e-04
1.547811e-01
8.841094e-02
-7.351533e-03
1.595249e-01
1.243407e-01
1.124192e-01
1.870986e-01
8.668225e-02
1.621130e-01
2.591940e-01
2.811430e-01
1.441654e-01
1.804895e-01
2.432114e-01
1.996581e-01
1.418577e-01
1.151934e-01
-1.935897e-03
4.709563e-03
4.340164e-02
-1.201499e-01
-5.836229e-02
1.025581e-01
-3.561100e-02
-6.452659e-02
-9.070649e-02
-4.503054e-03
8.620900e-03
1.297191e-02
2.895402e-02
9.180572e-02
1.122816e-01
5.107971e-03
-1.206276e-01
-1.531199e-01
-3.973205e-02
-1.536581e-01
-1.613070e-01
-9.481008e-02
-1.443771e-01
-1.247537e-01
2.854500e-03
7.305710e-02
-3.399944e-02
1.575957e-02
5.109112e-02
-9.662314e-03
1.617463e-01
1.710043e-01
9.124286e-02
1.662236e-02
2.727506e-02
7.993068e-02
-1.398038e-02
-1.182340e-02
4.644005e-02
-1.064075e-01
-7.849824e-02
-4.675724e-02
9.633756e-02
9.339216e-02
-1.157494e-02
8.120984e-02
9.572988e-02
-2.968846e-02
9.150281e-02
8.028257e-02
8.705459e-03
6.751986e-02
6.029450e-02
1.281394e-01
-5.323653e-02
2.332795e-02
1.578100e-01
-1.287854e-01
-7.648504e-04
9.275316e-02
-1.518833e-01
1.168883e-02
5.181071e-02
-5.779864e-02
3.473556e-02
1.233905e-01
-2.652345e-02
1.624459e-02
9.315094e-02
7.015141e-02
8.061816e-02
4.790838e-02
-1.983980e-02
5.534217e-02
7.428540e-02
-9.638727e-02
9.767114e-02
4.690241e-02
1.082190e-01
3.118606e-04
-1.393924e-03
4.379019e-02
5.575116e-02
5.019934e-02
1.378043e-02
-1.171260e-01
-8.509170e-02
3.727610e-02
2.943585e-02
6.059597e-02
-4.277463e-03
5.843060e-02
6.672660e-02
-8.363197e-03
-8.232423e-02
-1.106341e-01
1.588064e-01
2.311069e-01
1.619165e-01
1.081848e-01
1.925288e-01
1.029679e-01
3.274802e-02
1.242680e-01
6.976398e-02
-7.492240e-02
-3.901852e-02
1.054884e-01
-6.688125e-02
-7.304265e-02
4.270485e-02
-1.009275e-01
-1.057378e-01
-9.879214e-02
3.185725e-02
1.248663e-01
1.253591e-01
7.311472e-02
6.897253e-02
1.311509e-01
-6.334836e-03
7.816569e-02
1.092869e-01
-1.008263e-02
1.126954e-01
4.949329e-02
-1.919408e-02
7.424617e-02
6.952522e-02
3.295730e-02
4.228849e-02
-1.755084e-02
4.755693e-02
1.926715e-02
9.827289e-02
2.334205e-03
1.012212e-02
9.414740e-02
-4.383750e-02
-1.821486e-04
4.756585e-02
8.716515e-02
1.355487e-01
1.091850e-01
2.262143e-02
5.009278e-02
1.140144e-01
-1.030386e-01
-1.379005e-02
1.015405e-01
-1.535854e-01
-1.341238e-01
-4.135616e-02
-1.838224e-01
-1.262207e-01
-6.825101e-02
-1.750755e-01
-1.344455e-01
-9.216852e-02
4.667380e-02
5.350560e-02
1.217810e-02
5.082627e-02
5.443049e-02
-4.842830e-02
-9.896093e-04
-2.464768e-02
-4.051977e-02
-1.719984e-01
-1.217611e-01
-8.500215e-02
-1.751155e-01
-1.373509e-01
-1.299383e-01
-8.717340e-02
-9.274501e-02
-4.674692e-02
-1.396978e-01
-3.998017e-01
-1.887924e-01
-8.684911e-02
-2.486220e-01
-2.845828e-01
1.039349e-01
-3.942942e-02
-1.016843e-01
1.937584e-02
-1.525277e-01
-1.325231e-01
1.608321e-01
1.878760e-01
2.302207e-01
-1.391282e-01
-7.952606e-02
2.867573e-02
-1.544476e-01
-5.792128e-02
1.716348e-01
-2.715764e-01
-1.962611e-01
-1.171736e-01
-1.064699e-01
-2.592831e-01
-2.350617e-01
-2.404093e-01
-1.171582e-01
2.171054e-02
-1.325146e-01
-1.442814e-01
-1.478150e-01
-2.130071e-01
-2.996015e-01
-1.990286e-01
-1.405208e-01
-2.709724e-01
8.791021e-02
-4.088501e-01
-7.793252e-01
-2.904254e-01
-4.771812e-01
-4.505684e-01
-2.562687e-01
2.443925e-01
3.919450e-01
8.707988e-02
1.434106e-01
3.475847e-01
2.145021e-01
3.225576e-01
2.077655e-01
1.022115e-01
2.031876e-01
1.750143e-01
-4.867690e-02
-2.614571e-01
-1.785618e-01
-1.566482e-01
1.615944e-01
2.078978e-01
1.683219e-02
-2.008111e-01
-1.998515e-01
-1.142149e-01
3.968139e-02
-2.501737e-02
1.047032e-01
1.051629e-01
8.466800e-02
1.692891e-01
1.157822e-01
6.034743e-02
-2.701492e-01
-5.958488e-03
-7.575528e-02
-2.683777e-02
9.238242e-02
-3.311395e-02
-5.196325e-02
-4.481223e-02
2.374104e-02
-1.719699e-02
1.860468e-01
-4.738958e-02
4.321067e-02
1.964617e-01
6.213877e-02
1.127734e-02
9.222375e-02
8.294620e-02
-6.804913e-02
-1.784389e-02
4.301553e-02
-4.965380e-02
-1.220705e-01
-4.382483e-03
-1.465322e-02
-4.151309e-02
-1.125315e-01
1.118504e-02
-1.599317e-02
1.580861e-01
-1.503053e-01
6.578258e-02
1.743646e-01
6.567738e-02
-2.356984e-02
-2.279908e-02
2.288412e-02
-1.907469e-01
-2.074770e-01
-1.915912e-01
-4.903333e-02
-1.473865e-01
-1.307867e-01
2.086611e-01
1.345300e-01
2.070668e-01
3.728827e-02
6.085796e-02
9.751889e-02
2.554460e-02
4.369145e-02
1.711155e-01
9.230461e-02
1.624141e-01
1.400482e-01
2.838675e-01
2.281420e-01
-2.614357e-02
-2.515725e-02
-7.137675e-02
1.765238e-01
1.106537e-01
8.409552e-02
-2.270761e-03
2.249799e-01
2.110122e-01
2.311819e-01
2.202476e-01
5.286804e-02
1.273043e-01
5.933293e-02
-6.915279e-02
-1.121631e-01
-3.031196e-02
-2.088726e-01
-1.204477e-01
6.807707e-02
-9.042488e-02
-9.138167e-02
-1.364989e-01
-4.201147e-03
-5.940988e-02
-5.241922e-02
-1.054139e-01
-1.320218e-01
8.678496e-02
9.251856e-02
5.237427e-02
-2.302181e-02
1.510665e-01
2.384143e-01
7.095996e-02
-6.176351e-02
-5.965560e-02
5.982159e-02
-7.355446e-02
8.566652e-02
1.011044e-01
1.206954e-01
4.322229e-02
-7.668051e-02
-2.129506e-01
1.207279e-01
-3.431959e-02
9.129397e-02
1.021968e-02
-3.999216e-02
-9.639313e-02
1.061910e-01
-2.497705e-01
-6.774858e-02
-7.867997e-02
7.796071e-02
-2.287419e-02
2.032309e-02
2.732913e-01
-2.336781e-01
-1.281223e-01
4.150102e-01
2.639171e-01
-3.137310e-02
-7.860656e-02
-6.606551e-02
6.129781e-02
-1.381505e-01
-2.659662e-02
-4.184965e-02
2.350938e-01
2.711761e-01
9.976391e-02
-8.499091e-02
-7.189891e-02
-1.574803e-01
4.653452e-02
-8.742069e-04
3.629077e-02
-1.078853e-01
-1.061156e-01
-4.284396e-02
-9.926819e-02
-1.067878e-01
-6.735443e-02
8.397619e-02
-2.355567e-01
3.386789e-02
-2.516408e-03
-1.021577e-01
-2.416773e-01
-5.142719e-03
-6.863231e-02
-1.219771e-01
2.494301e-01
1.515420e-01
-2.861146e-01
1.477295e-01
1.395014e-01
-2.527398e-01
1.441166e-01
8.700223e-02
-1.777854e-02
-2.283737e-02
7.099465e-02
7.584431e-03
-2.211664e-01
1.057758e-02
-7.689340e-02
-1.144592e-01
3.543286e-02
1.240247e-02
-8.082522e-02
2.073963e-01
-1.362218e-01
2.266615e-01
-1.293899e-01
2.444040e-01
5.579397e-02
8.694014e-02
2.467546e-02
3.722673e-02
6.680061e-02
-3.495036e-02
-1.988887e-02
3.583333e-03
-6.952185e-02
5.512252e-02
-6.361435e-02
-8.280314e-02
-3.209992e-02
-1.810105e-01
-1.905876e-01
-4.423292e-02
-8.243772e-02
-1.647866e-01
7.373757e-02
-1.204155e-01
-1.908140e-01
1.561228e-01
2.642460e-01
-1.242102e-02
2.316608e-02
-1.058545e-01
2.705042e-01
-5.264609e-03
1.540272e-01
-8.073135e-02
-1.098757e-01
-8.513795e-02
-1.381585e-01
4.046045e-03
-1.545152e-01
-4.534070e-02
5.493414e-02
-6.520702e-03
8.580358e-02
5.253829e-02
-6.443214e-02
1.216750e-01
1.046147e-01
-1.912188e-02
7.871067e-02
5.336297e-02
2.009488e-02
5.274989e-03
8.131588e-02
6.084156e-02
-7.864299e-02
1.096247e-01
7.970426e-02
1.559201e-02
1.413346e-01
4.212469e-03
-1.580548e-02
-1.238366e-01
-2.092802e-01
-1.858308e-01
-2.279030e-02
-2.892492e-01
-1.547998e-01
1.332629e-01
4.174918e-02
3.669021e-02
2.670932e-02
-1.974985e-01
-1.660620e-01
1.213210e-01
-1.758482e-01
-1.228966e-01
-2.828806e-02
-4.727057e-02
-1.439710e-01
2.343330e-02
1.030980e-01
-1.319576e-01
-3.226721e-02
1.476164e-01
-1.456226e-01
-1.174445e-01
6.886989e-02
-8.881410e-02
3.578202e-02
1.168819e-01
1.932816e-01
2.477649e-01
1.375206e-01
1.232500e-02
2.449481e-01
2.459501e-01
8.294280e-02
5.949249e-02
1.126250e-02
-1.161825e-01
1.878795e-01
-3.439649e-02
-2.171253e-01
2.278694e-01
1.059635e-01
6.421491e-03
4.445087e-02
1.349669e-01
3.555720e-02
-4.884114e-02
-7.872785e-03
-7.816433e-02
-8.415136e-02
-4.132111e-02
-1.843359e-01
-1.650940e-01
2.688895e-01
2.722547e-01
-3.811219e-02
2.973396e-02
4.637504e-01
5.145629e-02
-9.775426e-03
1.659293e-01
7.259440e-02
2.611899e-02
1.901565e-01
1.004357e-01
2.484079e-01
1.416359e-01
-5.374764e-02
5.808974e-02
1.335384e-01
9.065378e-03
1.086648e-01
9.026402e-02
-3.140166e-02
1.850240e-01
7.423545e-02
-1.677942e-02
1.730743e-01
1.175135e-01
1.178489e-01
1.695292e-01
-8.967938e-02
1.092231e-01
1.627501e-01
1.772226e-01
8.184984e-02
1.198645e-01
2.845635e-01
-1.658093e-02
7.044442e-02
1.141605e-01
-3.533804e-02
-1.897491e-02
-1.492747e-02
-6.715979e-02
-2.331819e-02
-9.986918e-03
-1.827005e-01
4.073809e-02
2.136279e-01
-7.847331e-02
-7.259631e-03
1.179865e-01
8.549790e-02
7.104884e-02
6.887100e-02
7.954413e-02
-6.741161e-02
-1.432495e-01
1.557416e-01
4.472596e-02
-1.095229e-01
1.357016e-01
8.378257e-02
3.321595e-02
2.452548e-02
-6.105157e-02
-2.305087e-01
-5.519789e-02
2.058048e-01
3.921141e-02
1.119632e-01
1.735027e-01
1.804091e-01
9.569892e-02
8.883553e-03
-5.936506e-02
-9.261767e-03
-1.918097e-01
-1.011104e-01
3.793048e-02
-2.722388e-02
-1.422805e-02
9.750588e-02
6.925387e-02
1.078544e-01
1.340836e-01
2.629730e-02
1.475021e-02
2.726169e-01
2.557038e-01
1.537380e-01
-1.197634e-01
-1.955154e-01
-1.372603e-01
-3.321363e-01
-3.851935e-01
-3.345593e-01
-1.833087e-01
-1.845699e-01
-1.854147e-01
1.036833e-01
7.116728e-02
-6.183989e-02
-1.384033e-01
-2.567018e-01
-1.163296e-01
-9.706981e-02
-1.797199e-01
-8.353508e-02
-1.649809e-01
-9.398185e-02
-8.690550e-02
-3.007075e-01
-3.280095e-01
-3.167213e-01
-6.746165e-02
-2.044501e-01
-2.251835e-01
-7.688386e-02
-1.927249e-01
-1.537429e-01
4.949832e-02
1.714905e-01
1.786779e-01
-4.009188e-02
-4.787658e-02
-4.430310e-02
6.891728e-02
-1.273342e-01
-1.056295e-01
8.158825e-02
-2.938910e-02
3.161421e-02
-2.088545e-01
-2.899175e-01
-5.262075e-02
-4.259445e-02
2.705707e-02
7.858948e-03
-1.335462e-01
-3.924669e-02
-5.252717e-02
-2.165754e-02
1.200468e-02
-4.253465e-03
-1.131833e-01
-2.179242e-01
2.220818e-01
-6.959226e-02
-1.548396e-01
-3.352080e-02
1.234141e-01
7.535933e-02
1.787942e-04
-2.048822e-02
1.131626e-01
5.300286e-02
-9.843944e-02
-1.155735e-01
-2.598804e-02
-5.503019e-02
-2.320524e-01
-9.233926e-02
6.616855e-02
1.974096e-02
-4.131446e-02
1.085284e-01
-3.680940e-02
-8.694476e-02
2.654225e-01
9.803440e-02
-5.301850e-02
-1.254067e-01
-1.464591e-01
-8.771148e-02
-1.363322e-01
-3.508784e-01
-2.932080e-01
-1.130202e-01
-3.354517e-01
-3.547682e-01
-2.525726e-02
-6.212848e-02
-1.424234e-01
-1.185975e-02
-4.689727e-02
-1.486629e-01
-2.075566e-02
-2.175560e-02
-1.505984e-01
-8.456257e-02
-1.019653e-01
3.181173e-02
-1.499757e-02
-5.014032e-02
4.011870e-02
-6.341349e-02
-1.403619e-01
-1.735038e-03
-3.233762e-02
-2.389482e-02
-2.017253e-01
-2.797895e-01
-4.267935e-01
-3.198008e-01
-2.927249e-01
-3.438947e-01
-3.914580e-01
1.020753e-01
1.408731e-01
2.497282e-01
1.485545e-01
1.137859e-01
9.493767e-02
8.324292e-02
1.550541e-01
6.954881e-02
-6.946903e-02
7.820279e-02
5.366376e-02
-4.450881e-02
2.034634e-01
1.835450e-02
-7.899940e-02
1.553112e-01
-9.216157e-04
-5.409267e-02
-7.489908e-02
-3.332230e-02
-1.227902e-01
-1.561910e-02
-6.015685e-02
-2.041093e-01
-9.853180e-02
-6.997156e-02
1.037906e-02
-1.368315e-01
-5.769827e-02
1.650728e-01
1.677866e-01
-2.715639e-02
1.260274e-01
2.103993e-01
3.387892e-02
2.923541e-02
-1.574504e-01
-1.786352e-01
1.200831e-01
2.641452e-03
-1.399010e-01
3.549746e-02
-3.258501e-02
-1.231481e-01
-2.928728e-01
-2.304501e-01
1.687233e-02
1.298113e-01
1.767967e-01
4.379605e-01
2.798109e-01
2.844290e-01
5.814403e-01
1.398944e-01
3.500576e-01
3.147646e-02
8.236698e-02
3.091695e-01
-3.532497e-02
-6.370284e-02
-5.466055e-02
-8.695940e-02
1.624098e-01
6.768589e-02
-1.039165e-01
-2.724616e-02
-6.515301e-02
-2.228390e-01
1.774386e-02
-7.441735e-03
-1.256253e-01
2.304239e-02
-8.339234e-02
3.149397e-02
-1.486865e-01
-2.438600e-01
-1.337802e-01
-1.130243e-01
-2.479277e-01
-7.788749e-02
6.785005e-02
3.844896e-01
-1.582071e-01
6.473929e-02
4.396469e-01
5.651737e-02
-1.735206e-02
4.148022e-02
-6.398720e-02
6.791227e-02
2.844271e-01
1.816385e-01
2.908935e-02
4.304498e-01
3.730384e-01
3.252469e-02
-1.092837e-02
3.350407e-02
3.552813e-02
8.533571e-02
1.647190e-02
7.990095e-02
1.705776e-01
1.793085e-01
1.409897e-01
9.056864e-02
1.914704e-01
2.947922e-03
3.319698e-02
1.033507e-01
2.381764e-02
1.535403e-01
1.286164e-01
2.343409e-02
1.662538e-01
6.055066e-02
-1.447882e-02
-2.352008e-02
2.872653e-04
9.669779e-02
1.253956e-01
-4.935101e-02
2.578052e-02
5.991441e-02
-1.632056e-01
-5.710279e-02
-1.898203e-01
-1.410866e-01
9.454272e-02
-1.733377e-01
-1.442930e-01
1.726993e-01
1.043018e-01
1.306092e-03
-1.448270e-01
-1.880024e-02
1.284815e-01
-6.535513e-02
3.927941e-03
4.087370e-02
-9.654522e-02
-1.030536e-01
5.303594e-02
-8.200471e-02
-5.884650e-02
-7.761313e-02
-1.658768e-01
1.078544e-01
-5.667446e-02
-3.053341e-01
2.242891e-02
8.494359e-02
1.218400e-01
2.172890e-01
1.584714e-01
5.116900e-02
2.093056e-01
1.634990e-01
-4.919869e-02
9.353905e-02
1.063273e-01
-5.648041e-02
-6.200873e-02
-8.367869e-03
-1.015951e-01
-1.550318e-01
-1.010960e-01
1.549923e-02
-2.590204e-02
2.656893e-03
-5.462114e-02
-6.777138e-02
6.677584e-02
-1.150040e-01
-4.903929e-02
4.426328e-02
-1.579278e-01
5.753038e-02
7.633925e-02
6.916059e-02
8.730174e-02
3.139111e-02
-8.232714e-02
9.094819e-02
-5.602228e-02
-3.005498e-02
5.170425e-02
-2.432425e-03
1.509258e-02
5.425924e-03
8.230457e-02
5.658381e-02
4.965183e-02
1.762453e-01
7.529738e-02
2.090395e-02
1.846170e-01
-7.938340e-02
-3.138247e-01
-2.535847e-01
5.795010e-03
-1.905712e-01
-1.926330e-01
-5.378225e-02
-1.750128e-01
-1.709387e-01
-1.372135e-01
-2.961533e-01
-2.280131e-01
1.475278e-03
-1.114587e-01
-4.407282e-02
-1.140680e-01
-2.472027e-01
-1.832124e-03
-4.718240e-02
-1.377210e-01
2.197919e-02
-7.475428e-02
-1.393628e-01
-3.750810e-02
2.907712e-02
-3.089697e-02
1.023108e-01
9.126746e-02
-1.098759e-01
-1.160151e-01
4.111322e-02
-8.457138e-03
-2.443325e-01
-1.613588e-02
-6.333330e-02
-2.393312e-01
8.199292e-02
-5.125458e-02
-1.149585e-01
6.638781e-02
-8.526594e-02
-7.730894e-02
1.195034e-01
-1.134648e-01
-7.916900e-02
-1.831436e-02
1.424093e-02
-1.842299e-01
4.302492e-02
2.981086e-02
-1.368273e-01
-1.497177e-02
4.025140e-02
-1.050910e-01
8.130326e-02
5.286549e-02
9.353718e-03
1.720574e-02
-2.915908e-02
4.073979e-02
1.178808e-02
5.053320e-02
-1.215046e-01
-1.450151e-01
5.861425e-02
-4.124860e-02
-1.409280e-01
1.256365e-01
-2.722762e-02
-9.471685e-02
1.059968e-01
-4.811845e-02
9.858349e-02
8.023136e-02
5.097724e-02
2.140729e-01
1.459608e-01
7.488270e-02
1.725648e-01
1.787486e-01
6.173053e-02
-1.807071e-03
-1.899942e-02
1.485287e-02
-1.026208e-01
-2.964081e-03
1.344154e-01
3.701902e-02
8.686822e-02
1.384053e-02
6.638294e-02
5.355104e-02
-6.403175e-02
-7.050318e-02
5.977117e-03
-1.183563e-01
-7.255299e-02
9.431824e-03
-4.532994e-02
3.641089e-02
-1.183181e-02
-8.523811e-02
1.506530e-01
9.374476e-02
9.479088e-02
4.913380e-02
1.923051e-01
1.877163e-01
-4.126049e-02
-9.848817e-02
-9.723811e-02
-2.383798e-02
-7.078352e-02
1.061888e-02
1.214682e-01
-2.912294e-02
3.086476e-02
2.231418e-01
1.705445e-01
-2.691757e-02
2.849515e-01
3.302701e-01
3.971568e-02
1.911227e-01
1.656050e-01
1.612141e-03
-2.991374e-02
5.127316e-02
-8.976058e-02
1.561880e-01
2.414937e-01
1.168755e-01
1.219744e-01
1.959602e-01
1.118256e-01
-1.399903e-01
-2.075068e-01
-7.822077e-02
-2.736303e-01
-2.754605e-01
-9.606586e-02
-1.862338e-01
-1.635669e-01
-1.313711e-01
-2.560144e-01
-3.522708e-01
-1.746826e-01
-4.541328e-01
-6.917462e-01
-3.400595e-01
-4.084035e-01
-3.526094e-01
-1.709851e-01
1.042638e-01
-1.225501e-01
-1.212230e-02
-1.641731e-02
-2.425251e-01
-1.583662e-01
-1.827399e-01
-1.705895e-01
-9.185869e-02
4.678459e-02
1.746966e-02
-1.310528e-02
1.514304e-02
-5.248005e-02
-1.104123e-01
-5.864802e-03
6.016570e-02
9.661993e-02
-2.240235e-01
-3.150625e-01
-2.739712e-01
-2.632519e-01
-5.676842e-01
-3.740438e-01
-1.496104e-01
-2.941181e-01
-5.109016e-02
-6.727349e-02
-2.356151e-01
-2.203682e-01
-1.157410e-01
-2.984136e-01
-3.441953e-01
-7.382253e-02
-2.130103e-01
-1.897563e-01
3.865445e-02
-3.967193e-03
2.357727e-02
-1.621673e-01
-1.405423e-01
3.958765e-02
-2.414089e-01
-8.136201e-02
1.728181e-01
1.116605e-01
-3.277275e-02
6.193939e-02
1.214245e-01
9.765916e-02
1.323466e-02
3.508595e-02
1.681772e-01
-2.834387e-02
1.080948e-01
2.519133e-01
6.091533e-02
1.612550e-01
2.054150e-01
1.516651e-02
1.437387e-01
8.573188e-02
2.228373e-02
-6.389474e-02
1.580322e-01
1.439082e-01
6.978021e-02
3.044805e-01
2.437558e-01
2.323454e-01
4.056851e-01
2.765632e-01
2.616969e-03
1.920600e-01
1.202920e-01
2.551797e-01
2.751533e-01
2.045569e-01
3.208175e-01
3.496209e-01
2.296519e-01
2.659838e-02
-9.499568e-03
3.261709e-02
-4.281031e-02
-5.730825e-02
-2.341828e-02
1.783315e-01
1.384473e-01
2.418704e-01
9.946742e-02
2.621463e-02
-2.384596e-01
1.440925e-01
1.614726e-01
-1.379913e-01
7.390025e-02
1.246276e-01
1.391038e-02
-1.185516e-01
-6.245693e-03
-2.037645e-03
-9.611133e-02
1.756542e-02
4.206057e-02
-7.018104e-02
-1.026281e-02
-6.136373e-02
-1.041991e-01
-1.318675e-01
-1.697593e-01
-1.578880e-02
-9.086164e-02
-1.922799e-01
-9.305283e-03
-3.526824e-03
-1.068981e-01
-2.771985e-02
-9.356327e-02
-2.299021e-01
-3.732365e-02
-1.421339e-01
-1.955837e-01
-1.311949e-01
-7.150789e-02
6.827331e-03
1.144988e-01
-1.618672e-01
-1.662497e-01
1.703579e-01
3.149949e-02
3.111637e-02
2.749098e-01
9.258567e-02
1.137457e-01
-2.574554e-01
-1.109742e-01
2.271101e-01
-5.698979e-02
-4.890108e-02
-7.622378e-02
-3.386177e-02
8.640664e-03
-1.474889e-01
-9.170072e-02
1.981030e-01
9.680676e-02
2.650761e-01
5.572261e-01
3.560717e-01
3.946619e-02
3.564677e-01
2.807980e-01
-1.156868e-01
-5.246624e-02
-6.088011e-02
-1.539442e-01
-1.185769e-01
-1.236659e-01
-1.153916e-01
-6.029288e-02
-1.229327e-01
-2.712252e-01
-2.000782e-01
1.596028e-02
-7.734268e-02
-1.420383e-01
-5.219068e-02
7.969838e-02
1.502730e-01
-1.082172e-02
-1.131148e-01
-1.111616e-01
-5.570072e-02
-8.147001e-02
-3.929028e-02
-2.368882e-02
-1.819851e-02
-1.269844e-01
6.364059e-03
4.664521e-02
9.468514e-02
7.636653e-02
1.022369e-02
3.584345e-02
2.246620e-02
6.816224e-02
6.660603e-02
1.735958e-02
-6.194689e-02
-5.531195e-02
-8.271081e-02
-2.155910e-02
-2.418936e-02
7.649861e-02
1.362439e-01
9.135314e-02
3.614094e-02
7.776157e-02
-2.345554e-02
-1.048271e-01
1.609046e-01
9.193009e-02
-4.148387e-02
2.320544e-01
1.544418e-01
-3.534754e-02
3.911334e-02
-1.786197e-01
-8.147957e-02
1.361978e-01
-9.152681e-02
-1.217210e-02
1.517590e-01
3.662692e-03
2.547648e-02
8.686282e-02
1.463336e-01
-5.708136e-02
5.986715e-02
7.781515e-02
6.542094e-03
-1.895050e-02
3.485773e-02
-1.296190e-02
4.577667e-02
-1.231730e-01
-1.673584e-01
-2.088172e-02
-8.981755e-02
-8.792737e-02
1.643243e-02
-3.036062e-02
-2.204589e-01
-1.599034e-01
-3.448637e-01
-2.678209e-01
-2.210109e-01
-3.201615e-01
-1.647402e-01
-1.062014e-01
6.383540e-02
1.288574e-01
4.771210e-02
-4.862351e-02
-1.319404e-01
4.576989e-02
-7.009050e-02
-1.766092e-02
-7.595524e-03
-2.910948e-02
4.730859e-02
-1.647426e-01
-1.246713e-01
1.587295e-01
-9.971989e-02
-1.213480e-02
-3.969240e-02
8.404506e-02
2.721404e-01
9.361099e-02
-8.140293e-02
-1.521032e-01
-1.305379e-03
-2.741093e-03
1.079669e-02
1.535435e-01
1.101070e-01
1.811912e-01
1.878749e-01
-1.992547e-01
-3.862853e-01
-2.259388e-01
-4.333621e-01
-3.916298e-01
-2.195394e-01
-5.507546e-02
2.194370e-01
2.143703e-01
-1.980292e-01
-2.178433e-01
-7.855253e-02
-1.592446e-01
-2.565958e-01
-2.057969e-01
-5.832933e-02
-1.282255e-01
-8.949123e-02
4.207307e-02
-5.549487e-03
1.192286e-01
-1.708402e-02
3.135123e-02
1.671904e-01
6.860499e-02
-1.981052e-02
8.703561e-03
8.491304e-02
1.609934e-01
1.564159e-01
-2.634360e-01
-1.472718e-01
-2.291047e-01
-1.053267e-01
2.229371e-02
-4.166312e-02
-3.651534e-01
-4.316552e-01
-1.501362e-01
-2.637390e-01
-2.397033e-01
-1.023303e-01
2.137302e-02
1.847464e-01
2.868748e-01
-2.226980e-02
-1.227023e-01
1.033721e-01
5.182533e-02
3.962056e-02
1.604101e-01
1.706076e-02
1.464021e-01
2.246038e-01
8.570891e-02
-7.614060e-02
-1.986784e-01
-2.172809e-02
-1.702862e-01
-1.672015e-01
5.166845e-02
7.280609e-02
7.890930e-02
-1.114125e-01
-9.562326e-02
-1.561621e-01
-2.289848e-01
-1.689215e-01
-4.389213e-02
-7.389797e-02
5.584572e-02
1.301126e-01
1.144547e-01
1.277164e-02
1.076687e-01
-2.435854e-02
-4.809351e-03
4.467528e-02
5.794466e-03
5.529954e-02
9.858919e-02
-1.613966e-01
-2.012571e-01
-1.260156e-02
-1.697824e-01
-1.164165e-01
-6.318928e-03
1.286703e-02
1.774632e-02
7.660732e-02
-8.802895e-02
-2.083359e-01
-2.975273e-02
9.009138e-02
5.776942e-02
4.806743e-02
-1.995821e-01
-3.268653e-02
-7.490298e-02
-8.429437e-02
-1.754603e-01
-4.619791e-01
-1.767249e-01
-2.130259e-01
-2.642971e-01
8.393378e-02
7.588469e-02
1.732714e-02
-2.724003e-02
-2.308418e-01
-1.040311e-01
-2.144735e-01
-3.300591e-01
-1.432045e-01
-2.995097e-02
-1.837677e-01
-7.112664e-02
-1.570226e-02
3.512253e-02
1.951802e-02
-4.433231e-02
-7.030048e-02
-1.132993e-01
-6.624620e-02
-2.095703e-02
-8.805203e-02
-2.777072e-02
-3.905008e-02
-5.434368e-02
-5.553711e-02
-3.506770e-01
-2.045215e-01
-5.172149e-02
-1.288672e-01
1.959742e-02
-1.462094e-01
-1.767599e-01
-6.312836e-02
-2.950765e-01
-2.756055e-01
-1.594563e-01
-2.102687e-01
-1.939596e-01
-2.451270e-01
-1.170248e-01
-1.420248e-01
-6.018865e-02
-2.275247e-01
-3.817228e-01
-2.781019e-01
-7.490495e-02
-3.148960e-01
-6.744179e-02
3.039960e-02
1.596436e-01
1.783501e-01
2.247330e-01
3.573444e-01
2.124865e-01
-3.543548e-02
3.563760e-02
2.023701e-02
4.353467e-02
1.182139e-01
1.066450e-01
2.210922e-01
3.233276e-01
2.247091e-01
-4.657911e-02
2.378568e-02
1.117517e-01
-2.108254e-03
-5.805100e-02
3.363874e-02
-4.045734e-01
-5.214388e-01
-4.208430e-01
-1.450641e-01
-2.454998e-01
-1.682850e-01
-8.318930e-02
-1.232538e-01
-4.103910e-02
-8.585079e-02
-7.370509e-02
-5.270906e-02
-6.355321e-02
-7.633302e-02
-9.480675e-02
-4.210272e-02
3.096132e-02
-5.785102e-02
1.240936e-02
1.393753e-01
-6.214597e-02
-5.862444e-03
6.834628e-02
4.245746e-02
-2.556331e-02
-3.289115e-02
8.306545e-03
-5.723422e-02
-1.089797e-03
6.378139e-04
6.507834e-02
6.380870e-02
5.373216e-02
-3.364668e-02
5.414424e-02
3.272536e-02
-1.129841e-01
-8.222044e-02
1.079383e-01
-1.173273e-01
-3.035091e-02
1.279346e-02
-6.934175e-02
-1.839750e-01
-1.137830e-02
-9.609615e-02
-2.249871e-01
-1.968115e-01
-9.190111e-02
-2.428730e-01
-3.313033e-01
1.007240e-01
5.826579e-02
1.201984e-01
7.077847e-02
5.562926e-02
1.182235e-01
7.024226e-02
-5.245635e-02
-3.709889e-02
1.992611e-01
1.883322e-01
1.418056e-01
9.616625e-02
2.538105e-01
2.693593e-01
9.561910e-02
1.159965e-01
1.208836e-01
1.101620e-01
1.815195e-01
2.389335e-01
2.235062e-01
1.603289e-01
2.623553e-01
1.150133e-01
1.833714e-01
2.913295e-02
9.482452e-02
-1.033430e-01
-3.986219e-01
3.687780e-03
-1.757796e-01
-4.727496e-01
-8.287258e-02
-2.591620e-01
-3.651322e-01
5.388855e-02
1.506270e-01
1.573588e-01
5.284310e-03
3.324735e-02
1.747316e-01
-7.076892e-02
-1.233451e-02
5.389697e-02
4.684734e-02
1.301735e-01
6.454124e-02
2.762562e-02
1.456528e-02
4.194434e-03
3.109225e-02
3.712198e-02
-1.003229e-01
1.041202e-01
1.024046e-01
-3.493682e-02
1.405893e-01
3.448080e-02
-1.561831e-01
3.225714e-02
-5.671654e-02
-1.164424e-01
5.213914e-02
1.285418e-01
6.695320e-03
-2.574270e-01
-1.157066e-01
-1.050023e-01
-5.755177e-02
-1.050260e-01
9.755465e-02
-9.553889e-02
-6.034145e-02
-4.794838e-02
-1.398926e-01
-5.732778e-02
-1.371071e-02
-1.290282e-01
-9.642508e-02
-2.948618e-02
-1.584527e-02
5.467776e-02
1.443130e-01
1.144372e-01
1.849024e-01
1.454733e-01
1.095793e-01
7.307798e-02
7.160547e-04
1.237310e-01
4.534262e-02
5.404378e-02
-3.317791e-02
-1.348189e-01
-9.124967e-02
-1.238006e-02
-1.345784e-02
-3.606852e-03
-5.435842e-02
-2.253903e-01
-3.443641e-02
3.862965e-02
-2.669311e-01
-3.360593e-01
8.331105e-02
-3.839383e-02
-2.394995e-01
1.230322e-01
5.859101e-02
6.477688e-02
1.077119e-01
6.356476e-02
-1.375745e-02
4.660919e-02
2.383611e-02
4.785877e-02
-7.175494e-03
-1.113649e-01
-2.328519e-01
-2.193101e-01
-1.835537e-01
-2.494707e-01
-2.771449e-01
-1.874181e-01
-1.503098e-01
2.755953e-01
2.230187e-01
1.200300e-01
3.138351e-01
1.727471e-01
1.556731e-01
2.229305e-01
2.048613e-02
4.594138e-02
-1.357023e-01
-2.593202e-02
-6.002602e-02
1.385504e-02
-5.323181e-02
-1.202855e-01
2.036288e-01
-1.697435e-02
-9.942182e-02
-3.386381e-02
-8.137480e-02
-2.168668e-01
-6.436407e-02
-1.972075e-01
-2.762031e-01
1.397219e-02
-1.966707e-01
-2.801176e-01
-1.961533e-01
-3.225721e-02
3.078318e-02
7.165551e-02
1.053488e-01
3.838562e-02
9.847180e-02
7.988074e-02
-7.928725e-02
-3.020653e-01
-2.147894e-01
-1.624761e-01
-3.811801e-01
-4.944032e-01
-4.367133e-01
-2.131499e-01
-2.558720e-01
-2.310440e-01
1.000983e-01
4.148438e-02
1.098026e-01
1.735596e-01
8.581930e-02
1.333655e-01
2.054136e-01
1.176559e-01
3.887233e-02
-1.100022e-01
-8.147331e-02
-2.000710e-02
-1.230202e-01
-9.219319e-02
-5.530804e-02
-1.290334e-01
-7.873688e-02
-8.994890e-02
9.657416e-02
1.097412e-01
8.224531e-02
1.675043e-01
9.790056e-02
-1.529636e-02
-4.522054e-02
-6.957709e-02
-5.226888e-02
8.328071e-02
3.291848e-02
3.344110e-02
1.960708e-02
-1.707215e-02
6.181834e-02
1.920650e-02
-1.887123e-02
-5.750277e-02
-5.641745e-02
9.802273e-02
-7.767500e-02
-7.368363e-02
-1.463691e-02
-1.003105e-01
-7.250554e-02
-3.804922e-02
-1.691626e-01
-1.251196e-01
-1.610631e-01
-4.751138e-02
-2.569946e-02
5.539294e-02
2.194621e-02
-9.486664e-03
1.221747e-01
3.481138e-02
-5.377039e-02
3.063921e-03
5.561151e-02
1.105260e-01
2.503833e-01
1.836443e-01
1.545685e-01
2.401740e-01
1.779736e-01
-4.835013e-02
1.519152e-01
1.065761e-01
-3.402402e-02
1.437285e-01
8.761723e-02
-1.109175e-01
4.913818e-02
8.447036e-04
2.697477e-02
-6.595585e-02
5.651993e-02
1.178033e-01
-8.200062e-02
6.954864e-02
1.970552e-01
2.094698e-02
2.580179e-02
6.194242e-02
1.002811e-01
3.596062e-03
6.121058e-02
1.051792e-01
6.772099e-02
7.483647e-02
1.198575e-01
7.268764e-02
3.280632e-02
7.199199e-02
2.014500e-02
-4.197470e-02
-2.229095e-02
2.750110e-02
-6.065169e-02
-8.504778e-02
-3.626600e-02
4.423604e-02
3.610104e-02
1.696050e-02
7.349610e-02
-1.486391e-02
4.971165e-02
-3.557990e-02
-4.328905e-02
1.916697e-02
-3.472822e-02
-6.023848e-02
4.965891e-02
-1.988178e-02
-1.477993e-02
7.207439e-02
4.408834e-02
3.712607e-02
4.418584e-02
-1.187421e-01
-1.319808e-01
-1.217893e-01
-9.579038e-02
-5.071200e-02
-9.400863e-02
-2.919998e-02
-1.958472e-02
-5.249850e-02
-7.229942e-03
-4.203696e-02
-9.183573e-02
-5.617848e-02
-1.032839e-01
-4.160118e-02
-2.420452e-02
-7.766973e-02
-9.330200e-02
6.902200e-02
-4.722712e-02
-1.532727e-01
4.509297e-02
6.750518e-03
-8.405962e-02
8.603141e-02
-1.273374e-02
-5.617071e-02
-1.116991e-01
1.333055e-01
1.142883e-01
-2.180902e-01
2.421786e-01
7.164717e-02
-8.672471e-02
3.589351e-02
3.707464e-02
-1.115155e-02
1.624512e-01
1.545953e-01
1.266596e-01
3.291909e-01
2.296550e-02
1.261609e-01
1.203789e-01
1.271743e-01
-1.247203e-02
3.305393e-01
1.111415e-01
3.536237e-01
6.543470e-02
9.984016e-02
-1.595559e-01
1.698448e-01
2.093246e-01
7.626642e-02
2.344899e-01
1.001870e-01
-8.974130e-02
3.537419e-01
1.457078e-01
2.411731e-02
1.453843e-01
-1.352106e-03
-1.686394e-01
-5.049433e-01
-1.787294e-01
1.613617e-01
-2.212960e-02
-1.304982e-01
1.386905e-01
-2.559192e-01
-2.826650e-02
2.152392e-01
1.150270e-01
-7.873093e-02
-1.183194e-01
3.862092e-01
3.805768e-01
2.404495e-02
-4.587007e-02
1.994163e-01
-3.622148e-02
-1.472001e-01
3.880742e-04
-1.469304e-01
1.830901e-02
8.290628e-02
3.415219e-02
-1.555400e-01
-1.519686e-01
1.001872e-01
-1.219573e-01
4.823718e-03
-9.544326e-02
-3.289345e-01
-1.348050e-01
5.649009e-02
-7.902113e-02
1.130978e-01
2.382147e-02
4.289247e-03
-1.509277e-01
-1.602269e-01
-9.212731e-04
-3.091811e-02
-2.206479e-01
-2.386927e-02
5.994015e-02
-9.087755e-02
1.422663e-01
-2.545232e-02
1.708069e-01
8.640984e-02
4.086456e-01
1.147124e-01
-3.249839e-04
1.881724e-01
-1.822622e-01
-1.330104e-01
-1.013408e-01
-9.981725e-03
-7.297508e-02
-1.378189e-02
-5.966663e-03
5.995125e-02
-7.741037e-02
-6.626583e-02
4.694640e-01
2.502022e-01
5.743714e-01
1.289694e-02
6.066764e-01
4.581081e-02
5.961629e-01
8.118288e-02
-7.697296e-03
-6.056467e-02
-2.955953e-03
6.147789e-02
5.756057e-02
1.062243e-02
-5.614957e-02
-5.021197e-02
-5.068320e-02
-2.131825e-01
-2.690687e-02
5.104913e-02
-7.117610e-02
1.169430e-01
-5.288871e-02
9.498870e-03
2.259246e-01
-5.628457e-02
-2.387746e-03
1.654812e-01
1.123155e-02
-1.748575e-02
-7.690386e-02
2.458982e-01
2.484083e-01
4.017949e-01
1.156744e-01
4.541602e-02
1.233177e-02
3.190114e-02
-3.548780e-02
8.078888e-02
1.025633e-01
2.180699e-02
1.572349e-01
2.137335e-01
