-6.185063e-02
-3.081342e-02
6.221510e-02
6.185964e-02
1.206987e-01
1.301518e-01
1.149683e-01
1.957019e-01
1.839451e-01
-5.486786e-02
7.164580e-02
1.371461e-02
1.089991e-01
2.138146e-01
1.613213e-01
-7.888021e-04
5.240898e-02
-2.683796e-02
1.413190e-01
2.211287e-01
1.705438e-01
2.014658e-02
1.267547e-01
6.864022e-02
-1.843186e-01
-9.992125e-02
-1.598844e-01
-7.006654e-02
-4.994325e-02
5.659114e-02
1.929630e-01
-6.098215e-02
-4.628641e-02
-3.098783e-02
-9.377340e-02
-4.769505e-02
-8.802854e-03
-1.863887e-02
-4.034497e-02
1.500493e-01
1.060040e-01
-3.087663e-01
1.270845e-01
3.191091e-02
1.453860e-02
8.115271e-02
2.734961e-01
1.594639e-01
-1.316978e-01
1.946894e-01
1.774589e-01
-7.553147e-02
3.173194e-02
4.204865e-02
-8.572264e-04
3.047810e-03
3.132492e-03
4.282924e-03
2.493672e-03
1.175898e-03
8.138829e-04
2.539533e-03
4.001792e-04
-2.108020e-01
-1.635021e-02
6.567848e-02
-1.157664e-01
3.967551e-02
1.223713e-01
-1.961422e-01
-2.791962e-01
-2.806731e-01
1.026630e-01
8.019846e-02
1.009074e-01
1.070710e-01
1.977271e-01
2.405003e-01
-2.788755e-02
2.788633e-02
1.771419e-02
-5.170196e-02
-1.822176e-01
-1.819438e-01
5.957829e-02
-6.113539e-02
8.560873e-02
5.795438e-02
1.155150e-01
1.504082e-01
-5.314737e-03
-1.480120e-03
-3.276495e-04
1.973453e-03
2.171635e-03
1.246871e-03
4.960788e-07
-1.947967e-04
3.564241e-03
3.955410e-02
1.442433e-01
1.676146e-01
1.732482e-01
3.513990e-01
2.674195e-01
3.373094e-02
1.585764e-01
8.229259e-02
-2.066349e-01
-2.450304e-01
-1.261810e-01
-2.319311e-03
4.138534e-02
2.502490e-02
6.876531e-02
1.950590e-01
4.519940e-02
-1.523863e-02
-8.718247e-02
-4.308521e-02
2.349535e-01
2.239681e-01
3.356521e-02
3.337932e-02
8.210639e-02
2.522070e-02
-7.027490e-02
1.383513e-01
1.809907e-02
-1.158577e-01
1.311863e-01
8.385359e-02
-5.732910e-02
-2.191989e-02
7.109606e-02
-1.228219e-01
-2.365323e-01
4.525221e-02
-1.182503e-02
-9.235729e-02
-6.187215e-02
1.033821e-01
1.388860e-01
1.101748e-01
-4.927773e-02
-5.131394e-02
-9.232619e-02
-4.576699e-02
-5.630254e-02
-1.047221e-01
-3.726136e-02
-2.006609e-02
-6.345186e-02
-1.357651e-01
-6.918605e-02
-6.769107e-03
2.099075e-03
4.517894e-02
9.111962e-02
1.031540e-02
6.576926e-02
1.408566e-01
-2.693236e-02
9.567861e-03
-1.020707e-02
5.278123e-02
1.742802e-01
1.609609e-01
1.070513e-01
2.548809e-01
2.648334e-01
-1.946471e-01
-1.533242e-01
-4.009164e-02
-1.023454e-01
-4.945822e-02
-7.919873e-02
-1.372572e-01
-9.712047e-02
-1.625338e-01
-2.591437e-02
-6.574137e-02
7.355819e-02
-1.412648e-01
3.817235e-02
1.972528e-01
-5.306445e-02
1.116857e-02
-1.412177e-02
1.143999e-02
1.518122e-02
-1.084897e-02
-7.458466e-02
-1.583052e-02
2.150415e-02
-1.344454e-01
-6.806229e-02
6.955454e-03
2.237589e-04
-2.592333e-04
5.068067e-04
1.756119e-03
-4.596546e-03
-2.850140e-03
2.667747e-03
1.018697e-03
-9.457462e-04
3.689505e-03
8.890320e-02
1.116537e-01
1.457513e-01
2.328913e-01
2.051993e-01
9.194865e-02
1.942109e-01
1.984340e-01
-9.287828e-02
-8.906700e-02
-1.416927e-01
-1.226312e-01
-1.286971e-01
-1.926642e-01
-1.562292e-01
-1.331725e-01
-2.466470e-01
-2.391079e-01
-1.089068e-01
-1.497104e-02
1.685297e-02
2.711133e-01
3.832309e-01
-1.120950e-01
1.938021e-01
2.870596e-01
-1.745083e-04
-3.263621e-03
-2.138815e-03
-2.567335e-03
1.586918e-03
2.439070e-03
3.814075e-04
-2.158908e-03
-3.410182e-03
3.024005e-03
3.229908e-02
1.233014e-02
6.357380e-02
1.489006e-01
1.388518e-01
7.511917e-02
1.743444e-01
1.644647e-01
-3.534444e-02
-7.760299e-02
-2.273593e-01
-1.022993e-01
-1.047812e-01
-9.705602e-02
-9.567058e-02
-2.851402e-02
1.045342e-01
-4.506692e-02
-7.255388e-02
-3.835177e-02
-1.474438e-01
-6.700691e-02
-1.601314e-02
-1.674803e-02
1.170826e-01
7.811464e-02
9.632434e-02
3.414445e-02
-9.815294e-02
8.343626e-02
2.471336e-02
-7.357215e-02
1.343457e-01
1.302094e-01
3.340264e-02
-2.405776e-02
7.609855e-02
1.272628e-01
2.724370e-02
1.709578e-01
1.910101e-01
3.795254e-02
6.004360e-02
9.830311e-02
-8.873901e-02
-4.260156e-02
-3.211518e-02
-4.988632e-03
1.024313e-01
3.385289e-02
9.649935e-02
-5.925552e-02
-4.641138e-02
6.763581e-03
5.280768e-02
1.435977e-01
-6.473164e-02
-1.920407e-01
1.146128e-01
-1.748792e-01
-2.195780e-01
1.562225e-01
-9.119617e-02
-1.596920e-01
-1.152753e-01
9.030228e-03
-4.805863e-02
-1.437312e-01
3.166342e-01
2.701003e-01
1.052475e-01
1.029877e-02
-1.186529e-04
7.582059e-02
2.354700e-02
-2.927479e-01
-2.575039e-01
-4.241914e-02
-1.804926e-01
-9.279836e-02
7.657398e-02
-9.831063e-02
-5.499130e-02
1.069175e-01
-1.410940e-02
-3.398930e-01
3.481886e-02
-4.020647e-01
-3.448827e-01
-6.330305e-02
-1.148181e-01
-1.304154e-02
9.726846e-03
2.359048e-02
5.588970e-02
5.610647e-02
3.170853e-02
3.503107e-02
1.574167e-03
1.241664e-03
-1.221857e-03
4.506409e-03
2.919191e-03
1.177221e-03
-5.575299e-04
-3.160990e-03
2.949230e-05
3.312685e-02
1.580287e-01
1.785222e-01
-1.262787e-01
-1.186594e-01
3.640491e-02
-1.437880e-01
-2.344894e-02
9.893755e-02
-7.288357e-03
-9.447977e-02
-1.178111e-01
6.682272e-02
1.091604e-01
-5.106530e-03
9.644822e-02
2.108853e-01
2.147510e-02
2.304493e-01
4.882790e-01
2.309821e-01
-1.794797e-01
-2.931128e-01
1.290408e-02
-3.071033e-02
-5.018836e-02
-4.425907e-02
-5.813238e-03
-6.423588e-03
-1.780816e-03
-3.226124e-03
-3.140490e-04
4.482875e-03
2.085918e-03
7.358992e-03
4.661377e-03
-1.079690e-01
-1.270692e-01
-6.065844e-02
9.023879e-02
5.000737e-02
3.056058e-03
3.280207e-02
-1.705737e-02
-2.276467e-02
-3.396674e-01
-2.491752e-01
-4.763544e-02
-4.542105e-01
-3.436805e-01
-3.166387e-01
1.606683e-01
2.142279e-01
3.673190e-02
-2.030722e-01
-1.828496e-01
-3.100135e-01
1.589232e-01
5.779314e-02
-1.625933e-01
1.350370e-01
-2.893523e-02
-1.048055e-02
5.531655e-02
7.151504e-02
-8.094753e-02
1.056512e-01
2.046148e-01
-1.153211e-01
-6.413918e-03
-6.763645e-03
-1.284916e-01
1.056765e-01
-3.668746e-01
1.924196e-01
-7.392731e-02
-2.134175e-02
7.270035e-02
-1.750948e-01
5.970718e-03
7.860378e-02
4.884353e-02
2.354012e-02
4.347023e-03
1.666126e-01
5.073490e-02
9.036744e-03
6.321909e-02
-3.558270e-02
-1.816267e-01
-2.795217e-01
-3.385960e-02
1.745475e-01
-2.800485e-01
-1.851524e-01
5.893517e-02
-1.312252e-01
-1.369819e-01
2.610906e-01
-1.985347e-01
2.720356e-01
4.058068e-01
-3.762297e-01
4.162851e-02
3.664401e-01
-4.903047e-01
-2.262796e-01
1.093376e-03
1.330519e-01
1.876676e-02
1.975097e-01
-1.016058e-01
-1.873459e-01
-1.279279e-01
-3.406041e-01
-4.163042e-01
-1.852812e-01
-2.777821e-02
-1.855742e-01
-1.846260e-01
1.913983e-01
2.768961e-01
5.568259e-02
7.892758e-02
2.646673e-01
-8.893123e-02
1.173960e-01
9.297459e-02
6.486445e-02
9.836040e-02
1.589312e-01
1.040939e-01
-2.602933e-02
9.001295e-02
1.922847e-01
2.043640e-03
-6.511885e-04
-1.827245e-03
-1.430525e-03
-3.355033e-04
-6.174420e-04
-2.670598e-03
1.773463e-03
5.709582e-04
-3.535472e-02
-7.897216e-02
5.015501e-02
-1.492396e-01
-2.283582e-01
-7.247055e-02
4.270534e-02
1.704284e-03
1.812316e-01
4.077547e-01
4.285707e-01
-2.939887e-02
2.004696e-01
-8.863147e-03
-1.292789e-01
-2.577671e-01
-3.644992e-01
-3.663567e-01
1.707850e-01
-4.571207e-01
-5.567070e-01
8.964194e-02
-1.858109e-01
-3.162458e-01
1.860783e-01
4.383349e-01
5.699842e-01
5.773078e-04
-1.694262e-03
-2.859229e-03
1.572145e-03
-2.954060e-03
1.571720e-03
2.830198e-03
-2.513600e-03
3.578664e-03
-1.190652e-01
-1.684826e-01
-1.898478e-01
-1.667687e-01
-1.613099e-01
-1.556793e-01
1.782122e-02
1.262968e-01
2.038857e-02
2.018988e-01
1.326517e-01
-6.263333e-02
2.450501e-02
-9.771213e-02
-7.338876e-02
2.054871e-01
1.474341e-01
1.147179e-01
9.446758e-02
1.029784e-03
5.548961e-02
-1.133301e-01
-1.227306e-01
-1.297338e-01
1.124080e-01
4.392911e-02
5.244846e-02
1.619762e-01
6.039055e-02
-3.732957e-01
7.314185e-02
-8.037204e-02
-3.753261e-01
-1.358067e-01
-1.667606e-01
-2.029913e-01
-6.888844e-02
-4.157913e-01
-2.981287e-01
2.786438e-01
-3.645270e-01
2.056348e-01
-2.270049e-02
1.863104e-01
1.279293e-01
-1.848538e-01
-1.464968e-01
-4.929480e-02
-7.704635e-02
1.258355e-02
1.718190e-02
-5.461504e-02
4.462191e-02
8.872873e-02
-6.104684e-02
8.084441e-02
-9.358250e-02
-7.114021e-02
1.038797e-01
-5.555666e-02
-8.898134e-02
8.395960e-02
2.428800e-03
-6.189554e-02
-8.812178e-02
-3.948149e-02
-4.601692e-02
-7.047745e-02
-1.978996e-02
6.254014e-02
4.100448e-02
4.042066e-02
6.107592e-02
-8.372286e-02
2.430621e-02
6.277641e-02
-3.182257e-02
2.347183e-02
3.638612e-02
-3.056077e-02
1.876816e-03
-1.531047e-01
-5.679006e-02
1.375033e-01
-7.656852e-02
-1.629290e-01
5.429339e-02
5.055369e-02
-1.650834e-01
2.472932e-02
5.152696e-02
-5.308769e-02
-4.593465e-02
1.246354e-01
-2.593770e-02
-5.347600e-02
1.850194e-01
1.353025e-02
-5.934485e-02
7.457531e-05
1.317413e-03
1.022213e-03
5.395426e-04
-5.336160e-04
3.051707e-03
2.160739e-04
-1.375330e-03
-3.314361e-04
-6.416295e-02
3.654797e-02
1.096488e-01
-4.519029e-02
1.405272e-03
1.142474e-01
-4.330334e-02
-1.330497e-01
-2.543512e-02
1.749505e-02
6.311409e-02
5.763690e-02
4.082452e-03
3.709866e-02
1.288950e-02
-2.770251e-02
-5.291717e-02
-5.921277e-02
-5.505252e-02
-5.202265e-02
-2.749100e-02
-3.430968e-02
-7.973999e-02
8.297425e-03
-3.560852e-02
-2.117006e-02
4.378586e-02
1.226549e-03
-1.153226e-03
-7.283404e-04
3.140173e-03
6.395538e-05
-2.497904e-04
1.236047e-04
1.583081e-03
2.773880e-03
-5.674639e-02
-5.877468e-02
-4.339998e-02
-4.124485e-03
-1.897798e-03
1.982347e-02
5.444742e-02
2.652899e-02
4.058917e-02
1.109601e-02
-3.830648e-02
-4.027195e-03
-7.715034e-02
-1.427167e-01
-2.537329e-02
-5.469607e-02
-1.664604e-01
-9.500740e-02
-1.042798e-01
-4.471664e-02
2.191050e-02
-8.601455e-02
-6.571820e-02
1.164080e-02
-5.928343e-02
-7.265858e-02
-1.037613e-02
7.637984e-02
-7.022228e-02
-7.903281e-02
1.365543e-01
-7.539386e-02
-1.146941e-01
7.450765e-02
-7.566395e-02
-7.410071e-02
-2.792715e-02
2.560519e-01
-6.354760e-02
-2.853932e-01
3.789386e-01
3.930328e-02
-2.966179e-01
2.512942e-01
1.590977e-01
7.847666e-02
5.579406e-02
1.383353e-01
-1.845687e-02
3.410309e-02
-4.714499e-02
1.806188e-01
-1.568162e-01
-1.516098e-01
-9.141661e-02
-2.198974e-01
-1.537034e-01
1.012067e-01
-4.801723e-01
-1.674844e-01
1.855198e-01
-8.083677e-02
1.395199e-01
-8.125803e-02
-1.664810e-02
-2.690154e-02
-1.269978e-01
1.043336e-01
-1.125103e-01
-5.543412e-02
9.992304e-02
9.152601e-04
8.128507e-02
2.904448e-02
3.061930e-02
5.280294e-01
-4.129762e-01
-2.623905e-01
8.652264e-02
-1.255214e-01
9.681424e-02
6.904489e-03
2.473846e-01
-4.180686e-01
-4.753538e-02
8.192601e-01
-4.538587e-01
-1.859985e-02
-4.355877e-01
-1.187787e-01
-1.167255e-02
1.230858e-01
-9.700935e-03
-1.064757e-01
1.330876e-01
4.369274e-02
-1.211423e-02
6.368066e-02
2.473168e-02
2.715264e-03
-2.123289e-04
1.317786e-03
-4.104417e-03
2.454600e-03
1.232093e-03
-2.352909e-03
4.832809e-04
-2.799216e-05
9.543400e-02
1.350916e-01
2.219822e-01
1.489441e-01
-1.201938e-01
3.200790e-02
-1.545068e-02
7.077532e-02
3.276556e-02
2.761511e-01
-1.271960e-01
1.126607e-01
-4.782844e-02
7.832614e-02
1.319152e-01
-6.447157e-02
2.731897e-02
-1.097643e-01
5.641630e-03
2.193775e-01
-1.378269e-01
-6.853608e-02
-3.334516e-01
3.154070e-01
-2.230404e-01
1.997598e-01
-3.175207e-03
-2.600334e-03
-7.214733e-03
-6.360810e-04
2.288345e-03
-7.699295e-03
5.598873e-03
3.116447e-03
-2.359964e-04
3.182592e-03
1.652673e-02
-5.861195e-03
-3.439137e-02
1.044535e-01
1.745597e-01
7.415292e-02
-6.901414e-02
5.336478e-02
5.017591e-02
8.049635e-02
-1.102462e-01
5.704105e-02
-6.930023e-02
1.488758e-01
-4.679964e-02
4.705249e-03
2.782469e-01
-1.250514e-01
-1.939804e-01
6.886259e-02
-3.096338e-01
9.927338e-02
3.258245e-01
-1.864253e-01
-1.568136e-01
-6.497075e-02
5.364410e-02
-1.155242e-01
1.065698e-01
-6.974848e-02
-1.631676e-01
1.648224e-01
-7.451314e-02
-7.878123e-02
-7.479275e-02
-1.440547e-02
2.515069e-01
-1.159926e+00
6.284405e-01
1.446335e-01
1.554534e-01
-7.806822e-02
-1.441829e-01
7.324031e-02
-1.146147e-01
5.372638e-02
1.555616e-02
-3.545046e-02
8.176309e-02
5.121692e-02
4.173120e-02
2.519940e-01
1.878335e-01
1.405449e-02
-2.525378e-01
-1.146567e-01
3.420198e-02
-8.842699e-02
3.400123e-02
3.004131e-02
-9.994441e-02
7.527570e-02
4.454805e-02
1.584864e-01
1.392739e-01
1.430349e-01
-1.823942e-02
-1.150118e-01
-7.768572e-02
-6.323338e-02
-2.689081e-01
-1.625281e-01
2.546295e-02
-1.164640e-01
-2.002903e-02
1.939973e-01
-3.327521e-02
-7.849032e-02
2.089372e-01
2.320444e-03
-2.229871e-01
2.043291e-01
-5.241973e-02
-1.130705e-01
-1.935262e-01
8.119612e-02
3.313760e-01
2.510680e-02
1.560629e-02
-4.902377e-02
-2.404631e-02
-6.745797e-02
2.877345e-02
-1.364539e-01
-1.263177e-01
3.645394e-02
-2.015195e-01
-1.380692e-01
3.003864e-02
5.139832e-04
9.966301e-04
2.222847e-03
2.935111e-04
-6.971493e-04
1.058964e-03
9.488693e-04
1.571356e-03
-2.125201e-04
-3.229133e-02
-9.006830e-02
8.464684e-04
1.627533e-01
1.093163e-01
-5.816356e-02
3.104773e-02
7.982247e-02
-1.007503e-01
2.747794e-01
-2.806043e-02
-1.807287e-01
3.516163e-01
-2.235634e-01
-4.597722e-01
3.245611e-01
-2.205869e-01
-4.876430e-01
-2.834522e-01
-9.035936e-02
3.829300e-02
-3.595924e-01
1.740212e-02
5.845063e-01
-4.283353e-01
5.473801e-03
6.681980e-01
2.537207e-03
8.969458e-04
-5.371750e-04
1.182358e-03
-1.813886e-03
-2.376804e-03
-8.518705e-04
2.343820e-03
3.950310e-04
-4.475328e-02
1.283277e-02
7.148159e-02
-5.573631e-02
1.129820e-01
2.053960e-01
9.782080e-03
1.972553e-01
2.542446e-01
1.529233e-01
8.222746e-02
-2.105752e-03
1.241105e-01
-1.257476e-01
-7.416638e-02
-2.674543e-02
-8.036298e-02
1.651027e-01
1.444334e-01
7.435117e-03
-2.494222e-02
3.865496e-02
1.280463e-01
1.199817e-01
4.225998e-02
3.304990e-01
2.814119e-01
2.136109e-01
7.516872e-03
-8.854937e-02
1.861561e-01
-1.206680e-01
-3.543393e-02
2.341441e-01
2.594734e-02
1.427365e-01
-1.915486e-01
1.176320e-01
8.831801e-02
-2.915228e-02
2.806763e-01
2.977359e-01
-1.470040e-02
1.822540e-01
2.975551e-01
3.932422e-02
5.018421e-02
9.793422e-02
2.331934e-02
4.158189e-02
1.165833e-01
8.319424e-02
1.053235e-01
1.605882e-01
-3.805255e-02
-3.331902e-02
1.112980e-02
-5.860583e-02
-1.899336e-02
-1.164710e-02
-3.379719e-02
-8.026455e-03
-1.033481e-02
2.149844e-01
2.922122e-01
1.862879e-01
1.241470e-01
2.946505e-01
1.861018e-01
-6.281698e-02
1.054167e-01
-3.977742e-02
-9.388815e-02
-4.657840e-02
1.350378e-02
-8.546626e-02
-3.800806e-02
7.170566e-02
-2.583035e-02
-8.218216e-04
7.484194e-02
-1.466945e-02
-3.300772e-02
-8.084269e-02
-7.487183e-03
-8.916655e-02
-7.569797e-02
-1.232795e-01
-1.661251e-01
-8.938106e-02
-7.264399e-02
-7.478464e-02
-3.589249e-02
-6.496498e-02
-6.234930e-02
-4.177327e-02
-6.049239e-02
-8.659720e-02
-5.665485e-02
-8.363055e-04
2.717160e-03
2.186282e-03
1.661078e-03
5.203846e-04
-2.329256e-03
-5.223576e-03
2.871466e-03
-1.435021e-03
-6.074993e-02
-9.528171e-02
-3.302524e-02
-1.486012e-02
-8.514988e-02
-4.026756e-02
-3.343820e-03
-6.919211e-02
1.217822e-02
-1.428513e-01
-3.931085e-02
1.144510e-01
-3.098819e-03
9.986743e-02
2.356472e-01
-2.354043e-03
4.859700e-02
1.272651e-01
1.013733e-01
1.601328e-01
-5.018202e-02
5.205161e-02
6.472003e-02
-7.928403e-02
1.423690e-02
5.108608e-02
-2.477278e-02
5.445617e-03
3.773622e-03
2.391237e-03
-6.521285e-04
3.041060e-05
-3.822703e-03
-3.778763e-03
3.102841e-03
-1.213786e-03
3.719364e-02
5.182789e-02
3.169265e-02
5.516326e-02
6.491042e-02
3.461851e-02
2.710952e-02
2.781487e-02
1.242694e-02
2.916868e-02
2.939957e-02
-8.952273e-03
2.976238e-02
7.624765e-02
6.565797e-02
-4.360652e-02
4.622436e-02
6.274149e-02
-4.617837e-02
-8.817604e-02
-1.092654e-01
4.711546e-02
1.060987e-04
-2.210075e-02
-4.436706e-02
-8.999713e-02
-1.227242e-01
-9.780227e-03
8.902293e-02
1.687099e-01
9.830334e-02
1.353939e-01
1.300971e-01
8.519737e-02
4.813829e-02
1.468591e-02
-3.554687e-02
-9.563310e-02
-2.351844e-01
7.888288e-02
1.310346e-02
-1.770086e-01
3.220524e-02
4.310466e-03
-1.486646e-01
8.209363e-04
-2.094825e-02
-4.279751e-02
-4.297070e-02
-7.228193e-02
-1.274055e-01
-5.321923e-02
-4.076932e-02
-4.225136e-02
-4.665871e-02
-4.410734e-02
-4.271472e-02
-3.564255e-02
-1.916585e-02
-4.520756e-02
6.260148e-02
8.219212e-02
4.138959e-02
-2.080671e-01
-2.258509e-01
-2.278372e-01
-7.353152e-02
-8.431056e-02
-1.219203e-01
7.056495e-02
9.701985e-02
9.028795e-02
-8.248952e-03
9.904043e-02
-1.097404e-01
-5.855504e-02
7.606092e-03
-1.216017e-01
-1.009612e-01
-4.354956e-02
-5.889006e-02
-1.139138e-01
-3.687304e-02
-2.043071e-02
-4.049902e-02
3.155147e-02
3.721537e-02
1.196004e-02
1.070314e-01
1.473656e-01
-3.603523e-02
-1.109532e-02
3.627840e-02
-3.418071e-02
2.191385e-03
7.741558e-02
4.351201e-03
4.446805e-02
1.180877e-01
-1.549879e-03
2.190514e-03
-2.349499e-03
6.367692e-04
-2.912067e-03
4.364781e-03
-6.780165e-04
-2.708948e-04
-3.344683e-03
9.976773e-02
1.083498e-01
6.336764e-02
6.778302e-02
1.223849e-01
1.411151e-01
2.626430e-02
1.296949e-01
2.088113e-01
1.437633e-01
3.311977e-01
3.111506e-01
3.256108e-02
2.071164e-01
2.243330e-01
-9.292147e-02
1.489960e-02
6.212493e-02
1.333535e-01
6.531866e-03
-1.139953e-01
6.541877e-02
1.032233e-01
1.642316e-02
-8.067076e-02
2.925842e-02
2.472378e-02
-3.832338e-04
1.168238e-03
1.449529e-03
-9.660737e-04
3.250985e-04
2.039549e-04
-2.267104e-03
-1.643716e-03
2.179150e-03
-1.105047e-01
-9.727231e-02
-8.730667e-02
-9.256259e-02
-7.291210e-02
-5.170079e-02
-5.763968e-02
-3.116913e-02
-1.439846e-02
-4.282372e-02
4.488688e-02
-7.579118e-03
-9.702131e-02
4.410335e-02
-3.004266e-02
-1.286092e-01
3.005428e-02
-2.144604e-02
2.118867e-02
1.172851e-01
1.152415e-01
-7.766324e-02
-2.660396e-02
3.455194e-03
-9.332878e-02
-1.028981e-01
-1.357111e-02
1.982438e-01
3.835649e-01
2.813233e-01
7.025960e-02
1.949454e-01
9.005691e-02
-1.340181e-01
-6.423029e-02
-1.371971e-01
-1.828033e-02
9.280259e-02
4.150934e-02
-1.134452e-02
-3.368862e-03
4.624499e-02
-9.267320e-02
6.075202e-02
3.819080e-02
-1.168358e-01
-9.849560e-03
-2.482106e-02
-3.159003e-02
1.107988e-01
9.721805e-02
-6.365215e-02
-1.432277e-02
9.457935e-02
1.028633e-02
4.616350e-02
-5.222650e-02
-1.394023e-01
-1.040402e-01
7.983109e-02
-1.392722e-01
-2.102475e-01
1.424576e-01
4.999292e-01
2.113234e-01
-3.139061e-01
3.903449e-01
-1.707448e-01
-5.830141e-01
3.781498e-02
-3.368750e-01
-5.885851e-01
7.242408e-02
8.585268e-02
5.531842e-02
-1.261021e-01
-4.839111e-02
-1.746110e-02
-6.792105e-02
-1.825139e-01
-1.626738e-01
-8.937651e-02
-1.039913e-01
1.535404e-01
-1.696109e-01
-3.350637e-01
-1.419868e-01
-3.035753e-01
1.026562e-02
8.287011e-02
-9.864384e-03
-1.583728e-02
1.110151e-01
7.193825e-02
-2.586572e-03
1.975302e-02
3.989094e-02
-1.911454e-02
-8.524364e-04
1.198187e-03
2.648669e-04
3.111800e-03
7.164523e-04
3.913528e-04
-1.349168e-03
2.054092e-03
-3.450419e-03
-2.172077e-03
-1.136169e-01
3.664550e-03
-6.943706e-02
-3.164454e-01
-1.774655e-01
1.349375e-01
-6.717449e-02
4.320299e-02
2.322101e-01
-1.083462e-01
-9.998343e-02
-2.991210e-03
5.289989e-02
-2.063054e-01
-1.119987e-01
-1.111574e-01
-1.912345e-01
-2.548706e-01
-8.289339e-02
-2.686524e-01
-1.059571e-01
-4.859142e-01
-1.608636e-01
3.224380e-01
-3.164903e-02
-2.447478e-01
3.245317e-01
6.042823e-04
-7.927642e-04
9.398016e-04
2.403530e-03
8.208735e-05
1.050994e-03
-1.046236e-03
-4.110291e-03
-2.601539e-03
-6.717526e-03
2.247442e-02
2.959955e-02
-5.935837e-02
-4.161884e-02
8.742846e-02
-2.219252e-03
7.580601e-02
1.940602e-01
-4.723980e-02
-1.178503e-01
1.118828e-01
6.963793e-02
-1.361542e-01
3.688579e-04
2.339880e-01
-3.329952e-02
-1.310637e-01
2.401567e-02
1.187787e-01
1.197628e-01
2.298621e-02
2.988270e-03
-2.755767e-01
5.339917e-03
1.239648e-01
-9.893411e-03
-1.268904e-01
-1.106800e-01
8.013336e-02
9.988232e-03
3.550605e-02
7.101984e-02
1.783383e-02
1.146021e-01
1.744958e-01
-2.084487e-02
-2.176586e-01
2.425518e-03
5.486723e-02
-7.463514e-01
2.493636e-01
-6.012878e-03
9.111052e-02
2.708155e-01
2.078143e-01
7.432511e-02
3.586658e-03
-4.174707e-03
-1.142946e-03
-4.060618e-02
-1.078456e-01
-1.270514e-01
-1.249521e-01
1.457886e-01
1.280925e-01
1.376593e-01
-1.989536e-03
-1.890497e-02
-4.994453e-02
2.318040e-02
1.063656e-02
2.090334e-02
2.122992e-02
1.255997e-02
-3.815046e-02
3.385294e-02
5.249580e-02
1.176660e-03
-3.708254e-02
-2.215875e-02
-3.428813e-02
2.653241e-01
1.902158e-01
1.494856e-01
-2.686255e-02
6.463882e-02
-1.248240e-01
1.929769e-01
-1.060125e-01
-2.101123e-02
-7.746982e-02
6.717253e-02
-1.538430e-01
9.857433e-02
4.494499e-01
2.572699e-01
5.837578e-02
2.826435e-01
-1.558384e-01
-9.825789e-02
-1.325220e-01
-2.894236e-02
3.695162e-02
-6.204472e-02
2.338149e-02
3.359467e-02
-1.246273e-02
-1.576414e-02
-2.475425e-03
-9.166230e-04
2.136882e-03
2.650830e-04
2.807902e-04
1.155492e-03
7.222335e-04
2.174594e-03
1.275303e-03
1.293524e-03
4.202118e-02
1.912558e-02
1.384785e-01
-2.228115e-03
-9.414388e-02
-4.466916e-02
-9.696052e-02
-7.408933e-02
-6.362025e-02
-4.884389e-02
-1.375301e-02
-7.978507e-04
-9.544956e-02
-7.981859e-02
1.944057e-02
-5.631000e-02
5.250714e-03
1.346063e-02
1.186142e-01
1.516503e-01
-1.029097e-01
-4.654425e-02
-6.374984e-02
-6.211818e-02
2.049645e-02
3.957979e-02
-1.863861e-03
3.554193e-03
-2.982113e-04
2.785658e-03
-1.434319e-03
1.033679e-03
-3.523802e-03
2.227076e-04
1.397033e-03
-2.597275e-02
-1.372719e-02
-1.096768e-02
-3.425408e-02
-3.608919e-02
-3.762285e-02
-6.845681e-03
-2.288137e-02
-4.973176e-02
1.263770e-02
7.847510e-02
3.332860e-02
-5.711660e-02
-1.331333e-02
-1.014852e-01
-2.807561e-01
-6.290672e-03
5.653848e-02
2.305744e-03
2.740122e-01
1.298694e-01
3.112362e-03
1.310334e-01
1.489393e-02
5.127269e-03
1.266132e-01
6.121144e-02
2.618868e-03
6.017517e-02
3.857122e-02
1.227410e-01
1.516333e-01
1.407626e-01
5.612200e-02
5.355503e-02
2.482801e-02
7.303856e-03
-2.430600e-01
-1.332533e-01
-1.944178e-01
-1.572042e-01
1.235828e-01
-4.586962e-02
2.087754e-01
1.302840e-01
1.105585e-02
-3.613194e-02
3.169013e-02
-1.892608e-01
-2.607986e-01
-2.171664e-01
1.230474e-01
-2.380540e-01
6.003329e-03
-1.529211e-02
-2.068222e-01
-5.123172e-02
9.155231e-02
-3.158324e-01
-1.345613e-01
1.736967e-01
4.675333e-01
-1.089163e-01
3.955697e-02
6.596207e-02
-4.121568e-02
-9.877292e-02
1.337703e-01
-1.812234e-02
4.369326e-02
-9.757429e-02
1.497033e-02
1.323633e-02
7.226317e-02
1.083450e-01
-2.137160e-01
-5.943154e-01
-2.939989e-01
1.645595e-01
3.625743e-01
5.903820e-03
-4.510712e-02
-1.122824e-01
1.440785e-02
-1.202199e-01
2.005505e-01
-1.215975e-01
3.574928e-02
-3.043632e-01
6.531790e-02
5.844530e-02
-6.174006e-02
-1.119710e-01
7.435025e-02
-4.039135e-02
8.686908e-02
7.050347e-02
-4.741819e-02
-2.039272e-02
-1.073107e-04
-9.738535e-05
1.554775e-03
-2.911601e-03
8.930356e-04
1.457327e-03
4.603104e-04
4.459713e-04
2.641728e-03
5.895400e-02
2.033056e-01
2.348967e-01
-1.109395e-01
-2.883337e-01
-2.488993e-01
1.358570e-01
2.770282e-01
8.816271e-02
6.365561e-02
-6.562051e-02
2.144228e-01
-2.570584e-01
2.915989e-01
1.677758e-01
1.590920e-01
2.968805e-02
1.534147e-01
1.428560e-01
3.044392e-01
-3.011233e-01
-3.184953e-01
-5.150101e-01
1.857209e-01
2.017698e-01
5.666749e-01
-2.115110e-01
-3.994342e-03
-1.385205e-03
6.071839e-04
-5.002041e-03
-2.898822e-04
2.875676e-04
-7.280345e-04
4.505395e-04
-2.153212e-03
-7.973722e-02
-8.267116e-02
-1.930064e-02
2.342478e-01
1.167160e-01
-7.795344e-02
-1.009896e-01
-7.757733e-02
8.433504e-02
-2.644145e-01
-1.665059e-01
1.621254e-02
-8.209557e-02
3.428645e-01
-2.118572e-01
1.067809e-01
-1.026832e-01
-2.899205e-02
-1.353596e-01
-2.674998e-02
-1.003111e-01
2.412091e-01
2.919203e-01
2.770479e-01
-6.533544e-02
-9.407126e-02
-8.950670e-02
-1.114106e-01
-2.059061e-02
2.942333e-02
-2.313263e-01
9.237736e-03
1.335896e-01
7.981368e-02
-6.468065e-02
5.827873e-02
-4.795855e-02
-2.852849e-01
3.760082e-01
-4.614115e-02
8.549625e-01
-9.297044e-01
6.842094e-02
-4.114414e-01
5.123002e-01
-1.279683e-01
-1.693992e-01
-1.180525e-01
-8.480809e-02
-1.229202e-01
-4.576136e-02
2.190801e-02
2.389014e-02
7.136925e-02
-6.862967e-02
-1.775939e-01
-7.605643e-02
-4.119949e-02
-1.842679e-01
-2.278015e-01
8.270472e-02
-4.419116e-02
-1.403936e-01
1.462872e-01
-6.985140e-02
-4.004200e-02
1.515741e-01
-1.240008e-01
-1.370585e-01
3.147835e-01
9.589713e-02
-4.276704e-02
4.778236e-02
-6.191353e-02
1.083094e-02
-1.268066e-01
-1.701784e-01
-4.138152e-02
-5.213097e-03
8.859954e-03
7.867327e-02
-2.106181e-02
-3.768098e-02
-1.887466e-01
7.012386e-02
1.013570e-01
-2.808517e-02
-5.196300e-02
4.107489e-02
1.050677e-01
1.178094e-01
-1.650189e-02
-8.956512e-02
1.852689e-01
6.596129e-02
-4.175461e-02
1.646807e-01
1.235908e-01
2.952987e-02
2.105258e-03
-8.785946e-04
1.416589e-04
7.428806e-04
-7.259127e-04
-3.723516e-03
-7.435179e-04
4.816331e-03
-1.047473e-03
-6.375452e-02
-1.337066e-01
-4.286079e-02
-3.954244e-02
-9.582157e-02
-6.923250e-02
1.353403e-01
5.299579e-02
-1.449750e-02
-5.426736e-02
2.109356e-01
2.006563e-01
-1.826510e-01
5.994798e-02
1.655589e-01
-2.353172e-01
-1.727569e-01
-5.965083e-02
1.793610e-01
-2.102583e-03
-3.680232e-01
3.300421e-01
2.587220e-01
-9.755699e-02
2.458652e-01
4.248468e-01
2.020235e-01
2.990696e-03
4.413116e-03
4.755812e-04
-5.134825e-04
-5.751672e-04
4.082721e-03
5.711602e-03
1.557223e-03
-1.426753e-04
-7.687473e-02
-1.288971e-01
-8.756316e-02
4.779748e-02
7.381175e-03
-1.765003e-02
2.209618e-01
1.963714e-01
1.387285e-01
6.245247e-02
1.613791e-01
5.492065e-04
-7.362125e-02
-1.160164e-01
-1.822858e-01
5.965184e-02
-2.713208e-02
-1.676813e-01
-4.674282e-02
-6.198811e-02
1.260371e-02
-5.127494e-02
-1.692844e-01
-8.615399e-02
1.656469e-01
-5.105660e-02
-4.023730e-02
3.113688e-02
7.635194e-02
-1.069195e-01
2.565737e-02
8.035339e-02
-1.126870e-01
2.431413e-02
7.448950e-02
-5.225208e-02
-1.792383e-01
7.419296e-02
-7.196515e-02
2.782322e-03
3.052065e-02
-5.870602e-02
-8.674060e-02
2.915004e-02
1.261764e-01
-4.922257e-02
-3.199095e-02
1.947970e-02
1.238348e-01
3.568941e-01
2.884388e-01
3.978816e-02
1.838565e-01
7.764272e-02
2.016144e-01
5.618071e-01
1.635620e-01
2.641056e-01
5.285778e-01
1.840034e-01
-7.007656e-02
3.642651e-02
-2.613158e-02
-6.710882e-02
-4.511208e-02
2.958473e-02
-5.202486e-02
-1.388242e-01
-1.140478e-02
-5.192156e-03
-9.116473e-02
2.421344e-02
-2.607202e-01
-5.948437e-03
-1.089768e-01
4.758121e-02
3.667257e-01
5.305943e-02
-6.205665e-02
3.940766e-02
-1.111576e-01
1.185111e-01
-2.207385e-01
1.170814e-01
-7.859312e-02
-8.731116e-02
7.457495e-02
8.423139e-02
1.993832e-01
5.746866e-02
5.163186e-02
7.879105e-02
9.551152e-02
1.925445e-02
3.276470e-02
4.831415e-02
-3.135406e-02
1.320100e-02
3.559654e-02
1.163950e-03
-1.637300e-03
8.139857e-04
-2.104821e-03
2.255776e-03
-2.533345e-03
1.042707e-05
-5.281330e-04
-2.350040e-03
-8.924103e-02
2.197322e-01
1.021813e-01
-1.072062e-01
1.035194e-01
1.486210e-01
-1.532342e-01
-9.988306e-02
-5.793695e-03
-7.786825e-03
7.402035e-02
-8.308125e-02
5.877865e-02
2.796233e-02
-4.003949e-02
-9.648030e-05
-2.654993e-02
-1.255842e-01
-8.371869e-02
-2.065501e-01
-2.841773e-01
2.996219e-01
1.897076e-03
-5.216049e-03
1.300856e-01
-7.540838e-02
2.866345e-02
2.783472e-03
3.522705e-04
1.574223e-03
3.661379e-03
5.178979e-04
-9.450417e-04
4.682136e-03
1.735922e-03
-7.901212e-04
2.288321e-02
3.477274e-02
9.475164e-03
2.680088e-02
1.971189e-02
-1.716793e-02
5.574387e-03
-4.134427e-03
-1.974511e-02
1.195729e-01
1.501929e-01
1.415269e-01
-4.562789e-02
-3.349992e-02
1.336733e-01
9.991499e-02
3.801575e-02
1.440862e-02
5.556170e-02
-1.855345e-02
6.672426e-02
-1.401387e-02
2.209496e-03
5.130256e-03
6.246020e-03
4.969214e-02
-7.141956e-02
4.236609e-03
-3.972027e-02
-1.903137e-02
1.237522e-01
-1.885547e-03
-3.538987e-02
-3.077766e-02
-3.175728e-02
-1.202488e-01
6.622216e-02
2.970660e-01
-3.125990e-01
-7.579919e-03
6.924467e-03
9.864689e-02
-2.005015e-01
-4.080083e-02
5.595504e-02
1.316478e-02
-1.905487e-01
-2.469067e-01
6.416277e-02
-2.009039e-02
-1.784971e-01
-6.943109e-03
-2.466952e-02
-2.229197e-01
2.250745e-01
3.898697e-01
2.333515e-01
6.424906e-02
2.101769e-01
7.458342e-02
-2.110775e-01
-2.541625e-01
-8.850065e-02
-3.003354e-01
3.993216e-01
4.660404e-01
-1.887005e-01
7.860027e-02
6.544425e-02
-3.296896e-01
-5.529463e-01
-6.764713e-01
-9.817638e-02
-6.666958e-02
-4.934367e-03
-8.768203e-02
-1.536521e-01
7.388739e-02
4.399094e-02
5.539721e-02
1.932544e-01
-2.354250e-02
-2.117641e-01
2.276416e-01
2.070452e-01
-2.614905e-01
-4.498722e-02
7.611493e-02
-2.847050e-01
-1.991100e-01
-3.363492e-02
-6.618462e-02
-7.743919e-02
-7.805933e-02
2.062841e-02
-1.121680e-02
-1.336216e-01
-2.259902e-02
-5.004482e-02
8.481335e-04
-1.215875e-03
-2.923373e-03
-5.948404e-04
-4.496149e-04
-6.075611e-04
-2.514032e-03
8.503448e-04
1.002653e-03
4.212064e-02
1.166500e-01
-3.072397e-02
-1.230919e-02
-1.445832e-02
-8.447769e-02
-6.222706e-02
-1.251220e-01
-1.225640e-01
-9.997206e-02
-4.367994e-01
-3.770139e-01
1.725854e-01
-1.767947e-01
-8.751976e-02
2.720351e-01
2.637469e-01
3.402901e-01
-3.128707e-01
5.262782e-02
3.495857e-01
-4.692436e-01
-1.617891e-01
1.411662e-01
1.083440e-01
-9.294102e-02
-2.392194e-01
-1.799787e-03
-1.388272e-03
-2.534400e-04
-1.573002e-03
-2.458474e-03
2.804106e-03
-1.163076e-03
-1.176846e-03
-2.855723e-03
-2.005535e-03
8.380543e-02
-1.134133e-02
4.440702e-02
3.940149e-02
-8.497746e-02
1.197257e-01
-1.071180e-02
-1.154696e-01
-2.466050e-02
-1.209811e-01
-4.536685e-02
-1.180482e-01
-2.473120e-01
-3.058763e-04
-2.422995e-02
-1.143126e-02
7.533271e-02
-1.425171e-01
-2.487770e-01
-9.385852e-03
7.298702e-03
2.178378e-02
3.457381e-02
5.852639e-02
1.149986e-01
7.197070e-02
-3.610045e-01
-6.352332e-01
-2.950893e-01
-2.662213e-01
-3.346499e-01
4.723749e-02
3.213653e-03
1.767087e-01
3.789127e-01
5.604184e-02
2.795277e-02
-3.602905e-02
1.147448e-01
-3.397815e-01
4.471324e-03
1.499911e-01
-3.621528e-02
8.100625e-02
-2.544720e-02
1.612719e-02
6.580794e-03
4.780591e-03
2.040041e-02
2.996374e-02
-2.350158e-02
-2.032271e-02
1.127874e-02
5.851774e-02
1.058510e-01
6.329145e-02
-1.564047e-02
4.632362e-02
-1.161531e-02
-2.598578e-02
7.858925e-02
-7.500969e-03
-1.069320e-01
-3.309197e-02
-2.000134e-02
-5.070431e-02
5.950050e-02
8.215632e-02
3.320972e-02
1.618139e-01
1.804061e-01
-4.658924e-02
1.019740e-01
-5.220568e-02
-1.001812e-01
2.406058e-02
-1.101093e-01
-1.175461e-01
6.634171e-02
-5.291067e-02
-4.736468e-02
6.140632e-02
1.626532e-01
6.367057e-02
-5.355310e-03
1.377067e-01
-2.666222e-02
-1.073909e-01
1.752759e-02
7.729030e-02
6.573861e-02
5.039940e-02
3.473151e-03
1.118447e-02
8.927704e-03
1.025729e-03
-1.913621e-02
-8.922767e-03
1.164106e-03
2.631404e-03
2.426312e-03
1.670539e-05
3.069735e-03
1.064998e-03
1.220721e-03
-1.514785e-03
-4.538737e-04
1.011293e-01
7.095552e-02
-3.168504e-02
1.082596e-01
1.754286e-01
1.264960e-01
1.492613e-01
1.668034e-01
1.187377e-01
5.024149e-02
1.179350e-01
5.531399e-02
3.359839e-02
1.137691e-01
2.410843e-02
8.922073e-02
1.181593e-01
-2.226376e-02
1.277240e-01
5.202369e-02
1.129938e-01
6.802253e-02
1.231427e-02
1.306102e-01
8.733804e-02
1.609063e-01
2.075414e-01
2.222670e-03
3.615480e-03
4.517249e-03
1.201924e-03
1.698595e-03
3.047274e-03
-1.218591e-03
2.092729e-03
2.394381e-03
6.854811e-02
1.002674e-01
1.380852e-01
3.880646e-02
4.751659e-02
8.565833e-02
4.750058e-02
6.244443e-02
8.983610e-02
8.910496e-02
8.190498e-02
1.341960e-01
1.775391e-01
2.402913e-01
3.036801e-01
1.557853e-01
1.473197e-01
1.789090e-01
1.008378e-01
1.436633e-01
2.265741e-01
1.169433e-01
9.134074e-02
2.180304e-01
4.762975e-03
-2.874066e-02
7.054143e-02
1.133937e-01
1.039923e-01
1.119221e-01
9.050930e-02
7.493959e-02
3.950564e-02
7.866289e-02
5.263519e-02
2.294496e-02
-7.247537e-03
1.225137e-01
4.018629e-02
-9.873760e-02
2.612316e-01
-2.150844e-02
-1.219875e-01
3.092015e-02
-1.697035e-01
