-1.479472e-01
1.832757e-02
1.926344e-01
-1.427090e-03
-9.613570e-03
-2.449998e-02
-2.577976e-02
-1.581393e-01
3.019896e-02
-1.184641e-01
-8.935132e-02
1.659727e-01
-8.373978e-02
-1.826539e-01
3.434916e-02
-1.576078e-01
-2.356730e-01
-1.422566e-01
2.305673e-02
1.318638e-02
1.041517e-01
2.055097e-02
1.407533e-02
-5.478085e-02
4.798583e-02
-4.460413e-02
4.446890e-02
1.239216e-01
4.859514e-03
-7.218323e-02
2.150938e-01
-3.456391e-02
-1.534663e-01
2.471725e-01
1.898979e-02
-3.850817e-02
9.243704e-02
-1.023908e-01
-1.526026e-01
3.152749e-02
-1.365172e-01
-1.076506e-01
4.989905e-02
-6.345416e-02
-9.853061e-03
-2.043593e-01
2.099662e-02
1.458790e-01
-3.287714e-01
-1.857772e-01
6.285837e-02
-9.415752e-02
-1.015719e-01
-4.065685e-02
-7.662112e-02
1.349557e-02
1.186977e-02
-1.736486e-01
-1.173073e-01
1.012635e-02
-7.086822e-02
-2.882916e-03
1.540356e-01
-7.642907e-02
-2.517127e-01
-2.319833e-01
-1.962541e-01
-3.866249e-01
-3.949805e-01
-4.889184e-02
-2.903914e-01
-3.177622e-01
-9.380507e-02
-1.035354e-01
4.909829e-02
-8.938882e-03
-1.082805e-01
-6.162725e-02
5.216626e-03
-1.431100e-02
7.748256e-02
-1.503291e-01
-1.959118e-01
-2.007235e-01
-1.665910e-01
-3.062136e-01
-3.341779e-01
-2.004850e-01
-2.149361e-01
-1.424773e-01
-4.248042e-02
-5.988454e-02
-7.810719e-02
-2.161282e-02
-2.843585e-01
-2.727002e-01
8.281571e-02
-1.813341e-01
-1.948569e-01
4.795010e-02
6.691278e-03
9.808446e-02
4.684686e-02
6.324793e-03
5.457076e-02
-8.426083e-02
-1.699675e-01
-1.348889e-01
9.159357e-02
3.119369e-02
-4.249955e-02
7.973181e-02
9.026375e-02
1.300921e-01
-2.395248e-02
-4.896678e-02
2.324358e-02
-6.478834e-02
-6.499439e-02
2.612411e-02
-2.141086e-01
-1.386629e-01
2.527972e-02
-7.532731e-02
-1.884037e-01
6.746057e-02
1.171470e-01
1.757493e-02
-7.445938e-02
-1.196831e-01
-9.777331e-02
-1.984321e-02
-2.117200e-01
-2.725708e-02
5.240436e-02
-8.701710e-02
-4.574579e-02
-7.256474e-02
-3.937144e-02
-7.743996e-02
-1.129623e-01
1.449880e-01
-2.819374e-02
-9.309642e-02
-2.027124e-01
-6.201371e-01
-2.292977e-01
-3.014911e-01
-6.117791e-01
-3.106403e-01
-1.761428e-01
-4.645532e-01
-2.147477e-01
-1.214090e-01
4.601789e-02
1.156412e-01
-1.155899e-02
-2.153661e-02
2.303180e-02
9.860839e-02
1.656366e-02
-8.708645e-02
-1.461974e-01
-1.265419e-01
1.397937e-01
-3.626430e-01
-3.694475e-01
-1.675558e-01
-2.859215e-01
-3.279962e-01
-1.808874e-01
-9.379395e-03
-2.193796e-02
3.329768e-02
-5.601709e-02
-6.393143e-02
-7.158746e-02
8.802317e-02
1.637876e-01
5.387856e-03
2.927643e-03
-9.448596e-02
-5.483146e-02
-9.079234e-02
-2.365749e-01
-2.527148e-01
1.114044e-02
-1.541139e-01
-1.422906e-01
-7.247745e-02
-1.017606e-01
8.025882e-02
1.527524e-01
3.414714e-02
-1.572908e-02
-2.359696e-01
-4.566325e-03
1.508015e-01
-1.056286e-01
-2.624746e-02
2.042859e-02
-1.529681e-01
-9.606792e-02
-5.116567e-02
-1.610824e-01
-2.545391e-01
-4.936181e-02
2.201398e-03
9.039896e-02
9.470946e-02
5.343749e-02
1.233782e-01
-5.848223e-03
1.712637e-01
8.953504e-02
8.263831e-02
-6.293951e-02
-5.399342e-02
1.152596e-01
4.957929e-02
1.147010e-01
7.910689e-02
1.865091e-01
1.023048e-01
5.604180e-02
1.175539e-01
-5.255904e-02
-5.899037e-02
4.067695e-02
3.446041e-02
-3.156230e-03
-9.491962e-02
-4.552196e-02
4.273958e-02
6.552763e-02
8.838589e-02
1.443513e-01
-2.270503e-02
1.598829e-01
2.052395e-01
-1.748670e-01
1.637654e-01
1.854671e-01
-1.027607e-01
-1.388191e-01
-9.062709e-02
4.150450e-02
2.084677e-02
-2.234062e-02
5.438742e-02
8.362473e-02
1.418852e-02
1.227969e-01
2.072912e-01
9.155640e-02
-2.334236e-01
-7.302001e-02
1.260115e-01
-8.026157e-02
-8.973762e-02
-2.770827e-02
-5.909444e-02
2.039184e-01
-2.137981e-04
8.839073e-02
-3.249932e-02
-4.053369e-02
5.583656e-02
1.172634e-01
6.245895e-02
-1.019522e-01
-3.810079e-01
-1.787998e-01
-3.453425e-01
-5.755287e-01
-4.481115e-01
-1.673274e-01
-3.664058e-01
-2.754942e-01
-9.549162e-02
1.444611e-02
8.213922e-02
1.296496e-02
4.008465e-02
6.254753e-02
1.522549e-01
1.808200e-01
1.354364e-01
9.025685e-03
1.160455e-01
6.436174e-02
1.473575e-01
1.104452e-01
5.157341e-02
7.105523e-02
8.461645e-02
1.453959e-02
-1.224605e-01
-3.849364e-02
8.372261e-02
-5.281774e-02
-1.448406e-01
-1.972058e-01
4.176932e-03
-1.214315e-01
-1.970033e-01
1.270910e-01
6.382278e-02
-9.223623e-02
-6.927733e-02
-9.302484e-02
-1.617109e-01
-8.513781e-02
-5.472020e-02
1.146213e-02
1.441228e-01
1.028262e-01
-6.497745e-02
5.643246e-03
-1.004888e-01
-1.083532e-01
-1.661868e-01
-2.113026e-01
-7.120333e-02
4.716685e-02
4.226271e-02
1.544079e-01
-1.629332e-01
-1.580166e-02
1.139662e-01
-5.047036e-02
3.875972e-03
1.126566e-01
-8.483666e-03
2.618775e-02
-1.170282e-01
1.084835e-01
1.802812e-01
4.624221e-02
7.884934e-02
4.702430e-02
-7.142936e-02
4.451192e-02
-6.040838e-02
-1.619761e-01
7.255806e-02
5.510576e-02
-3.191889e-02
-4.305013e-02
-8.555612e-02
-6.481672e-02
3.796132e-02
-1.615981e-02
-7.290100e-02
-2.298236e-02
-1.313173e-01
-1.274001e-01
7.229636e-02
-3.564905e-02
-1.211741e-01
1.477236e-02
1.825251e-01
2.921368e-01
-3.741397e-02
1.358842e-01
7.050346e-02
-7.648584e-02
1.023126e-01
-7.868027e-03
-3.414042e-02
-1.368074e-01
-2.978567e-02
-2.218843e-01
-2.294469e-01
-9.601586e-03
-2.084544e-01
-1.447359e-01
1.316337e-01
1.124783e-01
2.028213e-02
-3.613407e-02
2.030379e-01
1.337716e-01
5.841203e-03
1.132272e-01
8.331528e-02
-3.480840e-02
-3.361502e-02
-1.157212e-01
-1.315411e-01
-3.781105e-02
-1.045208e-01
-1.924772e-01
-1.203264e-02
-8.947226e-02
-1.732569e-01
5.515441e-02
3.414961e-02
2.742819e-02
4.741816e-02
7.798776e-02
5.579915e-02
5.010558e-02
1.331563e-01
3.190211e-02
4.292801e-02
2.367331e-02
7.422671e-02
-4.798577e-02
2.655345e-02
1.433070e-01
-7.106736e-02
-8.219775e-04
1.765330e-01
-2.064533e-02
2.628752e-02
1.121139e-02
-6.262729e-02
2.381891e-02
2.096261e-02
1.118726e-02
1.303063e-01
8.219583e-02
-1.129897e-01
-2.435150e-02
9.431942e-02
-1.264075e-01
-7.375313e-02
4.595700e-02
-1.608108e-01
-1.684549e-01
3.090215e-02
-7.673419e-03
1.994602e-01
1.408856e-01
1.318889e-01
-1.535870e-01
1.637785e-02
7.681122e-02
-5.329269e-02
-1.107505e-01
-7.134748e-03
1.657087e-01
1.712402e-01
5.136799e-02
6.127330e-02
1.765689e-01
1.752087e-01
6.378016e-02
1.062756e-01
-8.535352e-02
-7.212988e-02
-1.493215e-01
5.494362e-02
-7.481902e-02
-2.456364e-01
-1.562619e-01
-2.664028e-01
-3.302276e-01
-1.684203e-01
-2.055529e-02
6.105009e-03
-7.288646e-02
9.709708e-02
-5.072246e-02
1.267350e-01
-4.298987e-02
-3.947775e-02
-7.911142e-02
4.256421e-02
-7.207707e-02
3.852789e-04
5.713186e-02
-2.354774e-01
-7.509567e-02
-8.521128e-02
-6.965470e-02
3.973617e-02
-3.160109e-02
-7.950865e-02
-3.493876e-01
-4.571791e-01
1.030851e-01
8.134069e-02
-5.543974e-02
-8.159958e-02
3.055991e-03
1.335636e-02
1.339676e-01
-7.499059e-02
-7.583646e-02
1.365364e-01
8.311872e-02
-4.044807e-02
-1.793468e-01
8.960734e-02
1.143878e-01
6.157096e-02
-3.684640e-02
3.575392e-02
2.509897e-02
7.407465e-02
3.983547e-03
-1.897233e-01
-3.013235e-02
-1.688915e-01
1.185207e-01
-7.209190e-03
-1.120771e-01
1.439708e-01
1.712133e-01
2.746499e-02
-4.132383e-02
2.654969e-02
-2.953144e-01
-7.595655e-02
-1.197293e-01
-2.361923e-01
-3.364891e-03
-6.927723e-02
-1.207485e-01
1.213718e-02
2.854771e-02
1.394382e-02
-2.558629e-02
1.701442e-01
4.656164e-03
-3.800367e-03
2.093679e-01
2.045515e-01
1.920081e-01
-4.013273e-02
-1.252045e-01
-1.358493e-01
1.142799e-02
-1.249680e-01
-7.158353e-02
-5.508129e-03
-9.470300e-02
-1.231064e-01
-6.373686e-02
2.283535e-01
8.523814e-02
4.842258e-01
6.630339e-01
4.225209e-03
-1.676748e-01
-5.340598e-02
4.173083e-03
-8.332080e-02
4.974478e-03
-1.082288e-01
-8.028805e-02
3.762034e-01
-5.574768e-02
5.031681e-02
-1.990445e-01
-1.406947e-01
6.396148e-02
-4.661185e-02
-1.259136e-01
1.608664e-01
3.990204e-02
-5.248289e-02
1.128031e-01
3.849801e-02
-9.224564e-02
-7.525232e-02
1.491578e-01
1.047318e-01
1.115875e-01
2.251386e-01
5.949350e-02
1.916530e-01
2.277837e-01
-1.080437e-01
-1.672086e-01
-2.860419e-01
2.274960e-01
-3.488833e-01
-4.975410e-02
-5.721614e-02
-1.455479e-01
3.276911e-01
3.600120e-02
-7.230228e-03
9.981019e-02
1.685308e-02
1.569712e-01
7.322952e-02
-1.566417e-02
1.022125e-01
-2.651761e-02
-2.776088e-02
1.088683e-01
1.316258e-01
-2.259638e-01
1.339620e-01
1.714864e-01
-5.423889e-03
-1.240834e-01
-1.285003e-01
-1.225151e-01
-2.312647e-01
5.936584e-03
1.082151e-01
-7.059884e-03
6.054006e-02
2.760725e-02
-1.145701e-01
-3.023575e-02
-1.866115e-01
5.620656e-02
1.760659e-01
1.901848e-02
1.965602e-01
-3.956798e-02
8.884421e-02
8.192490e-03
-2.812683e-03
9.843465e-03
3.365004e-02
1.870212e-02
2.058247e-01
1.946490e-01
4.121581e-01
8.906293e-02
-2.047873e-02
1.189471e-01
2.777479e-02
2.118146e-02
4.508007e-02
3.706554e-01
-5.498415e-03
2.501144e-01
2.048272e-02
-2.631628e-02
-6.420271e-02
3.253358e-02
-2.471571e-01
-2.217553e-01
1.114321e-01
-1.004436e-01
-2.359078e-01
-4.233413e-02
1.898860e-01
-2.651035e-01
-2.482658e-02
-4.016636e-01
1.574309e-01
1.199021e-01
-2.553483e-01
3.207556e-01
-1.990609e-01
-1.661354e-01
2.217196e-02
1.106591e-01
-1.155245e-01
-1.104714e-01
-8.578179e-02
-6.892724e-02
7.394909e-02
-1.343627e-02
-5.726560e-03
-4.338297e-02
6.924079e-02
3.006099e-02
-2.436934e-02
6.512482e-02
1.334683e-01
2.727407e-01
8.379389e-02
6.224797e-02
3.930116e-02
5.333145e-02
8.314472e-02
5.504436e-02
-3.687705e-02
1.745276e-01
2.838893e-01
1.253349e-01
3.489360e-01
3.296034e-01
1.789631e-01
9.112334e-02
-2.580313e-02
1.478684e-01
-4.892908e-02
-6.635098e-01
-5.456213e-02
3.812846e-02
3.408485e-02
1.831893e-01
-5.559587e-02
1.048197e-01
1.139008e-01
5.812972e-01
-5.231349e-01
1.155673e-01
1.487511e-01
-8.288041e-02
-8.135429e-02
-1.761126e-01
1.756142e-01
3.144653e-01
-4.861736e-02
3.903390e-01
1.930620e-01
-8.614139e-02
-7.455393e-02
-1.361772e-02
2.414536e-01
2.288672e-02
-2.664088e-01
1.461305e-01
2.329434e-01
-3.100396e-02
5.614034e-02
1.572018e-01
2.658864e-02
2.167534e-01
-5.270733e-02
-4.380337e-02
3.432817e-01
1.550848e-02
-2.785657e-01
3.406489e-01
7.186161e-02
-1.958162e-01
2.046260e-01
1.259585e-01
-9.059743e-02
-4.507490e-02
1.602808e-01
1.269455e-02
-2.277844e-01
1.039530e-01
9.676798e-02
6.041976e-02
4.471309e-02
9.152014e-02
1.071536e-01
-6.003117e-03
-1.371927e-01
1.447817e-01
-6.606109e-02
-1.867305e-01
-1.539548e-01
-1.265683e-02
1.175406e-02
-1.029784e-01
-8.972180e-02
-4.185045e-02
-7.858808e-02
9.091952e-03
-8.162038e-02
-9.500382e-03
-3.399630e-02
-5.585361e-02
-1.785934e-01
-1.806510e-01
-1.454834e-01
-6.688785e-03
-3.400780e-02
-1.486457e-01
-6.190207e-02
6.595123e-02
1.281528e-01
1.691263e-02
-1.873121e-01
-9.848597e-02
1.709101e-01
2.459380e-01
-1.497119e-01
7.393918e-02
-1.027999e-01
-1.893867e-01
1.104577e-01
-1.042489e-01
-1.112192e-01
1.046401e-01
6.082086e-02
-3.422850e-02
-1.685328e-01
-2.011958e-01
-1.472978e-01
-9.790293e-02
1.807978e-02
-3.092546e-01
-8.146662e-02
9.492498e-02
-4.567893e-02
-6.738057e-02
8.031445e-02
7.743260e-02
1.189961e-01
2.290885e-01
6.505457e-02
2.886776e-02
1.382813e-01
8.324941e-02
-1.007561e-01
5.249197e-02
-9.439959e-02
-1.595211e-01
-3.265145e-02
-2.195664e-01
-1.312601e-01
-7.351201e-02
-9.476572e-02
-1.284832e-02
-5.321164e-02
-7.613967e-02
7.991747e-02
7.930862e-02
-4.697196e-02
4.399775e-02
2.129176e-01
2.297933e-02
-9.965997e-03
3.807489e-02
1.574135e-01
-1.002276e-02
8.092456e-02
1.923195e-01
-9.411906e-02
4.535584e-02
5.930205e-02
3.720910e-02
-2.162053e-01
-2.342395e-01
3.732369e-02
-4.118203e-02
1.850747e-01
-9.176350e-02
-1.795133e-01
2.519021e-01
-5.097872e-02
-2.487861e-03
-1.019590e-01
-1.422739e-01
-3.194135e-01
2.089180e-01
1.062865e-01
-2.694106e-01
1.762092e-01
-2.733484e-02
-2.552422e-02
-1.434869e-01
-1.037985e-02
-8.855208e-02
-2.138599e-01
1.718051e-01
1.825032e-02
-8.026867e-02
-8.610646e-02
1.652015e-02
1.586568e-01
-5.830363e-02
2.427139e-01
1.420084e-01
-1.109073e-01
1.061868e-01
1.823553e-01
2.274102e-01
-2.257881e-01
-9.940546e-02
3.661087e-02
-7.043028e-02
9.544523e-02
-4.910666e-01
-6.078021e-01
-3.700110e-01
6.184722e-02
1.588338e-02
1.013212e-01
1.539942e-01
8.281551e-02
1.378161e-01
1.761701e-01
8.830914e-02
-2.477814e-02
-4.973821e-02
3.081780e-02
1.386060e-01
-9.973817e-02
-9.974504e-02
2.339534e-02
-2.167011e-01
-1.573459e-01
1.958951e-02
-2.553574e-01
-9.341563e-02
8.404847e-03
-1.673720e-01
-1.178078e-01
-1.412596e-01
3.408177e-02
4.772771e-02
1.247759e-01
9.276088e-02
1.704580e-01
7.865810e-02
-9.495370e-02
-5.140071e-02
-1.773123e-01
6.229588e-02
2.862803e-03
6.465655e-02
5.805178e-02
-1.406051e-01
5.268686e-02
1.077125e-01
1.261477e-01
-3.543438e-02
8.195826e-02
-7.612432e-02
1.774755e-01
5.048174e-03
-4.027501e-02
1.718077e-02
-2.391426e-02
-2.935571e-02
1.751438e-03
-6.849913e-02
-1.428748e-01
-3.713444e-03
-5.731755e-02
-6.069751e-02
-2.458546e-02
-6.575452e-02
-4.364272e-02
-1.458483e-01
-7.957540e-02
-3.485022e-02
-1.936617e-01
-1.546395e-01
-1.006094e-01
1.431876e-01
1.135920e-02
-6.014305e-02
1.688446e-01
2.457240e-01
-9.781811e-02
1.113376e-01
-1.644921e-02
-9.772394e-02
-3.092964e-02
3.609923e-03
-5.497403e-02
-1.230424e-01
-8.501101e-02
-1.091737e-01
-2.003466e-01
5.136861e-02
-6.343540e-02
2.761558e-02
-6.405589e-03
-1.199705e-01
-9.229231e-02
1.448596e-01
2.658762e-02
-7.031684e-02
1.205467e-02
5.954840e-02
1.143471e-01
6.543320e-02
1.732763e-01
1.824440e-01
4.558273e-03
5.970131e-02
2.177421e-01
-1.766066e-01
-8.778603e-02
7.019107e-02
-2.450468e-01
-3.566536e-01
-8.008962e-02
1.282689e-01
2.171466e-01
4.425545e-02
-2.661250e-01
-2.532043e-01
-1.249447e-02
-1.810217e-01
-2.057724e-01
-1.422578e-01
-7.700511e-02
3.669716e-01
2.036798e-01
-8.439656e-02
-8.019710e-02
9.756733e-02
-1.825306e-02
-2.975263e-01
-3.036299e-01
2.437709e-01
-5.492231e-02
-6.357028e-02
3.706222e-02
-8.647883e-02
-1.035424e-01
-1.630949e-02
-1.668847e-01
-1.685302e-01
2.921346e-01
-6.277822e-02
-3.553115e-02
-6.140307e-02
-7.332511e-02
-3.921957e-02
-2.601162e-02
-6.410363e-02
1.594603e-01
6.878445e-02
-3.650817e-02
-8.742116e-03
1.097606e-01
2.662840e-01
-7.144869e-02
4.184369e-02
3.806520e-01
2.353185e-01
-7.673237e-02
-3.293550e-02
1.664635e-02
1.814772e-01
1.954579e-02
-8.265339e-02
5.493987e-02
-1.112993e-01
-1.274627e-01
1.267854e-01
-6.148328e-04
-7.451020e-02
1.300930e-01
-1.735730e-01
-2.562102e-01
9.848165e-02
3.634488e-02
-1.332469e-01
2.206403e-01
1.070434e-01
-1.018669e-01
-1.287995e-01
-7.066254e-02
-1.723791e-01
1.570699e-01
1.652651e-01
-4.857774e-02
2.468777e-01
2.625388e-01
7.132151e-02
-1.846184e-01
-4.044577e-02
-1.646831e-01
2.747450e-02
1.459996e-01
1.859431e-01
-6.467190e-02
-6.863370e-02
7.930569e-02
-2.674376e-01
-1.732370e-01
-1.599614e-01
1.640040e-02
-5.348805e-02
-2.213782e-02
2.428270e-01
1.511026e-01
-1.283442e-02
-1.451106e-01
-1.429380e-01
-1.103011e-01
-1.535803e-01
1.313716e-01
1.515415e-01
-1.769375e-01
1.310122e-01
1.398064e-01
-1.975099e-01
2.773985e-02
1.622529e-01
-3.750111e-02
-1.423791e-01
1.372666e-01
9.535987e-02
-1.300600e-01
-1.223952e-01
1.364822e-01
4.423688e-02
-5.263095e-02
8.849602e-02
9.164331e-02
6.131325e-02
1.728717e-01
2.030442e-01
1.680809e-01
1.250741e-01
1.509500e-01
1.906510e-01
1.013271e-01
1.762019e-01
1.073220e-01
1.566246e-01
2.143555e-01
1.131904e-01
5.054294e-02
-5.137955e-02
-1.779439e-01
7.285155e-02
-6.562736e-02
-1.332056e-01
-9.789589e-02
-1.513378e-01
-7.495382e-02
-2.535759e-01
-2.576023e-01
-5.707936e-02
7.076841e-02
1.065734e-01
-2.925303e-01
6.378942e-02
1.058828e-01
-8.022551e-02
-1.104751e-02
-9.944937e-02
-1.685138e-01
2.075956e-01
3.899258e-01
-1.468379e-01
1.030096e-01
2.379402e-01
-5.394489e-02
1.504989e-01
-5.870024e-02
-2.591653e-01
2.964681e-01
2.871460e-02
-1.750015e-01
1.799765e-01
2.356117e-01
1.213728e-01
-2.979181e-02
-8.249539e-02
-7.156812e-02
-4.776197e-02
7.694806e-02
-2.096771e-01
1.716050e-01
1.486291e-01
-9.088998e-02
-4.643634e-02
-1.541370e-01
-1.185959e-01
-6.578255e-02
-1.825296e-01
-1.701780e-01
-1.634586e-02
-1.884913e-01
-2.617171e-01
-1.898409e-01
-5.657087e-02
-1.435144e-01
-1.929309e-01
1.946135e-02
3.930989e-02
-2.262500e-01
3.733505e-03
9.052078e-02
1.435690e-01
9.153917e-02
5.100097e-02
5.610926e-03
-1.212447e-01
-1.918423e-01
-4.259029e-02
-2.289281e-01
-2.449236e-01
2.397721e-01
1.630027e-01
1.355219e-01
2.743811e-01
1.701769e-01
3.624197e-02
3.624355e-01
1.340832e-01
-3.080064e-02
1.462864e-01
2.214523e-01
-2.423183e-02
1.771401e-01
1.915049e-01
-1.178168e-01
2.419111e-01
1.708753e-01
-3.277652e-02
-1.622067e-01
-8.867777e-02
-4.716562e-02
2.558115e-03
1.196525e-02
-1.160988e-01
6.435411e-02
-4.366673e-02
-1.824331e-02
-1.313548e-01
6.553834e-02
9.800875e-03
-1.630874e-02
5.543187e-02
-2.154391e-02
4.484175e-02
6.288859e-02
6.549133e-03
-1.053572e-01
1.864078e-01
3.106802e-01
2.535730e-03
2.728387e-01
2.612885e-01
4.683518e-02
2.368771e-01
1.287893e-01
-5.246327e-02
-5.806576e-03
1.934029e-02
-2.932191e-02
1.724747e-04
5.211494e-02
6.094886e-02
1.277713e-01
2.890055e-02
1.950855e-01
1.713358e-01
-2.141391e-01
2.069013e-01
2.249863e-01
-1.957601e-01
1.842530e-02
6.057233e-02
-2.006325e-01
1.055489e-01
1.390362e-01
-1.060454e-01
1.634510e-01
1.357127e-01
-1.574187e-01
2.315228e-01
2.319221e-01
-6.522558e-02
-1.615792e-01
-2.211065e-01
-7.521841e-02
-9.558540e-02
-9.254652e-02
1.604788e-02
2.611983e-02
5.126499e-02
-1.686301e-02
9.185793e-02
1.322767e-01
-1.163510e-02
-1.381629e-01
-1.192828e-01
-1.265724e-01
-2.905457e-02
1.362893e-01
1.803794e-02
-3.822276e-02
1.355006e-01
7.121418e-02
-6.530908e-02
5.770732e-03
-1.518983e-01
-2.047717e-01
-7.447331e-02
-5.856696e-02
3.189833e-02
-7.991334e-02
5.275312e-02
-1.496656e-01
-1.859101e-01
-9.289694e-02
-6.156328e-02
-4.268442e-03
-9.560512e-02
-4.011834e-02
-3.286498e-02
-1.587317e-01
-4.322714e-02
-1.111425e-01
-2.227045e-01
-1.453611e-01
-1.806936e-01
-1.519635e-01
3.273254e-02
-1.288441e-01
-9.913627e-02
4.563256e-03
-1.755621e-01
-1.821395e-01
-1.179672e-01
-2.653407e-01
-1.606168e-01
9.952317e-02
-5.267192e-02
-3.653713e-02
-2.095596e-02
-5.613409e-02
-2.267260e-02
-9.163443e-02
-1.210903e-01
-3.369350e-02
5.278794e-02
-4.859024e-02
-1.013713e-01
1.274259e-01
-2.222126e-02
-3.786813e-02
1.543724e-01
4.215663e-02
-2.796245e-02
1.590257e-01
2.510684e-01
1.286842e-01
1.051881e-01
4.513153e-02
9.047038e-02
7.100824e-03
-3.722535e-02
1.002679e-01
1.481067e-01
3.697890e-02
1.101201e-01
-6.782417e-02
7.398210e-02
1.986597e-01
3.871372e-02
1.007660e-01
1.394987e-01
5.497492e-02
-2.339071e-01
-1.477593e-01
-2.219433e-02
-3.601694e-01
-2.325616e-01
-2.535960e-01
-3.253779e-01
-3.398457e-02
1.579248e-02
4.940888e-02
-1.139913e-02
-1.249221e-02
1.025125e-01
1.519868e-01
5.193003e-02
2.319629e-01
2.610556e-01
9.556416e-02
1.273795e-01
1.281348e-01
3.642705e-02
1.964914e-01
1.340064e-01
3.599345e-02
1.754521e-01
1.320337e-01
1.568149e-01
-3.613028e-02
2.529935e-02
-4.449554e-02
-2.228627e-01
-1.013358e-01
-2.130726e-01
-1.722692e-01
1.075022e-01
-3.144954e-01
-2.118732e-01
-1.519241e-01
-8.824322e-02
4.860570e-02
4.881991e-02
8.926471e-02
2.199870e-01
1.220483e-01
-9.247841e-02
-3.218544e-01
-2.643500e-01
-1.768502e-02
-1.779829e-01
-2.633471e-01
-1.444348e-01
-9.215102e-02
-1.224365e-01
-9.248523e-02
4.036386e-02
9.423351e-02
9.152132e-03
2.859538e-02
6.460030e-02
1.465425e-01
5.067946e-02
-2.180645e-02
2.000673e-02
8.166207e-02
3.834050e-02
-2.891708e-02
-7.509504e-03
3.312917e-02
3.988453e-02
3.678850e-02
1.357055e-01
-2.119287e-02
-3.906572e-02
-9.149413e-02
8.249580e-04
-1.900361e-02
-8.419491e-02
1.295996e-01
1.609704e-01
1.105526e-01
-7.849716e-02
2.929740e-02
-1.670752e-01
2.357025e-01
-6.134667e-03
-1.808826e-01
1.375443e-01
4.668935e-02
-8.404553e-03
9.908295e-02
-2.753307e-02
6.704286e-02
-1.724233e-01
-2.562651e-01
-1.511087e-01
-2.889277e-01
-2.813710e-01
-5.243838e-02
-8.625714e-02
5.126260e-02
-1.689556e-02
3.169012e-02
9.514884e-02
2.641995e-02
-1.557881e-01
4.178481e-02
-6.814079e-02
7.819695e-02
1.528030e-01
7.612956e-02
2.672527e-01
3.030915e-01
1.098106e-01
1.922469e-01
2.948519e-01
7.549439e-02
-1.287845e-02
1.663106e-01
1.736097e-01
-2.316112e-01
-2.065380e-01
-1.941869e-01
-1.103204e-01
-1.782735e-01
-2.790887e-01
-6.851624e-02
-3.848418e-02
-4.274921e-02
-1.256929e-02
2.300886e-02
-8.162529e-02
-1.033536e-01
2.111085e-02
1.712078e-04
-1.254567e-01
4.914258e-02
-4.666199e-02
-9.143618e-02
-4.547406e-02
-8.730860e-02
9.796670e-02
4.827954e-02
2.486051e-02
-1.052621e-01
3.000013e-02
4.814422e-02
-5.345258e-02
-1.908651e-01
-2.863505e-01
-4.760106e-02
1.582430e-01
7.329629e-02
1.375832e-02
1.259466e-02
1.110347e-01
8.079348e-02
1.218331e-01
8.825129e-03
-5.091843e-02
-4.321846e-02
-1.964804e-01
-6.215143e-02
-1.107014e-01
-2.277197e-01
6.143386e-02
3.290316e-02
-1.782950e-01
7.496472e-02
1.857909e-01
-8.684355e-02
7.864780e-02
1.368281e-02
7.488891e-03
7.453747e-02
2.592747e-01
6.454679e-02
-7.974654e-02
1.716711e-01
1.736205e-01
-1.988494e-01
-1.244351e-01
-3.843115e-02
-5.112262e-02
-3.821781e-02
3.144626e-02
8.893494e-02
2.040083e-02
1.546412e-02
6.467813e-02
8.430973e-02
1.743446e-01
1.932057e-01
6.440558e-02
5.574463e-02
1.604524e-01
2.825410e-02
-4.464057e-02
-3.635661e-02
2.190173e-02
3.290036e-02
4.617854e-02
4.602466e-02
-3.085553e-02
-8.716280e-02
-1.102939e-01
-1.963089e-01
1.648666e-03
1.181217e-03
1.042016e-01
-5.036722e-02
-5.784140e-02
1.563402e-01
-6.992861e-02
-1.321452e-01
-1.983890e-01
-2.537092e-01
-5.476110e-02
-1.618612e-01
-1.447547e-01
-4.116387e-01
2.576666e-02
1.506509e-01
-9.732198e-02
-2.229651e-01
4.568510e-02
3.235591e-01
3.529048e-01
-3.135432e-01
-3.294617e-02
-9.966373e-04
-1.162786e-01
-1.926990e-02
-1.460308e-01
-1.258207e-01
3.792070e-02
1.164632e-01
-1.208385e-02
1.491990e-01
2.119421e-01
-1.672367e-01
-1.063672e-01
4.506700e-02
1.753147e-02
-7.850493e-02
1.700784e-02
1.652007e-02
-7.062349e-02
-2.030441e-02
1.196680e-01
1.441068e-01
2.903817e-02
-1.092052e-01
-9.471758e-02
-3.002560e-02
-1.546997e-01
-1.677222e-01
-1.295734e-01
-7.183271e-02
-6.376356e-03
2.310665e-02
-2.065275e-01
-2.462795e-01
-2.143425e-01
8.838672e-02
2.736613e-01
3.603794e-01
1.856100e-02
9.367608e-02
7.346992e-02
9.032907e-02
1.261173e-01
6.395577e-02
1.591468e-01
9.957971e-02
-1.863530e-02
5.860364e-02
-4.745705e-02
1.067675e-02
-4.491624e-02
2.438894e-03
6.162625e-02
1.603805e-01
1.977282e-01
1.690323e-01
3.855671e-02
-7.754692e-03
-1.521301e-01
3.744897e-02
4.728851e-02
1.555289e-01
1.391117e-01
2.765753e-01
1.177702e-01
5.250223e-02
-8.555165e-02
-2.866068e-01
1.013339e-01
1.143518e-01
-1.275875e-02
4.379347e-03
6.035226e-02
-6.815829e-02
-1.496097e-02
6.348153e-02
-3.926472e-02
-2.382070e-01
-9.161256e-02
-4.463970e-02
-1.315680e-01
1.272272e-01
4.698408e-02
6.801260e-02
2.342972e-01
-1.283244e-01
-3.316513e-02
3.048931e-02
7.733019e-02
1.408782e-01
7.055476e-02
1.091401e-01
9.956200e-02
2.081526e-02
1.616549e-01
-4.675403e-03
1.484826e-02
8.303639e-02
-3.149382e-02
1.167904e-03
-3.388633e-02
9.767305e-02
1.945243e-02
-1.561148e-01
-7.033348e-02
-1.913491e-01
-3.034452e-01
-5.667851e-02
-1.892128e-01
-1.406054e-01
-1.597293e-01
-2.020392e-01
-8.041855e-02
-1.025260e-01
-1.031062e-01
-1.895853e-02
-7.617233e-02
3.504284e-02
1.398345e-01
-1.054600e-01
5.586679e-02
2.854925e-02
-1.246860e-01
-9.940410e-02
-6.679554e-02
-1.148795e-01
-8.284261e-02
3.445982e-02
3.724467e-02
-6.034781e-02
-6.049218e-02
-5.287469e-02
-1.262081e-01
-1.285586e-01
-4.704977e-02
-1.189452e-01
-1.626865e-01
5.411233e-02
4.226105e-02
-3.337141e-02
-1.600062e-01
2.772051e-02
2.018521e-01
5.293632e-02
4.027040e-01
4.551780e-01
7.634530e-02
2.108363e-02
-2.880696e-02
-1.308758e-02
-1.068378e-01
-1.080952e-01
-1.418472e-01
-1.750838e-01
1.359167e-02
-1.083778e-01
-8.494858e-02
6.569608e-02
-8.056480e-02
-2.095910e-01
-6.326582e-03
2.344349e-01
3.314147e-01
1.875444e-01
3.148417e-02
8.418677e-02
6.391178e-02
1.385620e-01
1.501977e-01
1.451731e-01
1.541449e-01
2.111274e-01
2.008199e-01
4.273047e-02
1.725375e-01
1.679284e-01
3.001478e-02
4.199494e-02
6.594928e-02
-1.603569e-01
-5.784141e-02
3.296781e-02
7.902764e-04
2.329073e-02
1.515572e-01
-6.673125e-03
-3.689847e-02
-5.904770e-04
3.998927e-02
-7.984243e-02
-3.650362e-02
-2.003762e-02
-5.785120e-02
-9.069304e-02
1.895895e-02
-8.103524e-02
-4.543195e-02
-1.790016e-01
-1.006106e-01
-2.134191e-02
3.064738e-02
6.879898e-02
2.005227e-02
-1.041000e-01
-5.440980e-02
8.523086e-04
3.670344e-02
1.078553e-01
-5.711889e-02
8.477239e-02
1.998312e-01
9.485520e-02
1.130078e-02
-5.035757e-02
7.762154e-03
-4.551661e-02
-4.602393e-02
-7.096563e-02
1.198766e-01
1.157578e-01
1.328605e-01
1.083537e-01
-1.006211e-02
3.531851e-02
1.188475e-01
-7.793929e-02
8.334382e-02
3.748085e-02
6.526981e-02
1.633801e-01
-1.246034e-01
-4.857128e-02
-5.701037e-02
-4.486360e-02
-6.061462e-02
-1.196231e-01
-8.880645e-02
-2.380650e-01
-1.428624e-01
-7.757483e-03
-3.745648e-02
6.379890e-02
-7.101548e-02
-1.308878e-01
-4.706476e-02
-8.753073e-02
-1.170722e-01
-5.863487e-02
-3.839174e-02
2.224131e-02
8.929288e-02
1.124865e-01
7.597025e-02
3.614527e-02
1.104118e-01
7.476249e-02
-1.175632e-02
-6.464631e-02
-6.159825e-02
-9.581522e-02
-9.633288e-04
-5.455858e-02
-6.497364e-02
-9.352459e-02
-1.824633e-01
-1.981066e-01
1.026447e-01
2.852715e-02
-2.989331e-02
3.054575e-02
-9.787317e-02
1.226743e-01
2.234956e-01
2.113317e-01
6.114303e-02
1.170363e-01
1.136581e-01
2.230410e-01
5.578163e-02
-7.433899e-02
1.503578e-01
9.238769e-02
2.116886e-01
8.553920e-02
-5.424367e-02
2.041925e-02
-6.443241e-02
-2.220218e-01
-2.307715e-01
-1.772545e-01
-1.286789e-01
-7.451489e-02
-4.772952e-02
9.879106e-02
1.060391e-01
9.511744e-02
-1.701670e-03
1.271582e-01
8.807990e-02
2.295858e-01
1.082944e-01
4.202965e-02
2.927661e-02
-5.434509e-03
4.724389e-02
-1.823591e-03
6.476178e-02
9.641565e-02
5.586590e-02
-1.563364e-02
-1.641824e-02
-2.037750e-01
-1.533636e-01
-1.804629e-01
-2.314737e-01
-1.900831e-01
-1.465538e-01
-1.062209e-01
-1.301886e-01
1.925489e-02
1.100389e-01
2.446925e-02
-5.151023e-02
1.916868e-01
7.937637e-02
-4.163597e-02
-7.515162e-02
-1.416418e-01
-1.144122e-01
-1.957219e-01
-1.913181e-01
-1.128514e-01
1.350490e-02
-9.908201e-02
-7.589382e-02
7.706694e-02
1.263684e-01
9.864713e-02
1.586523e-01
1.010510e-01
9.096533e-02
1.271137e-01
-9.306750e-02
-2.112546e-01
1.362614e-01
-4.013311e-02
-2.100734e-01
8.482442e-02
2.274559e-02
6.315307e-02
-1.174659e-01
-1.210293e-01
-2.166121e-02
3.609296e-02
-2.046110e-02
-6.062374e-03
1.555265e-01
8.402217e-02
4.812885e-02
2.569964e-02
2.110110e-02
-5.490343e-03
1.595204e-01
1.286118e-01
5.614540e-02
-2.978063e-02
-3.306430e-01
-3.054973e-01
-1.757163e-04
-2.043156e-01
-1.360749e-01
7.734777e-02
-9.174616e-02
5.914406e-02
-2.647902e-01
-5.294898e-02
6.171365e-02
-3.826516e-01
-6.964940e-03
7.004244e-02
-2.066143e-01
-7.635071e-02
1.243650e-01
-6.938560e-02
-1.661784e-01
-1.792747e-01
1.660044e-02
-1.385818e-01
-1.580982e-01
4.117138e-02
-2.689535e-02
-1.117744e-01
-2.019924e-02
-9.126326e-02
-9.126796e-02
-1.423071e-01
-1.635617e-01
-1.358729e-01
-5.108905e-02
-1.895265e-02
-1.454926e-01
7.049578e-02
-4.742357e-02
-8.576164e-03
3.243236e-02
3.960004e-04
-3.443440e-02
-3.008297e-02
-1.122356e-01
-1.289986e-01
-7.237229e-02
-2.513766e-02
3.477370e-02
-1.365005e-02
-8.320218e-02
-2.187600e-02
-1.999966e-02
-1.656240e-01
-2.379895e-01
-1.281541e-01
-1.104748e-01
-2.049827e-01
1.032187e-01
-1.605444e-01
-1.568866e-01
1.299198e-01
-9.840118e-02
-3.156910e-01
9.828188e-02
3.443613e-02
1.143260e-01
2.078816e-01
1.099523e-01
1.334921e-01
2.478539e-01
1.217573e-01
-2.987847e-03
-1.072669e-01
-1.026681e-01
-2.014232e-01
-2.369852e-01
-2.415471e-01
-1.750845e-01
-3.218966e-01
-9.078781e-02
-2.325352e-01
-1.159668e-01
1.690501e-01
2.000984e-01
4.274728e-02
2.291875e-01
3.664714e-01
2.835293e-02
1.988403e-01
1.675893e-01
4.061702e-02
6.500010e-03
1.125697e-01
1.201745e-01
1.747694e-01
2.663055e-01
-7.311903e-02
-5.146692e-02
6.056474e-04
-1.655278e-01
-1.274265e-01
-4.243473e-02
-1.317612e-02
1.175716e-01
1.014585e-01
-4.705116e-02
9.928454e-02
1.545415e-01
-6.101532e-02
-6.600960e-02
5.066302e-02
-1.236861e-01
-2.518612e-02
1.756873e-01
-1.030821e-01
9.739763e-02
1.719507e-01
4.730329e-02
1.044699e-01
1.318119e-01
7.200769e-02
5.585667e-02
1.427829e-01
-7.683046e-02
-6.027401e-02
9.677634e-03
2.722560e-02
-2.407372e-02
-4.186742e-02
4.274350e-02
7.487287e-02
6.699552e-02
5.130384e-02
3.850055e-02
1.924711e-01
-1.588029e-01
-1.117082e-02
-1.965557e-02
-3.714688e-02
7.751388e-02
1.219199e-01
5.073333e-02
1.045807e-01
1.388599e-02
-1.556837e-02
-9.814798e-03
-8.601505e-02
4.108673e-02
6.462721e-02
-1.624105e-02
1.432500e-01
5.602212e-02
-3.575877e-02
6.048734e-02
-6.126048e-02
1.373640e-01
3.253961e-02
-9.206881e-02
1.607864e-01
1.003269e-01
-7.586379e-02
8.034787e-02
3.554041e-02
1.667397e-01
1.143232e-01
6.188563e-02
2.049625e-01
1.409106e-01
-3.577157e-03
1.221422e-01
-3.024812e-02
-1.372005e-01
-1.803396e-01
-1.885669e-02
-8.913640e-02
-1.536937e-01
1.584602e-02
-2.085417e-02
-1.267607e-02
1.401078e-02
1.448303e-03
8.592319e-02
8.885644e-02
-8.564790e-02
-4.955420e-02
-5.728760e-02
1.271435e-02
9.838497e-02
3.697355e-02
-1.368844e-01
-1.173547e-02
2.889913e-03
3.254238e-02
1.861863e-01
3.933208e-02
-2.816041e-02
-3.587998e-02
-9.860425e-02
9.070271e-02
2.077288e-01
-5.344757e-02
2.137831e-01
3.272395e-01
1.439544e-01
1.572085e-01
1.844622e-01
1.068713e-01
-1.706389e-01
-1.778836e-02
5.912783e-02
-8.787196e-02
1.373010e-01
1.912201e-01
-1.224193e-02
1.449116e-01
3.110604e-01
7.960785e-02
1.183781e-02
2.757096e-03
9.419140e-02
1.367630e-01
5.010747e-02
-7.681667e-03
2.753392e-02
-7.791049e-03
-8.884091e-02
-1.227427e-01
-2.806998e-02
-2.128206e-01
1.419985e-01
-3.446473e-02
-2.967189e-02
3.466482e-02
-4.072205e-02
-1.657591e-01
-2.205506e-01
9.065536e-02
-7.986684e-02
-6.713164e-02
1.641787e-01
-1.407248e-01
-2.105839e-01
-6.125024e-03
-6.790067e-02
9.999117e-02
4.763652e-02
6.538195e-02
2.085373e-01
-6.026659e-03
2.614748e-01
8.245181e-02
4.527383e-02
2.887688e-02
-9.161060e-02
4.073201e-02
3.019160e-01
1.653447e-01
-4.516660e-02
3.336666e-01
7.155412e-02
1.865610e-02
8.228566e-02
-4.286941e-02
8.517817e-03
5.874936e-02
2.014172e-01
-4.932236e-02
2.238031e-02
9.905402e-02
-5.622793e-03
1.742356e-01
-6.125689e-02
1.484340e-01
-8.020017e-02
4.043605e-01
1.137644e-01
1.176475e-01
-3.834734e-01
-1.327253e-01
4.491738e-02
-4.226026e-02
1.220270e-01
1.162145e-01
1.032344e-01
-1.424745e-01
3.705509e-01
-1.138574e-01
2.826710e-02
-2.134411e-01
1.808013e-02
-2.000946e-01
-1.482314e-02
1.879135e-01
-2.597467e-02
3.147084e-01
2.521197e-01
5.482257e-02
-7.629176e-02
1.471663e-01
-1.091734e-01
5.383629e-01
-1.050000e-01
4.166132e-02
2.930518e-01
-7.505031e-03
-4.887424e-02
-3.327413e-02
-1.158648e-01
1.619528e-02
1.156994e-01
-5.932865e-02
-5.327553e-02
-1.456418e-02
-5.262278e-02
-6.577092e-02
-1.487412e-01
-1.611273e-01
-7.135582e-03
1.143585e-01
1.469298e-02
-4.620686e-02
7.478265e-02
-8.740540e-02
1.377486e-01
-1.076625e-01
-2.004145e-02
-1.373926e-01
-2.009415e-01
-1.666218e-01
-6.267150e-02
3.047172e-02
-2.837383e-01
1.775699e-02
-8.538613e-02
1.893236e-01
2.943731e-02
1.757975e-01
-1.063330e-01
9.790882e-02
-3.652806e-01
8.384855e-01
8.593111e-02
-1.870797e-01
-1.076299e-01
2.715909e-02
-8.443946e-02
2.994157e-02
7.622312e-02
-8.016771e-01
3.478613e-01
-2.908498e-01
-1.575656e-02
9.558410e-02
-5.877288e-02
-4.573687e-02
2.815221e-02
2.077558e-01
5.137745e-02
2.960072e-01
1.232187e-02
-1.200652e-01
-1.561007e-01
-5.096016e-02
-3.465970e-01
9.162435e-03
-7.855035e-02
1.180171e-01
-1.571669e-01
6.677178e-02
