1.094402e-01
1.697859e-01
1.431480e-01
-4.959957e-02
-3.576668e-02
-5.840736e-02
8.646578e-02
-9.189058e-03
-8.125014e-02
5.735220e-02
2.506357e-02
6.614783e-02
4.713275e-02
4.041487e-02
6.874187e-02
4.830607e-03
2.951787e-02
3.724127e-02
-8.824185e-02
-3.556398e-02
-4.433096e-04
-6.498227e-02
2.378700e-02
4.155980e-04
5.253401e-02
5.655985e-02
-2.288108e-02
1.422050e-01
3.608117e-01
2.527851e-01
2.252546e-02
-2.063347e-01
-2.430622e-01
-9.194668e-02
-2.419033e-02
-6.145869e-02
-2.819541e-01
-7.862990e-01
-1.852679e-01
3.955958e-01
8.373105e-01
3.020614e-01
-1.522766e-03
-2.134956e-01
-1.764739e-02
1.261562e-01
-1.253097e-01
-1.523315e-01
8.426169e-02
1.355577e-01
3.956873e-02
2.953678e-02
-5.911392e-02
-1.084034e-01
-7.871141e-02
-1.581545e-02
2.474201e-02
6.879123e-02
5.344803e-02
2.091488e-02
4.230180e-02
5.851936e-02
4.842971e-02
8.350232e-02
8.330232e-02
-4.666838e-02
-1.166765e-01
-2.334535e-01
-2.478094e-01
1.625094e-01
1.626322e-01
1.036333e-01
-7.829662e-02
-9.983152e-02
2.168751e-02
8.225801e-02
9.107542e-02
1.145451e-01
1.100146e-01
1.395867e-01
1.866431e-01
1.567009e-01
2.103623e-01
1.218890e-02
-1.597865e-01
-1.952524e-01
-2.011881e-02
1.002534e-01
4.941310e-02
-4.568748e-03
-2.863897e-02
-8.803423e-02
-6.385175e-02
5.721208e-02
9.174764e-02
3.347920e-02
-4.998823e-02
-4.196465e-02
-2.668126e-02
-8.305135e-02
-2.047146e-01
-2.682536e-01
1.409193e-01
3.012111e-01
1.188443e-01
4.282857e-02
-1.592315e-02
-1.095653e-01
-2.069917e-01
-9.800085e-02
-1.656684e-01
-2.770548e-01
-1.538092e-01
-2.601096e-01
2.042592e-01
3.583961e-01
1.834974e-01
4.938412e-02
2.089728e-02
-3.783812e-02
9.452482e-02
3.858556e-02
-3.943654e-02
2.559342e-02
7.375944e-02
1.457012e-01
4.222811e-03
-9.524153e-02
-5.259898e-02
-4.916709e-04
6.995610e-02
5.315455e-02
-2.517112e-01
-1.931801e-01
-1.695039e-01
-5.172635e-02
-1.970555e-01
3.339683e-01
2.847741e-02
1.291330e-01
-1.055680e-01
1.320628e-01
4.878652e-02
2.121056e-03
-1.223977e-01
-1.204374e-01
-2.547719e-02
8.684805e-03
-5.708867e-02
-1.474714e-01
4.931076e-02
6.862260e-02
-5.731029e-02
-4.384242e-02
8.335698e-03
-1.464183e-03
3.943377e-03
2.990266e-02
1.270760e-03
2.403321e-02
2.287236e-02
-1.799127e-02
-2.429171e-02
1.375744e-01
2.187194e-01
-2.196996e-01
-1.030150e-01
1.901502e-01
-2.703506e-02
-2.780820e-01
-1.844653e-01
-1.786763e-01
-1.745227e-01
-1.207032e-01
5.211801e-02
-6.761675e-02
-1.159082e-01
3.836317e-02
1.206771e-01
-2.107851e-02
-6.057784e-02
-9.553421e-02
9.980009e-02
-6.228437e-02
-2.386079e-01
8.139260e-03
2.595871e-01
-1.472747e-01
-3.307619e-01
5.428737e-02
-6.262963e-02
-1.406389e-01
2.876461e-02
1.453373e-02
-1.057676e-01
-2.769838e-02
2.979920e-02
-6.000723e-02
-1.238243e-01
-1.246328e-01
-4.506123e-02
-8.708078e-02
-1.469929e-01
-1.315691e-01
-5.909547e-02
-1.313504e-01
-1.590872e-01
-7.076908e-02
1.974272e-02
8.313817e-02
-1.568113e-01
-3.418919e-02
-7.357615e-03
2.487533e-02
8.430704e-02
1.338137e-02
8.207269e-02
-3.199424e-01
-4.150002e-01
4.551962e-01
1.166270e-02
-4.242436e-01
2.931988e-01
2.700012e-01
-9.716080e-02
-1.492298e-01
2.546285e-01
4.825224e-01
-4.361351e-01
-3.239948e-01
2.007929e-01
6.321904e-02
-4.096417e-01
-3.194530e-01
-4.972514e-02
-1.172111e-01
-1.122563e-01
2.814489e-02
-5.477516e-02
-1.110943e-01
6.428786e-02
3.783345e-02
-5.616625e-02
-6.963599e-02
-3.584604e-02
-1.841422e-02
5.603433e-02
8.777845e-02
1.275049e-01
-9.843644e-02
1.436443e-02
7.903027e-02
-1.152486e-01
-9.370340e-02
-4.934987e-02
1.055855e-01
-7.088676e-02
-2.813849e-01
-3.159355e-02
-1.067461e-01
-2.064246e-01
2.514879e-01
2.880256e-02
-1.768713e-01
2.159132e-01
2.275867e-01
7.153555e-02
-1.034001e-01
1.332248e-01
3.008792e-01
4.860590e-02
-1.160357e-01
-1.507410e-01
2.907692e-01
-1.341002e-02
-2.501894e-01
1.703309e-01
9.505080e-02
-1.787301e-01
1.403969e-01
1.689674e-01
6.411782e-04
1.573454e-01
8.640926e-02
8.691700e-02
-4.128102e-02
8.236182e-02
1.667961e-01
-1.753708e-01
-1.760513e-01
-1.591154e-01
-9.738822e-02
-4.618467e-02
4.628072e-03
2.656877e-02
1.017465e-01
1.655735e-01
-8.635795e-03
4.079821e-02
2.154085e-02
5.631617e-02
9.688817e-02
8.507615e-02
5.996345e-02
1.086051e-01
7.745553e-02
-1.435006e-01
-1.776857e-01
-1.510425e-01
-2.396175e-01
-1.282668e-01
6.495601e-03
-6.008200e-02
1.860446e-01
3.101542e-01
-1.271690e-01
-2.181633e-01
-1.930494e-01
-1.094829e-01
-1.121674e-01
1.886514e-02
-1.086021e-01
-5.264271e-02
3.152853e-02
2.028349e-01
2.717422e-01
3.518312e-02
-3.208170e-02
-2.485202e-01
-3.345329e-01
-1.145387e-01
-1.846026e-01
-1.452958e-01
-1.012648e-01
-4.545112e-02
-9.121576e-02
-5.435470e-02
-6.739809e-03
1.447005e-02
2.732304e-02
8.411841e-02
5.442750e-02
1.133547e-01
1.254949e-01
1.227438e-01
6.338666e-02
5.622230e-02
5.981107e-02
1.854744e-02
2.207465e-03
-1.664513e-02
-5.618032e-02
-1.616632e-01
-1.083292e-01
1.676644e-01
2.221500e-01
2.790803e-01
9.160099e-02
1.184294e-01
1.503914e-01
3.826346e-02
-4.791345e-02
4.302116e-02
-4.927001e-02
2.702683e-02
9.583272e-02
1.726430e-02
1.128539e-01
1.307132e-02
-7.180754e-02
9.342745e-02
1.423131e-02
1.545215e-01
1.188929e-01
-2.529817e-02
4.738068e-02
-1.158355e-01
-8.741699e-02
1.332715e-01
1.940867e-01
2.200092e-01
1.063109e-01
1.117322e-01
1.038841e-01
1.389786e-01
8.144598e-02
4.940545e-02
9.297220e-02
2.629890e-02
7.757271e-02
-8.834766e-02
-1.956972e-01
-1.556101e-01
-4.074781e-02
-3.309347e-02
1.762188e-02
-4.959607e-03
2.088500e-01
1.378098e-01
1.257294e-01
2.451073e-01
7.993485e-02
-3.104565e-02
-1.006791e-01
-1.983824e-01
1.925896e-01
1.627570e-01
3.267149e-02
1.524862e-01
-2.126100e-02
-7.165355e-02
1.859367e-01
-4.525487e-03
1.419264e-02
-1.066566e-01
-2.272239e-02
2.775811e-02
-5.988697e-03
6.468828e-02
4.952470e-02
3.815540e-02
4.882082e-02
-3.110856e-02
6.586070e-02
1.823281e-01
1.812962e-01
6.455994e-03
5.934422e-02
-8.453837e-02
-7.166300e-02
-1.120016e-01
-1.277255e-01
-4.848441e-02
-3.437462e-02
-1.147707e-01
-3.462710e-03
-2.552806e-02
-7.801558e-02
-4.364153e-02
-4.548117e-02
-1.918550e-02
-1.557057e-02
6.822078e-04
-5.311242e-02
-1.253468e-02
-1.577824e-02
-4.029021e-02
2.461725e-02
2.975223e-02
6.520222e-03
-1.078058e-01
-1.340303e-01
7.659634e-02
-1.740091e-01
-8.976756e-02
1.669552e-01
-2.661004e-01
-2.846756e-02
2.047730e-01
-1.080119e-01
-8.382929e-02
-1.042082e-01
1.320453e-02
1.968051e-02
2.684159e-03
7.181601e-02
-1.579386e-01
2.025438e-03
1.400875e-01
-5.642659e-02
-3.759772e-02
-7.481850e-02
-4.193779e-02
6.751683e-02
-3.202004e-01
-1.569200e-01
3.153806e-01
7.949245e-03
-8.977955e-02
-1.163229e-01
1.328875e-02
-8.857623e-02
-3.949355e-02
-7.656860e-02
-1.563544e-01
-9.913740e-02
7.260655e-02
7.246114e-02
4.059189e-02
1.146947e-01
9.012182e-02
2.137000e-02
5.046773e-02
-2.024691e-02
-7.707956e-02
-1.283688e-01
-1.654919e-01
-9.665915e-02
-2.073389e-01
-9.747133e-02
1.461689e-01
-1.210014e-01
-4.526599e-02
4.958188e-02
-1.802039e-01
-7.517265e-02
-1.275180e-02
4.490147e-02
1.680260e-01
-9.470990e-02
5.560254e-02
3.620727e-02
-4.272608e-01
2.088640e-01
-4.510896e-03
-2.698826e-01
2.250019e-01
-1.289620e-01
-2.289182e-01
-1.357744e-02
-3.062237e-01
-1.017278e-01
2.234932e-01
1.719181e-01
1.367187e-01
2.223370e-01
2.131818e-01
3.269656e-02
2.771751e-01
1.593820e-01
1.370709e-02
-1.072868e-01
-1.006081e-01
-1.198897e-01
-1.191639e-01
1.581823e-02
8.001772e-02
-2.386218e-01
1.570217e-01
1.393082e-01
4.930152e-02
3.143454e-02
-1.953110e-02
2.443889e-01
3.101125e-02
-1.350116e-01
6.820881e-02
-1.792878e-01
-3.472084e-01
-2.553636e-02
1.416584e-02
-3.025198e-02
1.797588e-01
-7.987636e-02
-1.951733e-01
-1.744272e-02
-2.689118e-01
-2.022453e-01
6.149650e-02
7.252017e-02
7.294112e-02
1.558886e-01
7.936355e-02
-6.631598e-02
1.672404e-01
-1.198698e-02
-6.729653e-02
3.737503e-01
4.816804e-03
1.186907e-01
7.514874e-02
5.197685e-02
-9.385775e-02
1.717441e-02
-6.501784e-02
-2.252295e-01
-5.436236e-02
3.176422e-02
1.332062e-01
8.746225e-02
1.138110e-01
2.492113e-01
8.853798e-02
5.507148e-02
1.257885e-01
4.086608e-02
4.620974e-02
4.461971e-02
5.456314e-02
8.049238e-02
3.281518e-02
5.114270e-02
5.939164e-02
-9.543867e-03
1.086708e-01
2.852411e-01
2.620475e-02
2.699029e-01
1.210292e-01
-2.146993e-01
1.463415e-02
-2.389285e-01
-4.576860e-01
-1.173712e-01
-1.247096e-01
4.042045e-02
-2.754625e-02
3.282364e-02
2.098223e-02
-9.239791e-02
-2.466779e-02
-1.145457e-01
3.808261e-02
-3.283644e-03
-8.729460e-02
-9.858572e-02
-3.000749e-01
-1.366228e-01
-4.088235e-01
-1.569614e-01
1.612034e-01
2.204989e-01
2.128750e-01
1.059080e-01
1.793908e-01
7.055095e-02
-6.368768e-02
6.045695e-02
-2.937686e-02
-1.884052e-01
-4.330289e-02
-6.619844e-02
-5.069004e-02
-6.667650e-02
-4.968025e-02
1.600205e-02
-4.035598e-02
-3.509277e-02
-4.954735e-03
7.322770e-02
-1.468429e-01
-1.184827e-01
-3.384208e-02
-3.067291e-02
-3.707045e-02
5.999893e-02
6.085724e-02
1.084584e-02
-4.119488e-01
-2.504569e-01
-2.144196e-03
-2.032991e-01
1.718052e-01
2.235095e-01
-3.723198e-02
2.538857e-01
1.182651e-01
1.069495e-01
1.084216e-01
-4.832765e-02
2.160043e-01
-1.060158e-02
-1.542184e-01
1.073902e-01
-9.196742e-02
1.364405e-02
3.049883e-02
7.375740e-02
1.140303e-01
4.239780e-02
4.375537e-02
8.182854e-02
9.091578e-02
1.002344e-01
1.398274e-01
-6.949794e-02
-1.043805e-02
4.781860e-02
3.857434e-03
-1.614761e-01
-2.182791e-01
-5.699689e-02
-6.714047e-02
-1.560074e-02
-1.047764e-01
1.474631e-02
-8.648543e-02
1.703649e-01
2.261874e-01
1.060363e-02
1.890340e-01
4.411657e-02
-2.162364e-01
1.327231e-01
1.723930e-01
1.398827e-01
1.077520e-01
6.570936e-02
-2.126015e-02
4.671651e-02
-1.304798e-02
-7.920592e-02
-1.427488e-01
-3.551782e-02
8.060350e-02
-8.033261e-02
5.876134e-02
8.603921e-02
-2.456377e-02
1.084593e-01
6.813104e-02
-1.622522e-01
1.930464e-01
5.433674e-02
-2.006686e-01
-2.630063e-02
-3.641079e-02
-4.822481e-03
-5.949516e-02
7.669967e-02
8.426548e-02
5.602724e-02
2.498159e-02
1.838943e-01
3.566458e-02
-1.283115e-01
1.349757e-01
6.444668e-03
-5.474629e-02
-2.301694e-02
-1.152554e-01
-1.061203e-01
-2.156582e-02
-8.627655e-02
-6.928772e-02
-7.648512e-02
-9.397346e-02
-3.620823e-02
1.184355e-01
1.724436e-01
2.296999e-03
5.875831e-02
-4.464469e-02
-8.110425e-02
-1.074530e-01
-1.067147e-01
7.685977e-02
1.471222e-01
1.116148e-01
-3.986527e-03
1.894255e-01
-7.288472e-02
-1.308871e-01
-1.303130e-01
-1.669965e-02
-1.183989e-01
1.393799e-01
8.899613e-02
7.111309e-02
-2.036934e-01
1.920020e-01
-2.146588e-02
-2.095004e-01
-5.809126e-01
-2.790946e-01
-5.230104e-02
9.000807e-02
8.588286e-02
-8.408336e-02
-2.294737e-02
-1.256512e-02
6.371767e-02
-1.295955e-02
-1.027045e-01
-2.692576e-02
2.754409e-02
1.286046e-02
-1.167099e-02
9.671152e-02
5.089563e-02
5.325357e-02
8.904708e-02
5.742191e-02
-6.272306e-04
-1.135714e-01
-1.493050e-01
1.044084e-02
-5.912195e-02
-8.838840e-02
-8.815962e-03
1.844350e-01
2.444534e-01
-3.333701e-02
2.680614e-02
1.407626e-01
8.369121e-02
1.900824e-01
1.309895e-01
1.220107e-01
-4.462137e-03
-7.317281e-02
7.627968e-02
2.202315e-02
-2.568292e-02
-2.353051e-02
-1.081468e-01
-3.201039e-02
3.693618e-02
3.328056e-01
2.980088e-01
-8.574042e-02
-1.235648e-01
-7.098188e-02
-1.632069e-01
-9.135020e-02
-9.553093e-02
-1.071061e-01
-1.390369e-01
-7.450698e-02
-1.907957e-01
-6.372173e-02
-8.210585e-02
-1.769495e-01
4.674295e-02
2.574540e-01
2.189043e-02
-7.694133e-02
-1.631061e-01
-1.796979e-01
-5.492455e-02
-6.044395e-02
-1.867830e-01
2.411278e-01
2.053474e-01
-3.913951e-02
1.495001e-01
2.020671e-01
2.175392e-01
1.126372e-01
-1.417186e-01
1.720833e-01
1.602612e-02
-1.360271e-01
-1.264278e-01
-2.355002e-01
-1.801298e-01
-6.687925e-03
1.531184e-01
8.256251e-02
-1.391675e-01
-6.800959e-02
-6.445465e-02
-1.567470e-01
-3.088997e-01
-2.450951e-01
-6.497494e-02
-3.548564e-01
-1.451282e-01
-1.947803e-01
2.362213e-01
-3.123310e-01
-8.283943e-02
-1.730744e-01
7.338983e-02
3.039541e-02
-1.703906e-02
-7.733455e-03
8.143693e-02
1.345325e-01
5.960761e-02
1.918044e-01
1.346097e-01
9.881835e-02
-1.202757e-02
-7.285591e-02
-8.348258e-02
1.971129e-02
-1.049326e-01
-8.417125e-02
-2.977425e-03
-1.068830e-01
-5.980860e-02
-3.215322e-01
-2.891234e-01
-1.495005e-01
-1.482558e-01
-9.770885e-02
-1.581717e-02
1.476124e-01
2.422841e-01
2.595547e-01
-1.467402e-01
1.608035e-01
-2.019508e-04
3.091211e-02
9.485953e-02
1.343317e-01
7.842779e-03
2.610076e-02
-5.576796e-02
5.178864e-02
-2.064433e-01
6.951226e-02
-4.804773e-02
1.813476e-01
-4.651674e-02
9.565213e-02
1.551119e-02
1.121974e-01
5.176403e-02
-6.215798e-02
-4.943055e-02
2.191018e-02
-1.697181e-02
-1.120389e-01
8.173174e-02
5.441979e-03
-2.874358e-02
6.206324e-03
-1.890242e-02
-1.992207e-02
-2.181289e-02
-5.030124e-02
-3.780947e-02
-2.086853e-02
-3.418118e-02
-5.639482e-02
1.230905e-01
1.929055e-01
3.009778e-02
1.344940e-01
-9.675801e-02
-1.779349e-01
9.496609e-02
-2.023268e-01
-2.194437e-01
5.030306e-02
-6.684217e-02
-8.251592e-03
4.546394e-02
2.280891e-03
6.535882e-02
-4.022693e-02
-6.850652e-02
-7.523108e-02
-4.673176e-03
1.411848e-02
2.674790e-02
-3.353661e-02
-1.049717e-01
-9.746866e-02
-1.154488e-01
-4.384041e-02
-7.974749e-02
4.503258e-02
7.186993e-02
9.992062e-02
1.273564e-02
9.180139e-02
8.824460e-02
-8.783198e-03
2.165120e-02
1.850123e-02
1.010550e-01
-1.748193e-02
-1.883574e-01
-1.103388e-01
-4.100885e-02
-1.883071e-02
-8.185092e-02
-5.399076e-03
-1.306273e-02
-9.263557e-02
-1.250979e-01
2.090012e-02
-2.196783e-01
-1.709991e-01
-8.733208e-02
-2.501050e-01
-2.309219e-01
-2.249459e-01
-1.448594e-01
-1.217963e-01
8.318870e-03
-1.221573e-02
-3.490331e-02
2.453575e-02
9.232155e-02
7.576755e-02
5.998805e-02
-3.973006e-02
-5.600002e-02
-3.139115e-03
-2.338032e-02
9.034527e-02
-3.422603e-02
-1.039113e-01
-2.703920e-02
-4.293901e-02
6.150716e-02
2.924920e-02
3.150862e-02
-5.804512e-02
-1.018031e-02
-1.784048e-01
-4.103465e-02
-2.637524e-01
-1.629588e-01
5.247620e-02
-2.560793e-02
-1.530410e-02
7.844860e-02
-2.560206e-02
-9.380063e-02
1.032870e-01
-5.729194e-04
-1.314701e-01
-5.922720e-02
-1.409118e-02
-1.599725e-02
-9.241652e-02
-8.105551e-02
-6.751192e-02
-1.141494e-01
-9.634382e-02
-6.714597e-02
-1.965738e-01
-1.186182e-01
1.012212e-02
-1.688098e-01
-1.009218e-01
1.233059e-01
-8.969275e-02
-8.360329e-02
2.324651e-01
4.463857e-02
-6.624698e-02
-9.106784e-02
1.894473e-01
6.596544e-02
-6.816640e-02
1.694788e-01
4.215248e-02
-9.428710e-02
-8.170925e-03
2.264336e-02
1.385950e-01
-7.500211e-02
1.150018e-01
1.553758e-01
2.201017e-03
1.125665e-01
5.060434e-02
-2.266549e-02
1.226649e-02
9.415039e-02
-2.060164e-01
-1.404062e-01
2.584012e-02
-1.930213e-01
-1.605437e-01
-4.491526e-02
2.059882e-02
3.763473e-02
9.014387e-02
6.780175e-02
4.022573e-02
6.697230e-02
5.726380e-02
1.963243e-02
1.512343e-02
1.766375e-01
-2.000836e-02
-1.335432e-01
3.303768e-01
3.334636e-02
-1.860977e-01
1.131041e-01
-2.106984e-02
-9.517263e-02
3.220344e-01
-3.462454e-02
-2.558176e-01
2.607028e-01
-1.412961e-01
-3.298076e-01
1.990774e-01
-5.392095e-02
-1.095065e-01
-3.810984e-01
-2.912840e-01
3.796546e-02
-2.871757e-01
-2.367451e-01
6.843929e-02
-3.119187e-01
-2.293749e-01
-1.080110e-01
-5.657553e-02
-7.421933e-02
-1.361001e-01
-9.064012e-02
-1.079102e-01
-1.507885e-01
-4.623641e-02
-8.332232e-02
-1.497894e-01
6.268094e-02
1.138665e-01
2.300708e-01
1.170163e-01
8.122800e-02
1.080911e-01
5.632059e-02
3.057612e-02
-2.884848e-02
6.180328e-02
-1.401501e-01
-2.702004e-01
-6.399848e-02
-1.677576e-01
-1.553345e-01
-3.096507e-01
-2.202406e-01
3.804070e-02
1.783860e-01
6.835856e-02
8.841817e-03
2.169818e-02
1.714620e-01
2.939026e-01
-8.126172e-02
1.007241e-01
3.473065e-01
-2.492070e-02
-1.495825e-01
-1.467786e-01
-2.389070e-02
-1.822893e-01
-1.734537e-01
1.166138e-01
-3.033622e-03
-1.176354e-01
3.191683e-02
-1.709356e-01
-6.989886e-02
9.912182e-02
-9.547175e-02
-7.129514e-02
2.994055e-02
4.572384e-02
2.012060e-01
7.273868e-02
1.844489e-01
1.693875e-01
3.089007e-02
1.351486e-01
1.694739e-01
-3.938062e-02
2.882930e-02
1.574151e-01
-1.653040e-02
-4.371818e-02
2.489908e-02
-5.988318e-03
-6.298524e-02
1.408655e-02
-1.820280e-02
-6.481192e-02
4.027445e-02
4.569521e-02
7.522710e-02
3.483645e-02
-1.236563e-02
2.960552e-02
-2.959722e-02
-2.058506e-01
-1.769840e-01
-1.382620e-01
-1.509465e-01
-7.229012e-02
8.407009e-02
2.539884e-02
-2.161565e-01
-4.004911e-02
2.493104e-02
-2.888813e-01
-1.774568e-01
1.096905e-01
-7.619479e-02
-3.009765e-01
3.453579e-02
1.546469e-01
-2.970906e-01
2.273296e-03
3.529670e-01
-1.905366e-01
-8.559065e-02
-1.693970e-01
-2.208567e-01
-1.526247e-01
6.482185e-02
-9.563097e-02
-1.586650e-01
3.913805e-02
-4.666451e-02
-3.463938e-02
-5.721910e-03
-1.033187e-01
-3.399223e-02
9.157704e-02
-4.752556e-02
2.494502e-02
1.390705e-01
6.711264e-03
-2.476272e-01
-5.575795e-02
1.367613e-01
-2.084695e-01
-2.273371e-01
1.162516e-01
-1.430365e-01
-2.321281e-01
1.967493e-02
1.690329e-01
-1.326847e-03
9.453247e-02
1.087660e-01
-2.275934e-02
-5.095343e-02
-3.170486e-02
-4.588480e-02
-1.842950e-01
-8.073519e-02
1.023711e-01
-4.459929e-02
-5.022081e-02
1.355670e-02
1.048618e-01
-9.418398e-03
1.254952e-01
1.623401e-01
-1.362428e-01
-1.041769e-01
-1.018451e-01
-1.217770e-01
-5.827101e-02
-7.724036e-02
-2.140640e-02
3.709135e-02
-6.964271e-02
-1.713997e-01
-1.695461e-02
-1.193405e-01
-2.236610e-01
6.286944e-02
1.943532e-01
-1.189363e-01
1.912616e-02
1.521708e-01
6.509937e-02
-2.832203e-02
9.630173e-02
1.083801e-01
-5.625137e-02
-3.177035e-02
8.468446e-02
7.110014e-02
-1.420936e-01
1.351577e-01
2.438763e-02
-2.228806e-01
1.336134e-01
1.173371e-02
-3.188393e-01
1.116715e-01
6.483127e-02
-1.292961e-01
2.085200e-01
1.468391e-01
-1.101475e-01
9.453628e-02
1.306081e-01
-2.319871e-01
-1.682465e-03
1.303353e-01
-1.026330e-01
2.036761e-02
-2.402303e-01
1.477923e-01
1.228014e-01
-4.956674e-01
2.790222e-01
-1.341422e-01
-3.434460e-01
-7.119919e-02
-2.337652e-02
-4.692199e-02
7.727886e-02
5.577132e-02
9.080212e-02
1.566906e-01
1.044661e-01
8.215537e-02
7.949958e-02
2.275352e-02
-3.277876e-02
-2.066994e-02
1.165323e-02
-5.388279e-02
-3.575594e-02
-1.291016e-02
-6.776945e-02
-5.997735e-02
4.065288e-02
1.629294e-01
-2.055361e-02
2.108921e-01
6.636226e-02
-1.201203e-01
5.897968e-02
-8.197086e-02
-1.510263e-01
7.656980e-02
2.754250e-01
1.271729e-01
2.201499e-01
3.037596e-01
2.371925e-01
2.466106e-02
6.560051e-02
-8.998749e-04
-5.342561e-02
5.088149e-02
-4.908495e-04
3.087089e-02
2.317147e-01
1.579949e-01
2.610020e-02
1.069706e-01
1.525597e-01
8.402292e-03
-1.250190e-02
8.536911e-02
-5.310780e-02
-4.065463e-02
8.124058e-02
-3.266122e-02
-2.597338e-02
9.928568e-02
-3.663931e-02
-3.196684e-02
6.125189e-02
-6.910425e-02
-7.184944e-02
3.460914e-02
-1.004795e-01
-1.004078e-01
7.407884e-03
9.617514e-02
7.341000e-02
-1.139240e-01
1.106255e-01
2.697936e-03
-8.880570e-02
-5.920701e-02
-1.554603e-02
9.910782e-03
-2.562554e-01
-2.082768e-01
2.698298e-02
-2.590742e-01
-4.434581e-02
2.297961e-01
-1.969230e-01
3.530799e-02
1.768923e-01
6.158794e-02
2.821137e-01
3.657885e-03
2.752232e-01
2.289619e-01
-2.466030e-01
1.359298e-01
1.122495e-01
-1.980833e-01
-8.525096e-02
5.329105e-02
2.459773e-01
8.362992e-03
1.412341e-01
2.677922e-01
7.432441e-02
1.151198e-01
1.269431e-01
9.293039e-02
-1.271590e-01
-1.858109e-01
-1.406818e-01
-2.457189e-01
-1.533421e-01
-1.786557e-01
-2.379149e-01
-7.358351e-02
-7.815530e-02
3.305430e-02
1.447654e-01
-1.178977e-01
7.544716e-02
1.888746e-01
1.827409e-02
1.211605e-01
1.408640e-01
9.301966e-02
1.726925e-01
1.624449e-01
2.513697e-01
2.306445e-01
3.484530e-02
2.647531e-01
4.773995e-02
-1.845104e-01
-2.321348e-01
-6.666397e-02
2.196964e-01
-1.611762e-01
1.413231e-01
2.723327e-01
-5.277602e-03
1.635952e-01
5.945001e-02
-8.247393e-02
-1.438899e-01
-8.043828e-02
3.601155e-02
3.909651e-02
6.043525e-02
8.839990e-02
3.358139e-02
-7.579908e-02
3.719708e-03
4.877211e-02
6.618776e-02
2.578976e-02
8.063815e-02
1.377721e-01
-4.486945e-02
-7.316092e-02
5.869464e-02
-4.309164e-02
-2.719061e-02
-1.429846e-02
-3.585984e-02
-4.818481e-02
-2.926154e-02
-4.282378e-02
-4.266497e-02
-2.613238e-02
-2.098591e-01
2.281912e-01
3.588018e-01
-3.769397e-01
-8.275208e-02
3.884650e-01
-2.324820e-01
-2.807407e-01
-7.108823e-02
-4.720612e-02
2.234896e-02
-7.806077e-03
3.114465e-02
1.568752e-01
2.120595e-01
-1.133757e-01
4.923955e-02
2.022831e-01
2.259295e-01
-7.709197e-02
-8.939462e-02
-1.331414e-02
1.407509e-01
-1.051306e-01
-9.666739e-02
7.633279e-02
6.533744e-02
-3.039313e-02
-9.679015e-02
-6.032152e-02
4.473146e-02
-1.035729e-01
-1.258263e-01
2.127779e-02
-1.744296e-01
-1.592977e-01
1.920521e-01
2.018387e-01
8.762786e-02
8.676841e-02
1.849998e-01
1.418842e-01
-7.719332e-03
1.060605e-01
1.504754e-01
-9.186975e-02
-2.534108e-01
-1.758359e-01
1.268610e-01
-1.362368e-01
-1.079072e-01
1.151284e-01
-1.051392e-01
-9.491448e-02
-1.293180e-01
1.353983e-01
-1.939316e-02
-2.634650e-01
-3.401412e-02
4.103057e-02
-8.489291e-02
-2.185658e-01
-1.501007e-01
3.470058e-01
-3.290667e-01
-4.962271e-01
6.412266e-01
1.534867e-01
-4.759060e-01
1.649278e-01
3.623942e-01
-1.934386e-01
6.724404e-02
1.336785e-01
1.224498e-01
-4.324833e-02
6.447602e-02
9.133472e-02
-7.472689e-02
-5.012895e-02
5.653074e-03
-8.365424e-02
-1.860097e-02
4.930970e-02
-1.003996e-01
-4.673837e-02
8.328342e-02
5.771258e-02
-4.406428e-02
-2.847497e-03
1.119174e-02
7.486712e-03
2.373908e-03
-2.697097e-02
-9.823247e-03
1.441455e-01
8.978634e-02
2.474291e-02
3.133799e-02
-2.087088e-01
-3.555368e-02
3.282036e-01
-5.941639e-02
-1.217317e-01
2.064972e-01
8.613762e-03
-2.383201e-01
-1.148344e-01
1.555714e-02
8.056072e-02
7.560123e-02
-4.704015e-02
1.756598e-01
1.418694e-01
-4.714081e-03
9.992950e-02
1.055006e-01
-9.344558e-02
1.205360e-01
-4.504810e-02
-1.335975e-02
1.132874e-01
-4.301958e-02
-1.487639e-02
-6.665556e-02
-9.074382e-02
-2.970535e-02
-7.953561e-02
-1.268940e-01
-1.223274e-01
-1.969791e-01
-1.950991e-01
-5.140870e-02
-1.593653e-01
-1.598448e-01
7.867471e-02
1.940606e-02
-1.610629e-02
9.612216e-02
5.259854e-02
2.926890e-02
4.532527e-02
1.995928e-02
-3.973159e-03
7.907093e-02
5.519561e-02
1.205808e-01
-1.908441e-01
-1.792176e-01
-1.427612e-01
-1.281098e-01
-1.191605e-01
-1.071386e-01
3.131442e-02
3.609429e-02
-3.740335e-02
-1.213096e-01
-1.916959e-01
-1.954814e-01
7.632069e-02
-1.800710e-04
1.451803e-03
-3.025069e-02
-5.137132e-02
2.870746e-02
-1.164834e-01
7.087611e-02
7.328098e-02
-2.689129e-01
-1.086905e-01
-4.915438e-02
-4.891050e-02
-8.742642e-02
-2.698435e-02
-2.112167e-02
-7.843728e-02
-1.731879e-02
-4.675747e-02
-2.548663e-02
-2.617303e-02
1.675240e-02
1.655559e-03
5.474535e-02
-4.539791e-02
-5.104593e-02
-1.125006e-02
-7.189216e-02
-7.315860e-02
-3.264934e-02
1.209898e-01
2.291516e-01
1.386259e-01
1.382380e-01
1.912764e-01
1.040817e-01
2.077889e-01
2.570179e-01
1.182439e-01
1.357675e-01
2.799121e-02
-5.616859e-02
3.216758e-02
-1.323233e-01
-1.632003e-01
-1.519850e-02
-1.696407e-01
-2.411708e-01
-2.423252e-01
-1.258120e-01
-1.534943e-01
-7.989224e-02
2.051035e-01
2.357596e-01
-2.293095e-02
1.658637e-01
1.946951e-01
-1.338996e-02
-2.366684e-02
-7.035171e-03
-3.648658e-02
-2.838534e-03
2.289952e-02
-6.571574e-02
-3.091520e-02
1.195523e-02
-1.635800e-02
-2.194167e-02
-1.022764e-01
1.366897e-02
-4.483155e-02
-1.404016e-01
6.404210e-02
-6.267463e-02
-1.621590e-01
-2.973251e-02
6.922577e-02
2.181744e-01
-7.210587e-02
-4.138292e-02
2.848713e-02
-3.453006e-02
-6.393201e-02
-4.887632e-02
-1.898568e-01
-2.025467e-01
-1.246411e-01
-5.120950e-02
-5.361084e-02
-2.175818e-02
2.162358e-01
2.064802e-01
1.976788e-01
1.291316e-02
-2.385034e-02
-5.383297e-02
-2.118847e-02
-9.664356e-03
-4.431374e-02
-1.034667e-02
7.800452e-02
3.467630e-02
-7.638174e-02
1.268661e-01
-7.372031e-02
9.541088e-02
2.415799e-01
6.013440e-02
1.711403e-01
7.991402e-02
5.469184e-02
9.284499e-02
-7.925137e-02
-1.197418e-01
3.394932e-02
3.694125e-02
1.616178e-01
-2.557605e-02
2.038431e-01
2.299073e-01
-1.197608e-01
-4.329864e-02
2.666778e-02
-1.369339e-01
-2.131538e-02
-3.619881e-02
-5.517891e-02
-4.314627e-02
-1.139117e-01
9.830046e-02
1.922814e-02
7.400285e-02
4.336951e-02
-1.087422e-02
3.565318e-02
-1.365979e-02
5.315858e-02
-1.029184e-01
-2.760424e-01
-1.053392e-01
-1.839224e-01
-6.249446e-01
4.353348e-02
8.505024e-02
-2.840220e-01
-2.516559e-01
-2.270527e-01
-2.466860e-01
-8.543251e-02
1.004022e-04
1.069311e-01
-2.575877e-01
-9.861722e-02
2.236701e-02
5.775873e-01
1.198559e-01
-4.086111e-03
-1.308725e-01
-2.114510e-01
1.372270e-01
1.220706e-02
-7.189506e-02
3.634787e-02
1.847031e-02
1.085140e-01
1.383622e-01
7.624982e-03
3.323429e-02
1.623086e-01
-4.712898e-03
3.055554e-02
5.634046e-02
3.710533e-03
1.641473e-02
-9.090828e-02
1.482684e-01
6.140820e-02
-3.433738e-01
8.793040e-02
2.260840e-01
-2.113405e-01
-2.529567e-01
-9.180352e-03
-9.794120e-02
-1.254675e-01
-1.056067e-01
1.492768e-01
-6.500702e-02
2.306676e-02
1.904290e-01
6.124123e-03
5.184051e-02
7.981101e-02
-9.447030e-02
-1.442265e-01
2.965279e-01
8.937092e-02
-1.778034e-01
2.126813e-01
-2.446069e-03
1.733138e-01
-6.765345e-02
-8.912524e-03
-3.892711e-02
1.312532e-01
-5.935046e-03
-2.852344e-02
1.048762e-02
-4.406308e-02
-3.841357e-02
8.380970e-02
1.173900e-01
6.132844e-02
1.631929e-01
-8.971034e-02
-2.329438e-01
-1.149930e-01
1.652340e-01
2.212144e-02
3.474229e-02
1.606954e-01
1.120157e-01
-1.414135e-01
-3.149010e-01
-1.464633e-01
-2.224170e-01
-5.156124e-01
-3.683938e-01
-6.460389e-02
-3.424486e-02
2.657686e-01
-1.309480e-01
-8.941218e-02
2.520702e-01
3.503581e-02
-2.164743e-02
5.960704e-02
-3.764087e-02
-1.947102e-01
4.088164e-02
3.716013e-02
-2.063000e-01
1.025873e-01
6.157458e-02
4.485865e-02
2.204649e-01
-1.953451e-01
3.032595e-01
-3.768737e-01
-1.828292e-01
-3.734420e-01
-2.295352e-01
-3.250998e-02
-6.475879e-02
-1.907045e-01
7.328422e-02
-7.873699e-02
4.845060e-02
2.453672e-01
5.591298e-02
1.844398e-01
6.266440e-02
2.202574e-01
2.148903e-01
-9.454811e-03
7.534956e-02
1.077806e-01
-6.030429e-02
1.242820e-01
6.045807e-02
-1.363676e-02
4.241187e-02
-1.608622e-02
-1.661607e-03
-8.764927e-02
1.288154e-01
-2.365290e-02
-7.291235e-02
1.028182e-01
8.639174e-05
5.300429e-02
5.944086e-03
-1.826674e-01
-1.521382e-01
-6.786929e-03
-2.000764e-01
4.887415e-01
2.026393e-02
-2.212047e-01
1.691302e-01
-1.683617e-01
1.468731e-02
1.074746e-01
-1.234932e-01
-2.684582e-01
-3.036498e-01
6.623582e-01
-8.126018e-02
-6.804273e-02
-1.206510e-01
-5.637106e-02
-1.121159e-01
1.646738e-01
-6.904132e-03
-1.919477e-01
1.833884e-01
4.593406e-03
-8.636492e-02
8.269707e-02
1.424796e-01
-1.703850e-01
-1.248091e-03
1.551431e-01
-1.465236e-01
3.643880e-02
5.565261e-02
-1.474300e-01
5.660114e-03
-2.194227e-01
5.877145e-03
-1.876121e-02
-7.045599e-02
3.049870e-01
-5.775416e-02
-1.948924e-01
4.950705e-02
1.783757e-01
1.049677e-01
1.221608e-01
2.807115e-02
3.309661e-02
4.843089e-03
1.532451e-01
4.586411e-02
-9.777645e-02
8.428957e-02
4.402549e-02
-1.876895e-02
6.716043e-02
3.020543e-01
1.050264e-01
-1.706015e-01
7.190417e-02
-1.139632e-01
-4.079362e-02
-2.667231e-02
-6.139070e-03
-2.485254e-02
1.097483e-01
8.760419e-02
1.669999e-01
6.315995e-02
1.348607e-02
3.483132e-02
2.404284e-01
1.239393e-01
-1.989183e-01
2.547501e-01
2.057415e-02
2.896840e-02
7.133254e-02
2.068655e-01
-4.336080e-02
-3.570274e-03
1.031160e-01
-9.288494e-02
1.461499e-01
-5.986847e-02
1.062577e-01
-1.660320e-01
-2.071799e-01
1.654918e-01
3.827221e-02
-7.644594e-02
1.293412e-01
-2.707846e-02
6.486359e-02
4.392241e-01
5.096374e-02
2.157530e-02
6.346887e-02
-3.304089e-02
-2.466584e-01
1.213682e-01
6.830841e-02
-3.630001e-01
1.106598e-01
2.350622e-01
-9.662859e-02
-6.454948e-02
-3.528324e-01
5.928225e-01
-6.923899e-01
1.146210e-01
2.005682e-01
-1.495581e-01
8.858447e-02
-1.414234e-02
9.590837e-02
2.754202e-02
-4.930007e-02
-6.207753e-02
5.590148e-02
2.036518e-02
8.109204e-02
-1.024809e-01
-4.762221e-02
5.844072e-02
1.062466e-01
3.500899e-02
8.733082e-02
1.466892e-01
4.751114e-02
1.342044e-01
1.213606e-01
2.639231e-02
8.258569e-02
2.614431e-01
1.329226e-01
1.388597e-01
4.422691e-02
-1.829653e-01
-5.240650e-02
-1.207987e-01
-2.046206e-01
-1.698501e-01
-7.571945e-02
-1.786630e-01
-1.344934e-01
1.540743e-01
2.448696e-01
2.186457e-01
7.398284e-02
-6.251805e-03
-1.539330e-01
1.410269e-01
-4.222282e-02
-2.505935e-01
-3.671162e-01
-4.102191e-01
2.949991e-02
-7.625362e-02
4.088118e-01
3.156073e-01
4.792451e-03
-3.333256e-02
-1.374137e-01
-6.360854e-03
-1.072512e-01
-8.201759e-02
3.540350e-02
-4.076683e-03
3.702323e-02
5.868876e-02
8.195472e-02
1.111900e-01
8.931880e-02
6.419405e-02
1.241000e-02
5.930006e-02
-2.716107e-02
-4.175336e-02
-2.764817e-01
-2.916360e-01
-2.248870e-01
1.476974e-01
1.986096e-01
1.437755e-01
1.576981e-01
-2.126669e-03
2.060540e-02
2.503152e-01
3.874431e-01
2.914918e-01
1.648368e-01
7.770162e-02
1.430484e-03
-2.101714e-01
-4.514506e-01
-2.787134e-01
-5.000868e-01
-5.680636e-01
-1.525162e-01
-4.699382e-02
-3.785142e-02
1.183789e-01
1.927238e-01
3.523903e-01
4.243737e-01
4.873118e-02
3.366300e-02
2.494090e-02
-1.106642e-01
-1.326815e-01
-9.820238e-02
-2.496257e-01
-2.468485e-01
-1.269013e-01
4.169898e-02
9.526616e-02
-4.370080e-02
-2.309840e-01
-2.424643e-01
-2.581902e-01
-8.422310e-02
4.245425e-02
6.357244e-02
1.366127e-01
3.031096e-01
5.853629e-02
1.542466e-01
-9.065217e-02
-2.537284e-01
-2.427325e-01
-4.468988e-01
-3.108510e-01
2.413966e-01
8.420690e-02
5.069807e-03
-2.892935e-01
-3.823038e-01
-2.107885e-01
1.462555e-02
4.784275e-03
1.387524e-01
7.535867e-02
4.304896e-02
5.178827e-03
-3.927311e-02
-1.316490e-01
-8.945320e-02
-1.172701e-01
-2.871520e-02
-8.472928e-02
4.583782e-02
1.203517e-01
-2.611679e-01
2.970902e-02
-1.499081e-01
-9.277123e-02
-8.145177e-02
1.316671e-01
2.721888e-01
-8.306704e-03
-6.644655e-02
-9.008549e-03
1.003790e-02
1.036749e-01
1.596449e-01
-8.413656e-02
5.881853e-02
1.945476e-01
-3.566100e-02
4.111471e-02
8.936948e-02
1.459944e-03
5.484321e-02
9.648591e-02
-2.408180e-02
4.066875e-02
5.981379e-02
2.810464e-02
-9.486132e-02
-2.387048e-01
9.458022e-02
2.399696e-02
-1.420969e-01
8.755130e-02
1.487707e-01
1.097373e-01
-5.724815e-02
-5.285458e-02
-1.354591e-02
-1.689566e-01
-8.724017e-02
5.965463e-02
-1.462005e-01
-1.516430e-01
-5.735236e-02
-3.819946e-02
-3.410582e-02
2.138158e-01
-1.046870e-01
-2.517505e-01
-1.476356e-01
2.986534e-01
-1.116795e-01
-1.550724e-01
-1.801264e-01
-1.759010e-01
-8.301199e-04
1.739212e-01
-5.379797e-03
-4.647566e-03
5.294262e-02
1.921072e-01
3.450004e-02
-6.472196e-02
-6.815085e-02
-8.527606e-02
-1.255332e-02
-4.198159e-02
-9.828155e-02
4.012548e-02
-9.069030e-03
-1.095654e-01
-7.878942e-02
1.274118e-01
2.811160e-01
-2.620110e-01
-4.355269e-02
2.780180e-01
-2.606859e-01
-2.421641e-01
-4.463001e-02
-8.031585e-03
8.262937e-02
1.875379e-01
1.163785e-01
1.860554e-02
9.368764e-02
6.415263e-02
-1.240261e-02
6.329340e-02
1.794905e-01
2.057994e-01
-1.231065e-01
1.018723e-01
3.001284e-01
2.192104e-01
2.634250e-02
6.701617e-02
5.894409e-02
-2.380075e-02
-2.798444e-02
5.698827e-02
3.496844e-02
-4.264919e-03
3.936396e-02
3.353165e-02
7.354042e-03
5.036503e-02
-1.644386e-01
-6.964766e-02
5.067533e-02
5.764605e-02
2.387435e-02
-6.171527e-03
2.559187e-02
3.699905e-02
1.769729e-03
-1.078936e-01
-2.073852e-02
1.648584e-01
-2.402643e-01
-2.384972e-01
-6.551883e-02
-1.680427e-01
-3.481571e-01
-3.151452e-01
4.614388e-02
-5.379765e-02
-5.152586e-02
6.177916e-02
-5.938327e-02
-1.583556e-01
1.237279e-01
4.880070e-02
-7.245201e-02
-2.079260e-02
-1.161776e-01
5.936655e-02
1.240308e-01
-7.340432e-02
-5.340596e-02
-3.492899e-03
-4.630982e-03
-3.294626e-02
1.047282e-01
2.500512e-01
-5.657718e-02
-1.418765e-01
1.820738e-01
1.410761e-01
-7.663579e-02
-1.503118e-01
4.151259e-01
