6.434207e-02
7.130224e-02
6.214751e-02
1.221693e-01
1.167183e-01
8.279596e-02
8.103034e-02
8.486089e-02
5.735768e-02
3.195841e-02
2.350370e-02
1.007000e-02
7.607733e-02
5.016046e-02
1.422822e-02
2.672937e-02
9.059857e-03
-1.411946e-02
-1.979588e-02
-2.742268e-02
-6.681328e-02
1.949379e-02
-3.038204e-03
-5.575327e-02
-1.211194e-02
-3.236708e-02
-5.761425e-02
-1.706651e-01
-7.850897e-02
-5.340703e-01
2.781402e-01
1.260546e+00
1.945028e-01
1.683453e-01
1.168980e+00
3.529486e-01
-9.760207e-02
-2.763280e-01
2.292673e-02
-4.637563e-01
-5.689867e-01
-3.547781e-01
-1.499873e-01
-3.475271e-01
-1.956055e-02
3.654868e-01
3.734507e-01
4.119686e-01
3.940750e-02
-2.938311e-01
-1.523142e-01
-3.288953e-02
-6.972736e-01
-4.461892e-01
-2.315143e-01
-6.315774e-01
-3.311297e-01
2.870129e-02
2.455569e-02
-1.685259e-03
2.170938e-01
3.623093e-01
1.838545e-01
-4.326751e-01
-7.618837e-01
-4.408287e-01
9.349819e-02
2.413008e-01
6.515984e-02
4.867347e-01
7.507778e-01
3.888327e-01
-2.670345e-01
-5.722838e-01
-2.458147e-01
5.471602e-03
5.955640e-02
-5.368870e-02
3.461311e-01
4.744707e-01
1.935603e-01
3.451799e-02
1.537721e-02
3.332529e-02
8.409269e-02
-1.607611e-02
5.720413e-02
-2.133415e-03
-1.043636e-01
3.801623e-02
1.788250e-01
2.267015e-01
1.521177e-01
2.373356e-01
2.335376e-01
2.076440e-01
6.644759e-02
2.927056e-02
1.124314e-01
1.145752e-02
2.393569e-02
-2.325406e-02
3.857385e-02
1.975825e-02
4.595507e-02
-2.560692e-02
-5.726856e-02
3.813084e-02
3.881376e-01
5.551556e-01
7.084625e-02
6.261914e-01
1.245040e+00
-7.276078e-02
3.488032e-01
-2.551917e-01
-4.706544e-01
-4.074340e-01
-6.769909e-01
-1.875807e-01
-8.360084e-01
-3.800545e-01
-4.147951e-01
-2.994276e-01
-7.364344e-01
-1.310362e-01
-3.208441e-01
4.337774e-02
1.805009e-01
-1.901474e-01
1.121391e+00
7.690926e-01
-8.939625e-02
5.696725e-01
5.375378e-01
1.453339e-01
7.199091e-02
1.120007e-01
-6.683423e-02
-5.623460e-01
-2.145245e-02
-1.532912e-02
-4.360286e-01
1.043641e-01
2.072624e-01
4.960637e-02
1.160516e-01
-1.488082e-01
-5.925122e-01
-5.076607e-02
-1.159322e-01
-4.801357e-01
8.077430e-02
2.153754e-01
1.602036e-01
2.337873e-01
-6.442346e-02
-3.580756e-01
9.791080e-02
-1.487228e-01
-4.333884e-01
4.814374e-02
-3.076135e-01
-4.685960e-01
-1.440713e-01
-4.890257e-01
-1.004029e+00
-4.496197e-01
-1.034731e-01
-6.760533e-01
-2.362067e-01
-1.189079e-01
2.112534e-02
-1.754748e-01
-2.934174e-02
3.381121e-02
-5.289922e-02
-2.658265e-04
-1.736107e-02
4.424934e-03
1.509854e-01
8.381359e-01
2.438829e-01
4.829549e-01
1.147552e+00
5.282264e-01
4.497603e-02
5.090404e-01
1.267753e-01
5.949241e-02
5.560834e-02
-2.693059e-01
1.342409e+00
-5.693627e-02
-3.802524e-01
-2.849666e-03
1.915899e-01
-6.061843e-02
8.863261e-02
-1.451091e-01
2.422356e-02
9.342334e-01
-8.534230e-01
-4.065172e-01
-4.519992e-01
-3.329028e-01
2.532035e-02
-1.596787e-01
-1.864453e-01
-4.212726e-02
6.379879e-01
-4.289119e-01
3.798556e-02
-3.133753e-02
1.827026e-02
2.913057e-01
-1.500506e-02
6.356974e-01
1.617031e-01
-1.729312e-01
-8.310308e-01
4.665493e-01
2.470146e-02
5.389606e-02
2.968705e-01
2.612223e-01
1.273034e-01
-1.558423e-02
1.560312e-02
-1.538470e+00
1.035136e-01
4.530284e-01
-5.087066e-02
1.052900e-01
1.389655e-01
2.269317e-01
1.735441e-02
1.644377e-01
-6.814915e-01
6.529957e-02
2.062278e-01
4.173340e-02
9.077059e-02
-8.389328e-01
-8.179181e-01
-4.699991e-01
-1.978581e-01
7.588361e-01
1.646141e-01
9.014069e-02
1.433600e+00
5.943198e-01
2.569756e-01
1.378539e-01
-2.185429e-01
6.356810e-01
5.778841e-01
-4.201321e-01
2.255947e-01
1.601238e-01
-4.110890e-01
3.999455e-01
5.612655e-01
7.782481e-01
-2.018458e-01
-2.957820e-01
1.326309e-01
-5.291543e-01
-1.028372e+00
-3.751276e-01
-2.673993e-01
-2.173979e-01
2.335586e-01
-3.477396e-01
-1.425341e-01
5.838624e-01
-5.516114e-02
3.003176e-02
5.603285e-01
-4.616713e-01
-1.805661e-01
4.255244e-01
-7.047918e-01
-1.957579e-01
7.470443e-01
-3.689433e-01
-1.368598e-01
5.430133e-01
-4.198017e-01
-8.922826e-02
4.348012e-01
-6.928648e-01
-1.141881e-01
7.051463e-01
-3.695293e-01
-4.964325e-02
5.751038e-01
1.345955e-02
2.421005e-03
2.220044e-03
-5.957739e-03
-1.857190e-03
3.685081e-03
3.515969e-03
1.179647e-03
3.301589e-03
-1.162390e-03
-1.581191e-03
8.918564e-04
-8.036468e-03
1.908487e-03
-6.090000e-05
-4.311939e-03
-1.448032e-03
1.987193e-03
3.985389e-03
2.667874e-03
-4.683626e-03
-3.039193e-03
4.470349e-03
3.229545e-04
4.494700e-03
-5.010874e-04
-8.138970e-04
1.474073e-01
3.953176e-01
3.842521e-02
1.127064e-01
7.411860e-01
2.601711e-01
-1.404643e-01
5.004011e-03
1.540051e-02
-3.312765e-01
-8.080776e-01
-5.102649e-01
-3.730052e-01
-6.520472e-01
-5.100346e-01
1.488467e-01
-2.721044e-01
6.070436e-02
2.387530e-01
-4.562570e-03
2.324927e-01
6.850984e-02
-1.025881e-01
-6.617612e-02
1.242441e-01
-6.778913e-02
5.943375e-02
-1.866049e-01
3.082729e-01
2.313905e-01
-1.587224e-02
-3.946544e-01
7.946560e-01
-3.375720e-01
8.131334e-01
5.763519e-01
-2.835435e-01
-3.678294e-01
1.123012e-01
-2.835934e-01
-1.772295e+00
-1.095492e-01
-2.451868e-01
-3.952833e-02
-1.231766e-01
2.132200e-01
4.129258e-01
-1.947179e-01
8.577034e-01
3.057323e-02
-5.643877e-02
2.035057e-01
3.263553e-01
-4.460907e-01
1.803991e-01
4.508418e-01
2.686442e-01
-6.967723e-02
2.013401e-01
3.345852e-02
-2.362276e-01
-3.230971e-01
-3.232327e-01
3.534967e-01
7.323462e-01
3.512448e-01
-1.793133e-01
1.421997e-01
-1.638595e-02
-4.419731e-01
-4.522816e-01
-3.409370e-01
2.449683e-02
3.335536e-01
1.691633e-01
-1.864567e-01
1.271442e-01
9.378782e-02
-4.393073e-01
-2.745970e-01
-1.643883e-01
-5.539481e-03
6.159686e-03
1.969494e-03
4.952765e-04
3.688700e-03
-2.198486e-03
-5.262888e-03
3.200070e-03
4.405602e-04
3.547437e-03
6.796385e-03
-5.778364e-03
6.719453e-04
3.318442e-03
3.970310e-04
2.439204e-03
-1.320246e-03
7.690740e-03
4.383942e-03
-2.043033e-03
2.508342e-03
-7.151294e-03
5.071188e-03
8.238097e-03
-2.040676e-03
-4.449296e-04
2.886692e-03
