-2.597285e-02
-2.306748e-03
-1.281739e-01
9.685697e-02
1.719376e-01
2.352950e-03
8.124200e-02
1.613850e-01
1.707918e-02
-1.549817e-01
-8.228035e-02
-1.437507e-01
-1.005480e-02
-7.223050e-03
-6.185056e-02
8.452246e-02
5.616670e-02
-6.213584e-02
5.333601e-02
9.765100e-02
-4.752820e-02
4.552269e-02
6.602563e-02
-4.203741e-02
-1.037449e-02
1.465579e-02
-5.632567e-04
3.116095e-02
2.966196e-02
6.534261e-03
1.143568e-03
8.148707e-03
-1.361861e-02
-5.896401e-03
1.560951e-02
1.007314e-02
-1.328084e-02
-1.947063e-01
-1.183163e-01
1.470720e-01
1.419951e-02
1.094062e-02
1.888986e-01
4.715184e-02
-7.352449e-02
-2.474445e-01
-2.307201e-01
-7.073704e-02
-1.923927e-01
-2.499667e-01
-6.267470e-02
2.650096e-02
6.934653e-02
1.377108e-01
1.326324e-02
1.656176e-02
-1.857472e-02
4.542030e-02
7.127332e-02
2.318500e-02
-1.891465e-02
1.775710e-02
-4.224030e-02
-4.731819e-02
5.006413e-02
-2.933214e-03
5.295098e-03
-2.800349e-03
-5.337771e-02
7.447631e-02
5.721069e-02
3.654360e-02
3.340871e-02
2.168324e-01
2.257525e-01
-7.858666e-02
2.013946e-01
4.051476e-01
-3.201429e-01
-1.662099e-01
1.366425e-01
-7.680531e-02
-9.842098e-02
-1.264963e-01
1.504426e-01
1.306276e-01
-7.998309e-02
2.606708e-01
2.396448e-01
-2.632408e-02
-5.605188e-02
-1.034865e-01
-9.999309e-02
-6.652604e-02
-1.108466e-01
-6.354187e-02
-4.175052e-02
-5.933147e-02
-4.038446e-02
2.123385e-02
5.046323e-02
6.394397e-02
-1.102461e-04
-3.902627e-03
7.883802e-02
-7.841002e-03
1.609577e-02
1.217960e-01
2.918440e-02
9.683920e-02
4.909659e-02
-4.582816e-02
-1.786817e-02
-2.473243e-02
-5.390332e-02
-8.221789e-02
-7.516737e-02
1.000154e-01
7.450137e-02
2.961905e-02
3.121017e-02
7.494543e-03
-1.673325e-02
6.192187e-02
-1.417919e-02
-5.563484e-02
8.027971e-03
-6.602661e-04
5.731248e-02
-2.911688e-02
-6.898142e-02
2.437292e-03
-3.986942e-02
-9.629750e-02
-4.129095e-02
7.742947e-04
9.259791e-04
1.594443e-03
4.408688e-04
5.847784e-04
1.753646e-03
6.457019e-04
-2.623026e-03
-1.243375e-03
-2.113401e-01
-7.607514e-02
-6.196110e-02
-1.735383e-01
-2.424954e-02
-6.235463e-02
-1.368672e-01
-5.819017e-02
-7.726248e-02
-1.575631e-01
-1.556096e-01
4.919390e-02
-1.840152e-01
-1.697386e-01
-3.968148e-02
-6.296961e-02
-4.265928e-02
-6.857829e-02
5.513188e-02
6.575161e-02
-1.246423e-02
-1.150191e-01
-8.452687e-02
-2.645972e-02
-1.058755e-01
-7.152530e-02
-2.399056e-02
-5.049430e-02
-5.796458e-02
-6.468771e-02
-8.355528e-03
3.032470e-03
-3.117652e-03
-3.311732e-02
-8.563218e-02
-8.573840e-02
-1.011681e-01
8.979776e-02
8.829820e-02
-1.773106e-01
-9.330476e-02
5.972536e-02
-9.324256e-02
-1.401821e-01
5.046794e-02
-1.876215e-01
-2.323431e-01
-1.657291e-01
-7.577844e-02
-3.273975e-01
-3.080048e-01
1.788951e-01
3.434677e-02
3.231847e-02
-8.123622e-02
-1.180275e-01
-2.714365e-01
-4.807264e-02
4.959441e-03
-8.574219e-02
-6.534087e-02
6.431950e-02
4.136216e-02
-2.357690e-01
-1.206916e-03
-1.113915e-02
7.417546e-02
-7.093564e-02
-1.416741e-01
1.285446e-01
-1.750577e-01
-1.502609e-01
-4.230930e-02
3.667485e-02
-1.821291e-02
-1.084052e-01
7.073981e-02
1.523843e-01
-1.934364e-01
-9.345269e-02
6.317291e-02
-2.528388e-01
-2.412306e-01
-2.103267e-01
-1.195486e-01
-1.771808e-02
-6.691472e-02
-3.086929e-02
4.985389e-02
-1.242583e-01
-1.122403e-01
-1.380352e-01
-9.159325e-02
-1.898772e-01
-9.663452e-02
-3.418548e-02
-2.064804e-01
-3.045348e-02
1.924646e-02
2.017660e-02
-7.499905e-02
-1.250053e-02
1.353228e-02
-4.271869e-02
9.560944e-03
-5.900878e-02
-3.849906e-02
6.833563e-02
1.777186e-01
1.514835e-01
7.510324e-02
9.678756e-02
-1.464063e-01
-5.039862e-02
1.109327e-01
-1.893412e-01
-1.678503e-01
-5.414384e-02
-7.183276e-02
-5.990809e-04
-2.076472e-02
-9.213167e-02
-6.916888e-02
-8.544434e-03
-6.836233e-02
-6.767985e-02
7.917095e-02
7.660808e-02
-1.461599e-02
-2.868354e-02
1.345515e-02
2.528579e-03
-1.178923e-02
3.642924e-02
5.165456e-02
5.587469e-03
5.116282e-04
2.707864e-03
-4.226889e-03
3.126084e-03
2.650846e-03
-4.876839e-03
-2.877733e-04
-1.281768e-03
-2.084090e-02
5.173436e-02
1.748429e-03
2.970100e-05
6.769025e-02
-1.779903e-02
-2.376621e-02
4.180248e-02
-4.912788e-03
1.410293e-03
-2.068709e-01
-1.770031e-01
1.116319e-01
1.954995e-01
3.123008e-02
7.206930e-02
2.876466e-01
1.437390e-01
-2.512766e-02
-2.368811e-01
5.850552e-02
8.977305e-02
1.232709e-01
5.590238e-02
9.705517e-02
7.199515e-02
-1.070713e-01
3.242186e-02
1.287641e-01
2.460424e-02
8.568062e-02
1.367801e-01
8.101435e-02
-8.792980e-02
-2.197402e-01
-1.548195e-01
-2.900034e-02
4.110602e-01
1.950661e-02
-5.053357e-02
-1.915666e-01
-1.335709e-01
7.805427e-02
-1.232681e-01
7.899611e-02
-3.536642e-02
8.528551e-02
-2.099354e-02
-8.229851e-02
-1.518221e-01
-2.223773e-01
5.678661e-02
-6.444795e-02
-9.247259e-02
-1.643998e-01
-3.176908e-01
-1.341029e-01
1.351707e-02
-1.741533e-01
-5.626532e-02
1.572339e-01
1.828434e-02
3.572360e-02
-1.160733e-01
-8.822483e-02
7.392936e-02
-2.084947e-01
-1.249174e-01
-9.549747e-03
-1.158392e-01
-1.083478e-01
-9.225339e-02
2.198206e-02
-3.523172e-02
4.635110e-03
-3.810305e-02
1.874881e-02
6.404924e-02
-8.212929e-02
3.110265e-02
1.158386e-01
1.382386e-01
1.325743e-01
3.519132e-02
4.841800e-02
8.520697e-02
-1.709055e-03
-3.912448e-02
-4.389101e-03
-9.609879e-02
4.756241e-02
1.097096e-01
9.224678e-04
1.412650e-02
5.273450e-02
-1.869434e-02
2.022253e-02
3.718334e-02
5.308573e-02
1.635800e-02
1.240769e-01
5.101210e-02
4.097298e-02
6.067762e-02
3.410668e-02
3.284837e-02
3.004340e-02
-2.180347e-03
-1.775398e-01
-1.789482e-01
-7.869320e-02
7.802293e-02
3.303623e-01
1.796594e-01
-1.323369e-02
1.868287e-01
6.120723e-02
1.612217e-01
-5.230731e-02
-3.024576e-01
-9.022353e-02
3.556563e-02
-5.781361e-02
-2.301761e-01
9.643456e-03
1.655277e-02
-5.314230e-03
9.106574e-03
-5.518135e-02
-6.971889e-02
-4.303623e-02
-6.149568e-02
-1.152043e-01
-8.695674e-02
-7.554083e-02
1.647749e-03
1.463088e-03
2.600680e-03
1.903230e-04
-5.511426e-04
5.035012e-04
-2.137641e-03
-1.066231e-03
8.453807e-04
3.158072e-02
4.823945e-02
5.095816e-02
2.877489e-02
4.965851e-02
2.773250e-02
1.551611e-02
2.587406e-02
3.029213e-03
3.462804e-02
6.636196e-03
4.400479e-02
-2.993927e-02
-2.816473e-02
-1.681448e-03
1.207489e-02
3.194121e-02
2.214053e-02
1.862670e-02
3.073971e-02
8.526927e-02
-1.827621e-02
1.222069e-02
6.878220e-02
4.690356e-02
6.328142e-02
4.606073e-02
-1.877772e-02
-1.260964e-02
-6.342931e-03
-1.856803e-02
-3.106086e-02
-2.961203e-02
-1.142470e-02
-2.796410e-02
-2.409987e-02
3.942891e-02
4.845757e-02
-3.502588e-02
9.778788e-02
4.475035e-02
-3.338047e-02
4.822486e-02
4.573651e-02
8.596064e-03
8.450283e-03
2.250172e-02
4.994712e-02
4.325756e-02
6.785213e-02
7.189311e-02
4.038754e-02
6.758128e-02
7.261088e-02
4.811773e-02
4.449288e-02
5.474528e-02
1.742138e-02
1.356318e-02
5.287478e-02
-9.695529e-03
7.400041e-03
2.266118e-02
8.169539e-03
-8.843468e-03
-1.552208e-03
2.046088e-03
6.220350e-03
2.305433e-02
3.187223e-02
3.762003e-02
5.276847e-02
-7.461776e-03
-1.654171e-02
3.799660e-03
-5.349585e-02
-3.024229e-02
9.838919e-03
-5.459744e-02
-4.383401e-02
-8.180532e-03
-6.493244e-04
-2.447372e-03
-1.895283e-02
-1.042663e-02
-1.090992e-02
-3.387946e-02
-3.272500e-02
-4.163051e-02
-4.346239e-02
5.275086e-03
2.613631e-03
2.620532e-02
-2.077485e-03
-1.512033e-03
1.884352e-03
3.023774e-02
2.538631e-02
2.121549e-02
1.038608e-03
7.493789e-03
1.382199e-02
1.196430e-02
1.049292e-02
1.750352e-02
3.281002e-02
2.618988e-02
3.747480e-02
3.339529e-02
-1.611513e-02
2.501553e-02
-5.136182e-03
-1.071043e-02
2.603338e-02
1.817472e-02
-2.140585e-03
-3.586191e-03
4.111730e-03
-3.256572e-02
-1.084410e-03
-3.598408e-02
-3.787033e-02
3.597326e-03
-4.403309e-02
-1.779201e-02
2.790439e-02
8.320765e-03
2.586975e-03
2.978938e-02
1.599698e-02
1.439580e-02
5.183825e-02
3.243761e-02
2.854079e-02
5.701023e-02
5.873971e-04
-5.532684e-04
-7.152748e-04
6.258058e-04
1.843852e-03
-6.258841e-03
3.305922e-04
-6.471507e-04
1.368711e-03
-1.330667e-01
-1.822544e-02
-6.361429e-02
-2.001604e-01
-1.438638e-01
-1.461361e-01
-2.786203e-01
-2.745664e-01
-2.385984e-01
-1.341442e-01
-2.655391e-03
1.679815e-01
-2.466529e-01
1.001454e-01
2.059895e-01
-1.593726e-01
2.235861e-02
8.083481e-02
-2.373190e-01
-1.149856e-01
1.065340e-01
-9.321052e-02
2.245944e-01
3.376547e-01
-4.293163e-03
1.589998e-01
2.289625e-01
-2.204048e-01
-1.639704e-02
-5.988893e-02
8.269667e-02
6.620201e-02
4.924057e-02
-1.440478e-02
-7.506616e-02
-5.703482e-02
-4.822405e-02
6.650868e-03
-7.535566e-02
2.577673e-01
-1.261119e-01
-2.680680e-01
4.279044e-02
-1.266856e-02
-2.022530e-01
-6.651431e-02
-7.105777e-02
-2.336906e-03
-1.276141e-01
-2.550291e-02
1.276515e-01
-6.528836e-02
8.381427e-02
1.768274e-01
-2.438776e-01
-3.293138e-01
-1.666059e-01
-1.854425e-01
-3.322823e-02
7.947569e-02
2.612214e-02
1.909202e-01
1.949101e-01
1.603218e-01
8.135052e-02
-7.827441e-02
9.107345e-03
-3.502720e-02
-1.475379e-01
-2.457041e-02
8.504186e-02
-5.985699e-03
-4.758751e-02
1.251305e-01
2.595627e-01
-1.451365e-01
3.977874e-02
1.075966e-01
-2.766574e-01
-2.200273e-01
-2.750373e-01
2.400642e-02
1.482088e-01
8.213656e-02
8.520622e-02
1.056661e-01
-1.183682e-02
6.669178e-03
-3.032114e-02
-1.032857e-01
-9.205501e-03
5.439047e-04
3.474560e-02
2.866902e-02
2.285588e-02
1.590489e-02
1.645812e-01
1.301401e-01
4.620164e-02
-2.336325e-02
6.121662e-02
1.491433e-01
-7.042237e-02
8.854593e-02
1.580436e-01
-2.062897e-01
-6.192965e-02
-7.537299e-02
2.674148e-02
-1.284764e-01
-2.154890e-02
-4.165285e-02
1.098080e-01
1.007445e-01
1.062746e-01
3.032529e-02
1.856609e-02
-2.962871e-01
-8.876818e-02
-6.238138e-02
-4.795512e-01
-1.402500e-01
-8.459807e-03
-2.459566e-01
-6.453450e-02
1.873870e-02
-8.324563e-03
3.397543e-02
2.143367e-01
-9.349355e-02
-5.884635e-02
1.616913e-01
1.004967e-01
1.211577e-01
2.858841e-01
2.107889e-03
1.294942e-03
4.150734e-03
2.968741e-04
-6.000756e-05
3.672410e-04
-8.809055e-04
-1.955881e-03
1.716731e-04
-3.448493e-02
-3.767102e-02
-8.029555e-02
-2.694508e-02
-4.789405e-02
-9.095346e-02
-2.166460e-02
-4.480130e-02
-1.340927e-01
-1.111050e-02
-1.603813e-02
-1.100520e-01
-2.018799e-02
-6.410618e-02
-1.454651e-01
-7.350039e-02
-1.014689e-01
-1.234414e-01
-8.402037e-03
2.697862e-02
-3.019142e-02
9.184703e-02
2.757797e-02
-7.227099e-02
-9.085117e-02
-9.663356e-02
-1.119127e-01
-7.304602e-02
-6.223897e-02
-2.465648e-02
8.079297e-02
1.254840e-01
9.691876e-02
2.723782e-01
2.690364e-01
1.798041e-01
-2.571062e-02
-2.103877e-02
-7.098031e-03
1.726520e-02
1.509996e-02
3.936063e-02
1.474979e-01
2.350295e-01
3.688071e-02
7.917031e-02
5.320485e-02
1.325714e-01
-2.921577e-02
-3.175797e-02
5.668364e-02
1.023357e-02
2.669082e-02
8.158962e-02
-2.926765e-02
-1.191489e-02
3.235860e-03
4.747076e-02
1.593320e-01
8.189660e-02
-1.141090e-01
-6.199105e-02
-9.736859e-02
4.061238e-02
-3.070831e-02
7.832289e-02
2.295065e-02
2.013346e-02
1.017171e-01
7.812972e-02
4.996800e-02
3.977848e-02
3.649697e-02
-2.180363e-03
-2.661922e-02
1.592204e-01
1.332907e-01
6.072771e-02
2.297850e-02
3.373886e-02
5.646287e-03
-1.409924e-01
-1.695982e-01
-1.760984e-01
-8.997630e-02
-1.449551e-01
-1.601954e-01
-2.836070e-02
-5.680861e-02
-9.811717e-02
2.154629e-02
1.423879e-02
-2.925805e-02
-6.077166e-02
-7.706185e-02
-1.114475e-01
1.621495e-02
1.131322e-02
-2.076694e-02
2.337714e-02
-2.395683e-02
-2.216666e-02
-2.602678e-03
-1.944507e-02
1.005075e-02
-4.353401e-02
-5.818936e-02
6.770497e-04
-4.047875e-02
9.660045e-03
5.617792e-02
-5.170634e-02
1.087987e-02
2.423763e-02
-2.145703e-01
-1.828137e-01
-7.021000e-02
2.486318e-02
1.312655e-02
-2.239747e-02
9.671181e-02
1.986633e-02
-2.357749e-02
5.604543e-02
-6.350357e-02
-1.197015e-01
1.779035e-02
2.584394e-02
6.551345e-02
2.653151e-02
6.617529e-03
5.870241e-02
-4.190497e-02
-7.866779e-02
-2.442038e-02
1.589982e-03
2.229965e-03
1.634493e-03
2.000809e-03
-1.387082e-03
2.637827e-04
-5.593300e-05
1.644158e-03
-3.640805e-04
-9.125080e-02
-9.113865e-02
5.321695e-02
-1.133455e-01
-9.542204e-02
-3.039769e-02
-2.801648e-03
8.494651e-02
-5.240327e-03
1.515862e-02
8.436399e-02
-2.437869e-01
-1.007727e-02
5.459082e-02
-1.642178e-01
-1.396549e-01
1.153745e-02
2.731381e-02
-1.425682e-01
-6.411644e-02
-2.439253e-01
4.925009e-02
9.761582e-02
-2.072454e-01
-2.309424e-03
1.234360e-02
-1.745264e-01
-1.368551e-02
-3.261567e-02
-2.805484e-02
-6.472872e-03
-8.845723e-02
-1.124051e-02
2.471738e-02
-2.196369e-02
-1.144509e-01
1.240393e-01
-1.832249e-01
-2.520330e-01
1.449075e-01
2.555116e-01
-2.222675e-01
3.669129e-02
1.609769e-01
-1.232725e-01
-1.283505e-01
1.865413e-01
3.135822e-01
-1.773164e-01
1.080947e-01
2.974855e-01
-2.839634e-01
-2.916070e-01
-1.496701e-01
-2.447377e-01
-7.363231e-02
-9.881121e-02
-7.780021e-02
-9.106660e-02
-1.898573e-01
5.348811e-02
3.425768e-02
-1.570402e-01
-1.907916e-01
-2.011340e-02
2.335609e-01
-2.912392e-01
2.166823e-02
3.087983e-01
-2.497614e-02
4.389087e-02
-4.211080e-02
1.893804e-01
-3.591402e-03
-6.034181e-02
1.328493e-01
-6.848740e-02
-1.425648e-01
3.324715e-02
-3.676442e-02
-7.261342e-02
-1.337799e-01
-2.083478e-01
-6.223282e-03
-2.698130e-01
-3.629431e-01
-9.602053e-02
-8.372035e-02
-1.482110e-01
1.476919e-01
1.073585e-01
3.396744e-03
-7.068802e-02
3.372553e-02
-8.844281e-02
-7.284427e-02
-8.908487e-02
-1.392787e-01
-6.737211e-04
2.213020e-01
4.132844e-01
1.259328e-01
1.212622e-01
1.854080e-01
-3.355790e-02
-3.112178e-01
-4.627779e-01
-4.092644e-01
-1.978587e-02
2.751324e-01
9.101760e-02
3.037789e-03
3.402984e-01
1.761031e-01
-1.585172e-01
1.005857e-01
-3.028138e-02
-4.801836e-03
3.116802e-02
1.243928e-02
3.741524e-03
-1.761487e-02
-1.225989e-01
-6.312592e-02
-1.142568e-01
-1.176983e-01
-4.883195e-02
-1.218427e-01
-3.166915e-02
-9.070301e-02
-1.620512e-01
-1.043972e-01
1.296444e-01
8.359738e-02
8.054167e-02
-3.470183e-03
-1.922518e-03
1.038104e-03
1.997399e-03
-1.772859e-03
-2.332815e-03
1.549112e-03
-2.046677e-04
-1.960727e-03
-5.253484e-02
-2.626289e-02
-8.676650e-02
-1.916480e-01
-3.610896e-02
-1.002554e-01
-1.118755e-01
1.661034e-01
1.961338e-02
-5.852680e-02
1.681941e-02
-1.043679e-01
4.888002e-01
-7.107755e-02
2.973564e-02
5.944496e-03
-1.940610e-01
1.192649e-01
-1.616596e-02
-6.056662e-02
1.022642e-01
5.595710e-01
-1.568619e-01
-1.515303e-01
-8.793888e-03
-8.802643e-02
-2.961202e-02
5.054465e-02
3.831180e-02
-1.439824e-01
-2.046718e-01
5.685570e-02
1.817151e-01
-2.453626e-01
6.833453e-02
5.399673e-02
1.936364e-01
-2.048960e-01
1.517883e-02
-5.809909e-01
2.941989e-01
-3.726641e-02
7.529977e-02
6.288576e-02
2.834849e-02
7.314514e-02
-3.676321e-02
4.308232e-02
4.872913e-02
-1.324392e-01
1.333539e-01
-1.109009e-01
6.987055e-02
7.614936e-02
-2.690729e-01
-9.866317e-02
4.722485e-02
-1.096209e-01
-8.010544e-02
-9.636243e-02
-1.071169e-01
6.877197e-02
5.439414e-02
6.990131e-02
9.466886e-02
1.298516e-02
1.012889e-01
5.594761e-02
6.344752e-02
-2.230706e-02
-8.675223e-02
2.184910e-02
-1.065986e-01
5.036674e-02
6.144565e-02
1.318794e-01
2.019428e-02
2.600894e-02
2.529693e-02
-1.173216e-01
-5.764236e-02
-1.298491e-01
-3.748619e-02
3.894277e-02
-1.471272e-01
2.060030e-03
4.000321e-03
9.532760e-04
4.068876e-02
6.600477e-02
9.424995e-02
-6.209475e-02
-3.679441e-02
-3.423298e-02
5.490829e-02
9.682803e-02
-4.381010e-02
-3.075495e-03
9.660003e-02
-1.239584e-01
-1.537285e-01
8.960494e-02
-3.427980e-02
1.013602e-01
1.145176e-01
9.672026e-02
-1.216621e-01
1.213739e-01
-5.376984e-02
3.540286e-02
-5.462332e-02
8.274576e-01
-1.332108e-01
8.956951e-02
-8.285611e-03
1.593358e-02
4.024588e-02
3.551767e-01
7.474202e-02
-8.190766e-02
6.192153e-01
4.716375e-01
2.723706e-01
1.366571e-01
3.105516e-02
-8.245562e-02
7.418229e-02
-3.789078e-02
-1.978322e-02
-9.459932e-02
-1.935793e-02
-3.754736e-02
-1.088940e-01
-6.068438e-02
4.781198e-05
-4.197656e-04
6.689270e-04
1.536046e-03
2.787469e-04
6.903526e-04
-6.283518e-04
1.355902e-04
1.385680e-03
-3.179825e-03
8.637390e-02
3.360983e-02
5.806915e-02
2.010334e-01
7.247069e-02
1.243277e-01
1.545300e-02
-1.327608e-01
1.057042e-01
-1.457815e-01
9.788483e-02
8.846911e-02
-1.361770e-01
3.641160e-02
-3.474721e-01
-1.103767e-01
1.431012e-01
-9.761868e-02
7.254435e-02
1.632877e-01
3.676647e-02
3.185076e-02
1.794215e-01
-3.288271e-01
1.812858e-02
1.421807e-01
-1.141068e-01
-1.758482e-02
2.874047e-02
-6.614092e-02
1.109713e-01
-1.815877e-01
9.681280e-02
6.791704e-02
-3.353310e-01
-3.033133e-02
9.788917e-02
-1.714753e-01
5.420438e-02
1.992012e-01
-7.649704e-01
4.745266e-01
1.963196e-01
-3.130177e-01
1.809667e-01
4.481964e-02
6.229459e-02
1.195748e-01
5.308483e-02
-9.870002e-02
-7.262394e-03
7.022838e-02
-2.173495e-01
-2.176214e-01
2.111911e-01
-2.530220e-01
1.473582e-01
6.596457e-02
-2.566794e-01
-3.420589e-02
4.098507e-02
1.759314e-02
-7.404108e-02
2.440654e-02
1.033724e-01
-9.609032e-02
7.836499e-02
-3.024822e-03
-1.416515e-01
4.130071e-02
-6.954280e-02
-1.217321e-01
6.734780e-03
3.040354e-02
-7.742839e-02
-2.287347e-02
-2.743307e-02
-7.300954e-02
-5.740953e-02
-6.828026e-02
-1.017871e-01
-6.332377e-02
-1.675616e-02
-2.151315e-02
2.048501e-02
8.828515e-02
2.190227e-02
2.400591e-02
8.973779e-02
-7.111163e-02
1.567877e-02
1.265268e-01
7.613119e-02
7.109298e-02
1.731949e-02
1.047361e-01
1.011152e-01
5.401558e-02
8.740804e-02
-3.831507e-02
1.540639e-01
5.257252e-02
-3.211402e-02
-3.485981e-03
1.066481e-01
-7.850540e-02
5.467754e-02
1.191315e-01
-2.690661e-02
-6.899210e-02
-3.097271e-02
-7.432041e-02
1.080480e-01
-3.365709e-01
-2.530939e-02
1.097364e-01
-2.989301e-02
-6.938808e-02
2.857329e-02
5.752318e-02
-2.744723e-01
2.804723e-01
9.099162e-02
-6.948364e-02
6.341719e-02
2.177272e-01
3.770649e-02
1.290233e-01
-9.888173e-02
2.503108e-02
6.572063e-04
-5.257242e-02
5.516896e-02
-7.501164e-03
-1.097219e-02
-2.590595e-03
5.300073e-04
-4.588079e-04
-1.447327e-03
-3.529813e-03
1.801352e-03
1.147955e-03
-2.421887e-03
-7.991724e-04
9.016029e-02
1.209881e-01
1.217304e-01
4.692946e-02
5.425505e-02
1.810152e-02
-2.596554e-02
-3.912460e-02
-3.081654e-02
1.649920e-02
3.462021e-02
1.018899e-01
4.602672e-02
1.054901e-01
1.193298e-01
-1.178033e-02
6.609967e-02
2.617281e-02
4.349309e-03
4.432360e-02
-9.103424e-02
9.738417e-02
1.742075e-01
-9.020694e-02
4.114245e-02
7.053617e-02
-1.648130e-01
1.169626e-01
2.436979e-02
9.788931e-02
1.004060e-01
-4.975407e-02
6.702703e-02
-4.771765e-02
-2.142209e-01
-3.973098e-02
1.605048e-02
6.912136e-03
7.828456e-02
-1.633404e-01
-2.306194e-01
1.722673e-01
-1.963274e-01
-3.236754e-01
1.785990e-01
5.617547e-02
2.193217e-03
4.305094e-02
1.477547e-01
-1.101433e-01
-6.054018e-02
9.915526e-02
-1.089767e-01
-8.916200e-02
-1.219330e-02
-1.367201e-01
-6.686284e-02
-1.710512e-02
-1.280933e-01
-3.106758e-02
1.515190e-02
2.512143e-02
3.938554e-02
-1.542540e-01
9.253100e-02
1.266582e-01
4.587376e-02
6.797614e-03
-7.673074e-02
8.123899e-02
-8.789187e-02
-1.256066e-01
-1.846809e-01
-9.242424e-02
-6.216297e-02
-8.444979e-02
5.821064e-03
9.998140e-02
-9.629701e-02
-6.354961e-02
2.055450e-02
-1.613230e-01
-1.277250e-01
-6.428542e-02
-6.646614e-02
4.059018e-02
2.674171e-02
3.026140e-02
1.148391e-01
1.888073e-02
-1.921257e-02
-3.854465e-02
-9.034889e-03
-5.483220e-02
-5.794400e-03
7.020618e-02
-9.743384e-02
6.581028e-03
7.953151e-02
-5.066359e-02
-8.868774e-02
-5.058087e-02
9.025868e-03
-9.837152e-02
4.271321e-02
-2.570640e-02
-6.675959e-02
8.304540e-02
-2.481657e-02
3.035336e-02
-2.188530e-02
1.247477e-01
5.767004e-02
-7.696550e-02
1.496895e-02
-9.544063e-02
-1.905447e-01
-1.155999e-01
-7.553101e-02
-2.295636e-02
-9.532420e-02
3.287638e-02
9.961209e-02
-9.615509e-02
1.153023e-02
1.405790e-01
1.332365e-01
7.900146e-02
-7.843917e-02
1.282823e-01
7.139775e-02
-5.301397e-02
3.644760e-02
1.959359e-02
-5.722675e-02
1.333824e-03
-1.801183e-03
-1.070473e-03
1.372331e-03
8.741562e-04
-3.466148e-04
-8.501036e-04
1.140357e-03
-2.644684e-03
-2.329539e-02
-3.182960e-02
-3.982593e-02
-1.103269e-01
-9.156030e-02
-9.578075e-02
-7.680133e-02
-9.480748e-02
-1.385704e-01
-1.148391e-02
-1.764327e-02
1.081467e-01
-1.957169e-01
-9.520035e-02
1.242754e-01
-1.759304e-01
-1.537522e-01
-5.813801e-02
7.283376e-03
1.546567e-03
4.003545e-02
-5.204853e-02
4.965920e-02
1.460031e-01
1.511963e-02
1.874533e-02
6.677399e-02
-9.140258e-02
-9.429556e-02
-4.797725e-02
5.965131e-03
6.356220e-03
-1.103729e-01
4.967297e-02
4.102664e-02
-1.330840e-01
4.310655e-03
-6.665619e-02
-1.492893e-01
1.539029e-01
1.699723e-02
-2.130190e-01
-2.710486e-02
-5.321205e-02
-1.561187e-01
2.893240e-02
1.005106e-01
8.706056e-02
1.935418e-02
6.126586e-02
4.565317e-02
-7.887071e-02
-2.006451e-03
6.251235e-02
1.403893e-01
-1.899158e-02
-1.538959e-01
-2.688476e-02
-1.045062e-01
-9.692267e-02
-3.221209e-03
-5.204393e-02
1.811117e-02
-1.000384e-02
-7.581930e-03
7.118034e-02
1.718000e-02
8.102317e-02
1.052810e-01
1.575918e-01
1.579618e-01
7.273106e-02
-1.827998e-02
-6.004849e-02
2.898487e-02
-3.553017e-02
-2.949039e-02
2.786973e-02
-5.382325e-02
-2.547710e-02
-2.070919e-02
7.682952e-02
6.492337e-02
5.624573e-02
6.444523e-02
3.903094e-02
4.880732e-02
6.561952e-02
6.812232e-02
1.075253e-01
-1.682352e-02
1.569421e-03
4.867030e-02
-1.129972e-02
-9.780057e-03
-1.850304e-03
8.183347e-03
-1.173359e-02
-4.091356e-02
-2.930014e-02
-4.779482e-02
-5.304400e-02
5.204392e-02
1.671111e-02
-4.976695e-02
-2.379411e-03
-2.229688e-02
-7.877420e-02
-1.678374e-02
3.022626e-02
3.839679e-02
-5.624061e-03
7.292466e-02
1.902472e-01
7.084446e-02
6.814825e-02
1.005622e-01
-1.690687e-01
-9.674447e-02
-8.925608e-02
-1.970369e-01
-1.642717e-01
-8.761271e-02
-1.761665e-01
-9.141870e-03
-6.628234e-02
-1.371837e-01
-7.227514e-02
2.451828e-02
-1.080906e-01
-7.742137e-02
8.936943e-03
-1.233172e-01
-7.204562e-02
-1.224317e-02
3.768204e-04
-3.799723e-03
-4.864744e-04
-7.560062e-04
-1.232851e-03
-4.729935e-06
4.541436e-04
1.858547e-03
-4.543085e-04
-4.189647e-02
-5.723403e-02
-9.739432e-02
-7.520159e-02
-8.326114e-02
-1.163183e-01
-7.067209e-02
-1.106128e-01
-1.446978e-01
-1.440954e-01
-6.250136e-02
1.976183e-01
-7.395209e-02
-1.450626e-01
4.472382e-02
-1.389991e-02
-2.058256e-01
-1.485633e-01
-3.446442e-02
4.539266e-02
-3.209667e-02
-1.467319e-01
-5.991359e-02
-1.074825e-01
-1.467108e-01
-1.595704e-01
-1.186659e-01
3.157037e-03
-5.083773e-02
-9.597832e-02
-1.277680e-01
-2.357894e-01
-2.137443e-01
-1.496210e-01
-2.946561e-01
-2.567765e-01
-8.121932e-02
-1.502960e-02
1.284382e-02
-1.273139e-01
-8.431153e-02
7.827406e-02
-1.833298e-01
-2.506683e-01
-7.779063e-02
1.208325e-01
1.475123e-01
-9.844519e-03
2.075394e-01
9.183692e-02
-2.049202e-01
8.552584e-02
-2.479923e-02
-3.249431e-01
-4.678329e-03
-9.875907e-02
-1.339036e-01
-1.040012e-01
-2.020180e-01
-1.237834e-01
-1.405988e-01
-2.167947e-01
-8.227859e-02
3.836625e-02
-8.916040e-02
-5.430804e-02
-5.258730e-02
-1.714146e-01
-1.465516e-01
-1.535178e-01
-1.165411e-01
-8.154179e-02
9.451567e-02
-1.207854e-01
-2.234964e-01
2.379568e-01
1.096508e-01
-5.052085e-02
2.271251e-01
2.717300e-01
1.712109e-01
-1.073082e-01
-2.106059e-03
-2.516625e-02
-1.189757e-01
-8.563331e-02
-1.146182e-01
-9.435775e-02
-1.189988e-01
-1.186941e-01
-3.681178e-02
9.177319e-02
1.878753e-01
-2.179019e-02
3.268485e-02
8.760244e-02
-9.085632e-03
-6.337786e-02
-8.653271e-02
-2.137246e-01
-2.845261e-01
-3.640382e-01
7.339360e-02
-2.338338e-02
-2.168206e-01
2.095056e-01
2.110876e-01
4.498779e-02
-1.495999e-01
6.667310e-02
8.076715e-02
-5.326028e-02
1.784298e-01
2.828282e-01
-2.059207e-01
1.154716e-01
1.574671e-01
1.306198e-02
-1.559434e-01
8.068170e-02
-3.429503e-02
-2.617916e-01
-1.163712e-01
1.009132e-01
-6.681460e-02
-7.512061e-02
-1.735815e-01
1.167303e-01
-2.181093e-03
1.980258e-02
3.411294e-01
1.563728e-01
-1.261616e-01
9.156094e-02
-4.320036e-02
2.491483e-03
-2.287528e-03
3.246127e-03
7.091839e-04
1.757031e-03
-1.124167e-03
2.088618e-03
2.359798e-03
1.387844e-03
-3.347503e-02
-1.154608e-01
-3.230131e-02
1.071358e-01
3.631919e-02
5.599490e-02
2.999215e-01
3.189353e-01
2.763917e-01
-1.090286e-02
1.706030e-01
1.285279e-01
-4.640253e-02
2.470782e-02
1.483362e-01
-1.182869e-01
-1.872322e-01
7.641394e-02
-2.170252e-02
1.674390e-01
6.989814e-02
1.086082e-01
1.751399e-01
1.438724e-01
-3.234433e-02
-1.918750e-02
-2.306338e-02
2.224013e-01
1.696461e-01
1.482334e-01
1.095698e-02
-1.161923e-01
-1.052806e-01
-1.604770e-02
-7.304908e-02
-6.766925e-02
5.385707e-02
-7.477415e-02
-3.900458e-02
-2.031830e-02
4.717258e-02
2.752400e-02
2.559008e-02
1.235901e-01
1.414927e-01
-6.493159e-02
4.595695e-02
1.554262e-01
-1.106921e-01
-1.908876e-01
-1.211950e-02
-1.388191e-01
-2.354850e-01
-1.954643e-01
6.711290e-02
2.966321e-02
1.721567e-02
3.869792e-02
8.900303e-02
2.822264e-02
9.458034e-02
1.002384e-01
9.855621e-03
-3.287573e-01
-5.804508e-02
1.785552e-01
-3.011719e-01
-8.820640e-02
1.591491e-01
3.228436e-02
-8.815807e-02
-4.495388e-02
1.066312e-01
-4.363126e-02
-2.348440e-01
1.510092e-01
1.132464e-01
-2.187226e-03
4.305679e-02
5.340857e-02
9.587219e-02
2.317274e-02
-1.296134e-01
1.324417e-02
7.189494e-02
-1.253394e-01
-4.604839e-02
2.488799e-01
1.099007e-01
7.848704e-02
1.815998e-01
1.981099e-02
-2.888178e-02
2.605192e-02
-1.614100e-01
-1.617629e-01
-1.029639e-01
-2.552714e-01
-1.669949e-01
6.271840e-02
1.987677e-01
9.941594e-02
-2.735538e-02
7.010934e-02
-5.656195e-02
-7.808676e-02
-9.253868e-02
-1.484247e-01
-1.113432e-01
2.437797e-01
2.294188e-01
-7.646020e-02
1.960899e-01
2.505933e-01
-3.228554e-01
-2.518461e-01
-1.898906e-01
-1.260103e-01
-1.829561e-03
1.444256e-01
-6.383189e-02
-1.764182e-02
2.364743e-01
-3.464205e-02
-5.713244e-03
2.140175e-01
2.399465e-01
7.544900e-02
-9.930417e-02
1.991259e-01
2.706915e-02
-1.361976e-01
1.530086e-02
-7.148058e-02
-1.819930e-01
-1.674785e-03
-4.491669e-04
1.405160e-03
1.806521e-03
8.397736e-04
2.261550e-03
-3.794509e-04
-1.275247e-03
-1.067874e-03
-2.674703e-02
-6.904308e-02
-6.525262e-02
-2.116741e-01
-1.696297e-01
-1.077812e-01
-6.644414e-03
7.210799e-02
-1.053005e-01
1.716671e-01
2.586144e-01
-1.719013e-01
-1.638331e-01
-7.862859e-02
-9.767006e-02
1.679809e-01
2.902458e-01
9.136636e-02
3.509900e-02
7.262021e-02
2.705981e-02
-7.400026e-02
-3.263457e-01
2.138358e-01
-2.576857e-02
1.948065e-01
1.211467e-01
-2.961033e-02
-3.302889e-01
-6.386105e-02
-6.081092e-02
3.975357e-02
-1.776368e-02
-5.174534e-02
3.035048e-01
-7.180081e-03
6.624123e-02
-3.872432e-01
-5.579522e-02
-1.263990e-01
1.078628e+00
-1.415936e-01
2.392769e-03
-3.824830e-01
5.890449e-02
-2.874147e-02
1.486295e-01
5.549453e-02
-1.745785e-02
4.705413e-03
1.613570e-01
-1.041843e-01
-3.575841e-02
-5.050622e-02
-1.184575e-01
5.065576e-01
1.713797e-01
-1.113448e-01
-1.697564e-01
-5.456647e-02
-1.096369e-01
-6.859878e-02
1.763667e-01
2.690105e-02
-7.509624e-02
-1.069305e-01
-1.268959e-02
-1.433751e-01
-1.305374e-01
-5.444829e-02
6.087437e-02
-1.603567e-01
2.107141e-02
1.373050e-01
5.054783e-02
-9.603887e-02
1.274065e-01
-4.563695e-02
-7.959753e-02
1.457933e-01
7.147166e-02
-7.646343e-02
-2.359952e-01
-1.234452e-01
-8.167999e-02
-1.958112e-01
-1.557964e-01
3.478961e-02
-4.069589e-02
4.151000e-02
9.389150e-02
-1.771757e-02
1.121238e-01
-4.158677e-02
1.152975e-01
-1.808701e-02
1.344959e-01
1.206496e-01
5.727061e-02
4.603945e-02
-8.171967e-02
7.513587e-02
-1.499413e-01
1.496533e-01
-1.169853e-02
-6.838468e-02
-1.217753e-01
5.224385e-02
-5.060115e-02
3.724361e-01
-1.533715e-01
-1.151937e-01
-5.446258e-01
3.130813e-02
6.485432e-02
2.181218e-01
-2.073149e-03
-6.923713e-02
4.354700e-02
6.342279e-02
3.968099e-01
1.380863e-01
-8.440597e-02
-1.585720e-01
2.004069e-01
1.849929e-02
-2.778175e-02
4.493735e-02
2.267762e-01
4.370665e-02
1.591980e-01
1.942285e-01
1.363304e-01
1.360806e-01
1.092557e-01
3.663736e-04
6.034707e-04
4.731304e-03
8.720148e-04
1.691061e-03
1.396960e-03
3.431506e-04
1.879402e-03
4.554718e-04
2.982164e-02
-2.391470e-02
-8.447833e-03
9.233844e-03
-7.862645e-02
-5.181793e-02
-9.151234e-03
-1.027369e-01
-5.991571e-02
-9.909400e-02
5.175979e-02
1.656110e-01
-1.751229e-01
-4.092695e-02
8.387978e-02
-1.537454e-01
-1.405396e-01
8.473493e-02
7.058261e-02
2.073860e-01
5.074034e-02
-2.903529e-02
7.308289e-02
-3.036125e-03
-7.798369e-02
-8.666035e-02
-2.405992e-02
-1.000899e-01
-2.310518e-01
-6.285796e-02
-1.952096e-02
-1.782179e-01
-9.120577e-02
-5.815166e-02
-8.785978e-02
-1.226393e-01
3.040410e-02
-1.020604e-01
-5.572468e-02
8.968018e-02
-2.419753e-02
1.202423e-02
-6.870636e-03
8.253371e-02
-1.830168e-02
-9.705751e-02
-3.393951e-02
-4.244400e-02
-2.143687e-01
-6.211239e-02
-1.143866e-02
-5.138965e-02
1.305835e-01
1.542591e-01
-5.240482e-02
4.214322e-03
1.371283e-02
-9.052557e-02
-1.630935e-02
4.772617e-04
-1.009009e-02
3.100232e-02
1.999260e-02
-1.613371e-01
-2.202839e-01
-2.738740e-01
-2.081918e-01
-2.728460e-01
-2.073096e-01
-2.169894e-01
-1.970779e-01
-1.215172e-01
5.968834e-02
2.879203e-02
1.652727e-02
7.738563e-02
9.784188e-02
8.778935e-02
-9.565946e-02
-9.462346e-02
-1.473888e-01
2.194199e-02
1.645921e-02
6.152247e-02
9.093294e-02
8.654052e-03
2.012153e-02
2.972769e-02
-7.030505e-02
-3.958560e-02
-7.095990e-02
-4.311044e-02
3.251773e-02
1.183987e-02
3.095890e-03
7.961569e-02
1.182397e-01
1.001743e-01
1.469178e-01
7.350357e-02
1.136160e-01
1.600332e-01
-3.607456e-02
5.897152e-02
7.521812e-02
-1.037618e-01
-5.664136e-03
-4.789539e-02
1.704023e-02
1.138507e-01
1.830648e-02
8.984617e-03
8.125946e-02
3.554177e-02
-9.834228e-02
-9.380879e-02
-6.332620e-02
-9.383710e-02
-5.097228e-02
1.424999e-01
-9.016575e-02
-1.912470e-01
1.097859e-01
-6.615676e-02
-1.582755e-01
4.862022e-02
-3.538562e-04
-1.685979e-02
-9.842834e-03
-2.443490e-02
-9.158469e-02
-4.596796e-02
-3.180217e-03
-6.483349e-02
-5.720238e-05
9.681925e-04
4.266018e-04
-4.106160e-03
-9.370485e-05
1.596351e-03
1.560050e-04
-3.937634e-04
-2.580365e-03
-1.757347e-03
1.841189e-01
2.930593e-01
1.844475e-01
7.505331e-02
2.190864e-01
1.784419e-01
-1.671663e-01
-5.606616e-02
-2.224794e-02
-2.843732e-03
8.405337e-02
5.210475e-02
1.726415e-01
1.360124e-01
3.137103e-02
-2.994147e-03
-8.617771e-02
-1.112493e-01
-3.772915e-02
1.778450e-03
-7.446941e-02
1.854824e-01
2.363427e-01
4.345854e-02
1.162030e-01
1.553127e-01
-7.994358e-03
3.034247e-02
9.473702e-02
-9.003743e-03
-1.960995e-02
2.528159e-02
-3.861755e-02
-6.611197e-02
-7.860669e-02
-1.853168e-01
5.350146e-03
1.342010e-01
-9.476802e-02
-1.959793e-02
4.695692e-02
-8.585028e-02
-4.003874e-02
2.017591e-02
2.361530e-02
-8.507056e-02
9.399916e-02
1.117676e-01
1.314174e-01
2.631306e-01
1.786737e-01
2.752882e-02
5.495889e-02
-9.289775e-02
3.247196e-02
4.758469e-02
2.017281e-02
1.814477e-01
1.400574e-01
8.481082e-02
1.264994e-01
1.846345e-01
9.984621e-02
3.953293e-02
2.365014e-02
5.653486e-02
-9.120701e-02
-9.061975e-03
1.068014e-01
-1.258756e-01
4.271680e-02
1.925169e-01
-1.828602e-01
-2.567058e-01
-1.898649e-01
6.511298e-02
-9.392381e-02
-1.810419e-01
2.613014e-01
1.530249e-01
-8.776250e-02
9.481137e-02
2.062756e-01
6.913887e-02
9.900868e-02
1.703871e-01
7.907063e-02
8.697269e-02
1.324224e-01
1.035682e-01
3.370439e-02
1.430121e-01
1.037205e-01
1.211516e-01
1.832989e-01
9.467193e-02
4.909021e-03
-1.148823e-02
-1.044723e-01
-7.944255e-02
-2.883758e-02
-4.001527e-02
1.153810e-01
1.602327e-01
1.725617e-02
2.587502e-01
1.959613e-01
-2.803604e-02
-1.805570e-01
-6.723997e-02
6.853535e-02
3.554500e-02
2.449059e-01
2.260828e-01
-5.146187e-02
1.197806e-01
1.338464e-01
5.872297e-02
5.759531e-03
1.278812e-01
-3.186811e-02
4.055524e-02
1.547914e-01
-2.661772e-02
4.847376e-02
3.094808e-02
-1.181598e-02
1.579021e-01
-7.129677e-02
3.491478e-01
4.979875e-01
1.416637e-01
4.128874e-01
4.686043e-01
8.402053e-02
5.235333e-05
-2.975781e-03
-2.006694e-03
3.156232e-03
-9.572836e-04
1.398216e-03
-7.689851e-04
-1.065408e-03
9.276608e-04
