-8.382130e-03
-8.514915e-02
-8.841730e-02
-7.694860e-03
-2.163399e-02
-6.691422e-02
2.346367e-02
-3.459209e-02
-6.265487e-02
-3.121528e-02
3.675842e-02
6.891997e-02
8.824287e-02
5.317641e-02
8.374954e-02
-8.654365e-03
5.285310e-02
1.798755e-01
-9.767630e-02
1.211696e-02
-6.765410e-02
-1.994913e-02
-9.015116e-02
-1.361434e-01
-1.750065e-01
-1.054477e-01
-1.118758e-01
-6.690867e-02
-1.587165e-01
-1.901480e-01
-2.068518e-01
-1.967339e-01
-2.411456e-01
-1.627338e-01
-1.454409e-01
-1.632419e-01
-1.249383e-02
-6.307855e-02
-5.167826e-02
-6.376375e-02
-9.559580e-02
-5.160202e-02
-1.467292e-01
-1.294288e-01
-4.042724e-02
-1.549597e-01
-1.148764e-01
-1.002640e-01
1.640976e-02
-2.791664e-02
-1.261742e-01
9.083678e-02
5.619652e-02
3.506379e-02
-2.113281e-02
-1.403237e-03
-3.242897e-02
-5.426476e-03
3.748439e-02
-3.048762e-02
1.306529e-02
-2.542990e-02
-9.253922e-02
-4.696467e-02
-1.832906e-01
-3.603308e-02
-6.347010e-04
3.317829e-02
-1.388281e-01
3.454666e-02
-2.934988e-01
-2.222993e-02
3.002850e-02
-1.163378e-01
-6.156148e-02
-1.837626e-01
-4.857499e-02
-1.358561e-01
1.749443e-02
-2.023913e-02
6.645301e-02
-5.645150e-03
-1.945717e-02
4.056944e-02
8.306123e-02
1.075511e-02
5.487991e-02
2.385796e-02
-5.476573e-02
-5.448908e-02
3.821370e-02
5.999124e-02
7.516588e-02
1.404274e-01
1.132894e-01
9.455571e-02
1.502988e-01
6.229877e-02
6.383660e-02
-6.481382e-02
-6.536109e-02
1.851404e-04
-4.795001e-02
-1.509205e-02
4.202613e-02
-8.664542e-02
-5.195299e-02
3.803875e-02
-7.454560e-03
-3.459175e-02
1.909263e-04
-6.879495e-02
-6.670126e-02
-5.239011e-02
5.610597e-02
6.813928e-03
-1.583103e-02
1.921721e-01
-1.885412e-01
-3.177005e-02
-1.651531e-01
1.244521e-01
6.872039e-02
1.942302e-01
-1.690863e-01
-1.499976e-01
-1.164129e-02
-2.332061e-02
-3.421990e-03
6.868113e-03
7.735939e-02
8.086938e-02
2.320585e-02
2.282593e-03
1.261919e-02
-9.488096e-03
2.700783e-02
4.637766e-02
-4.507007e-02
-2.824806e-02
-5.373895e-02
-2.520104e-02
-6.052160e-02
-1.948463e-02
1.519556e-03
-8.280395e-04
5.203496e-04
-1.585043e-03
-1.286469e-04
3.392469e-04
-1.712766e-03
-1.448931e-03
-3.126678e-03
-1.105480e-03
2.574139e-03
-6.265087e-04
1.037143e-03
-2.904420e-04
-1.055866e-03
2.467998e-04
-6.058989e-04
-2.153790e-03
5.311596e-04
-2.740782e-03
-5.462282e-04
3.280400e-04
-5.929104e-04
3.703992e-03
-2.155384e-03
-2.921284e-04
1.826624e-03
-5.432746e-03
-2.035308e-03
2.067334e-03
6.230542e-04
-9.712121e-04
-1.626227e-03
-2.718136e-03
-1.236159e-03
-3.105460e-04
2.006021e-04
-6.991513e-04
-1.003955e-03
2.423059e-03
2.191532e-03
-1.423594e-04
-1.225885e-03
8.792344e-05
-5.836864e-04
6.156809e-04
8.376236e-04
1.092195e-03
-2.369629e-03
-1.746318e-03
3.739004e-04
3.659848e-04
2.229506e-04
1.068860e-04
-1.260303e-03
9.402323e-04
3.759181e-03
-4.666469e-04
-1.986658e-03
3.350717e-03
2.082807e-03
8.516393e-04
8.512285e-04
1.909403e-03
1.780380e-03
1.465289e-03
1.231369e-03
-1.544205e-03
1.510133e-03
5.403587e-05
-1.282026e-03
-5.333709e-04
-2.350930e-04
2.974358e-03
-2.316752e-03
5.547293e-04
1.754604e-04
3.745338e-04
-4.108181e-05
-5.602142e-04
9.341123e-04
1.243256e-04
1.693417e-03
3.374513e-04
2.808158e-04
1.291489e-03
-3.039283e-03
1.654071e-03
1.804748e-03
-3.451306e-04
-4.457051e-04
-1.301253e-03
1.664948e-03
-6.351778e-04
-3.251424e-03
1.940591e-03
1.384923e-03
-1.812094e-04
2.298317e-03
1.073871e-03
-2.867464e-03
-4.564791e-03
-3.182051e-04
3.731081e-04
-3.251406e-04
-6.638888e-04
1.194450e-03
6.881226e-04
2.640401e-03
2.549164e-03
-9.059935e-04
-9.643614e-04
1.907168e-03
-9.087107e-04
2.310390e-03
2.696154e-04
-7.210466e-04
-3.027915e-03
7.280000e-04
1.051488e-03
2.957679e-04
1.649154e-03
-2.361877e-03
2.306873e-03
-1.541737e-03
-1.592154e-03
5.854384e-04
1.236043e-04
-1.569018e-03
3.049773e-04
-1.588948e-03
2.144697e-03
3.170153e-04
5.829588e-03
2.175947e-03
-7.343598e-04
-2.645516e-04
5.880995e-04
1.041272e-03
-3.322718e-04
6.175052e-04
1.447089e-03
4.428598e-03
3.443450e-03
2.561918e-02
-5.031694e-02
8.266247e-02
-9.163004e-02
-1.923610e-01
3.440635e-02
9.073041e-02
-3.346223e-02
1.670249e-01
2.873152e-02
5.729397e-02
-7.515797e-02
-1.653980e-02
-1.079824e-03
-4.551867e-02
-2.188755e-02
3.213243e-02
7.001909e-02
3.853557e-02
-3.972878e-02
1.301876e-01
-1.584778e-02
-1.646247e-01
1.493186e-01
-1.832326e-01
-1.960088e-01
4.330028e-02
-2.971851e-01
-8.396725e-02
-1.079274e-01
-1.406610e-01
8.190042e-02
9.416286e-04
-2.090611e-01
1.984978e-02
-8.569247e-02
-3.046420e-01
-7.497587e-02
1.660020e-01
-3.146937e-01
-8.818544e-02
2.725365e-01
-3.028804e-01
-1.033120e-01
2.317632e-01
3.259378e-02
4.676273e-02
-3.246354e-02
4.809325e-02
6.537739e-02
-3.193603e-02
5.590555e-02
5.572741e-02
-5.501250e-02
-9.505448e-02
-7.217104e-02
1.383878e-01
-7.534914e-02
-4.190275e-02
2.121361e-01
-7.991765e-02
-9.279730e-02
2.191245e-01
2.799677e-01
-1.760380e-01
-3.895044e-01
4.350463e-01
1.293489e-01
-7.634105e-01
1.728396e-01
1.209960e-01
-5.931101e-01
-1.723597e-01
1.718849e-01
-7.762639e-02
-8.506147e-02
4.821921e-01
-1.874398e-01
-1.041263e-01
3.830882e-01
-4.550481e-02
1.363232e-01
-5.955402e-02
-1.631315e-01
1.890911e-01
-8.961621e-02
-1.162036e-01
1.574345e-01
-8.231540e-02
-9.639793e-02
-7.814754e-02
-5.955280e-02
5.492710e-03
-7.195355e-03
-2.037799e-02
3.099181e-02
-4.754842e-03
-3.641945e-02
5.109720e-02
-1.669779e-02
6.098221e-02
8.682255e-02
-8.090822e-02
4.288410e-02
1.191253e-01
-1.116646e-01
6.234312e-03
9.742699e-02
1.441205e-01
-3.726124e-02
-6.559426e-02
1.500934e-01
-3.526103e-02
-1.064066e-01
1.172981e-01
3.015747e-02
-1.544763e-01
4.204119e-02
-2.586079e-02
-6.974541e-03
2.816871e-02
3.806132e-02
-2.328297e-01
-8.376226e-02
-7.070433e-02
-1.347057e-01
1.154919e-01
3.995437e-02
1.647184e-01
-3.222709e-02
-9.965577e-02
1.014227e-01
1.791064e-01
-1.519532e-02
2.673605e-01
-1.379084e-01
-8.906116e-02
1.028177e-01
-1.266588e-01
-8.918891e-02
1.868827e-01
-1.220093e-01
-7.140336e-02
2.048966e-01
8.271289e-02
8.793952e-03
-2.694477e-02
-3.225529e-02
4.198902e-02
1.292403e-01
-1.295845e-01
-3.536802e-02
7.458377e-03
-1.847902e-02
-6.419327e-02
2.706942e-02
-8.691832e-02
-4.612828e-02
1.237084e-01
-4.143516e-02
-4.453096e-03
1.478284e-01
4.506256e-02
6.114038e-02
9.279121e-02
-1.602477e-02
3.409252e-03
-4.055303e-02
-1.729495e-01
-4.248660e-02
-4.049286e-02
-8.222774e-02
-3.405344e-02
-7.741855e-02
-3.319981e-02
-2.421443e-02
-9.593425e-02
1.335662e-01
1.259533e-01
8.500983e-02
2.833014e-02
6.058962e-02
-3.217537e-03
-1.320986e-02
-3.279541e-02
-6.703572e-02
-7.104359e-02
-3.648133e-02
-1.475819e-02
-2.159281e-01
-2.237920e-01
-1.589570e-01
2.511081e-02
8.505202e-02
1.198696e-01
9.268788e-02
1.095475e-01
1.148615e-01
9.972695e-02
1.730886e-01
3.078795e-01
3.004563e-01
2.194040e-01
1.639394e-01
3.273670e-02
-1.656584e-01
-2.579277e-01
2.446222e-02
5.509886e-02
-6.816217e-02
-7.897045e-03
1.967446e-02
3.724325e-03
5.952771e-02
-6.313216e-02
-6.595775e-02
1.525442e-02
-1.696224e-02
-5.331479e-02
5.794686e-02
4.551718e-02
-6.236960e-03
1.290939e-01
-2.751985e-02
-8.631328e-03
-3.087323e-01
-3.056683e-01
-3.006479e-01
-5.346662e-02
1.088980e-01
1.071456e-01
8.068424e-02
1.930128e-01
1.276021e-01
-6.552745e-02
3.406851e-02
1.750564e-02
1.968945e-01
1.034429e-01
-3.540958e-02
2.686848e-02
-8.220150e-02
-1.044822e-01
1.396719e-01
1.258410e-01
6.059583e-02
-4.226952e-02
-3.986171e-04
-2.191829e-02
-1.246088e-01
-1.626260e-02
2.943186e-02
-2.146375e-02
-8.003081e-02
-9.568904e-02
-1.964625e-01
-1.690167e-01
-1.519585e-01
2.633578e-02
1.901071e-01
1.820269e-01
3.664201e-03
1.535283e-02
8.007397e-02
2.247246e-02
2.329624e-02
1.276081e-01
-5.338386e-02
4.813725e-02
1.206763e-01
2.092754e-02
1.020263e-02
1.759709e-03
6.903924e-02
9.060771e-02
7.745390e-02
-5.676256e-02
-7.606784e-02
-1.264418e-01
6.922331e-02
2.293650e-02
-3.451435e-02
-2.545629e-02
-1.272313e-01
-1.586749e-01
-1.035441e-01
-1.369603e-01
-8.532851e-02
2.487203e-02
3.200540e-02
9.991927e-03
5.751003e-02
-2.251273e-02
2.593424e-02
2.820995e-02
-5.828177e-02
-3.458779e-02
-2.006686e-02
-7.408326e-02
5.508385e-03
-2.981327e-02
-9.876582e-02
-7.057258e-03
3.872484e-02
-4.938921e-02
6.684384e-02
8.730900e-02
-9.161267e-02
6.005539e-02
3.404747e-02
-1.347008e-01
1.239147e-01
2.953867e-02
-8.733258e-02
1.111804e-01
-1.235937e-01
-5.769943e-04
-5.936405e-02
-9.814788e-02
1.217391e-01
-2.709102e-02
-9.166855e-02
1.420311e-01
-8.145708e-02
-5.989614e-02
-5.257324e-02
-2.739482e-02
-2.981281e-02
-4.636068e-02
-8.537027e-03
-3.167561e-02
-4.626172e-02
5.316083e-02
2.720908e-02
-1.114322e-02
-8.432162e-03
1.556607e-02
3.456939e-03
7.073372e-03
3.381045e-02
2.727773e-03
1.359585e-02
3.545747e-04
3.463431e-02
-4.008333e-02
-2.987451e-02
6.257065e-02
-5.582992e-02
-7.846528e-03
2.680737e-02
-4.761481e-02
-4.360551e-02
7.637864e-02
-8.213563e-02
-3.282583e-01
3.944597e-01
-3.310888e-01
-3.101877e-01
3.050193e-01
-2.807330e-01
-1.626761e-03
9.887172e-03
-1.896599e-02
-1.339730e-01
1.814053e-01
-2.037307e-01
-1.828120e-01
2.470072e-01
-1.449131e-01
-4.348765e-02
-4.782855e-03
-2.607913e-02
-5.367635e-02
-5.414276e-02
2.038042e-02
-1.006789e-02
1.896839e-02
1.080464e-01
-2.262973e-02
-6.052531e-02
-8.015165e-02
-4.165170e-02
-7.085507e-02
-8.640910e-02
-9.928232e-02
-1.103442e-01
-1.137724e-01
-4.774021e-03
1.482868e-02
4.020037e-03
1.291724e-02
4.821310e-02
5.245840e-02
-3.866304e-03
1.244371e-02
1.779543e-02
-5.999070e-02
-9.233790e-03
-5.216165e-02
-3.197806e-02
2.634765e-02
-8.522158e-03
-2.953393e-03
1.423113e-02
-2.050001e-02
2.432971e-02
2.478377e-02
5.132145e-02
-1.386795e-01
2.394895e-01
-2.135211e-01
-1.644300e-01
2.120557e-01
-2.215901e-01
8.743939e-02
6.287829e-02
3.117658e-02
8.663031e-02
1.022601e-02
1.601658e-02
1.084573e-01
-1.955430e-02
4.001172e-02
-3.132607e-02
-4.051044e-02
9.186652e-03
3.808047e-03
-3.887806e-02
2.285682e-02
-2.558049e-02
-5.551283e-02
2.642001e-02
4.644282e-02
6.592521e-02
1.709233e-02
1.893716e-03
-4.217403e-02
-1.523116e-01
2.156068e-02
-6.705579e-02
-1.491689e-01
2.373983e-01
1.083327e-01
6.712020e-04
4.256099e-02
-6.888214e-02
-1.139526e-01
-1.559024e-02
-5.933284e-02
-4.706079e-02
-8.310657e-02
-6.117907e-02
3.640795e-02
7.452634e-02
4.604649e-02
1.107527e-01
1.447424e-01
1.343136e-01
1.036792e-01
2.523768e-02
3.586878e-02
9.091642e-02
-2.161825e-02
7.004248e-02
1.019035e-01
-4.237990e-02
9.607232e-02
9.504181e-02
-2.307767e-01
-6.959298e-02
1.389658e-01
-1.031022e-01
3.543494e-02
1.436631e-01
1.207527e-01
1.557817e-01
1.144855e-01
-1.598401e-01
-1.543978e-01
-1.289655e-01
-1.114106e-01
-8.247611e-02
-2.692199e-02
-7.712132e-02
-2.592908e-02
-9.311581e-03
-1.625832e-01
-2.566926e-01
-2.075111e-02
-1.684873e-01
-1.014710e-01
1.731566e-01
2.212361e-02
1.854075e-01
3.246511e-01
-1.657670e-01
4.847216e-03
5.872224e-02
-4.971916e-02
-2.180550e-02
-1.044472e-02
1.719259e-02
-2.142196e-03
1.869112e-03
-5.167443e-02
-7.508958e-02
-5.965491e-02
-3.125155e-02
2.520124e-02
-6.738911e-02
-9.529520e-03
2.139820e-02
-3.003818e-03
2.903143e-01
1.306089e-01
-8.815858e-02
6.211745e-03
-2.236608e-01
-3.297935e-01
-3.299621e-02
-7.620843e-02
-5.439473e-02
-4.383726e-02
-2.507587e-02
4.263956e-02
-5.215785e-02
-7.828672e-03
6.584677e-02
5.050078e-02
1.946503e-02
4.180288e-02
2.777086e-01
1.925353e-01
2.878605e-02
2.916082e-01
6.096191e-02
-1.125576e-01
1.671755e-01
-1.097713e-01
-2.307643e-01
6.381466e-02
9.501929e-03
-3.411964e-02
1.029667e-01
5.438857e-02
-4.404351e-02
1.078804e-01
8.759525e-03
-1.337933e-01
-1.319868e-01
-1.867583e-02
-1.194472e-02
1.508667e-03
4.712711e-03
-7.278171e-02
-4.358161e-02
4.706034e-02
-3.929254e-02
8.439772e-02
3.096282e-02
2.753955e-02
3.255966e-03
-5.463302e-02
-7.108732e-02
7.734464e-03
-1.209627e-01
-8.671372e-02
2.650863e-02
4.244015e-03
-2.282481e-02
-3.099885e-03
-1.771754e-02
-7.693084e-02
-1.602642e-02
-7.154346e-02
-1.440978e-01
3.986082e-02
-6.397074e-02
-4.408399e-02
1.133199e-01
-2.067571e-02
-1.352170e-01
4.395138e-02
8.932462e-02
3.098633e-03
2.525303e-02
-1.243056e-01
-1.973319e-01
1.578134e-01
7.812528e-02
-1.311546e-01
-9.028630e-02
5.493816e-02
-6.427614e-02
5.853939e-02
6.154962e-02
7.682113e-02
-7.003061e-02
-2.725793e-02
1.822622e-01
-1.004255e-01
-2.099831e-01
8.352662e-03
1.938075e-02
-2.897013e-02
-7.373077e-02
9.182109e-02
1.337260e-02
-3.764006e-03
1.377835e-01
4.643799e-02
1.513520e-02
-4.113893e-02
-3.997103e-02
-1.610736e-01
3.930725e-02
1.333815e-01
-1.736984e-02
-2.679632e-02
9.555362e-02
4.011961e-02
7.915633e-02
7.514070e-02
8.893756e-02
-9.803509e-03
-1.338791e-02
4.287887e-02
-7.096273e-02
-8.993101e-02
-3.529509e-02
-1.901857e-01
4.873020e-01
5.915477e-01
-5.289473e-01
-1.774669e-02
4.856728e-01
-4.593445e-01
-4.273056e-01
9.302346e-02
-1.175399e-01
-4.835960e-03
5.138776e-02
-9.231273e-02
-4.273804e-02
-1.316449e-02
-2.162692e-02
-8.747629e-02
-6.999571e-02
-6.673031e-02
9.434337e-02
-6.340619e-04
-9.834384e-02
-6.174375e-02
2.285484e-03
1.020812e-01
-7.877276e-02
-3.374298e-02
1.656276e-01
-1.847312e-01
-3.061789e-01
2.219432e-01
1.844607e-01
-1.394421e-01
-9.645389e-02
1.334105e-01
2.151037e-02
4.212142e-02
-7.250309e-02
2.004292e-02
5.682711e-02
-4.167610e-02
-9.464088e-03
1.551301e-01
3.228457e-02
5.596039e-02
2.043989e-02
3.656134e-02
1.028170e-01
5.153636e-03
6.296340e-02
1.450163e-01
2.404931e-05
2.267646e-02
5.298125e-02
-1.282801e-01
-7.043580e-02
2.520053e-02
9.545211e-02
-1.039657e-01
-6.928587e-02
3.335890e-01
1.201746e-02
-1.698214e-01
4.597158e-02
3.277360e-03
3.954579e-02
2.798606e-02
-2.908719e-02
-1.296755e-02
4.744616e-02
4.157250e-03
1.360255e-01
4.409935e-02
-7.074291e-04
3.702006e-02
4.264985e-02
-2.004870e-02
-2.068053e-02
6.886715e-02
1.979267e-02
3.731332e-03
-1.704077e-01
5.079567e-02
1.137447e-01
-1.401201e-01
3.298330e-02
1.414770e-01
-1.438789e-01
-8.887386e-02
-1.922792e-02
-4.091731e-02
-9.407002e-02
-2.401023e-02
-3.897329e-02
8.175348e-03
1.244556e-01
-1.029274e-01
4.105686e-02
5.540955e-02
-2.338533e-02
1.050640e-02
1.687545e-02
-3.219798e-02
1.028808e-01
9.218946e-02
7.494414e-02
1.312049e-01
6.144162e-02
1.250934e-01
6.320036e-02
-3.962334e-02
-4.871971e-02
-8.755112e-02
-1.267897e-01
-1.166218e-01
-1.134079e-01
-1.333231e-01
-7.818004e-02
6.419471e-03
2.621501e-02
1.206707e-02
5.492331e-02
5.036501e-02
2.392254e-02
4.412445e-02
1.201241e-01
3.931022e-02
-1.096960e-01
-1.005456e-01
-6.915665e-02
-1.957929e-01
-3.264536e-02
-9.097905e-02
-7.619208e-02
1.833319e-01
-2.840255e-02
-1.257465e-02
-5.534220e-02
-1.196873e-01
-8.216187e-02
-7.517039e-02
-7.853551e-02
-2.873001e-02
-1.967332e-02
3.542225e-01
4.255932e-01
1.345369e-01
2.982098e-01
2.256180e-02
-2.675272e-01
-1.102259e-01
-4.005337e-01
-3.847394e-01
-1.000769e-01
-1.400103e-02
-4.879927e-02
2.485500e-02
6.536691e-02
3.672656e-02
1.086404e-02
4.322837e-02
2.773095e-02
2.869081e-02
-1.704372e-02
6.042111e-02
-6.823733e-02
-5.688030e-02
-7.138848e-02
-5.590983e-02
1.919657e-02
2.712473e-02
-4.080600e-01
-5.820126e-02
1.243404e-01
-2.164613e-02
4.217128e-01
3.021704e-01
1.035753e-01
1.563384e-01
-2.387639e-01
-4.093397e-02
2.967778e-02
2.250698e-02
5.512901e-02
5.262126e-02
2.945760e-03
-1.392529e-02
-1.177552e-01
-8.934890e-02
1.483068e-01
9.105673e-02
8.332898e-02
-1.179521e-02
-4.896662e-02
-5.896193e-02
-8.871062e-02
-8.076186e-02
-8.274948e-02
-1.601147e-01
-2.291539e-01
-1.424663e-01
-1.976964e-01
-1.217070e-01
-5.668776e-02
3.301653e-02
2.088014e-01
1.583709e-01
-4.221069e-02
1.246414e-02
4.200577e-02
-8.542405e-02
-3.952388e-02
1.422714e-02
-7.208741e-02
-1.105274e-02
5.768681e-02
-5.586910e-02
-4.820486e-02
-4.406704e-02
-5.006645e-02
1.151223e-02
6.006637e-02
3.590406e-02
8.247325e-02
2.010174e-02
2.067952e-02
-5.736491e-03
-1.196092e-01
-2.606654e-02
-8.848158e-02
-1.137831e-01
-1.234152e-01
-4.693788e-02
4.510027e-02
1.722259e-03
3.399978e-04
-9.839729e-04
-1.127644e-04
6.181470e-04
1.758927e-04
8.553105e-04
1.444990e-03
-2.317093e-03
-1.835340e-03
3.513355e-04
-1.615161e-03
-5.123972e-05
1.173754e-04
-5.192094e-04
-2.576181e-03
7.129632e-05
-2.232709e-03
1.013349e-03
3.066568e-04
9.811873e-04
-9.660525e-04
1.900486e-03
-6.771701e-04
9.831673e-04
9.439351e-05
3.828311e-04
-4.930597e-03
1.084179e-03
-3.549443e-03
-1.907025e-03
-1.040739e-03
-1.645188e-03
8.474053e-06
1.272425e-03
-6.080542e-04
2.719078e-04
-9.251296e-04
2.566532e-03
-2.058204e-03
-3.076078e-03
-1.311459e-03
2.982236e-04
1.620764e-03
1.917758e-03
-1.273519e-03
3.018262e-04
-2.624253e-03
3.716764e-04
4.499340e-04
-8.709723e-04
-8.916986e-04
3.151923e-05
-7.146911e-04
-2.222391e-03
-1.921399e-04
-1.636042e-03
1.475531e-03
2.605637e-04
-2.995535e-04
-1.361158e-04
1.391096e-03
7.985922e-05
-9.360316e-05
-1.427004e-03
4.331878e-04
-4.803805e-04
-2.182263e-04
1.842363e-03
-4.030658e-03
1.200633e-03
-1.498663e-04
-1.583543e-04
1.368890e-03
-8.987053e-04
-1.784795e-03
-2.987328e-03
-9.416766e-04
-2.020115e-04
1.516898e-03
1.435287e-03
-9.220375e-04
3.149187e-04
1.076331e-03
2.653875e-03
1.999874e-03
-2.796490e-04
4.208304e-03
-3.014126e-03
-2.282919e-03
-3.639884e-03
6.486593e-04
-1.101502e-03
3.050630e-04
-2.367943e-03
6.865119e-04
3.638919e-03
2.003939e-03
2.692780e-04
7.486889e-04
2.019483e-03
2.307395e-03
1.958132e-03
1.097171e-03
3.582338e-03
3.631613e-03
4.352313e-04
-2.654793e-03
-5.344845e-04
-1.592286e-03
-7.327609e-04
-5.070653e-04
1.699482e-03
3.551021e-03
-1.021405e-03
1.743941e-03
-1.904074e-04
1.019229e-03
2.941244e-03
-9.701178e-05
-1.321526e-03
1.977942e-03
-7.529960e-04
-2.309412e-03
4.519467e-03
-5.939176e-04
-1.288249e-03
-1.234227e-03
-1.917626e-03
-1.567484e-03
2.637910e-03
-2.356899e-03
-9.555334e-04
-3.425576e-03
1.454080e-03
-3.878393e-03
6.680221e-04
2.942014e-03
-4.961287e-04
-1.701852e-03
4.378904e-03
1.070147e-03
-3.037813e-03
1.496810e-04
2.847239e-04
3.847633e-02
6.774405e-02
1.184781e-01
7.382649e-02
5.773474e-02
-5.033072e-03
1.854896e-02
2.617871e-02
1.236249e-01
-2.128043e-03
-9.142403e-02
5.055553e-02
8.646358e-03
7.373688e-02
3.271184e-02
3.583314e-02
6.189106e-02
-6.663520e-02
-1.132905e-02
-1.294590e-02
-1.290604e-01
-2.108344e-02
8.611775e-02
2.871930e-02
-4.768746e-02
-1.594618e-01
-5.587394e-02
3.772879e-03
2.103188e-02
-9.627693e-03
5.994089e-03
-3.566273e-02
-3.380930e-02
-7.094532e-02
-6.015781e-02
-1.200604e-01
-4.065640e-02
1.690984e-02
4.625060e-02
1.037073e-01
1.441580e-01
4.697789e-02
-3.429006e-02
-1.146344e-01
-2.637274e-02
-3.144794e-02
-6.961801e-02
-1.608734e-01
-1.230877e-01
-4.177698e-02
-1.070321e-01
-4.756594e-02
3.369114e-02
-4.277756e-02
-7.781298e-02
-5.463867e-03
2.637086e-02
2.334242e-02
7.473090e-02
9.263512e-02
7.355700e-02
6.599795e-02
7.499543e-02
1.629746e-01
-2.381269e-02
-2.990921e-01
-1.585162e-01
-1.303093e-01
7.188543e-02
-3.404431e-02
9.064244e-02
-2.026893e-02
-4.300509e-02
3.657142e-02
1.656892e-01
1.763473e-01
-2.355809e-02
-1.355086e-02
-3.989203e-02
-1.916555e-02
6.780979e-02
1.483960e-02
-5.124868e-02
-6.966937e-02
-3.509315e-02
5.579083e-02
-8.552645e-02
-7.038650e-02
-2.290693e-02
-1.415693e-01
-5.458650e-02
-1.059974e-02
3.460478e-02
3.309814e-02
1.507676e-02
-2.261448e-02
-5.702140e-02
-6.925353e-02
4.052865e-03
-5.506563e-02
-9.407612e-02
6.384165e-02
1.034107e-02
-4.581714e-02
2.340073e-02
4.672932e-02
-8.111416e-03
1.600795e-02
9.154549e-02
4.241695e-02
9.147436e-02
2.923393e-02
-4.244444e-02
2.097764e-02
2.674886e-02
-1.343500e-02
-2.341427e-01
8.001103e-02
2.901461e-01
2.658776e-01
5.203363e-02
-3.410775e-01
-1.883149e-01
-1.040876e-01
1.808263e-01
-5.981783e-02
-8.532842e-02
-7.648505e-02
1.436071e-01
1.008022e-01
5.123825e-02
9.689981e-02
1.360775e-01
9.924915e-02
1.145149e-02
-1.247511e-02
-3.976106e-02
-6.284606e-02
1.596725e-02
1.659559e-02
-5.113914e-02
3.078550e-02
1.505369e-02
7.590577e-03
2.873648e-03
-5.479202e-03
1.020628e-01
4.608796e-02
3.599032e-02
7.765715e-02
7.441582e-02
3.666833e-02
-4.565332e-02
-4.526944e-02
-1.150675e-02
-5.439287e-02
-6.707254e-02
-1.810481e-01
1.340801e-01
1.587763e-01
-4.567888e-02
3.329286e-02
-1.870234e-02
-1.218072e-01
-6.682292e-02
-3.744221e-02
-5.782607e-02
-5.032862e-02
2.909347e-02
1.796955e-02
1.696239e-01
1.836545e-01
5.925043e-02
-4.932242e-02
-3.709790e-02
-8.619095e-02
-1.587539e-01
-2.055790e-01
-2.095349e-01
1.127549e-01
1.281746e-01
3.692722e-03
1.629174e-02
-6.923557e-02
-8.477903e-02
-2.719713e-03
-4.888958e-02
-4.378358e-02
4.442004e-02
1.044700e-01
1.108209e-01
-7.436728e-02
3.565258e-02
1.032878e-01
-1.444000e-01
-1.510362e-01
-1.317330e-01
5.054662e-03
1.802872e-02
2.612443e-02
1.153608e-02
6.896172e-02
1.174772e-01
3.576632e-02
-2.277727e-02
-4.144005e-02
1.787607e-01
1.064241e-01
7.537911e-02
1.017230e-02
5.726667e-02
9.704661e-03
-3.191772e-02
-7.563685e-02
-2.143482e-01
-6.091384e-02
8.461989e-02
2.871135e-02
-9.613864e-02
7.164615e-02
3.058316e-02
-1.838063e-01
-2.023508e-01
-1.699361e-01
-6.359822e-02
-1.660906e-01
-1.885113e-01
-4.271278e-02
-1.110667e-01
-1.787112e-01
-3.477997e-02
6.948229e-02
5.153216e-02
7.492416e-02
8.044600e-02
4.251742e-02
-4.395352e-02
-4.049599e-02
7.495098e-02
-4.033035e-02
-3.364165e-02
9.514902e-02
6.989799e-02
6.536902e-03
-3.409304e-03
2.790339e-02
-5.735537e-02
-7.043075e-02
4.193658e-02
2.174728e-02
-5.377394e-02
-2.608432e-02
-8.419649e-02
-3.160430e-03
-4.348358e-02
-1.591429e-01
-1.258278e-01
8.433058e-03
-3.682892e-02
-7.274702e-02
-1.795119e-01
-1.203080e-02
-1.728359e-01
-3.857864e-03
1.845366e-01
1.952734e-01
-2.638094e-01
4.614550e-02
8.604962e-02
-1.282566e-01
1.365053e-03
3.785647e-02
-1.479605e-01
-1.390627e-01
-4.832914e-02
2.184734e-02
-4.362247e-02
8.450896e-04
-1.948660e-01
-1.144622e-01
5.500167e-03
-1.033573e-01
-9.266190e-02
-9.186172e-02
-1.941692e-02
-9.626189e-02
-1.711236e-01
9.816273e-02
-7.480770e-03
9.551104e-02
1.551625e-01
3.780059e-02
7.325702e-03
1.735931e-02
-9.025406e-03
4.047873e-02
1.595935e-01
3.883881e-02
1.110034e-01
3.980088e-02
-6.178710e-02
1.531231e-01
1.310721e-01
1.545523e-01
2.931975e-01
-3.867606e-01
-9.813809e-02
1.282286e-01
-3.496925e-01
1.566784e-01
1.561338e-01
9.488187e-02
1.790986e-01
-1.626155e-01
-1.118717e-01
-4.829231e-03
-4.998613e-02
4.452671e-02
1.037566e-01
-3.600923e-02
-5.692623e-03
-1.718882e-02
-6.607635e-02
-1.934086e-01
-2.109986e-01
1.045356e-02
-1.584709e-01
9.486171e-02
2.486448e-01
8.145060e-02
1.951970e-01
1.024180e-01
4.506694e-02
-5.226292e-02
-7.175212e-02
2.092221e-02
-6.496267e-02
-2.736606e-03
-1.015616e-01
-6.218292e-02
1.519910e-03
-8.256667e-02
4.008236e-02
5.721223e-02
5.841807e-02
5.368566e-02
9.983023e-02
2.759722e-02
7.684424e-02
9.578025e-02
4.085440e-01
8.921414e-02
-3.905057e-01
2.714239e-01
-4.733532e-01
-2.074159e-01
-4.218788e-01
-9.511618e-02
3.613961e-01
-1.621559e-01
4.206460e-01
-1.141302e-01
4.502375e-01
6.933950e-02
-3.751836e-01
6.384147e-02
-3.253632e-01
-1.009357e-01
1.265526e-02
-9.911469e-02
-7.597010e-03
-1.559683e-01
-3.430178e-02
1.301900e-01
-4.049641e-02
8.473714e-02
1.609199e-02
-1.114170e-01
-7.018145e-02
-6.830113e-02
4.989692e-02
1.160364e-01
1.510296e-02
-8.816268e-02
-2.628818e-02
-5.250852e-02
8.784851e-03
9.860564e-03
3.601494e-02
1.187797e-01
4.122072e-02
3.231692e-02
1.442908e-01
6.065929e-02
3.266370e-02
9.152263e-02
1.434399e-01
1.183462e-01
1.025995e-01
-2.860442e-02
-1.125303e-01
1.134489e-01
-5.630133e-02
-1.924254e-02
-7.093737e-02
3.612496e-01
-4.536059e-02
5.009089e-01
-3.979546e-02
-3.306858e-01
-1.635828e-01
-4.625945e-01
6.117103e-02
1.722959e-01
-1.660353e-02
-7.610237e-02
9.305552e-02
-1.203504e-01
-2.549514e-02
-7.003027e-03
-9.786700e-02
1.095641e-01
-7.628725e-02
2.551013e-02
-8.436070e-03
-8.226229e-02
-7.816328e-02
5.315414e-04
-1.309412e-01
-1.064344e-01
1.949046e-03
1.918691e-03
2.045104e-03
1.471482e-02
-1.394239e-02
-5.333345e-03
9.734467e-02
2.193673e-02
5.601357e-02
1.324212e-01
5.468371e-02
6.820062e-02
1.362307e-01
8.704644e-02
1.228771e-03
-8.103202e-02
1.337119e-01
2.329008e-02
1.315302e-02
4.086408e-02
-2.568223e-01
-2.426012e-02
-2.931191e-01
-3.238782e-01
4.811304e-02
-2.867229e-01
-1.686021e-01
3.189037e-01
-1.058465e-01
-9.144677e-02
-9.448911e-02
2.166981e-02
2.515545e-02
-1.671963e-02
2.671628e-02
2.149249e-02
-1.096544e-01
6.043401e-02
-2.328270e-01
-2.049365e-01
-1.075779e-01
-2.373849e-01
9.123730e-03
-8.447345e-02
3.585949e-03
2.987318e-01
-1.121942e-01
3.377046e-02
5.534947e-02
6.046525e-02
1.187107e-01
5.081788e-02
3.727291e-02
1.099949e-04
-1.501721e-02
1.610040e-01
5.721588e-02
-1.422481e-01
2.193119e-01
2.306774e-02
-3.648267e-02
5.669444e-02
-8.594423e-02
3.592441e-02
-1.149758e-01
4.069502e-01
1.430242e-01
6.437261e-02
4.460979e-01
-2.337698e-01
1.869721e-01
-9.243249e-02
-4.333015e-01
-2.240674e-01
-2.136307e-01
1.864699e-01
-3.792339e-01
5.991237e-02
1.886452e-01
-9.520160e-02
4.087496e-01
7.235898e-02
5.001146e-02
9.863740e-02
-5.807621e-03
1.230992e-01
8.878560e-02
-6.632670e-02
-1.286037e-02
-7.530130e-02
-9.597656e-02
-7.062343e-02
-1.042801e-01
-1.145200e-01
1.755415e-02
1.014162e-01
1.260623e-01
-1.244581e-02
1.212937e-01
3.969445e-02
-9.585930e-02
-1.017827e-01
-1.328239e-02
-1.532819e-01
-1.602637e-02
1.474924e-01
-1.707661e-01
3.212603e-02
1.558969e-01
-1.085566e-01
-7.107431e-02
8.743726e-02
-1.773748e-02
9.105573e-02
2.103018e-01
6.478930e-02
9.187762e-02
6.421295e-02
-2.228764e-01
-1.516887e-01
1.143654e-01
-8.389627e-02
2.325788e-01
2.086563e-01
6.953413e-02
6.744046e-02
-2.438334e-01
1.184008e-01
2.608544e-02
-1.223025e-02
1.626554e-01
5.959135e-02
-5.847821e-02
8.741625e-02
-3.543153e-02
-1.217587e-01
9.172933e-02
-7.166888e-02
-7.801306e-02
2.930888e-02
-1.072282e-01
-5.849872e-02
-1.348461e-02
-1.206941e-02
1.091934e-01
6.199116e-02
2.713031e-02
2.507289e-02
1.313998e-01
1.111457e-01
7.973073e-02
-3.562927e-02
-3.482881e-03
-3.496926e-02
-1.808959e-02
-3.146951e-02
-1.765179e-02
3.495541e-03
2.258098e-02
5.555350e-02
-6.077849e-02
-7.920397e-02
-7.532834e-02
-1.139248e-02
-2.960992e-02
-1.947839e-02
2.024724e-01
1.657028e-01
1.500875e-01
1.076436e-01
-1.406049e-02
-4.949383e-02
-9.883163e-02
-6.007374e-02
-7.595880e-02
-4.320767e-02
-1.795797e-02
-2.000874e-02
-6.868534e-03
1.836291e-02
3.751060e-02
-8.574790e-02
-8.437636e-02
-1.902610e-01
-1.279990e-02
3.021054e-03
-7.863438e-02
-6.621412e-03
-7.658132e-03
-5.259104e-02
2.188295e-01
2.118547e-01
2.287495e-01
5.865905e-02
5.563258e-02
7.037389e-02
-9.755012e-02
-4.500610e-02
-2.414404e-02
2.621261e-02
4.381105e-02
2.108050e-03
-1.175220e-02
3.491460e-03
-3.104038e-02
-1.112109e-01
-7.375184e-02
-8.303910e-02
-1.679242e-01
-7.934564e-02
-3.512820e-02
-6.316537e-02
-2.483794e-02
9.325024e-03
-3.841808e-02
6.270473e-02
-7.167342e-02
1.403331e-02
-2.892994e-02
-5.634768e-02
1.969339e-02
3.475885e-05
2.021259e-02
2.391213e-02
2.219833e-02
3.350659e-03
-1.144955e-01
-5.493136e-02
-3.009093e-02
3.571335e-02
6.714678e-02
3.002691e-02
9.437512e-02
6.578824e-02
2.646609e-02
-4.479460e-02
-8.665490e-03
-1.288802e-02
5.739849e-02
7.820687e-02
4.351564e-02
1.189382e-02
4.500761e-02
2.992264e-02
-4.681699e-02
-6.906155e-02
-6.815107e-02
3.235788e-02
2.563333e-02
1.228010e-02
7.581171e-02
7.305651e-02
5.313187e-02
3.467974e-02
8.461523e-02
1.187586e-01
7.177909e-02
9.005541e-02
1.547934e-01
-5.052631e-02
-5.559533e-02
2.932645e-02
-1.261945e-02
4.520115e-02
8.043615e-03
5.410358e-02
-3.460170e-02
-1.164598e-01
4.050373e-02
7.533188e-02
9.462406e-02
1.150822e-02
1.870067e-02
1.140786e-03
9.322309e-02
7.041129e-02
3.667279e-02
-7.130861e-04
4.668429e-03
-6.127255e-02
-3.353995e-02
-3.685101e-02
-6.568786e-02
-8.111838e-02
-5.985123e-02
-5.768165e-02
-5.219221e-02
-2.979551e-02
-4.336643e-02
-9.483542e-02
-7.260307e-02
-4.909377e-02
1.604915e-02
-1.985753e-02
-4.299917e-02
4.056943e-02
6.581686e-02
1.823441e-02
-1.157211e-01
-3.722287e-02
2.576730e-02
-7.122602e-02
-3.033859e-02
2.549503e-02
2.792138e-02
-4.108598e-02
-8.369169e-02
-7.284217e-03
-4.971001e-02
-3.871441e-02
2.511385e-02
5.323038e-02
1.194952e-02
1.044760e-01
1.581533e-01
7.153423e-02
1.184897e-02
1.057921e-01
1.210708e-01
-1.359539e-01
-7.879910e-02
1.262175e-02
-4.196101e-02
-1.629283e-02
8.179323e-02
-8.673107e-02
-7.040316e-02
-9.491286e-02
4.370974e-02
-7.703637e-04
-8.943795e-02
1.196997e-01
1.345911e-01
6.500026e-02
-2.896762e-02
-3.707474e-02
-5.025969e-02
-6.515175e-02
-7.048605e-02
-1.003920e-01
-3.343181e-02
-3.102217e-02
-7.712338e-02
-1.301418e-01
-3.093130e-01
-3.354033e-01
1.954639e-01
6.166961e-02
-1.456689e-01
2.123732e-01
2.926522e-01
1.919477e-01
9.789653e-02
5.403964e-03
6.776491e-03
2.696466e-02
3.120181e-02
-2.612333e-02
5.304357e-02
9.956573e-02
1.675502e-01
-1.956842e-02
-7.825157e-02
-7.116055e-02
4.118949e-02
3.443694e-02
-1.204222e-02
1.832914e-02
1.383964e-02
8.307943e-04
-1.786674e-01
-1.092374e-01
4.339911e-02
-2.636129e-01
-3.325290e-01
-3.116085e-01
6.579660e-03
-8.070326e-02
-2.122028e-01
-7.826226e-02
2.348227e-02
1.307004e-01
-1.256825e-01
-6.880387e-02
2.093436e-02
-7.434729e-02
-1.920749e-02
9.407533e-03
2.203239e-01
2.239573e-01
2.329415e-01
-5.724846e-02
3.042394e-05
1.340676e-01
-1.654869e-01
-1.359064e-01
-1.486943e-02
1.004777e-01
1.615059e-01
1.300782e-02
-2.592297e-02
5.296632e-02
1.038367e-01
-1.207993e-01
-1.560261e-01
-5.235866e-02
-4.780304e-02
2.043912e-02
-1.277770e-01
2.775695e-03
1.108280e-01
-8.036639e-03
5.833672e-02
8.882699e-02
3.649164e-02
-1.811710e-02
-2.185709e-02
-5.657480e-02
4.377228e-02
-6.911071e-03
-4.308800e-02
1.641411e-01
1.026482e-01
-1.508923e-02
-9.113328e-02
3.670351e-02
5.353414e-02
-1.096570e-01
-1.401501e-02
9.284870e-03
-1.816236e-01
-8.639818e-02
-1.887782e-02
3.200706e-02
7.701658e-02
3.660988e-02
-5.955936e-02
-2.802423e-02
1.966045e-02
-5.255398e-02
-2.553921e-02
-4.953531e-03
-3.701309e-02
-8.416595e-03
1.247723e-02
-4.017809e-02
-1.856595e-02
-1.489269e-02
-1.080457e-01
-3.682676e-02
-3.534944e-02
-1.580714e-01
-2.146917e-01
-1.962402e-01
-1.903182e-02
-4.589871e-02
-2.173345e-02
4.575497e-02
1.066170e-02
8.068577e-02
-9.376945e-02
-9.888566e-02
-1.054987e-01
5.680155e-02
7.234714e-02
1.881630e-02
7.875776e-02
9.089140e-02
2.340668e-02
-8.005103e-03
-8.094614e-02
-1.241239e-01
7.368789e-02
1.126511e-02
-3.021174e-02
7.031273e-02
1.135712e-01
4.910912e-02
2.090775e-02
1.886344e-02
3.220617e-02
-5.397307e-02
-6.872792e-02
-5.505871e-02
-2.712957e-02
-9.962330e-03
-1.265637e-04
7.811724e-02
7.432554e-02
5.351138e-02
-9.862895e-03
-8.708677e-03
-2.458094e-02
-7.294746e-02
-6.319033e-02
-4.134329e-02
-1.829516e-01
-1.834870e-01
-1.709705e-01
8.823883e-03
-6.698050e-02
-1.623891e-02
6.684350e-02
9.230954e-02
2.170086e-01
-1.410758e-03
-1.317803e-01
-6.887860e-02
2.375542e-02
-6.893146e-02
-8.204099e-02
5.556922e-02
7.801108e-02
6.120240e-02
-5.442602e-02
-1.232478e-03
-2.165623e-04
-1.871783e-02
3.165152e-03
6.504639e-03
6.362140e-02
4.907422e-02
4.113162e-02
-1.979234e-02
1.651803e-02
5.739416e-02
-2.706495e-02
-9.185396e-03
-2.043828e-02
-1.153604e-02
-3.988687e-02
-9.361217e-02
3.394910e-02
2.101575e-02
-1.997035e-02
1.290331e-02
-4.049207e-03
7.619624e-04
-2.525081e-02
-3.051751e-02
5.536843e-03
-4.398523e-02
-3.156955e-02
-5.830029e-02
1.172393e-01
1.166499e-01
1.202687e-01
-1.036387e-02
-1.966588e-02
-1.858341e-02
1.133367e-01
1.933650e-01
2.627897e-01
-8.244365e-03
-1.584587e-02
-1.271213e-02
-1.689280e-01
-2.583199e-01
-2.504509e-01
1.560988e-01
1.950181e-01
1.324455e-01
1.092016e-01
1.309524e-01
4.071123e-02
2.920319e-02
4.419925e-02
-4.570565e-02
-9.289314e-02
-7.934872e-02
-1.397100e-01
-1.098590e-01
-9.485713e-02
-1.217936e-01
2.042357e-04
7.739824e-02
4.785459e-02
