2.293539e-01
3.943324e-02
-2.506938e-02
1.331864e-01
7.685157e-02
-5.056513e-03
1.508809e-01
-5.244463e-03
-5.397425e-02
5.119773e-02
8.002878e-02
5.061810e-03
5.734381e-02
1.711918e-01
6.268079e-03
2.338506e-01
2.645274e-01
1.448701e-01
-7.684013e-02
-7.299545e-02
-1.108423e-01
6.328716e-02
6.372488e-02
4.011303e-02
4.561784e-02
5.123108e-02
7.024848e-02
5.387433e-02
-2.268634e-02
-1.748422e-01
-2.585995e-01
-2.478527e-01
-3.428786e-01
-2.896336e-01
-3.478299e-01
-3.349458e-01
6.513533e-02
3.883477e-03
1.203143e-01
-1.209090e-01
-1.033438e-01
-9.579843e-02
-7.672831e-02
-5.339931e-02
-2.428737e-02
-9.957007e-02
-4.165417e-02
6.558540e-02
8.057089e-02
-5.208850e-02
6.582016e-02
1.171221e-01
3.451642e-02
5.281498e-02
-8.190980e-02
-9.157709e-02
-7.740331e-02
-9.093753e-02
-1.577747e-01
-1.304632e-01
-9.929582e-02
-1.449820e-01
-4.082746e-04
1.259384e-01
-5.528534e-02
2.878094e-02
-5.221760e-02
-2.322565e-01
-1.353883e-01
-8.243898e-02
-1.642661e-01
-7.318118e-02
2.063959e-02
-4.223208e-02
-5.551069e-03
-1.653411e-01
-2.408755e-01
-1.870062e-01
-8.802564e-02
-1.464942e-01
-4.407550e-02
8.572623e-02
2.144173e-03
4.386411e-03
2.505256e-02
7.210530e-02
4.085824e-02
-2.955666e-02
9.782502e-02
4.435114e-02
1.776973e-02
3.505027e-02
-1.735485e-02
-1.710758e-02
-1.220434e-02
9.979501e-03
-1.046259e-01
-4.874918e-03
-7.542940e-03
5.759674e-02
3.919856e-02
-5.064185e-02
2.908144e-03
-6.134675e-02
-6.483652e-02
1.402512e-01
7.630683e-02
-4.006553e-02
-1.265087e-03
2.853450e-04
1.293077e-03
2.078453e-04
-3.108605e-04
6.214000e-06
-5.955449e-04
-1.122400e-03
-9.232716e-04
-4.253984e-02
-3.627838e-02
9.174280e-02
-2.738847e-01
-3.547709e-01
-1.497166e-01
-2.172190e-01
-3.458728e-01
-2.327229e-01
7.093361e-02
-1.754021e-02
-3.280958e-02
3.576865e-02
1.039833e-01
5.801513e-02
1.959157e-02
6.745093e-02
-2.664211e-02
1.813299e-01
9.559084e-02
4.144100e-02
3.207827e-03
-7.239637e-02
-5.600588e-02
-1.150785e-01
-7.386567e-02
-1.048985e-02
-6.298412e-02
-2.643089e-02
2.454244e-02
-6.596850e-02
-9.575745e-02
-5.995851e-02
-2.289612e-01
-2.098455e-01
-8.341604e-02
-1.130166e-01
-2.947600e-02
2.341767e-02
-7.050434e-02
-2.631724e-02
3.860798e-02
-2.092144e-01
-1.286433e-01
-1.020934e-02
6.674226e-02
3.630550e-02
2.464918e-02
9.182161e-02
4.774534e-02
6.305004e-02
2.047163e-02
-1.057739e-02
-3.166867e-02
4.409299e-02
-6.273604e-02
-8.391950e-02
-5.315987e-02
-1.101303e-01
-1.755620e-01
3.799474e-02
8.749957e-03
-4.515849e-02
2.373651e-02
9.298351e-02
9.455720e-02
1.451826e-01
2.335729e-01
1.579576e-01
1.246822e-01
9.106024e-02
1.987754e-01
4.863157e-02
4.006213e-02
-1.224070e-01
-1.522260e-02
2.936888e-03
-8.161189e-02
4.313867e-02
4.907227e-02
9.716503e-02
-1.633623e-01
-1.003211e-01
-4.093983e-02
-1.737495e-01
-2.077097e-01
-2.555936e-02
-1.206408e-01
-2.490829e-01
-4.746554e-02
1.301203e-01
2.136460e-01
4.294568e-02
1.133876e-01
2.217026e-01
1.330180e-01
1.740764e-01
3.179710e-01
2.238279e-01
-7.492717e-02
3.699432e-02
-3.371408e-02
1.280813e-01
8.966619e-02
9.629001e-02
1.789305e-01
1.642528e-01
-2.896864e-02
-4.972183e-02
6.658053e-02
3.931120e-02
-1.738486e-01
-1.511502e-01
-1.242723e-01
-1.245383e-01
-8.475748e-02
-7.158252e-02
-2.086933e-01
-1.727587e-01
-8.769485e-02
-7.196587e-02
-1.837405e-01
-1.070081e-01
-3.426860e-02
-3.077964e-02
-3.809049e-02
9.668367e-03
1.971977e-02
2.391393e-02
8.241972e-02
7.465947e-02
9.404451e-02
8.334399e-03
-1.211735e-02
3.960149e-03
2.995261e-04
-1.326879e-03
-8.235130e-04
-7.408763e-04
-9.759909e-04
-6.054835e-04
-7.989033e-04
8.979064e-04
-2.633122e-03
1.271180e-01
2.434804e-01
1.624954e-01
1.745142e-01
2.666196e-01
2.048342e-01
2.038267e-01
1.578688e-01
1.803993e-01
-3.754894e-02
-6.203467e-02
-2.694164e-02
-9.105365e-02
-9.032699e-02
-5.062336e-02
-1.032250e-01
-3.149324e-02
8.502956e-02
-2.230650e-02
-5.127461e-02
-6.249768e-02
-2.247807e-02
-7.672714e-02
-1.100256e-01
-3.368967e-02
-6.876529e-02
4.191521e-03
-1.088639e-01
1.632647e-01
8.592995e-02
9.379765e-02
2.712343e-01
1.747009e-02
6.955281e-02
-6.999440e-02
-1.625810e-01
7.126983e-02
4.036058e-02
-6.287654e-02
7.867553e-02
5.070794e-02
-5.371589e-02
2.029848e-02
-2.813889e-02
-1.206771e-01
1.762972e-02
6.462978e-02
-1.672122e-02
5.690144e-02
9.751240e-02
3.420351e-02
-2.610773e-02
-2.520237e-02
-9.335840e-02
-1.987490e-02
-1.329279e-01
4.250978e-02
-1.888775e-02
5.301078e-02
-1.593730e-01
-1.630750e-02
-7.005951e-02
-3.789743e-02
-4.149277e-02
-8.978392e-02
-6.245269e-02
2.946884e-02
-8.195946e-02
5.043859e-02
1.237364e-01
2.443651e-01
1.974158e-01
-6.409065e-02
5.552338e-02
4.820228e-03
-6.579448e-03
-5.536860e-02
-2.967177e-02
3.337068e-02
4.451695e-02
5.225535e-02
-2.142184e-02
2.306700e-02
-1.634188e-01
-6.256659e-02
-3.094941e-02
5.144175e-02
5.248147e-02
6.882232e-02
4.088140e-02
3.121982e-03
-9.794713e-03
-3.111655e-02
1.890266e-02
1.287635e-02
6.568147e-02
9.936099e-02
1.565257e-01
9.583702e-02
-6.151069e-02
7.491473e-02
9.928918e-03
6.762788e-02
6.109226e-02
-2.633963e-03
8.716399e-04
-1.169511e-02
3.550047e-03
1.359474e-01
6.930976e-02
9.045790e-02
1.303150e-02
-2.712778e-02
-8.672088e-02
-2.179827e-02
-8.640258e-02
-8.845827e-02
-1.054774e-01
1.278822e-02
-3.277745e-02
-6.799971e-02
2.615981e-02
-7.202376e-02
-2.220411e-02
-2.677280e-02
-5.576714e-02
-1.036707e-02
-2.679631e-02
-8.299984e-02
-4.824715e-02
-2.446217e-02
-2.254421e-03
-4.084313e-02
-9.868363e-03
-3.723678e-02
4.292844e-03
3.182128e-04
-2.192465e-03
1.286116e-03
2.786865e-04
1.740119e-03
-5.035113e-04
1.897915e-04
6.339086e-04
-1.462546e-02
-3.202443e-03
-2.686085e-03
-5.614797e-02
2.568550e-03
-1.584734e-02
3.674453e-03
-1.193863e-02
8.005308e-02
1.679517e-01
1.441088e-01
5.450164e-02
1.190932e-01
1.257468e-01
6.236425e-02
-8.363538e-02
-8.746359e-03
-3.620388e-02
5.901885e-02
-6.495859e-02
-6.464750e-02
-4.976799e-02
-1.768541e-01
-1.356897e-01
-9.402532e-02
-1.136034e-01
-1.854952e-01
-2.550448e-02
1.149564e-03
5.175401e-02
4.552006e-02
4.964196e-02
4.869373e-02
6.251173e-02
3.376103e-02
5.845749e-04
-1.182440e-01
-6.645241e-02
2.775872e-02
-7.827062e-02
-1.060470e-02
5.100298e-02
1.918082e-02
7.124771e-02
1.054699e-01
-1.731574e-01
-1.049828e-01
1.149749e-02
-1.783466e-01
-1.047369e-01
-2.794659e-02
-8.107948e-02
-2.032790e-02
2.275348e-02
-3.040694e-02
6.020747e-02
2.963784e-03
1.106658e-01
3.580088e-01
2.554053e-01
1.198822e-01
3.698967e-01
3.122933e-01
1.209858e-01
1.672894e-01
1.321473e-01
-1.347712e-02
-6.393125e-02
-8.319718e-02
-7.452095e-02
5.740802e-03
3.184643e-02
-4.197226e-02
-1.731870e-01
-2.248149e-02
-2.251413e-02
-1.766794e-01
-1.013497e-01
5.845098e-02
-1.333793e-01
-2.155345e-02
-4.708303e-02
5.820504e-02
6.728372e-02
-3.810813e-03
1.371782e-01
-4.175310e-02
7.240205e-02
1.294854e-01
-2.672396e-02
2.215827e-02
6.387573e-02
1.277895e-01
6.354845e-02
1.951098e-01
2.832093e-01
1.059869e-01
2.276714e-01
2.518637e-01
-9.354129e-02
-2.278250e-01
-1.299570e-01
-1.679892e-01
-1.567471e-01
-8.724983e-02
-1.851200e-01
-1.598171e-01
-4.843321e-02
1.763133e-02
1.681708e-02
4.963908e-02
7.566338e-02
1.155349e-01
4.669634e-02
1.201872e-01
1.629363e-01
1.843572e-01
1.654581e-01
3.062589e-01
2.767689e-01
2.618074e-01
4.790967e-01
3.117847e-01
2.716557e-01
3.060673e-01
2.145742e-01
-5.759804e-02
-1.459667e-02
8.120457e-02
-8.044217e-02
-7.089614e-02
3.564455e-03
-4.784671e-02
-8.349699e-02
-6.170698e-03
8.994332e-04
1.726643e-04
8.181868e-04
-3.326312e-03
-1.973029e-03
1.310230e-03
-3.116648e-03
2.126066e-03
1.778344e-03
-3.976662e-02
-1.291106e-02
7.475223e-02
-3.256495e-02
2.530961e-02
1.265119e-01
6.784493e-02
1.761581e-01
9.501847e-02
8.237263e-02
7.511865e-02
1.477839e-02
1.022703e-01
-2.488483e-02
-1.673185e-02
1.107951e-01
-8.659637e-02
-7.443191e-02
-5.446288e-02
5.471897e-02
4.415003e-02
1.337984e-01
1.938466e-01
1.924590e-01
1.449844e-01
2.175795e-01
2.150834e-01
3.367972e-02
-1.845151e-02
-9.444851e-02
4.555023e-02
3.467606e-02
-1.036292e-02
6.781669e-02
-3.091225e-02
-5.623251e-02
-1.038712e-01
-2.168741e-02
2.847095e-02
-7.792431e-02
1.215704e-02
4.560144e-02
2.459267e-02
7.489991e-03
-2.513476e-02
-8.080269e-02
-4.347872e-02
3.587319e-02
-1.816463e-02
-2.578411e-02
1.583452e-02
-3.124856e-02
-5.783158e-02
-4.612933e-02
7.248306e-02
1.723429e-01
1.852881e-01
1.563180e-01
2.190021e-01
1.975877e-01
1.531417e-01
1.779289e-01
1.304721e-01
-3.613486e-02
-1.463348e-02
6.806616e-02
-1.151634e-01
-1.320874e-01
-5.427590e-02
-7.345317e-02
-7.788668e-02
1.183483e-02
-2.393229e-02
-5.257107e-02
6.047517e-02
7.089238e-02
-1.104069e-02
9.591585e-02
1.281169e-01
6.823536e-02
2.161940e-03
-3.153149e-02
5.719193e-02
2.745090e-02
-6.883164e-02
7.890888e-02
-2.882556e-02
-2.581995e-02
-1.239759e-03
4.234709e-03
8.103332e-02
1.079135e-01
2.837099e-02
-7.661819e-02
3.562897e-02
6.275061e-02
5.834010e-02
6.951445e-02
-6.714293e-03
6.464736e-02
8.657567e-02
5.440083e-02
1.737818e-01
1.657858e-01
6.026414e-02
1.545025e-01
1.349111e-01
6.245698e-02
-1.167874e-01
-7.545995e-02
-4.880275e-02
-1.808338e-01
-1.460300e-01
-1.169632e-01
-1.300697e-01
-1.251966e-01
-6.024466e-02
-1.032260e-02
3.617168e-02
6.426008e-02
-9.967575e-02
-6.070745e-02
2.521660e-02
-3.177885e-02
-1.476117e-02
5.172025e-02
1.037158e-01
5.472271e-02
-2.504035e-02
8.467192e-02
4.819612e-02
-4.743898e-03
5.200544e-02
-5.985529e-03
-7.493624e-02
-2.771126e-03
-2.355031e-04
-1.544761e-04
3.857495e-04
1.746292e-04
2.736768e-03
-1.104704e-03
-6.897741e-04
3.499649e-04
-5.548704e-02
-4.518346e-02
-7.065926e-02
-1.282353e-01
-2.745265e-02
1.043119e-01
-1.716270e-01
-9.240102e-03
8.438662e-02
-2.756623e-02
-2.964535e-02
-4.843773e-02
-9.884229e-02
-2.058973e-01
-1.682995e-01
-1.264411e-01
-2.614057e-01
-2.842107e-01
1.241191e-01
1.122701e-01
6.005976e-02
6.300250e-02
5.590771e-02
2.312418e-02
8.303786e-03
-3.242451e-03
1.206037e-02
-7.720537e-04
5.230170e-02
3.801599e-02
-2.054596e-02
3.889384e-03
6.309865e-02
7.988426e-03
4.901918e-04
-5.888371e-02
3.980938e-02
5.091687e-02
9.103566e-02
9.185808e-02
1.091631e-01
1.500269e-01
8.609740e-02
1.297242e-01
1.680268e-01
-5.154294e-02
-1.029050e-01
-6.433862e-02
-4.678088e-02
-9.050930e-02
-6.672405e-02
-4.367171e-02
-8.148019e-02
-7.874526e-02
1.284335e-01
4.606738e-02
2.076728e-01
7.359146e-02
1.267502e-01
1.280003e-01
-3.731494e-03
1.068211e-01
1.027760e-01
-2.497242e-03
-8.406711e-02
-3.323071e-02
5.506849e-02
2.023436e-02
-7.138423e-02
-3.240636e-03
-1.420989e-02
8.924829e-02
-5.149631e-02
-2.042476e-02
-2.185048e-02
7.690237e-04
2.198809e-02
-3.097949e-02
3.092869e-02
-2.370668e-02
2.746203e-03
3.221512e-02
2.499697e-02
2.775741e-02
1.558177e-02
-4.196490e-02
-1.822820e-02
-1.545368e-02
-6.804379e-02
1.846338e-02
-1.460570e-02
4.101299e-02
-2.032294e-02
3.159206e-02
4.855623e-02
-4.744082e-02
4.237491e-02
9.128980e-02
2.732057e-02
-6.901793e-03
-1.720925e-02
1.968835e-02
4.670379e-02
-4.561468e-02
-5.286030e-02
7.334519e-02
-3.100115e-02
-1.164614e-01
-6.282251e-02
-8.508407e-02
-4.619132e-02
-5.177513e-02
-5.347396e-02
-5.039631e-02
-7.513121e-02
-7.307564e-02
-4.647497e-02
-5.530630e-02
-2.311243e-02
-2.994218e-02
-2.777644e-02
4.136940e-02
-7.784908e-02
4.285358e-02
2.163923e-02
-8.627933e-02
-4.552278e-03
-6.205530e-02
-1.273105e-01
1.561175e-02
-3.473613e-02
-4.879213e-02
3.162364e-03
-3.455488e-02
-6.282479e-02
3.524600e-03
-1.476767e-03
1.024786e-03
9.454357e-06
4.262373e-03
-2.040687e-03
7.628558e-04
1.097974e-03
6.403707e-04
-1.743566e-02
7.953127e-02
3.739373e-02
2.032361e-02
-5.113344e-02
-1.846840e-02
1.724904e-02
9.511597e-03
-3.165688e-02
-1.126546e-01
-8.489712e-02
-4.688458e-02
-7.965299e-02
-4.256565e-02
-4.266996e-02
-2.422488e-02
3.370325e-02
3.778454e-02
-1.280741e-02
9.605937e-02
-7.064325e-03
-5.335078e-02
2.763222e-02
-5.968170e-02
-6.167669e-02
-8.806567e-03
-2.641542e-02
-3.559561e-02
7.059863e-03
-1.148785e-01
-5.030022e-02
-8.458147e-02
-8.223633e-02
-1.497400e-01
1.397426e-02
1.379314e-02
-1.240708e-01
-8.700706e-02
-1.015292e-01
-1.573824e-01
-1.861859e-01
-1.752687e-01
-1.142236e-01
-1.482976e-01
-1.230681e-01
7.176434e-02
4.532500e-02
-2.876788e-02
1.066455e-01
1.252570e-01
3.713027e-02
1.006034e-01
1.022418e-01
6.280360e-02
3.158783e-03
-1.054476e-01
-9.801909e-02
7.145803e-02
-1.200226e-01
-6.472056e-02
1.566126e-01
-1.323802e-02
-5.038834e-03
-8.191803e-02
-7.973698e-02
-3.343581e-02
-1.703429e-01
-1.390997e-01
-1.254672e-01
-3.738875e-02
-3.839263e-02
-6.659843e-02
-6.103894e-02
8.889714e-03
-7.803407e-03
-8.252145e-02
-3.279073e-02
-3.850395e-02
-2.399896e-02
4.165513e-03
-5.514094e-02
1.049755e-02
-8.821439e-02
-1.183923e-01
-1.410744e-02
-8.592276e-02
-8.219180e-02
-4.321157e-02
-6.843335e-03
2.926578e-02
-6.945343e-02
-9.246378e-03
1.899161e-01
-4.886462e-02
-1.445535e-02
-3.205811e-02
1.450038e-01
3.880816e-02
-9.250122e-02
-2.414529e-02
-2.244244e-02
5.624050e-02
-1.082287e-01
-6.006383e-02
-1.054550e-03
-7.312321e-02
1.147021e-03
6.291827e-02
-4.571872e-02
-4.954138e-02
-5.158489e-02
1.293149e-02
-8.823927e-02
-8.799151e-02
-1.171467e-01
-1.675584e-01
-1.373543e-01
1.703263e-02
2.762121e-02
1.160554e-01
-1.936834e-02
3.580232e-02
1.092464e-01
7.022262e-02
5.785390e-02
-2.846180e-02
3.152419e-02
5.427457e-02
7.679756e-03
3.266411e-02
6.475247e-02
4.171349e-02
5.396917e-02
9.355669e-02
1.372810e-01
-8.786259e-05
-1.206962e-03
7.887071e-04
2.915847e-04
1.822392e-03
9.302547e-04
2.591093e-04
7.021123e-04
1.130722e-03
-2.589558e-02
3.255026e-02
6.139125e-02
-8.270627e-02
-4.266421e-02
2.227462e-02
2.979079e-02
-7.183220e-02
-4.133059e-02
-3.319275e-02
-5.641805e-02
-5.820500e-02
-9.769597e-03
1.996940e-02
-7.871348e-03
2.631151e-02
1.724516e-02
-3.944742e-02
-1.427256e-01
-8.804485e-02
-2.235530e-02
-1.781636e-01
-6.280090e-02
-6.034124e-03
-3.054710e-02
4.748016e-03
-5.458167e-02
-1.829776e-01
5.147811e-02
7.197795e-02
3.609452e-01
-2.179281e-01
7.915637e-02
-1.844861e-01
1.825632e-02
9.980895e-02
1.556695e-01
1.682336e-01
7.311244e-02
1.073667e-01
1.349174e-02
-4.708171e-02
-5.299174e-02
-4.426628e-02
2.423405e-02
8.295426e-02
-8.610706e-02
-3.127275e-02
-9.929183e-03
-4.484538e-03
5.562027e-03
3.077129e-02
2.249687e-02
6.310602e-02
2.043657e-02
3.881126e-02
7.831222e-02
2.672174e-01
-1.887615e-01
1.943943e-01
1.043150e-01
1.852867e-01
1.012450e-01
6.762704e-02
-4.256888e-04
-7.413854e-02
-3.935330e-02
-1.104845e-01
3.283107e-02
9.861241e-02
-5.172581e-02
6.188432e-02
9.453883e-03
3.196759e-01
-2.097040e-01
-9.569377e-02
1.678609e-01
-1.143494e-01
-1.671585e-01
1.037517e-01
-1.259474e-01
3.423758e-02
-1.236401e-01
-2.576674e-01
8.606680e-02
-1.659596e-01
-7.682710e-03
-5.489400e-02
7.303502e-02
3.646303e-02
-5.076086e-02
-3.853390e-02
-4.389528e-02
2.345761e-01
1.507641e-01
-1.225300e-01
6.779054e-02
2.812536e-02
-8.313858e-02
-8.848063e-03
3.398041e-02
-3.494266e-02
1.310253e-01
-3.140828e-02
-1.463973e-02
4.185840e-02
6.030498e-03
-2.048302e-02
7.991692e-03
5.178316e-02
-1.481771e-02
1.327570e-01
-8.023069e-02
1.817275e-02
-1.426248e-02
-1.169321e-01
-4.961082e-03
-1.409516e-02
9.350961e-02
1.775936e-01
1.662505e-01
5.570982e-02
8.753586e-02
6.770230e-02
-5.432833e-02
-5.316839e-02
4.359585e-02
-1.456273e-02
-6.140509e-02
5.018486e-02
2.033576e-02
-3.605867e-02
-4.859857e-02
-4.786775e-02
2.836383e-03
8.009325e-05
-2.358937e-03
-9.442444e-04
-9.731570e-04
-3.926696e-04
1.772378e-03
-1.505743e-03
-1.490061e-03
4.567759e-04
-2.011460e-01
-2.002122e-02
-6.001516e-02
6.091716e-02
2.226562e-02
-8.246925e-02
1.859461e-01
-2.595110e-02
-6.337697e-02
5.006718e-02
7.749086e-02
5.934972e-02
3.475624e-02
2.993450e-02
-1.021480e-02
-1.807758e-02
-1.044563e-01
-6.242201e-02
2.819050e-02
-4.109811e-02
-1.353996e-01
2.833628e-02
2.239960e-02
-8.969740e-02
4.888122e-02
3.139506e-02
-8.131118e-02
4.195028e-02
-1.875620e-03
-6.526215e-02
-1.148016e-01
-9.241447e-02
5.763705e-02
-1.935941e-01
1.823359e-01
-4.517373e-02
6.433132e-02
1.164588e-01
7.718877e-02
-4.799751e-02
-7.573818e-02
-2.149973e-02
-3.414122e-02
-6.114957e-02
1.826293e-02
8.884259e-02
6.413153e-02
7.994273e-02
8.571998e-02
7.378635e-02
3.159594e-02
3.130194e-02
5.226541e-02
7.950471e-02
-5.527219e-02
-1.686696e-01
-1.235354e-01
-1.903296e-01
-1.239791e-01
-9.417053e-02
3.355742e-02
1.686804e-03
-4.199069e-02
8.856367e-03
6.581461e-02
1.314042e-02
2.497387e-02
5.488632e-02
6.098688e-03
4.012465e-02
-5.799850e-03
-1.707246e-02
-1.527100e-01
8.585930e-02
-1.151113e-01
-1.662452e-01
1.689754e-01
-1.169408e-01
-1.027007e-01
8.680521e-02
-1.501970e-01
4.749738e-04
-1.284014e-02
-1.421490e-01
2.770236e-02
1.181461e-01
-9.230207e-02
2.481476e-01
1.490578e-01
6.278773e-03
-2.452207e-01
-9.382106e-02
1.296702e-02
-4.793436e-02
-1.183994e-01
-1.410249e-02
-4.651561e-02
1.656858e-01
-1.641650e-01
-4.331767e-02
-1.365187e-02
7.157193e-03
-4.885192e-02
3.436100e-02
-6.092818e-02
-5.591453e-02
4.140193e-02
-1.203034e-02
9.611297e-02
2.057947e-02
-1.053706e-01
1.628353e-01
-1.610946e-02
-3.393000e-02
1.169533e-01
-2.480756e-02
-5.725511e-02
-2.674532e-02
-1.243946e-01
-8.098052e-02
-1.268417e-01
-9.756852e-02
-5.735420e-02
-4.308956e-02
-1.469283e-01
-5.888115e-02
-1.177956e-02
1.961949e-02
4.453062e-02
-3.712340e-02
-1.202432e-02
-3.216682e-02
1.245698e-02
4.453273e-03
2.701943e-02
-2.280072e-03
-5.720881e-04
-2.043966e-03
-5.176407e-03
-4.933033e-04
-1.667517e-03
-6.898812e-04
4.592068e-04
1.437730e-03
-5.103306e-02
2.731216e-02
1.599237e-01
-1.340640e-01
5.005920e-02
-5.426581e-03
-5.582288e-02
1.836094e-02
-7.959908e-02
7.618945e-02
1.061374e-01
6.135512e-02
-5.623968e-02
-7.021230e-02
-3.302913e-02
-9.181980e-02
-1.530792e-01
-6.856786e-02
-1.945544e-02
-6.936686e-02
-9.153406e-02
-1.323428e-02
-6.994025e-02
-5.594049e-02
-2.534472e-02
-1.770308e-02
7.100987e-02
-9.803545e-02
2.064215e-03
6.344824e-02
1.853875e-02
9.912912e-02
1.398603e-01
-4.840929e-03
7.215330e-02
1.096855e-01
4.272861e-02
-1.462959e-02
6.280103e-02
-8.382968e-03
3.242846e-03
-2.179074e-02
2.946155e-02
8.445417e-02
8.390918e-03
1.537600e-01
2.087179e-01
1.110759e-01
9.628700e-02
1.151816e-01
5.061336e-02
-3.748685e-02
-7.537666e-02
-8.551788e-02
-9.584079e-02
-4.518574e-02
7.109145e-03
-2.174170e-01
-2.078009e-01
-1.397027e-01
-1.603368e-01
-1.939106e-01
-3.674540e-02
-1.314234e-01
-1.318388e-01
-1.626940e-01
1.609458e-03
3.565399e-02
4.439906e-02
3.642913e-02
1.465074e-01
4.948194e-02
5.490851e-02
-2.529472e-02
-4.089464e-02
1.891595e-02
-2.355885e-02
-2.766710e-02
-3.922904e-02
-5.061879e-02
4.380920e-02
8.580478e-02
-4.103188e-03
-1.892096e-01
4.794012e-02
-1.055633e-02
-1.181197e-02
-2.189921e-02
2.034829e-02
1.064171e-01
-1.822870e-02
-8.448862e-03
-6.472248e-02
-3.289182e-02
-9.218060e-02
-1.411348e-01
-1.221675e-02
-1.234568e-01
-5.099581e-03
-2.112694e-01
-1.501144e-01
-1.265890e-01
-1.736102e-01
-2.042447e-01
-1.332677e-01
-1.316780e-01
-1.367239e-01
-9.876325e-02
8.833820e-02
9.181520e-02
1.343911e-02
2.711087e-02
5.301753e-02
1.498483e-02
-8.228546e-02
-3.290926e-02
3.100666e-02
-2.384230e-02
-3.336143e-03
1.451711e-01
1.521956e-01
-2.284534e-02
-7.825937e-03
9.006667e-02
3.949161e-02
-1.399821e-02
-2.124201e-02
-1.060175e-02
-9.340026e-02
-4.994058e-02
-1.868436e-02
-1.510221e-02
-5.460896e-02
-1.164821e-01
-1.232246e-01
-9.636527e-04
-1.251363e-04
-1.091263e-03
-6.624661e-04
1.266529e-03
1.759846e-03
1.470175e-03
6.924389e-04
-5.617120e-04
1.494127e-01
-6.460246e-02
-3.592229e-02
5.160184e-02
-4.956521e-02
-1.559087e-01
-2.277811e-02
-7.262613e-02
-9.262427e-02
1.082831e-01
2.479908e-01
1.877073e-01
9.308086e-02
1.118618e-01
-2.004332e-02
-1.767270e-02
1.816899e-03
-1.215370e-01
-1.207199e-01
7.633130e-02
1.911374e-01
-2.131919e-02
3.368693e-02
1.605506e-02
1.639347e-02
-4.743256e-02
-1.441082e-01
-1.658234e-02
6.130623e-02
3.365558e-02
-9.069410e-03
-6.735114e-02
-5.621303e-02
-1.196512e-02
2.660849e-02
-3.465024e-02
-1.124423e-01
-1.591271e-01
-1.445233e-01
-1.797117e-02
-8.161036e-02
-1.390873e-01
-1.770096e-02
-1.312372e-01
-1.397860e-01
-1.505527e-01
-1.321788e-01
-5.088742e-02
-6.296401e-02
-4.763764e-02
3.412103e-02
6.124565e-03
5.779258e-02
1.320047e-01
5.751476e-02
-5.168817e-02
-4.492902e-02
1.820538e-02
-1.184621e-01
-1.487027e-01
-1.488765e-01
-1.941645e-02
-4.859699e-02
3.388959e-02
1.147337e-01
6.181054e-02
7.153508e-03
6.138050e-02
-7.467221e-03
1.068778e-02
-5.050973e-02
4.596823e-02
1.084973e-02
7.845601e-02
-3.153470e-02
-9.321688e-03
3.429049e-03
4.514467e-02
-4.631596e-02
-8.197761e-03
-1.064879e-01
1.065714e-01
1.624344e-01
8.310461e-02
2.886365e-01
2.700792e-01
3.073438e-01
1.466200e-01
2.528169e-01
2.981735e-01
-4.906398e-02
-1.459059e-01
-1.538586e-01
-2.688578e-01
-4.554482e-01
-3.087354e-01
-3.558724e-01
-4.682815e-01
-1.843278e-01
1.454888e-02
-6.397367e-02
-6.086406e-03
-2.300841e-02
-1.641362e-01
2.828948e-02
7.280929e-02
-1.403937e-01
1.805829e-02
9.768438e-02
2.134913e-01
4.179773e-02
1.350455e-01
2.349846e-01
3.627440e-02
3.063066e-02
2.116875e-01
-5.494007e-02
1.146409e-01
8.627605e-02
5.729203e-02
1.123021e-01
1.359183e-01
1.358148e-01
1.909802e-01
1.589079e-01
8.729821e-04
-2.169738e-01
-1.960084e-01
-4.990933e-02
-1.689357e-01
-1.452981e-01
-5.820412e-02
-9.300902e-02
-4.931473e-02
5.275947e-03
-3.735252e-03
9.250321e-04
-1.563711e-03
1.690231e-03
-3.345404e-03
3.168984e-03
1.289497e-03
-2.505549e-03
2.744353e-03
-1.162782e-01
-2.835819e-01
-1.404842e-01
-2.351243e-01
-4.764988e-01
-3.466348e-01
-2.010712e-01
-3.294917e-01
-1.884517e-01
-1.224425e-02
5.475644e-02
9.444480e-02
9.785371e-02
2.440907e-02
3.340952e-02
1.148949e-01
4.650459e-02
-9.603103e-02
-1.891505e-02
5.780558e-02
1.589302e-02
5.908493e-02
3.849051e-02
8.293901e-02
1.221071e-01
1.043917e-01
6.065550e-02
-3.767600e-02
1.883473e-02
1.592572e-02
-3.248987e-02
-1.832799e-02
-7.720745e-03
-8.622833e-02
-6.232692e-02
8.503763e-02
-8.584383e-02
-1.620562e-01
-2.212514e-01
-1.388104e-01
-1.226016e-01
-2.230433e-01
-1.291031e-01
-1.497634e-01
-1.880610e-01
-5.826812e-02
-1.657910e-01
-1.483830e-01
-1.267778e-01
-2.065535e-01
-1.746896e-01
-1.053857e-01
-1.271838e-01
-1.516226e-01
3.776998e-02
3.906381e-03
-4.278508e-03
-1.516032e-03
-9.079163e-02
1.017218e-02
1.383711e-02
-8.479030e-02
-9.911374e-02
-1.156688e-01
-1.450461e-01
-8.125855e-02
-1.924006e-01
-1.982320e-01
-2.413191e-01
-1.368342e-01
-2.154363e-01
-8.077436e-02
-6.349467e-02
-3.197361e-03
9.067941e-02
-5.085199e-02
3.293108e-02
5.961775e-02
-2.410371e-02
4.040367e-02
8.649392e-02
-3.720114e-02
5.308342e-03
-8.248539e-02
-4.804632e-02
-1.033804e-01
-1.771380e-01
-5.983608e-02
-2.310797e-01
-2.397304e-01
-1.181826e-01
-5.906253e-02
6.478126e-02
-1.504555e-01
-8.015659e-02
-1.345187e-02
1.387921e-02
3.248267e-03
4.734194e-02
-7.821432e-02
-8.643217e-02
-6.116498e-02
-1.299608e-01
-1.695114e-01
-1.288938e-01
-6.667266e-02
-1.451575e-01
-1.162750e-01
-1.063064e-02
-1.624538e-01
-1.910453e-01
-3.205550e-02
-1.066443e-01
-1.728170e-01
2.929430e-02
-3.396038e-02
-1.104138e-01
1.227854e-01
4.344078e-02
-8.594479e-02
1.531478e-01
3.797246e-03
-3.223171e-02
7.705290e-02
1.298357e-02
6.322671e-02
-2.968224e-02
-5.581244e-02
-1.466912e-01
-8.387886e-02
-4.318138e-02
-8.180292e-02
-9.416349e-02
-1.093314e-02
-7.182647e-02
1.296724e-03
-4.092499e-03
-3.146380e-03
1.352833e-04
1.700318e-03
-3.463731e-03
2.059336e-03
-1.853614e-03
-6.601023e-04
-1.952572e-02
4.576264e-03
7.278989e-02
-6.390779e-02
-1.179367e-01
6.597405e-02
-4.576641e-02
-6.043693e-02
1.128316e-02
5.791372e-02
6.868977e-02
1.561002e-01
-6.165729e-02
1.109719e-01
2.501259e-01
-3.403116e-02
2.958112e-01
4.300352e-01
6.744395e-02
-9.132672e-03
-4.838306e-03
-1.452753e-01
-1.584537e-01
-1.367170e-01
-8.047383e-02
-1.358545e-01
-1.109523e-01
-8.846185e-02
-1.094885e-01
-9.074596e-02
-1.831777e-01
-2.138309e-01
-1.568322e-01
-4.954233e-02
-7.850867e-02
-9.819053e-02
6.638233e-02
6.822827e-02
-8.130839e-02
3.513889e-03
9.576511e-02
1.294314e-02
-1.779741e-01
-1.425066e-01
-6.091757e-02
6.044542e-02
6.640685e-02
8.329161e-03
3.053848e-02
8.284193e-02
6.220050e-02
2.648180e-02
8.113206e-02
5.670868e-02
-7.400145e-02
-7.915689e-02
-1.889265e-01
-7.625798e-02
-7.418294e-02
-1.329568e-01
3.001001e-03
9.163716e-02
7.724578e-02
5.584441e-02
3.855028e-02
6.549598e-04
5.928708e-02
-1.347803e-02
-4.009251e-03
3.866431e-03
-1.140809e-01
-9.485537e-02
4.359989e-02
4.925955e-02
6.193791e-02
-3.052746e-02
2.811636e-02
1.180799e-01
-2.219433e-02
1.210022e-02
1.095308e-01
-1.204898e-01
-1.831958e-01
-1.573261e-01
-1.006750e-01
-1.929823e-01
-2.257129e-01
-3.308067e-02
-2.075632e-01
-1.854312e-01
-4.416312e-02
-5.393054e-02
-1.276658e-01
-1.266166e-01
-7.133859e-02
9.832834e-02
-2.026631e-01
-7.288121e-02
5.564523e-02
-3.382719e-02
1.498944e-02
-2.313815e-02
-1.463388e-01
-7.534061e-02
-1.777817e-02
-1.745442e-02
-5.103825e-02
-1.400513e-01
-1.320760e-01
-9.477083e-03
-2.830587e-03
-2.855280e-02
-1.678034e-02
-7.088163e-02
-1.621828e-02
-3.678301e-02
-8.089327e-02
6.379915e-02
-1.130621e-02
-7.433286e-02
6.861279e-02
1.362696e-01
4.195458e-02
1.036259e-02
-5.394787e-02
9.135740e-02
8.282756e-03
7.949776e-02
7.225730e-02
-1.785906e-02
4.597671e-02
7.536535e-02
-8.459613e-02
-9.052275e-02
-3.982983e-02
-1.687107e-04
4.150787e-03
-2.041936e-03
-3.778532e-04
-1.612327e-03
-1.866898e-03
-1.784545e-03
-2.539627e-04
1.235086e-03
1.294738e-02
-1.030534e-01
-1.943771e-01
-2.612003e-03
-6.325585e-02
3.190425e-02
-6.478904e-02
-5.354381e-02
9.003416e-02
9.005642e-02
5.419879e-02
2.476216e-02
9.701358e-02
7.670444e-02
1.074829e-01
-4.076560e-03
2.508014e-02
1.215072e-01
1.437901e-01
8.687243e-03
3.518899e-02
4.478004e-02
-4.323410e-02
-5.835453e-02
-1.206277e-01
-1.321538e-01
-7.767140e-02
2.543451e-01
3.948478e-01
-4.856629e-02
2.519262e-02
-4.330663e-01
-2.279139e-02
4.307314e-02
4.117547e-01
5.187734e-02
-3.574351e-02
8.291137e-02
4.750657e-02
-8.772465e-02
-5.476670e-02
-5.328009e-02
-3.514484e-02
5.975205e-03
-1.606955e-02
-3.753795e-02
-7.808704e-02
-8.433127e-03
-1.311355e-02
1.017780e-01
5.149743e-02
-4.664448e-02
3.413536e-02
1.707913e-02
2.819042e-02
8.835999e-02
-1.278180e-01
1.426579e-01
-6.984212e-02
1.209462e-01
-6.238687e-02
8.768440e-02
-7.197731e-02
2.994668e-01
3.230557e-01
2.731123e-01
2.173658e-01
4.349512e-01
1.588342e-01
1.920893e-01
6.460382e-02
1.375735e-01
-4.128398e-02
2.078720e-02
-2.578884e-01
1.237647e-01
1.959042e-01
7.263830e-02
1.405290e-02
6.809822e-02
-1.732522e-01
1.151119e-01
1.096333e-02
7.513488e-02
2.556072e-02
6.313027e-02
1.627339e-02
4.406268e-02
7.520844e-02
-1.113087e-02
5.017362e-02
4.656286e-02
2.750824e-01
1.475612e-01
1.995176e-01
-1.096798e-01
-1.015083e-02
1.300895e-01
-1.448603e-01
8.014508e-02
1.109305e-01
3.456192e-02
-1.451261e-01
-5.747748e-02
2.274123e-02
-7.457992e-02
1.019696e-02
-3.088767e-02
-5.004627e-02
-4.899457e-02
-6.980386e-02
7.469917e-02
-6.181903e-02
4.714340e-02
6.905257e-02
-1.630235e-01
-1.104573e-01
-1.722313e-02
5.074840e-02
8.904961e-02
6.610872e-02
2.838442e-02
1.596944e-01
-2.850955e-02
-2.515886e-02
1.313793e-01
-7.240551e-02
-1.514487e-02
7.911894e-02
-6.485179e-02
-1.193034e-01
-7.432153e-02
6.273201e-02
-1.750013e-02
-2.104989e-03
6.197181e-04
-6.305808e-04
-1.370822e-05
2.369724e-05
-1.279245e-03
-1.895925e-03
-6.765236e-04
-7.005327e-04
6.847461e-04
-1.194492e-01
2.318110e-01
9.956644e-02
1.654086e-01
-3.802367e-02
1.924132e-01
2.743016e-02
6.813046e-02
-6.246977e-02
5.284698e-02
2.563817e-02
-7.851691e-02
8.283391e-02
6.467979e-02
-2.107103e-02
-4.930591e-03
-1.237707e-01
-1.294690e-01
-3.326152e-03
-7.610140e-02
-1.074312e-01
4.449629e-02
-5.760827e-02
-4.878999e-03
-1.198296e-02
-3.440675e-02
9.874045e-04
-7.411630e-02
-3.683531e-02
4.102834e-02
8.565001e-02
5.620006e-02
4.368899e-02
-1.392793e-02
1.550229e-02
-8.148135e-02
-6.714005e-02
3.277570e-02
8.476828e-03
-4.820031e-02
-3.682801e-03
1.264286e-02
-2.230795e-02
-4.881303e-02
-9.392701e-02
1.634340e-01
8.272400e-02
5.903243e-02
1.322033e-01
1.035976e-01
9.131462e-02
1.050558e-01
9.438384e-02
8.994922e-02
2.382427e-02
-2.329353e-01
-1.013969e-01
-2.167467e-01
-4.065239e-01
-2.381161e-01
-1.044197e-01
-2.679158e-01
-2.349465e-01
2.247628e-01
3.643189e-01
3.224649e-01
1.282993e-01
3.028578e-01
1.936560e-01
5.166069e-02
2.251997e-01
1.205593e-01
-6.001562e-02
-7.039446e-02
-4.225457e-02
-3.889964e-02
4.274311e-03
4.152132e-02
-6.735882e-02
5.531465e-02
6.596752e-04
5.919916e-02
-3.647613e-02
-1.040321e-01
3.773422e-02
-5.261240e-02
-1.062880e-01
-6.691310e-02
-2.300832e-02
-1.405491e-01
-7.363871e-02
-1.722366e-01
1.145162e-01
-1.560591e-01
-2.894441e-01
-6.105256e-02
-1.141486e-01
-1.077596e-01
-7.322622e-02
-4.157665e-02
-2.152129e-01
-2.005627e-01
-2.326036e-01
-3.638030e-01
-2.750542e-01
-2.561520e-01
-2.779208e-01
-1.320771e-01
-1.607721e-02
1.256604e-01
1.570043e-02
-1.357845e-02
-7.025557e-02
-4.652322e-02
4.021267e-02
-3.505872e-02
-1.162441e-01
4.359539e-02
3.718871e-02
-1.705195e-02
1.681183e-02
-3.935059e-02
-8.540897e-02
1.664070e-02
-5.847079e-02
-1.972519e-02
-2.835589e-02
-7.777335e-02
-2.106284e-02
-5.686538e-02
-4.658148e-02
-4.155011e-02
-1.572439e-02
1.176846e-02
2.645128e-02
-5.468929e-04
-9.847472e-04
1.365184e-03
1.560764e-03
-1.385159e-03
-2.864050e-03
-4.053247e-03
9.441975e-04
8.596919e-04
-1.147879e-01
-4.948553e-02
5.916290e-02
-1.153569e-01
-2.355938e-01
-2.650462e-01
-4.831873e-02
-4.672455e-02
-4.345987e-02
8.335219e-02
6.544793e-04
9.228993e-02
-5.004662e-02
-1.863329e-02
-2.575514e-02
-3.249079e-02
3.258543e-02
5.994010e-03
-1.726321e-01
-1.438631e-01
-1.693343e-01
-1.882191e-01
-1.510619e-01
-1.372719e-01
-1.126289e-01
-1.231036e-01
-8.959990e-02
3.203401e-02
8.432827e-03
-6.306627e-02
5.544303e-02
1.024243e-01
1.058838e-01
-8.133783e-02
3.719895e-02
4.065885e-02
2.987417e-02
1.860466e-01
5.197095e-02
1.136108e-01
2.258656e-01
7.567349e-02
1.812452e-01
2.519104e-01
1.693137e-01
3.571128e-02
1.038576e-01
8.084650e-02
1.129374e-01
1.334524e-01
8.348767e-02
1.539012e-01
1.684880e-01
1.354702e-01
1.162533e-01
-2.078126e-02
5.169562e-02
1.494422e-02
-4.013184e-02
5.451721e-02
9.535390e-03
-3.046148e-02
4.348119e-02
-5.395924e-02
2.928147e-02
1.235987e-02
1.471563e-01
2.096582e-01
1.972124e-01
2.338848e-01
3.193989e-01
1.862614e-01
-9.344277e-02
2.845573e-02
5.945499e-02
-5.486671e-02
5.434812e-02
2.626131e-02
1.555447e-03
7.044820e-02
7.104272e-03
-5.767992e-02
-1.076798e-01
-1.127505e-01
-3.750375e-02
-4.011590e-02
-5.015462e-02
5.607582e-02
-2.432454e-03
-9.598394e-03
7.293769e-03
6.217946e-03
8.834600e-02
1.065005e-01
9.451514e-02
1.834395e-01
4.184303e-02
1.089872e-01
4.360059e-02
7.273631e-03
-4.204610e-02
-6.678540e-02
3.959043e-02
9.413140e-02
-4.159585e-02
-6.162955e-02
1.095522e-01
7.560968e-02
7.772682e-03
1.606358e-03
7.475970e-02
1.435834e-01
1.033788e-01
1.181054e-01
1.571399e-01
1.344069e-01
3.397962e-02
-6.737072e-03
7.330702e-02
5.990610e-02
-3.907591e-02
1.554993e-03
7.278162e-02
1.870088e-02
6.713462e-02
5.156524e-02
1.437257e-01
1.913650e-01
4.097355e-02
1.481902e-01
2.117512e-01
1.273657e-01
1.314836e-02
1.313206e-01
1.062563e-01
-1.065706e-03
2.940559e-03
-3.847397e-03
1.574764e-03
-2.103602e-04
-5.914543e-04
8.473907e-04
-1.185710e-03
-4.525761e-04
3.075207e-03
4.240520e-02
4.025435e-02
3.896876e-02
5.020110e-02
1.812282e-02
2.747513e-02
1.143318e-01
-8.600096e-04
2.286554e-02
5.281389e-02
6.498909e-02
1.179900e-01
2.533990e-01
2.763646e-01
2.050660e-01
4.068194e-01
4.376183e-01
-7.085212e-02
-6.689910e-02
-2.468136e-02
-3.069380e-02
-1.995741e-02
4.254065e-02
7.345845e-02
1.054149e-01
1.235490e-01
