2.097047e-03
1.494114e-03
-5.793526e-04
-2.545572e-03
4.549600e-04
-1.668351e-03
-8.329291e-04
-1.518016e-03
-1.291522e-03
-2.716441e-05
-4.194400e-04
-9.501522e-04
7.142882e-04
2.897131e-03
2.395454e-03
-5.797750e-04
-6.105005e-04
-4.070873e-03
-6.513428e-04
1.667936e-03
-2.679671e-04
7.359427e-04
-1.563017e-04
-3.024760e-03
-2.567213e-03
-7.897452e-04
-3.285917e-03
-2.302619e-03
2.573279e-03
2.114702e-03
5.433339e-04
-2.567084e-03
-1.405182e-03
-4.956018e-04
-3.044930e-03
2.713495e-04
-8.335278e-04
-1.658718e-03
-2.763826e-03
-1.625688e-03
3.978117e-04
7.632021e-04
-3.447526e-03
5.648067e-04
-1.045946e-03
-2.806582e-03
-1.786264e-03
-1.221741e-03
-1.615221e-03
1.133809e-04
-1.596852e-03
-1.071704e-03
-2.675220e-03
3.164789e-03
-1.136457e-03
2.373854e-03
-4.946937e-04
-7.966889e-04
-3.480134e-04
3.454054e-03
9.307609e-04
1.964204e-03
-2.206134e-03
1.049606e-03
-1.508800e-04
-2.080033e-03
4.545993e-04
3.732797e-03
2.011721e-04
2.429817e-03
2.441818e-04
-3.302914e-03
-3.919270e-03
2.276946e-04
1.547186e-03
-1.189602e-03
2.895093e-03
1.890212e-04
2.303814e-05
-6.127424e-04
-2.362129e-03
2.430419e-04
-1.975381e-03
-4.602215e-04
-1.803346e-03
1.166307e-03
-3.810111e-03
2.273266e-03
-2.717718e-04
1.536724e-03
3.159011e-03
-2.109397e-03
1.458982e-03
1.997129e-03
-1.555594e-03
-2.143612e-03
6.091707e-04
1.658927e-03
-2.855021e-04
6.150740e-04
-2.322063e-03
-3.411771e-03
-7.893109e-04
1.385781e-04
5.909490e-04
1.075075e-03
1.684499e-04
2.082947e-03
-1.856965e-04
-3.978545e-04
-4.081005e-03
-2.612868e-03
1.398016e-03
-8.504429e-04
-5.159788e-03
2.984720e-03
-1.794202e-04
5.189780e-05
-3.581429e-04
-2.639296e-03
2.570654e-03
1.065078e-04
3.044592e-03
6.902709e-04
4.342184e-07
-1.181946e-03
-2.064275e-04
-7.233705e-04
2.351888e-03
-3.640378e-03
1.836646e-03
1.342001e-04
3.580974e-03
-5.243224e-04
2.018470e-03
-2.526980e-03
2.394193e-03
-3.950016e-03
2.978557e-04
-6.535864e-04
3.122761e-03
-5.723105e-03
1.406165e-03
-1.450343e-03
-1.920236e-02
5.995366e-02
8.055967e-02
-7.954781e-03
6.702560e-02
8.057716e-02
-2.383714e-03
5.669802e-02
8.329155e-02
4.477498e-02
5.099035e-02
-9.562747e-02
9.192569e-02
1.094395e-01
-1.384206e-02
-5.424660e-02
1.414328e-03
1.646527e-02
-8.015902e-02
2.511990e-02
-1.321860e-02
-6.777943e-02
-3.463787e-02
-3.312736e-02
-5.306575e-02
-4.405798e-02
1.961370e-03
-5.544564e-03
-9.503521e-03
-1.465657e-02
2.593732e-04
-8.233885e-04
-1.506349e-02
3.394591e-03
-3.496130e-03
-2.322489e-02
-6.038124e-03
-3.640080e-03
1.044296e-01
-4.993708e-03
6.070655e-02
1.526656e-01
-4.333839e-02
3.012800e-02
1.032744e-01
-3.818102e-02
1.478472e-01
-2.316067e-02
-2.994298e-02
6.144879e-02
1.545259e-02
-3.023385e-02
1.110193e-01
5.753418e-02
9.854893e-02
2.508426e-02
1.642985e-01
8.887975e-02
1.494876e-02
9.421135e-02
-3.393852e-02
-9.307650e-02
-2.577018e-02
1.206300e-01
1.373555e-01
-1.917897e-02
1.646883e-01
1.842244e-01
-1.016196e-01
-7.290838e-02
1.600099e-01
-8.351690e-02
3.250350e-02
2.375813e-01
6.842577e-02
6.094109e-02
2.495093e-01
3.183023e-02
-5.141126e-03
2.276758e-01
-1.182123e-01
3.817641e-02
-1.577296e-01
-1.320982e-01
2.960722e-02
-9.251384e-02
-6.161986e-02
4.033962e-02
-6.203596e-02
5.301177e-02
-4.920498e-02
2.174399e-02
2.259124e-01
-2.783523e-02
4.712442e-02
1.888772e-01
2.342130e-02
9.902509e-02
1.103648e-01
-2.443793e-02
-8.462992e-02
-2.984765e-02
-6.052030e-02
-1.010916e-01
-2.000643e-02
-2.007829e-02
-2.436854e-02
6.765736e-03
-5.786797e-02
9.899318e-04
-1.693917e-01
3.433333e-02
1.948471e-02
-1.269150e-01
1.038207e-01
1.545442e-01
-1.830474e-02
-8.586222e-03
-2.401992e-02
3.026573e-02
-1.042809e-01
1.390037e-01
-2.270570e-02
6.565562e-02
7.593323e-02
8.402749e-02
-1.032883e-01
-1.427962e-01
-5.101620e-02
-7.305032e-02
-1.171296e-01
-3.827535e-02
-4.503967e-02
-9.345618e-02
-2.914385e-02
-1.367115e-01
-9.051356e-02
-9.380447e-02
-7.217740e-02
-5.750110e-02
-4.173227e-02
-1.518538e-03
6.004441e-03
1.210222e-02
-8.592092e-03
-9.911209e-02
1.833631e-02
4.523417e-03
-4.081681e-02
1.540245e-02
-1.031703e-02
-2.088579e-02
-5.206076e-02
-1.535903e-01
-6.286044e-02
-1.554065e-01
3.890159e-02
8.657926e-02
-8.099017e-02
2.376894e-01
1.026967e-01
-2.851645e-02
-1.150044e-01
8.327860e-02
-3.418654e-02
-8.378912e-02
1.021226e-02
-1.094173e-01
6.866176e-02
-5.047553e-02
-5.809010e-02
9.320075e-03
3.135866e-03
2.719099e-02
-9.304945e-03
4.458312e-02
7.149883e-02
-3.486511e-02
2.926705e-02
5.368254e-02
5.178300e-02
-1.116757e-01
-5.701290e-02
7.246426e-02
2.284350e-01
-6.864955e-02
9.251831e-02
-1.053320e-01
-2.411127e-01
5.052990e-02
5.721293e-02
-1.337711e-01
-9.364124e-02
-1.055154e-01
-1.730229e-01
-1.406486e-01
-1.371916e-02
-9.595817e-02
6.622040e-02
-6.151843e-02
3.914331e-03
1.932820e-02
4.603495e-02
2.060899e-02
-1.234840e-01
1.010915e-01
-8.544961e-02
1.328479e-01
-5.048600e-02
-2.801679e-01
-1.126505e-01
-4.627588e-01
3.768813e-01
5.235060e-02
-1.459071e-01
-5.804064e-02
-5.570367e-02
-9.414016e-02
1.432996e-01
4.621952e-01
-4.435313e-01
1.918941e-01
4.146094e-03
-1.877076e-01
2.539752e-01
-1.648858e-01
-1.251034e-01
-1.054929e-01
-1.669144e-01
5.889500e-02
-2.493210e-03
-9.281317e-03
4.384302e-02
-7.779383e-02
1.758980e-01
-4.756848e-02
-1.263631e-01
2.562266e-01
-3.120032e-02
-1.848512e-01
4.412292e-02
-1.596186e-01
-7.419615e-02
-3.094236e-02
-2.679403e-02
-3.763010e-02
-4.778852e-02
-1.108105e-02
2.752969e-03
-1.214078e-02
-2.574541e-02
1.073767e-02
7.319882e-02
1.259286e-01
-4.839580e-02
1.385671e-02
5.506272e-02
-3.856255e-02
1.187783e-02
-7.691272e-02
-2.065854e-02
-2.380750e-01
3.137881e-01
-2.174443e-02
3.670774e-01
-3.672605e-01
-2.344162e-02
-1.724418e-01
-4.082614e-02
1.166722e-01
7.161370e-03
-1.454883e-01
-1.116566e-01
1.384186e-02
2.894822e-02
-5.120927e-02
-1.041160e-01
2.098875e-02
-6.168350e-02
-2.325942e-02
6.722206e-02
3.974909e-02
-2.786770e-02
4.670623e-02
2.106219e-02
-1.005099e-01
-9.314864e-02
-1.197932e-01
1.254118e-03
-2.437395e-02
-6.416584e-02
9.498420e-02
4.164588e-02
-6.022807e-02
-5.762808e-03
3.187994e-02
2.465566e-02
2.487729e-01
-1.502780e-01
-4.020551e-01
3.023499e-01
-1.800336e-01
-4.320840e-01
1.605839e-01
-9.783889e-02
-1.969568e-01
6.059015e-02
5.820550e-02
1.244538e-01
2.313920e-02
-4.036267e-02
1.071218e-01
8.036418e-02
-1.323278e-02
1.672277e-01
1.360611e-02
2.092160e-02
2.916765e-03
3.556882e-02
3.736497e-02
1.920102e-03
2.536217e-02
1.363888e-02
-1.629827e-02
-1.052516e-01
1.323079e-01
1.882361e-01
6.611036e-02
2.787591e-01
-6.563862e-03
9.506698e-02
1.711085e-01
-1.607682e-01
-6.643390e-02
1.109748e-02
2.254331e-03
-1.057997e-01
-3.115834e-02
-5.373001e-02
-1.051548e-01
-6.452357e-02
-6.273048e-02
-1.773908e-01
-1.035158e-01
1.716626e-01
-3.494567e-01
-1.444060e-01
2.860116e-01
-3.585323e-01
-1.339955e-01
2.417732e-01
-7.578252e-02
-3.848745e-02
1.244899e-02
1.104173e-01
1.048429e-02
3.913016e-02
1.169639e-02
-1.625814e-01
-7.094245e-02
-8.736092e-03
-6.592858e-03
-6.812108e-02
2.742930e-03
-5.563212e-02
-9.854315e-02
7.949991e-02
-1.292634e-01
-1.565270e-01
2.529912e-01
-1.549323e-01
-3.651404e-01
3.171185e-01
-1.285373e-01
-2.692173e-01
4.433629e-02
-1.153568e-01
5.110924e-02
-7.911531e-02
-1.123741e-01
-1.445346e-01
-1.697082e-01
-1.115622e-01
-1.327607e-01
-1.815971e-01
-1.310732e-02
-3.476567e-02
9.010243e-02
8.004906e-03
2.831533e-02
1.256935e-01
3.941789e-03
1.474272e-02
1.480908e-01
4.469578e-02
1.037028e-01
-9.418941e-02
-2.836538e-02
-3.187016e-02
2.459651e-02
-6.959470e-02
-1.394098e-01
1.398657e-01
-1.193202e-01
-2.965598e-01
-2.159121e-02
-6.863847e-02
9.739511e-02
-4.120730e-02
-1.340736e-01
9.012895e-02
5.313180e-02
-1.131044e-01
5.505808e-02
2.181770e-01
1.650919e-01
2.485636e-01
2.123677e-01
1.894605e-01
1.619845e-01
1.250706e-01
6.076161e-02
4.511782e-02
-1.378484e-01
-1.216442e-01
-2.041697e-02
-8.995359e-02
-3.637078e-02
7.209490e-04
-1.987451e-02
5.402400e-02
5.753804e-03
4.931777e-03
-1.410712e-02
-3.132694e-02
8.912037e-03
-2.049741e-02
-3.653703e-02
4.126641e-04
-2.480496e-02
-3.930897e-02
3.049492e-02
2.648327e-02
7.100567e-02
8.650012e-03
1.333481e-02
7.202896e-02
-6.961181e-03
1.286263e-02
5.527597e-02
3.887372e-02
4.333510e-02
-7.839365e-03
7.672699e-03
5.047616e-02
4.523761e-02
-2.179761e-02
2.496714e-04
-9.717179e-03
2.539367e-02
2.198092e-02
2.281021e-02
3.193083e-02
3.270728e-02
3.102446e-02
3.183841e-02
3.556436e-02
3.245466e-02
-2.991769e-02
-8.048341e-02
-2.893532e-02
-4.505272e-03
-7.147375e-02
-2.917029e-02
-2.149138e-02
-7.721659e-02
-2.574412e-02
8.683839e-02
8.150135e-02
2.506713e-02
2.573865e-02
8.147647e-03
-4.276303e-02
-1.680400e-02
-6.795593e-02
-1.056061e-01
2.500412e-01
6.178592e-02
-4.319928e-02
3.035934e-01
1.595702e-01
7.983009e-03
2.411760e-01
1.560294e-01
2.937593e-02
1.685782e-02
-9.766145e-02
-4.613316e-02
-3.213445e-02
-4.014238e-02
-2.465159e-02
-1.380247e-01
-1.197459e-01
-1.406872e-01
2.673261e-02
-5.504415e-02
9.874898e-03
1.261044e-02
-6.562202e-02
-1.119895e-02
-1.482123e-02
-1.054063e-01
-3.778258e-02
-4.230186e-02
-1.965456e-03
3.939693e-02
-1.218174e-02
3.683038e-02
6.942470e-02
-9.230294e-03
4.719163e-02
1.069901e-01
-9.742405e-02
-5.777488e-02
-5.282798e-02
-3.975572e-02
-4.468819e-02
-4.385089e-02
-8.608302e-03
-5.580877e-03
-1.020380e-02
-3.857545e-02
-2.826753e-02
-4.159794e-02
-1.005503e-02
-3.601042e-04
-2.261297e-02
-6.710921e-03
2.265317e-02
-6.281150e-04
2.157155e-02
7.824016e-02
3.272323e-02
-1.444286e-02
6.381052e-03
-4.481624e-03
-3.600781e-03
8.147880e-03
-4.225881e-02
8.817214e-02
6.015808e-02
2.169720e-02
4.917413e-02
1.674506e-02
-7.771807e-02
3.377742e-02
3.263581e-02
-3.221080e-02
-7.658380e-02
-3.038367e-02
4.261998e-02
-2.207867e-02
-1.099549e-02
3.154046e-02
2.482448e-02
2.267154e-02
3.972141e-02
1.579404e-01
1.067654e-01
5.892864e-02
1.447356e-01
1.134593e-01
5.581940e-02
9.074245e-02
9.110786e-02
4.102954e-02
-2.907260e-02
2.281388e-03
9.847565e-02
-6.625977e-02
8.572497e-03
9.316061e-02
-1.717797e-02
6.180900e-02
1.329688e-01
1.215843e-02
1.863063e-02
1.205842e-02
1.284815e-02
-1.112145e-02
-1.037783e-03
2.160611e-02
-2.724855e-02
-2.300009e-02
-3.649563e-02
1.314016e-01
-2.669908e-02
-2.490090e-02
7.929406e-02
2.120069e-02
1.829844e-02
-3.350408e-02
4.424015e-03
1.687612e-02
1.600499e-03
-1.737394e-03
1.326861e-02
1.892363e-02
1.731910e-02
7.525200e-03
3.005645e-02
3.133032e-02
-5.582887e-02
-2.593114e-02
-9.252761e-02
4.226986e-02
1.070029e-01
-2.055580e-02
-2.800680e-02
-7.116880e-03
-1.294419e-01
1.453287e-01
4.083299e-01
1.576273e-01
3.035127e-02
3.184420e-01
6.526776e-02
5.083917e-02
4.111779e-01
9.877097e-02
-4.522895e-03
-1.725309e-01
6.589484e-02
1.687433e-02
-3.794871e-03
1.055852e-01
-1.211038e-01
-3.136355e-02
4.983934e-02
-1.543685e-01
7.542597e-02
1.246730e-04
-1.359702e-01
1.043537e-01
1.623795e-01
-1.848307e-01
9.512648e-02
1.238158e-01
1.177668e-01
2.597928e-01
9.964366e-03
9.034689e-02
7.370762e-02
-3.892137e-02
-2.751987e-02
2.452807e-01
-3.519554e-02
-2.528965e-02
-3.857096e-02
8.105754e-03
4.114120e-02
9.332396e-02
3.904404e-02
9.398434e-02
5.644650e-02
3.723057e-02
-1.374112e-01
8.925290e-02
-2.200992e-02
-7.424411e-03
1.646051e-01
-4.228982e-02
-6.244377e-02
1.610651e-01
-2.551122e-02
4.167058e-02
-1.205656e-02
5.532485e-02
3.968839e-02
-2.407688e-02
5.288981e-02
6.924601e-02
-2.228016e-03
5.950557e-02
-5.649317e-02
1.364469e-01
-5.412834e-02
-2.029959e-02
8.220860e-02
7.982924e-02
-6.055097e-02
4.173630e-03
-1.389703e-02
-1.535891e-01
4.963259e-02
1.092102e-02
-8.367394e-02
5.958750e-02
-4.619144e-02
-1.197139e-01
-5.218146e-02
-2.651850e-02
-4.811857e-02
-1.499912e-01
3.743958e-02
-5.218623e-02
-7.271995e-02
-4.070036e-02
2.764944e-03
-1.013217e-02
3.434278e-02
-4.469514e-02
3.575799e-02
2.429368e-03
3.964885e-02
9.409671e-02
7.037170e-02
3.353617e-02
8.406519e-02
3.561905e-02
9.480577e-02
4.391325e-02
3.972889e-02
1.376542e-01
1.007780e-01
1.138449e-01
5.650641e-02
3.261687e-02
3.259288e-02
-2.192953e-02
-8.715552e-02
-5.761991e-02
4.776449e-02
7.263125e-03
4.112142e-02
-9.887568e-02
-8.584996e-02
-8.737805e-02
-1.089573e-01
-3.356621e-02
-7.018347e-02
-1.078598e-01
-1.044581e-01
-1.427869e-01
-1.149120e-01
-1.321160e-01
-1.833967e-01
1.181298e-01
1.731861e-01
1.599552e-01
1.128838e-01
1.610691e-01
1.458276e-01
5.529591e-02
6.371043e-02
2.750093e-02
2.384576e-02
1.590691e-03
-1.514850e-01
1.009018e-01
-8.325652e-04
-1.163771e-01
5.769993e-02
-1.690477e-02
-2.508051e-02
-8.977309e-03
1.095264e-01
6.999782e-02
-1.365948e-01
1.441114e-03
-7.666411e-02
-1.446966e-01
-1.692638e-01
-1.929538e-01
-9.979423e-02
2.219144e-02
-3.874353e-02
1.589290e-02
7.497998e-02
3.881956e-02
4.549940e-02
1.662076e-02
6.709648e-02
-1.868141e-01
-2.244364e-02
1.238902e-01
-1.310250e-01
-7.923902e-02
1.308334e-01
-1.097516e-01
7.947343e-02
9.681936e-02
5.642748e-02
1.141561e-01
-5.127481e-02
-1.132119e-02
1.403755e-01
-4.054254e-02
-4.220524e-03
1.727761e-01
-6.023230e-02
1.125801e-01
2.466114e-01
1.665812e-01
1.249181e-01
1.741268e-01
1.534741e-01
6.416915e-04
-2.277532e-02
-6.163060e-02
1.026381e-01
2.653583e-02
-2.504156e-02
3.516581e-02
6.886437e-04
-1.849030e-02
-1.319877e-01
1.047738e-02
-3.175184e-02
-5.105344e-02
-3.563679e-02
-7.190310e-03
-1.874013e-02
3.314079e-04
-4.486197e-03
2.409568e-02
4.746826e-02
2.384065e-02
5.124568e-02
-8.634794e-03
4.820290e-03
7.120217e-02
3.719150e-02
1.336213e-02
1.715397e-02
-1.492502e-02
1.100027e-02
7.621796e-03
9.147902e-02
-3.052839e-02
1.596494e-02
-1.883604e-02
-2.296606e-02
-1.125601e-02
3.792702e-02
-1.296555e-01
-5.201803e-02
-6.357306e-02
-1.026688e-01
1.209311e-01
1.317102e-01
5.383155e-02
1.122494e-01
9.233659e-02
6.187837e-02
4.620180e-03
4.330140e-02
2.694774e-02
-5.335695e-02
-1.471198e-02
-1.352634e-02
-1.534038e-02
-2.665570e-03
2.185603e-02
2.191706e-02
7.372840e-03
2.188376e-03
1.640040e-02
8.466728e-03
4.936992e-02
-2.984464e-02
-7.582579e-02
-4.386973e-02
-2.092751e-02
8.348244e-03
9.463584e-02
-3.069456e-02
1.083611e-02
6.857396e-02
-6.941503e-02
-3.283698e-02
5.701810e-02
-6.413284e-02
8.418373e-04
1.353151e-01
8.305517e-04
-6.088990e-02
4.278787e-02
6.146737e-02
-5.986392e-02
-8.617260e-02
4.006913e-02
4.682928e-02
3.653947e-02
3.823473e-02
6.911818e-02
8.843178e-02
1.292690e-02
3.877769e-02
5.141244e-02
5.204437e-02
-2.158502e-02
-6.581162e-02
-1.956864e-02
6.691916e-02
1.919108e-01
6.003629e-02
-1.682222e-02
5.869883e-02
1.107656e-01
1.652033e-01
1.301764e-01
-6.209098e-02
-4.244458e-03
4.891741e-02
-1.699638e-01
-1.690854e-01
-3.602403e-02
9.739268e-02
-2.156541e-02
-7.059841e-03
1.261110e-01
6.845862e-02
1.444590e-01
1.488613e-01
8.572945e-02
1.527485e-01
-1.970813e-01
-8.968221e-02
-1.547989e-01
-2.220840e-01
-2.861823e-01
-2.782113e-01
-8.214980e-02
-1.908961e-01
-3.513915e-01
-3.315440e-02
-1.005683e-01
-6.971530e-02
1.996388e-01
4.545100e-02
-1.121143e-01
-6.554315e-02
-2.413782e-01
-5.174731e-02
-6.781383e-02
2.597506e-04
1.671194e-01
-9.579088e-02
-4.531828e-02
1.995297e-01
-4.407302e-02
-7.334401e-03
1.095352e-01
-3.857557e-02
5.693293e-02
4.002218e-02
1.219246e-01
2.509184e-01
1.575893e-01
3.242263e-02
6.465399e-02
6.059701e-02
-7.020270e-02
-5.578614e-03
1.228919e-01
-7.663140e-02
-9.021840e-04
1.321436e-01
-3.528553e-02
3.009161e-02
1.358905e-01
1.829581e-01
1.585619e-01
9.790944e-02
1.875964e-01
1.141266e-01
3.446750e-02
1.046690e-01
1.622784e-01
1.002755e-01
-1.469236e-01
-6.360967e-02
4.276738e-02
1.959024e-01
4.752882e-02
-1.448446e-01
-1.385752e-01
-1.643512e-01
-1.191875e-01
1.080359e-01
-1.039816e-02
2.790843e-02
7.802490e-02
7.304005e-02
2.176128e-01
2.626966e-02
1.189024e-02
2.266984e-01
-2.158111e-02
-5.538066e-02
3.829973e-02
-1.387332e-02
-4.405260e-02
6.643045e-02
-1.375582e-02
-6.781152e-02
2.985448e-03
-4.513659e-02
2.616227e-02
3.416933e-02
2.746141e-02
6.624583e-02
6.393017e-02
4.013643e-02
9.294097e-02
1.053885e-01
-1.372441e-01
1.677956e-02
9.533238e-02
-9.112764e-02
-2.773769e-02
3.851985e-02
-1.347561e-01
-1.206662e-01
-4.800394e-02
7.875083e-02
-2.615985e-02
-8.057338e-02
-1.032064e-02
-2.383777e-02
2.481404e-02
-2.029124e-02
-9.733831e-03
9.455344e-02
4.330717e-02
3.002632e-02
7.384300e-03
6.379414e-02
4.147607e-02
-4.887176e-03
4.583883e-02
2.271194e-02
-2.198664e-02
2.523682e-02
-1.266189e-02
-2.155934e-01
-6.451856e-03
-5.427549e-02
-1.960874e-01
-1.979831e-02
-2.849217e-02
-3.492418e-02
-6.384477e-02
-5.179890e-03
-2.696410e-02
-9.193680e-02
-4.311756e-03
-2.262259e-02
-1.439264e-01
-9.169674e-02
-6.468134e-02
-3.732902e-02
5.560317e-02
1.525722e-01
4.187256e-02
6.645226e-02
8.183122e-02
7.583417e-02
3.254632e-02
5.226607e-02
2.218399e-01
1.561031e-01
2.503936e-01
2.971286e-01
3.429709e-01
3.129794e-01
1.376435e-01
2.645339e-01
1.662976e-01
1.331270e-01
-1.015353e-02
-1.420692e-01
2.120068e-01
1.021237e-01
-1.741989e-01
7.160360e-02
7.157334e-02
-8.955329e-02
6.574354e-02
2.565605e-02
-4.440072e-03
1.485693e-01
1.693202e-02
-2.222931e-02
1.766212e-01
1.371489e-02
-1.704463e-02
-1.326613e-01
-2.031972e-01
-2.965479e-01
-2.299229e-01
-2.473686e-01
-2.975956e-01
-2.666183e-01
-2.238322e-01
-2.677430e-01
6.933008e-02
5.728132e-02
1.437901e-01
-1.198341e-02
1.306018e-02
9.109397e-02
1.483559e-02
3.706234e-02
4.356746e-02
-1.190925e-02
7.636462e-02
9.296069e-02
-2.142332e-02
5.566678e-02
7.704499e-02
3.258811e-02
9.266889e-02
8.321179e-02
-9.264580e-03
-9.388616e-02
8.157267e-02
1.490836e-01
3.482100e-02
3.794249e-02
4.619189e-02
-8.017150e-02
-6.439593e-02
-3.145797e-02
-4.742008e-03
3.802318e-03
-6.193145e-03
-2.451125e-02
-4.420305e-02
2.320411e-02
-1.082479e-02
-5.317278e-02
-9.016252e-02
-6.602856e-02
-1.584771e-02
-8.738573e-02
-6.903701e-02
-4.610632e-02
2.296926e-02
5.097493e-02
6.551404e-02
-4.359334e-03
6.698566e-03
-4.331860e-03
7.968009e-02
-1.230077e-02
4.420242e-03
4.458648e-02
-8.708598e-03
-5.452694e-02
2.535700e-02
-6.643333e-02
1.090144e-01
-1.627722e-02
-1.279624e-02
6.171176e-02
-9.247711e-02
7.662661e-02
-3.295416e-02
1.017777e-01
3.817095e-02
6.651916e-02
4.168023e-02
5.646288e-02
-7.559936e-02
-3.510535e-02
6.421456e-02
1.338538e-01
1.417432e-03
1.556752e-02
1.564629e-02
5.901464e-02
2.056897e-02
-1.732428e-03
8.089702e-02
2.261475e-02
-1.769687e-03
6.104472e-02
-9.666775e-02
1.186493e-01
1.750320e-01
-2.597052e-01
6.893293e-02
-9.040709e-02
-1.952410e-02
2.268596e-02
-6.395284e-03
6.334389e-02
1.611399e-02
2.200494e-02
2.393483e-02
-6.818612e-02
1.159096e-01
3.911770e-02
-3.469280e-02
-2.107288e-02
-5.558800e-02
-2.686725e-02
4.962105e-02
-5.014393e-02
-1.613735e-02
8.634382e-02
-5.618840e-02
1.099428e-01
-1.352813e-01
-8.368446e-02
-1.388939e-01
-9.898965e-03
4.135397e-01
-3.713188e-01
4.774128e-02
-2.053772e-01
-3.591348e-03
-2.927978e-01
2.215857e-01
-3.122587e-01
-4.463878e-01
3.479885e-01
-1.336102e-01
-2.105515e-02
-2.732677e-01
1.708285e-01
1.373485e-01
-1.171692e-01
1.537195e-01
1.359766e-01
-9.994268e-02
-4.269468e-02
-8.970469e-02
-2.342971e-02
-1.000650e-01
-2.393117e-01
1.350719e-01
1.188518e-01
-2.433719e-01
7.268263e-02
6.354715e-02
-1.871898e-01
-6.610178e-02
-5.107756e-02
-2.994009e-02
3.579899e-02
5.925595e-02
-3.495348e-02
-4.248251e-02
1.993872e-02
2.440530e-03
-8.675089e-02
-8.466537e-02
8.215979e-02
5.201911e-02
3.715340e-02
1.972241e-02
-2.929276e-02
5.897316e-03
-6.543406e-02
-6.373620e-02
-4.802830e-02
1.217628e-01
-1.864029e-01
-7.771095e-02
-1.667422e-01
5.942912e-01
-3.210907e-02
1.370302e-01
-2.288511e-01
9.572943e-02
4.619398e-02
-3.957001e-02
1.575965e-01
5.347084e-02
-1.483261e-01
1.084429e-01
4.216131e-02
-9.073313e-02
-2.302394e-02
-9.693742e-03
5.102101e-03
4.586941e-02
1.079667e-02
-1.064468e-02
5.699342e-03
-2.281724e-02
-4.912353e-02
-1.716481e-02
-5.774281e-03
-2.281373e-02
-8.536810e-02
5.283742e-02
-1.805355e-03
-5.328275e-02
9.438191e-02
8.226397e-02
4.444292e-02
-5.652004e-02
-2.327676e-01
3.286907e-02
1.181782e-01
-1.565246e-02
7.759247e-02
2.392305e-01
2.599020e-01
1.643123e-01
1.344542e-01
-5.770098e-02
-5.406924e-02
1.129969e-01
-2.037473e-03
1.080148e-01
7.459944e-02
1.185246e-01
2.092633e-01
4.901261e-02
3.907458e-02
1.970392e-02
7.005079e-02
4.295596e-02
1.085036e-02
9.528498e-02
6.106590e-02
3.079281e-02
2.373686e-01
8.071019e-02
2.191306e-03
9.536505e-02
-1.541689e-01
-7.296133e-02
-3.828333e-03
-1.464380e-01
-3.471252e-02
-1.180032e-02
5.974656e-02
6.054446e-02
3.368713e-02
1.985236e-01
1.230101e-01
-2.083661e-02
9.216350e-02
7.955263e-02
-5.113319e-02
1.089789e-01
1.867985e-02
-7.407837e-02
-4.043904e-02
-3.808164e-04
-1.148955e-01
-2.737486e-01
-1.222460e-01
4.850192e-02
-1.104673e-01
-5.883661e-02
4.442677e-01
1.723722e-01
-5.726783e-02
1.198564e-01
7.902032e-03
-2.523994e-01
-1.132386e-01
7.306556e-02
-5.011826e-02
-2.018358e-01
2.413989e-01
-3.008102e-02
-1.916215e-01
9.326898e-02
-1.157124e-01
2.079540e-02
-2.146092e-01
-1.235974e-01
2.242910e-01
-5.985829e-02
-5.871420e-03
1.588364e-01
9.836062e-02
1.150476e-01
-3.178823e-01
-5.419453e-02
-1.162704e-01
-3.592528e-01
-5.173644e-02
-2.265115e-02
-1.567160e-01
1.992320e-02
2.042322e-02
-7.652923e-02
-1.026976e-01
-7.713579e-02
2.145326e-02
-2.022283e-02
9.343454e-03
4.030572e-02
9.266417e-03
1.369207e-02
-1.134658e-02
-4.403998e-02
1.501924e-01
-3.794801e-02
-4.958779e-02
5.805713e-02
9.692719e-02
-2.179506e-02
-2.131166e-02
-5.286347e-02
-5.087584e-03
-9.129813e-02
-5.302424e-02
1.449408e-01
1.790322e-01
-1.454110e-01
1.902336e-01
-4.321829e-02
7.150080e-02
7.342534e-02
8.064185e-02
-4.370066e-03
-6.148858e-02
2.028547e-02
6.842662e-02
-9.287214e-02
-2.966083e-02
2.909490e-02
-1.453860e-02
5.439453e-02
6.824257e-02
-5.607634e-03
5.146763e-02
7.893350e-03
-3.166577e-02
4.396039e-02
-1.468515e-02
-9.876409e-02
-5.050385e-02
6.858683e-02
1.099138e-02
-1.297776e-02
1.965033e-02
6.941031e-02
6.532300e-02
-1.670871e-01
-3.135325e-01
-2.256299e-01
6.439129e-03
-8.452415e-02
-9.155349e-02
2.055015e-01
2.685464e-01
1.340264e-01
-3.519329e-02
3.650740e-02
6.232458e-02
-3.152061e-02
2.977971e-03
2.081126e-02
-5.284936e-02
-3.600221e-02
-5.860581e-02
8.029860e-04
-6.194995e-03
-2.235657e-02
-1.358297e-02
-2.021635e-02
-3.144114e-02
-1.161352e-02
-1.423306e-02
-7.655498e-03
8.259962e-02
1.050106e-01
-1.097801e-01
-5.369485e-02
-1.088552e-01
-1.674934e-01
-1.459466e-01
-6.045049e-02
-1.070558e-01
-1.325279e-01
-1.291647e-01
-2.244318e-01
4.401845e-02
1.649408e-02
-1.440977e-01
4.777864e-02
1.522578e-02
-1.048566e-02
-2.288408e-01
2.142813e-02
-2.710853e-02
-2.429144e-01
8.107616e-02
6.649951e-02
-2.975310e-01
-1.733536e-01
-2.710547e-02
2.792268e-02
-1.394610e-01
3.114819e-02
-7.255659e-02
-1.167890e-01
-7.590963e-02
-6.613804e-02
-1.455906e-01
9.138802e-02
-9.764928e-02
-5.221119e-02
-9.926330e-02
-4.587209e-02
4.505030e-02
1.547660e-02
1.256617e-01
-8.723189e-02
8.984890e-02
1.068120e-02
-2.225170e-01
-9.977439e-02
4.022768e-02
-3.070154e-03
5.618109e-03
-1.202392e-02
1.556933e-01
1.047323e-01
-9.658984e-02
-4.751768e-02
-7.465296e-02
-2.801268e-02
4.572870e-02
2.179153e-02
5.121179e-02
1.183003e-01
6.705371e-02
6.485811e-02
1.565292e-02
5.193220e-03
7.848877e-02
-1.964231e-02
-4.365119e-02
5.909821e-02
-1.574210e-02
2.484421e-03
-1.391193e-01
-1.433666e-01
1.110576e-02
-2.384138e-01
-3.316471e-01
-1.088892e-01
-1.213316e-01
-2.156120e-01
-6.551082e-02
-5.681466e-02
-3.334396e-01
-1.745809e-01
-2.289477e-01
-5.125570e-02
-1.152084e-01
-1.284297e-01
-1.107342e-01
1.147044e-01
1.777895e-01
5.522434e-02
-1.924104e-02
1.625475e-01
1.086746e-01
-6.610345e-03
-1.434086e-02
8.195127e-03
-3.143867e-02
-5.255210e-02
1.390678e-02
-7.728269e-02
-2.859209e-02
-2.582311e-02
-1.137608e-01
-1.117143e-01
-1.157022e-01
-1.180872e-01
-1.284160e-01
-1.138351e-01
2.362308e-02
9.855666e-03
3.853453e-02
7.675807e-02
5.895399e-02
2.424618e-02
5.784835e-02
2.326834e-02
5.343723e-02
-1.819772e-02
6.982414e-02
4.431236e-02
-9.238112e-02
3.094937e-02
5.139160e-02
-3.336090e-02
1.560087e-01
1.801640e-01
8.610044e-02
-2.252127e-01
-2.140896e-01
-1.744590e-01
-4.548742e-01
-4.135182e-01
-2.761168e-01
2.010033e-02
3.768957e-02
6.133322e-02
8.654135e-02
1.216505e-01
1.013350e-01
3.418981e-02
6.753230e-02
1.442361e-02
-3.712407e-02
-5.727518e-02
1.358083e-01
3.327346e-01
7.995490e-02
1.051625e-01
-2.303397e-01
-1.629227e-01
-6.700610e-02
-1.500135e-01
-5.660404e-02
-6.151314e-02
-1.861743e-01
-1.537206e-02
-5.117548e-02
3.515655e-02
8.420561e-02
5.918887e-03
5.395465e-02
1.088221e-02
6.222837e-02
3.543004e-02
3.540249e-02
8.227263e-02
7.936449e-02
-9.280264e-02
-3.562815e-02
-6.082950e-02
-1.302021e-01
-6.205688e-02
-2.535987e-01
4.037986e-01
6.527054e-02
7.759123e-03
-3.299001e-01
-9.281570e-02
2.507504e-02
2.020192e-02
9.540883e-02
-3.504025e-01
-2.869681e-01
-1.695997e-01
2.620216e-01
3.330809e-01
1.422247e-02
7.527088e-02
9.924447e-02
4.799005e-02
1.410628e-01
1.450398e-01
-2.614130e-02
-1.871798e-01
-2.873852e-01
-1.476768e-01
1.549444e-01
-6.596760e-02
-4.635533e-02
8.349431e-02
-2.246832e-01
-1.151932e-01
-6.087008e-03
-9.215943e-02
-1.114706e-01
8.442317e-02
7.291932e-02
9.389301e-02
7.972968e-02
1.313508e-01
1.173365e-01
-5.310291e-02
-1.044490e-02
5.760733e-02
1.066698e-01
1.241294e-01
1.082722e-01
1.076428e-01
1.279441e-01
1.248736e-02
5.891687e-02
1.874641e-01
-1.215739e-01
2.583039e-01
1.784410e-01
8.695555e-02
-3.709337e-01
-9.458396e-02
2.491229e-02
1.133260e-01
1.313990e-01
1.035442e-01
-1.837890e-01
-1.736991e-01
-1.245090e-01
1.392395e-02
-1.105261e-03
7.837554e-02
1.000784e-01
1.532007e-01
9.599105e-02
-1.369231e-01
-6.423082e-02
1.593643e-01
-1.482800e-01
-4.308092e-02
1.398531e-01
-1.983838e-01
-1.172406e-01
1.238993e-01
6.341214e-02
2.923584e-02
-1.206274e-02
9.008733e-02
5.743337e-02
4.470469e-02
7.775215e-02
7.073090e-02
1.073891e-02
-1.135847e-01
-7.500922e-02
3.180980e-02
1.019493e-01
1.185907e-01
1.019640e-01
8.397952e-02
8.877252e-02
-2.743733e-02
-9.005367e-02
-1.058214e-01
-1.035199e-01
1.619180e-01
1.631252e-02
-9.533057e-02
1.541141e-01
1.054925e-01
-3.660588e-02
1.724033e-04
1.391706e-03
-8.528844e-04
1.422611e-02
8.903531e-03
2.227988e-02
3.508665e-02
3.913558e-02
4.224491e-02
7.379530e-02
1.005809e-01
7.469962e-02
2.496681e-03
-1.035402e-01
2.001017e-01
1.429473e-02
3.374452e-02
1.195643e-01
1.471941e-01
1.305961e-01
2.695607e-02
-7.123317e-02
1.540799e-02
2.404259e-02
-2.783425e-01
-1.788827e-01
-5.703385e-02
1.495230e-01
1.530426e-01
1.357622e-01
1.277057e-01
6.622413e-02
3.691408e-02
1.204079e-02
-1.747105e-01
-6.041761e-02
-1.904203e-02
-1.826524e-01
6.314720e-02
-1.252632e-01
2.805527e-02
-1.995568e-01
-9.174951e-02
4.435134e-02
5.379412e-02
1.391939e-01
4.573260e-02
-1.841040e-01
-2.446778e-01
5.868066e-02
-1.139577e-01
-2.318077e-01
-9.815333e-02
-1.234966e-01
-2.565868e-01
-2.057616e-01
-2.819268e-02
5.783809e-02
3.511354e-02
-3.147326e-03
1.860866e-01
1.321591e-01
-9.515551e-03
-4.810164e-02
5.580120e-02
3.902620e-02
-1.022766e-01
-1.862978e-02
6.532713e-02
-4.478496e-02
-2.142534e-01
-8.899306e-02
-4.291177e-02
-5.986618e-02
-1.366354e-02
2.135172e-02
-7.866655e-03
4.789700e-02
1.113872e-01
1.838371e-02
-7.179829e-03
1.326094e-01
5.663325e-02
-1.284826e-02
1.054720e-01
-1.562742e-04
3.212436e-02
-6.676430e-03
8.595283e-02
8.108166e-02
1.402373e-01
-2.646202e-01
-2.129015e-02
-2.532345e-01
1.519876e-01
-7.959571e-02
-3.325994e-02
-1.898237e-01
-7.496960e-02
-1.145201e-01
-8.864085e-02
-1.113184e-01
-2.778210e-01
-2.587969e-01
-1.351407e-01
-2.049228e-01
-2.578144e-01
-9.882111e-02
-8.652039e-03
-6.167731e-02
-1.025682e-01
4.922616e-02
-8.758243e-02
-1.100663e-01
6.047535e-02
-2.406777e-02
-2.497854e-02
7.162465e-03
5.352691e-03
2.201142e-02
8.463198e-02
1.002403e-01
9.353106e-02
8.684339e-02
1.636123e-01
1.205296e-01
-1.030808e-01
-1.300007e-01
-7.007644e-02
1.056690e-01
2.944121e-02
-1.007521e-01
1.888469e-01
1.805844e-01
-2.723046e-02
1.532445e-01
1.386392e-01
8.960964e-02
-6.007827e-02
-4.284901e-03
-4.884570e-02
-1.467569e-01
-1.489926e-01
-1.799326e-01
2.051768e-02
2.104597e-02
1.420421e-02
3.701580e-02
5.705313e-02
3.470007e-02
4.616066e-02
6.070786e-02
4.132351e-02
1.096730e-01
2.596612e-02
1.227899e-02
-9.110308e-02
-1.125844e-01
-4.180752e-02
-1.364188e-01
-9.778460e-02
-7.535671e-02
6.006639e-02
-9.776684e-03
-3.266221e-02
4.737104e-02
6.570518e-02
2.694045e-02
1.410074e-01
1.809346e-01
1.712427e-01
7.899661e-02
2.418534e-01
2.354747e-02
2.295039e-02
1.454332e-01
1.158163e-01
-1.456005e-01
-1.395995e-01
2.280263e-02
-8.011180e-04
1.015580e-02
7.814053e-03
-1.352362e-01
-4.759995e-02
-1.055568e-03
6.240087e-02
-1.939615e-02
-4.883080e-03
-4.056794e-02
8.156240e-03
-3.132951e-02
-1.022895e-01
-8.813537e-02
-1.656137e-01
8.752701e-02
-7.708052e-02
2.952079e-02
2.816407e-02
-1.974514e-02
2.614157e-02
2.378409e-01
2.036559e-01
3.592096e-02
8.596809e-02
8.709200e-02
-1.191715e-01
-6.706122e-02
-6.357160e-02
-2.610756e-02
-3.505586e-02
-8.889871e-02
-4.428184e-02
1.707565e-02
-4.982627e-02
1.270369e-02
5.865622e-02
1.771067e-02
2.489230e-02
1.071915e-01
6.506277e-02
4.843624e-02
1.039298e-01
5.735135e-02
4.681694e-02
-1.407720e-01
-1.586504e-01
-1.939901e-02
-1.724231e-01
-1.831826e-01
-9.708741e-02
-1.858408e-02
-7.503627e-02
-7.117404e-02
-8.675130e-02
2.931758e-02
1.410253e-01
-3.354461e-02
-2.979778e-03
-6.287010e-02
-2.094194e-02
1.054186e-02
7.454763e-02
-2.541443e-02
-3.153684e-02
-8.472286e-02
5.085343e-03
1.698124e-02
1.262568e-02
1.843554e-02
3.988168e-02
3.369909e-02
-9.388496e-02
-1.161520e-01
-2.107764e-01
-3.601206e-02
-6.287339e-02
-1.395895e-01
-3.476412e-02
-4.465136e-02
-1.200903e-01
-1.848292e-02
-7.986805e-02
-1.018116e-01
2.728075e-03
-3.376722e-02
-6.922384e-02
-9.655655e-02
-6.653117e-02
-6.584721e-02
6.944601e-02
-1.453253e-02
-9.148859e-02
2.634143e-01
9.163543e-02
-9.450325e-02
7.245059e-02
-1.851430e-02
-9.359504e-02
-7.583147e-02
-6.341785e-02
6.503483e-02
-9.260009e-02
-1.134660e-01
-2.624255e-02
1.077951e-01
-1.074172e-02
-2.626934e-02
2.810465e-02
2.172106e-02
3.304023e-03
3.932595e-05
1.085882e-02
1.999730e-02
-9.473461e-03
2.641822e-04
9.467048e-03
-2.295044e-01
-6.354547e-02
9.397400e-05
-1.543186e-01
2.268729e-01
2.592976e-01
4.753116e-02
2.306655e-01
1.079150e-01
9.807714e-02
9.632137e-02
-3.392288e-02
-2.286329e-02
1.392260e-02
-2.585074e-02
-1.275851e-01
-8.621120e-02
-3.388307e-02
-5.360432e-02
-5.973152e-02
4.230275e-02
-2.504281e-01
-1.101882e-01
1.367975e-01
-2.422076e-01
-7.328013e-02
1.706468e-01
5.389765e-02
-1.371389e-02
-6.808545e-02
-7.880230e-02
-1.616524e-01
-5.412176e-02
6.965289e-02
-7.586694e-02
-2.153823e-01
-1.398193e-01
-1.433944e-01
-6.483141e-02
-3.631588e-03
-1.118676e-01
-1.384109e-01
-1.313759e-01
-1.264762e-01
-8.895161e-02
1.635383e-01
4.612340e-02
-5.238261e-02
1.245469e-01
-1.639017e-02
-1.069399e-01
-4.325910e-02
-1.192979e-01
-9.874219e-02
-9.767727e-02
-7.118935e-02
-1.480177e-01
-3.394955e-02
3.340090e-02
-4.322230e-02
-1.320586e-01
-4.202620e-02
-3.233654e-02
3.747388e-02
7.607669e-02
1.441124e-01
1.298071e-02
-3.288147e-02
6.502445e-02
5.946465e-03
-7.656725e-02
-4.909069e-04
-5.106348e-02
-3.744239e-03
8.923692e-02
7.044391e-02
-6.042587e-02
8.351399e-05
1.017515e-01
-2.817326e-03
-6.255542e-03
-1.197563e-01
-1.221585e-01
7.763344e-02
1.649865e-02
-1.703647e-01
-1.021956e-01
-6.770261e-02
-1.920907e-01
8.841693e-02
9.316127e-02
9.223795e-02
4.837313e-02
3.920373e-02
9.071407e-02
1.023500e-01
-3.896496e-02
-4.256445e-03
2.755920e-02
4.448768e-03
1.246874e-02
1.147712e-02
-9.078958e-02
-8.603879e-02
-6.821657e-02
-6.671146e-02
-6.477297e-02
-8.262470e-02
