-6.947224e-02
-8.056781e-02
-7.889761e-02
-8.081361e-03
-2.130405e-02
-8.695167e-02
5.749397e-02
4.572026e-02
-3.136262e-02
-1.266331e-02
-1.927183e-02
-6.769881e-03
-4.914361e-02
-6.191942e-02
-3.448381e-02
-8.215179e-02
-4.381663e-02
5.172737e-02
9.956945e-02
7.156859e-02
-1.022671e-02
1.236461e-01
6.958031e-02
-2.797608e-02
9.491018e-02
-4.428343e-02
-4.179511e-02
1.369734e-02
-3.040303e-02
-4.145175e-02
3.053650e-02
-2.278780e-03
-4.745395e-03
3.833837e-02
6.472300e-02
5.862228e-02
-1.769470e-01
-1.142170e-01
-6.752221e-02
-4.493688e-02
1.774745e-02
6.018397e-04
-2.903911e-03
4.451701e-02
-4.025475e-02
-4.192793e-02
-1.022984e-01
-8.202743e-02
8.417726e-02
7.130791e-02
8.446860e-02
1.395421e-01
1.442032e-01
1.736761e-01
-1.105747e-01
-2.341978e-01
-2.958319e-01
-1.383728e-01
-1.078164e-01
-9.902170e-02
-2.153257e-01
-1.485741e-01
-6.450994e-02
8.054796e-02
5.274572e-02
4.778019e-02
-7.722471e-02
1.321520e-01
6.997840e-02
-7.158453e-02
-3.967331e-02
5.601593e-02
-8.091691e-03
6.068129e-02
1.220958e-01
-1.015007e-02
4.248316e-02
1.996067e-02
-8.462095e-02
-3.260601e-03
2.811338e-02
1.372177e-01
1.120905e-01
-3.062191e-02
5.577653e-02
-2.203768e-02
-1.522831e-01
-1.556505e-02
-9.120781e-02
-1.497548e-01
-6.841794e-02
-3.800403e-02
-9.629609e-02
8.278745e-02
6.447389e-02
-4.433212e-02
5.961087e-03
-7.828669e-02
-1.244453e-01
-1.923296e-03
2.385569e-02
2.308569e-02
2.144342e-02
3.647592e-02
3.558418e-02
-5.272780e-02
-2.807828e-02
-2.027423e-02
-4.841047e-02
-7.475104e-02
-1.140051e-02
-7.522216e-02
-7.096738e-02
-5.427676e-03
4.544087e-02
1.165461e-01
8.101799e-02
-3.913280e-03
1.275968e-01
6.688680e-02
1.122689e-01
6.241909e-02
2.021285e-02
1.028581e-02
-5.720523e-02
-4.769995e-02
-8.240203e-02
-6.716646e-02
-1.011539e-01
8.955459e-02
6.291024e-02
-2.403102e-02
6.894965e-02
6.087468e-03
-9.035374e-02
-1.646741e-02
-1.334593e-01
-1.460768e-01
-2.613309e-02
-1.035723e-01
-7.230994e-02
-1.575869e-01
-1.518270e-01
-6.304346e-02
-4.149628e-02
-4.656898e-02
3.712004e-02
-7.395402e-02
-1.029759e-01
3.940987e-03
-3.158503e-02
-9.483509e-02
1.125521e-02
-2.548227e-02
-2.109880e-02
-6.500470e-02
1.324124e-02
2.837160e-02
-1.481510e-02
-4.709233e-02
5.895305e-03
2.271165e-02
1.085591e-01
3.142387e-02
-7.461528e-02
1.487365e-01
2.757581e-02
-9.214544e-02
-5.024386e-02
-3.013302e-02
-7.014852e-02
-3.476460e-02
-3.281009e-03
-7.522152e-02
-1.767181e-03
4.409640e-02
-4.999496e-02
-1.862687e-02
4.876926e-02
-1.079411e-01
1.781605e-03
-1.066686e-01
-2.352136e-02
1.151814e-01
-1.002886e-01
-1.626819e-01
2.353975e-01
-4.894775e-02
-2.337002e-01
-3.659878e-02
-1.660788e-02
2.756050e-02
3.496723e-02
5.163189e-02
8.849603e-02
7.042896e-02
9.735149e-02
9.978224e-02
7.322937e-02
1.851767e-02
-7.326123e-03
3.729036e-02
-1.808130e-02
-1.169578e-02
-3.339011e-02
-1.112421e-02
-2.639443e-02
1.246153e-02
-1.079448e-01
-9.044189e-02
6.610599e-02
2.002770e-02
-8.079564e-02
-4.739219e-02
7.809130e-02
-7.125442e-02
9.747462e-02
-1.308179e-02
3.535200e-03
9.887897e-02
-3.120784e-02
6.998724e-02
7.603268e-02
8.907469e-02
-7.781866e-02
-1.421220e-01
2.044164e-02
1.884442e-01
-1.021664e-01
-6.187396e-02
1.105498e-01
-1.521301e-01
-1.527288e-01
3.897346e-02
-1.029353e-01
-3.613461e-02
8.301163e-03
-8.895473e-02
-7.290199e-02
-1.838762e-02
1.094937e-02
-4.646654e-02
-2.920860e-02
-1.724698e-02
2.470921e-01
8.458786e-02
-1.307733e-01
2.123009e-01
1.824438e-01
-1.814014e-01
1.274480e-01
2.348495e-01
-1.366310e-02
-1.776242e-02
-6.770054e-02
-4.139915e-02
3.816779e-02
-1.971732e-02
-8.461084e-02
3.707057e-03
2.071899e-02
1.222486e-01
-8.931904e-02
-6.950892e-02
2.613284e-01
9.263642e-03
-1.988621e-02
6.417479e-02
5.553115e-03
-5.824792e-02
-7.470021e-02
-2.026005e-02
1.015842e-01
-5.536721e-02
-4.591909e-02
9.572402e-02
1.598062e-02
-2.289869e-02
5.972193e-02
-5.670300e-02
5.729816e-02
3.939552e-02
-1.571360e-01
4.520670e-02
9.170139e-02
-2.555844e-01
-2.239972e-02
2.606143e-02
2.775876e-02
3.459530e-03
6.343255e-04
4.097952e-02
-5.114546e-03
-3.632120e-02
9.837907e-02
6.494636e-02
-2.966858e-02
-3.247101e-02
-7.203397e-02
-7.407574e-02
3.965232e-02
-4.285121e-02
-7.538494e-02
1.379856e-01
4.993573e-03
-3.672786e-02
4.289233e-02
3.015596e-02
4.507549e-02
-7.429099e-03
4.271141e-02
2.169959e-02
-1.084066e-01
-2.080406e-02
6.057336e-02
1.186353e-01
4.414000e-02
-1.425664e-02
-8.871069e-02
-9.364580e-02
-1.202142e-01
-3.063844e-01
-2.713393e-01
-2.594652e-01
-2.608225e-02
-2.044417e-02
7.597232e-02
-5.858507e-02
8.476679e-03
1.468355e-01
-5.775826e-02
9.418360e-03
5.297718e-02
6.173738e-02
7.508473e-02
1.349644e-02
-8.984243e-03
2.170922e-02
-6.155403e-02
-1.652790e-02
-1.892760e-02
-5.643066e-02
4.754500e-02
7.844467e-02
-2.651089e-02
-6.311171e-04
-8.389638e-03
-1.077937e-01
1.947929e-02
1.246320e-02
-6.918482e-02
8.607974e-02
1.267286e-02
3.535271e-02
6.985237e-02
-1.559069e-01
-1.926049e-01
-8.216939e-03
-1.402732e-01
-8.443749e-02
7.823419e-02
1.272518e-01
4.401068e-02
-1.506649e-04
-1.929918e-02
-5.226584e-02
-8.363154e-02
-7.879212e-02
-9.898105e-02
-1.525807e-01
-1.224183e-01
-4.241356e-02
-4.474606e-02
-1.425699e-02
-3.397028e-02
-2.644860e-02
9.002414e-03
-1.095331e-02
-1.075149e-01
-8.632357e-02
-6.701459e-02
-1.205013e-01
-2.181072e-02
5.413365e-02
-7.148159e-02
-6.586296e-04
7.935376e-02
-2.050438e-02
-1.591201e-02
3.460254e-02
-8.372226e-02
-3.273400e-02
4.180866e-02
1.057868e-02
4.030160e-02
6.935085e-02
-9.033942e-02
-8.911764e-02
-1.031939e-02
-8.513803e-02
-8.544378e-02
-5.558022e-02
-7.623240e-02
-5.924986e-02
-6.257137e-02
5.361651e-02
6.079401e-02
4.824965e-02
5.453702e-02
1.068834e-01
3.702750e-02
9.396887e-02
8.120586e-02
-1.730493e-02
-2.422445e-02
3.438029e-02
-4.569102e-03
-1.368772e-01
-7.138127e-02
1.196222e-02
-3.281825e-02
-5.060238e-02
-1.982579e-02
-7.395599e-02
-2.705364e-02
-2.749006e-03
-9.105019e-02
-8.153696e-02
-3.856217e-02
-8.073364e-03
-2.936440e-02
-1.071938e-02
3.541431e-02
4.818853e-03
-1.398230e-02
6.907509e-02
5.096290e-02
5.370892e-03
5.739951e-02
7.031655e-02
3.803493e-02
-3.702768e-03
-9.969916e-03
1.872393e-02
1.038200e-01
3.869895e-02
5.319628e-02
9.201250e-02
3.248417e-02
-1.236121e-02
-4.591293e-03
2.914518e-02
-1.215449e-02
9.113517e-02
1.128652e-01
8.369386e-02
-1.097551e-01
-8.313777e-02
-1.842287e-01
-3.220414e-02
-2.137795e-02
-8.194008e-02
-5.709814e-02
-1.079517e-02
3.614292e-03
-5.830525e-02
-3.942978e-02
-1.418098e-02
4.334260e-02
5.925750e-02
8.441005e-03
1.071451e-01
1.251863e-01
6.152784e-02
5.229035e-03
8.353945e-03
-4.537804e-03
1.307712e-01
1.330615e-01
1.204407e-01
7.230682e-02
1.053384e-01
1.213153e-01
6.093317e-02
4.911099e-02
5.960337e-02
-3.601919e-02
-3.863461e-02
-4.507298e-02
-7.176036e-02
-4.857601e-02
-4.157291e-02
-6.912862e-02
-4.196885e-02
-6.000571e-02
-4.689955e-02
-6.762297e-02
-1.440482e-02
1.017429e-01
9.403940e-05
1.093126e-01
2.104060e-02
8.162153e-02
-1.115019e-01
1.579369e-01
8.927132e-02
6.669054e-02
-5.236360e-02
3.509179e-02
5.328790e-02
4.065068e-02
7.904191e-02
9.775092e-02
-5.762816e-02
1.728777e-02
5.787314e-02
1.294654e-01
1.095204e-01
9.550202e-02
3.481113e-03
-2.359841e-02
-7.736417e-02
-9.915102e-02
-3.549285e-02
-3.859541e-02
-5.936391e-02
-1.134338e-02
1.266890e-02
-4.422322e-02
9.689858e-03
1.847175e-02
-1.086643e-02
-1.708468e-02
-2.116255e-02
3.864402e-02
1.652061e-02
-2.073746e-02
3.790031e-02
3.043887e-02
3.012475e-02
1.071757e-01
6.450678e-02
6.321244e-02
1.923296e-02
2.563220e-02
1.923660e-02
2.345438e-02
-1.722759e-03
6.025149e-03
1.226247e-01
1.219277e-02
-4.986986e-02
4.498629e-02
1.196047e-01
-9.390438e-02
-3.152239e-02
2.277822e-01
2.087817e-01
-2.304745e-03
3.330521e-02
3.631070e-02
3.761008e-02
5.966121e-02
8.081940e-02
4.908318e-02
6.874950e-02
3.957996e-02
-5.373147e-02
-1.961353e-02
-4.001589e-02
-1.819220e-02
-2.258323e-02
-4.885434e-02
5.757073e-02
7.671583e-03
-7.049875e-02
8.022334e-02
1.274374e-01
1.371727e-01
9.390934e-02
7.961168e-02
1.086683e-01
-9.326467e-02
-1.331081e-01
-1.491459e-01
6.518666e-02
6.212800e-02
-1.947306e-02
1.875677e-01
2.289764e-01
1.640975e-01
2.707678e-02
9.539852e-02
7.254128e-02
1.678114e-02
1.323665e-03
-6.368028e-02
-6.388624e-02
-3.415823e-02
-5.820551e-02
-6.170382e-02
4.433551e-02
3.566101e-03
-1.806163e-01
-1.985980e-01
-1.149211e-01
-9.838024e-02
-1.266715e-01
-9.875754e-02
1.596110e-01
1.570334e-01
1.982347e-01
-2.509782e-02
3.497208e-02
4.778770e-02
-4.953943e-03
6.524071e-02
1.051599e-01
3.123571e-02
6.939884e-02
7.192501e-02
-6.459828e-02
-4.704750e-02
-3.285979e-02
6.289398e-02
4.171573e-02
5.342017e-03
1.726764e-01
1.581659e-01
9.458578e-02
1.169473e-01
2.246521e-01
1.975511e-01
-2.776328e-02
7.023516e-02
1.098243e-01
-1.586349e-01
-7.625166e-02
-3.384715e-02
5.234003e-02
-9.896132e-02
-1.322973e-01
-1.005811e-02
-7.210846e-02
-8.669611e-02
-1.296225e-01
-1.277495e-01
-1.409340e-01
-4.759065e-02
-3.502553e-02
1.952865e-02
7.311819e-02
3.285097e-02
3.696630e-02
1.182919e-01
6.393122e-02
-2.236235e-02
9.607071e-02
4.479272e-02
3.111423e-03
2.990529e-01
2.829087e-01
2.261816e-01
2.234605e-02
6.088267e-02
4.216327e-03
5.919363e-03
2.199119e-02
-8.235947e-03
3.249366e-02
4.070229e-03
-3.876621e-02
7.223564e-02
4.496491e-02
2.724359e-02
-5.164260e-02
3.760090e-02
7.900238e-02
-7.050610e-02
4.143927e-02
1.042461e-01
-9.595300e-02
7.040219e-03
7.746649e-02
-1.537004e-01
-1.099909e-01
-8.150946e-02
-1.361974e-01
-4.803226e-02
-1.426694e-02
-7.903244e-02
3.733526e-02
1.457857e-02
-4.964729e-02
4.896877e-02
9.134774e-02
-9.686291e-02
-1.072397e-01
-8.722189e-02
-1.038428e-01
-6.268605e-02
-1.691127e-01
3.949428e-03
6.629577e-02
-2.248636e-02
7.800617e-02
9.411675e-02
8.348477e-03
-5.087916e-02
-6.939738e-02
-1.516904e-01
-6.644686e-02
-9.843814e-02
-1.264586e-01
4.975518e-02
3.730912e-02
2.118654e-02
9.425560e-02
1.313354e-01
1.225281e-01
7.792114e-02
-9.909041e-04
-1.397984e-02
4.630008e-02
2.332153e-02
5.169135e-02
-1.844284e-03
2.544067e-02
3.576867e-02
9.899164e-03
-1.796350e-02
-6.175739e-02
1.966240e-02
-1.309571e-02
-1.130861e-02
7.369079e-03
-5.068045e-02
-7.229688e-02
-3.012937e-02
1.246084e-01
1.816794e-01
7.477189e-02
4.517880e-02
-6.314956e-02
-5.179827e-02
-7.321935e-02
-2.381630e-01
1.630558e-02
5.852831e-02
7.180379e-02
2.305581e-02
3.349495e-02
2.628435e-02
6.074955e-02
9.343541e-02
8.035399e-02
1.962861e-02
-6.784571e-03
4.681285e-02
4.368456e-02
-5.593403e-02
-1.016436e-02
-2.319854e-02
-5.082294e-02
4.368491e-02
-2.484723e-03
6.838722e-03
-3.852957e-02
-6.316507e-02
-7.168584e-02
-9.225933e-02
-3.657405e-02
-3.052843e-02
-6.528492e-02
2.144758e-03
-1.590460e-02
-6.379054e-02
4.872622e-02
3.515449e-02
1.512430e-02
8.604826e-02
3.668296e-02
2.614042e-02
-2.702053e-01
-1.100234e-01
1.540620e-01
-3.744771e-02
1.047888e-01
1.156891e-01
2.022068e-01
8.851756e-02
-1.889158e-01
7.520346e-02
-2.686938e-02
8.789544e-02
-4.243615e-02
-1.332452e-01
1.745529e-02
-8.502689e-02
-6.573257e-02
-1.473334e-02
-4.395344e-02
3.585728e-02
1.871193e-02
4.707976e-02
9.386133e-02
-2.141504e-02
2.822980e-02
3.100235e-02
-1.410894e-01
-8.127936e-02
-6.107379e-03
-1.373255e-02
5.785561e-03
9.736476e-02
4.250499e-02
6.101729e-02
4.718744e-02
-6.206063e-02
4.629018e-02
-1.716893e-02
-6.360521e-02
-3.013806e-02
-8.631669e-03
-3.688817e-02
-1.050498e-01
-4.254910e-02
-4.182123e-02
-3.944339e-02
-1.476714e-01
-1.898666e-01
-4.944453e-02
-9.373354e-02
-1.480897e-01
-8.322772e-02
-8.622838e-02
-4.696405e-02
6.562142e-02
-1.613383e-01
-1.382394e-02
-7.586389e-02
-1.922011e-02
1.767985e-01
-6.633078e-02
1.839568e-01
1.756085e-02
-1.234040e-02
-5.748188e-02
-7.266764e-02
2.045433e-02
9.082041e-02
9.851202e-02
3.067895e-02
1.314626e-01
3.481229e-02
-6.647760e-02
-5.098200e-03
-1.794556e-02
2.311945e-02
4.857058e-02
-2.012046e-04
3.512748e-02
-2.563565e-02
-8.411635e-02
1.180289e-01
9.662666e-02
8.854731e-02
9.473113e-02
7.183564e-02
8.715903e-02
-4.975981e-02
-4.288987e-02
-6.639786e-02
-1.465444e-01
-1.216123e-01
-1.489952e-01
-4.262020e-02
1.800190e-02
2.939033e-02
1.043450e-02
-8.899073e-04
-4.869521e-02
-1.318958e-01
-2.128321e-02
-1.036268e-01
3.868607e-02
1.292294e-01
1.893319e-02
-5.804584e-02
3.301001e-02
6.856691e-02
-2.421030e-02
-2.489052e-02
-9.587163e-02
-6.619613e-02
-7.982578e-02
-1.351618e-01
-1.014423e-03
2.444863e-02
3.441741e-02
2.869972e-02
4.226433e-02
2.473930e-02
1.362161e-01
9.062667e-02
-5.220041e-02
9.464914e-02
1.358250e-01
6.033076e-02
2.466045e-01
2.306630e-01
2.288186e-01
2.132003e-01
2.507461e-01
2.996185e-01
3.505108e-02
6.136557e-02
1.048114e-01
-4.564038e-02
-2.808085e-02
-1.095591e-01
-1.464532e-01
-6.302506e-02
-9.061453e-02
-6.932481e-02
-3.078947e-02
-7.702155e-02
1.539004e-01
-6.970835e-03
2.253231e-02
-2.133384e-01
6.812977e-02
5.095249e-02
1.065611e-01
-2.772659e-02
-3.077215e-02
-4.289506e-02
-4.403395e-02
-9.421685e-02
3.315927e-01
3.340428e-01
3.803556e-01
2.534648e-02
1.166741e-01
1.863916e-01
4.252099e-02
8.855388e-02
7.492732e-02
-4.061455e-02
5.799061e-03
-2.666670e-03
-1.459792e-02
3.473931e-02
8.243845e-02
-1.320346e-01
-1.258625e-01
-1.220093e-01
-1.527996e-01
-1.171774e-01
-7.797432e-02
-9.834801e-02
-4.776817e-03
3.556002e-02
7.814031e-03
8.631605e-03
3.154266e-03
-2.542725e-02
-5.971706e-02
-9.386186e-02
5.810916e-02
6.459661e-02
3.256694e-02
5.099669e-02
9.830734e-02
6.397906e-02
6.228408e-02
1.246486e-01
2.309726e-01
-5.502171e-02
-3.644434e-02
-4.748921e-02
-1.084879e-01
-5.384856e-02
-2.111297e-01
-3.289074e-02
1.653913e-01
1.814116e-01
-1.469059e-01
-1.468219e-01
-8.946776e-02
-1.021638e-01
-4.611936e-02
-4.000169e-02
-7.756514e-03
4.054289e-02
5.062137e-02
3.872657e-02
3.211409e-02
-1.679536e-02
-1.426966e-01
-1.278886e-01
-1.615215e-01
-3.828612e-02
-2.912239e-03
-4.464372e-02
1.981301e-02
5.610592e-02
5.471517e-03
-2.123890e-02
-3.802915e-02
-2.767920e-02
-6.312360e-02
-8.814350e-02
-9.299956e-02
-1.480429e-02
-6.886776e-03
-3.921143e-02
-1.476423e-02
3.479190e-02
-4.411807e-02
-3.650493e-02
-2.690413e-02
-4.170099e-02
-8.101313e-02
-7.261892e-02
-1.169898e-01
6.734878e-03
5.009452e-02
-6.823963e-02
1.272490e-02
-1.942283e-02
8.911421e-03
-9.637454e-02
-1.050742e-01
-1.441236e-01
-3.041991e-02
-5.468660e-02
-4.209395e-02
7.150566e-02
4.475551e-02
9.232266e-02
6.940082e-02
7.253116e-02
1.280937e-01
2.471103e-01
1.500969e-01
5.774217e-02
9.609147e-03
-6.350038e-02
-1.905002e-02
-1.274495e-01
-1.558430e-01
-1.004907e-02
-1.067320e-01
-3.379186e-02
-1.004306e-01
5.341296e-03
2.521609e-02
-7.189642e-02
-3.201396e-02
5.389202e-02
-5.151254e-02
-4.424868e-02
-3.085365e-02
-5.396942e-02
6.804475e-02
4.804839e-02
-3.074786e-02
2.239654e-02
-3.249056e-02
-1.176521e-01
-3.346047e-02
2.746758e-02
3.535722e-01
3.478384e-02
-4.363493e-03
1.725612e-01
4.043974e-02
-1.945469e-01
-1.802577e-01
4.857653e-02
5.665844e-03
-5.800479e-02
1.233018e-01
8.219608e-06
-4.125842e-02
-1.008425e-01
-1.150863e-01
-2.393026e-02
-9.597787e-02
-1.878406e-02
3.158897e-02
-1.931852e-01
-1.767477e-01
-1.120724e-01
-1.217944e-01
-1.390099e-01
-1.871856e-01
8.381685e-02
1.378559e-02
5.080413e-02
2.024585e-02
-3.286646e-02
5.461700e-03
-1.833640e-02
-4.299356e-02
-1.369678e-02
4.298780e-03
2.448119e-02
3.897237e-02
-9.292445e-03
-1.056344e-02
3.786281e-02
-7.512633e-03
3.777872e-04
6.571370e-02
-7.604078e-03
2.817401e-02
2.525675e-02
-4.122040e-02
5.818329e-03
-2.046225e-02
-4.349549e-02
3.616121e-02
4.816375e-03
-3.392490e-01
-3.408468e-01
-1.810466e-01
5.185417e-02
-7.739929e-02
-3.179554e-02
1.518422e-01
2.586677e-01
9.894729e-02
3.429740e-02
3.308039e-02
-1.536413e-02
7.743046e-02
6.295009e-02
-4.264416e-03
-3.852700e-02
4.511589e-02
-1.454150e-02
3.734208e-02
5.403020e-02
-4.808444e-02
6.684203e-02
7.854216e-02
-2.036582e-02
-6.930940e-02
-1.166347e-01
-1.403365e-01
1.348218e-02
-3.501512e-02
-8.811717e-02
3.213968e-02
2.392913e-02
6.097930e-02
-3.776219e-02
-1.292453e-02
5.334068e-02
2.450339e-02
-4.231873e-02
-2.317556e-02
-4.458209e-02
-8.450895e-02
-3.636098e-02
-6.341542e-02
-8.446574e-02
-1.511859e-03
-1.157755e-01
-8.712662e-02
-9.738531e-02
-5.129390e-02
-2.282533e-03
6.554943e-02
-2.813989e-02
1.293477e-03
6.354225e-02
-7.784245e-02
-1.514457e-01
-1.247676e-01
-9.449530e-02
-8.698899e-02
-8.147893e-03
8.320947e-02
1.209335e-01
1.449584e-01
2.772469e-01
8.865187e-02
-5.772785e-02
5.646438e-03
-1.110762e-01
-1.943276e-01
-7.470165e-02
-1.259739e-01
-7.135624e-02
-1.506977e-01
-7.072502e-02
-2.019395e-03
3.588939e-02
1.320639e-01
1.580100e-01
5.104591e-02
5.940379e-02
4.178592e-02
-4.323717e-02
-2.303144e-02
3.405692e-02
8.764529e-02
6.502333e-02
4.368008e-02
2.716224e-02
3.770632e-04
-4.590809e-02
-4.834037e-04
1.889817e-01
1.243964e-01
8.483400e-02
-5.877883e-02
-2.964512e-01
-7.630994e-02
-4.357701e-02
-8.512190e-02
-1.358734e-01
-1.565167e-01
-1.502525e-01
-1.283994e-01
-5.883313e-02
5.041838e-02
-5.150015e-02
8.018572e-02
5.622172e-02
1.329640e-01
3.414996e-02
-5.687971e-02
-1.111794e-01
-9.832291e-02
-2.047784e-02
-1.392584e-01
-5.093901e-03
1.150352e-01
-1.796814e-01
-1.295074e-01
-1.395731e-01
5.092626e-03
6.712784e-02
8.231245e-04
-7.953635e-02
-6.721722e-02
-8.922961e-02
-5.284834e-02
-5.622328e-02
-1.772234e-02
-1.469982e-02
-6.851773e-03
4.825149e-02
3.445170e-02
6.228018e-02
1.159125e-01
2.030252e-02
-4.442102e-03
4.539121e-02
4.193021e-02
2.862175e-02
9.710366e-02
5.400096e-02
2.919252e-02
-9.209760e-03
-1.624945e-01
-1.306105e-01
1.097018e-01
3.410990e-02
2.398414e-01
2.853009e-01
2.319893e-01
2.101848e-02
-1.215918e-01
-9.702693e-02
-3.171217e-02
1.795656e-02
6.354212e-02
1.067999e-01
3.422856e-02
-6.159204e-02
-8.979663e-02
-1.265741e-01
-8.170616e-02
2.305537e-02
2.016451e-02
1.085127e-01
6.848399e-02
-2.738334e-02
6.388476e-02
-6.185009e-03
-7.182053e-02
2.791777e-02
-5.545913e-04
-5.050705e-02
1.590616e-02
-2.819551e-03
-2.006859e-02
-5.050010e-02
-5.583422e-02
-8.563879e-02
1.107613e-02
-1.896019e-03
1.861475e-02
3.210146e-02
1.132837e-01
1.841005e-01
3.253014e-02
4.273725e-02
7.338096e-02
5.790574e-02
-4.459522e-02
2.323237e-02
-9.344307e-02
-1.550494e-01
-1.184397e-01
-1.930948e-01
-1.448988e-01
-1.145111e-01
-1.814284e-01
-1.911620e-01
-2.626958e-01
-4.267022e-02
-1.190895e-01
-1.350989e-01
1.331761e-01
9.047741e-02
4.025758e-02
-1.283219e-02
-8.495746e-02
-2.896589e-03
-5.988915e-02
-9.253667e-02
1.227367e-02
-1.021624e-01
-1.074867e-01
4.065228e-02
-6.292176e-02
-5.767709e-02
-1.040941e-01
-2.505762e-02
6.187015e-04
-2.326009e-02
9.338808e-02
1.127692e-01
2.468431e-03
6.834823e-02
8.213696e-02
6.856205e-02
6.824357e-02
4.008099e-02
8.335201e-02
-1.254644e-01
-1.163563e-01
-6.018130e-02
4.301536e-02
1.527153e-01
-4.299213e-02
5.144095e-02
-3.274344e-02
-2.666172e-02
-5.001876e-02
1.299571e-02
-1.452287e-01
-1.100268e-01
-5.273188e-02
-1.086913e-01
-5.678057e-02
-8.284635e-02
-5.137276e-02
5.727699e-02
1.570875e-01
-9.426691e-02
-5.968681e-02
-1.140025e-01
-7.852758e-02
5.631424e-02
1.531886e-02
-2.940459e-02
-9.481852e-03
-4.944554e-02
-8.402422e-02
3.885103e-02
3.362253e-02
4.004523e-03
1.698222e-01
5.260668e-02
-5.854197e-03
1.135757e-01
3.504417e-02
-6.371467e-02
1.432604e-02
1.586402e-02
-7.045747e-04
-3.234593e-02
1.061365e-02
4.151519e-02
-1.345528e-01
-5.375568e-02
2.656151e-02
-2.484117e-02
-6.070179e-02
-5.605929e-02
-1.004501e-01
-9.215586e-02
-9.110356e-02
-2.895227e-02
3.145930e-02
1.892486e-02
-3.102303e-02
5.270457e-02
-1.091186e-01
-7.099150e-02
-1.402437e-01
-6.537691e-03
-1.066366e-01
8.991381e-02
7.773733e-02
4.505619e-02
8.132805e-02
4.448937e-02
1.022051e-01
9.204698e-02
5.727425e-02
-3.251217e-02
-5.864533e-02
-1.168498e-01
4.479588e-02
1.094039e-01
8.254126e-02
-6.261907e-04
3.360470e-02
5.124851e-03
-9.697728e-02
-3.917469e-02
-8.064923e-02
-5.310941e-04
1.970860e-03
1.278771e-03
5.572342e-04
-2.178857e-04
-4.306001e-03
2.809627e-04
4.312101e-03
5.362398e-03
-9.375660e-04
1.696717e-03
3.888037e-04
-7.680852e-04
5.299111e-04
8.929174e-04
1.057894e-03
1.543015e-03
-2.231755e-03
1.293306e-04
1.484118e-03
1.905671e-03
-2.932955e-03
1.877968e-03
2.561086e-03
3.865598e-04
1.981542e-03
8.006084e-04
9.826946e-04
-6.792259e-04
-4.787513e-05
6.540609e-04
-1.561307e-03
-1.521565e-04
2.537520e-03
-3.347647e-04
1.685004e-03
-1.026894e-03
1.334548e-03
-4.945496e-04
1.838917e-03
-7.342234e-05
-2.661668e-03
-2.409365e-04
-6.381242e-05
9.368267e-04
-4.310150e-04
-3.734895e-04
-3.037974e-03
-3.782151e-03
1.052814e-05
-2.987057e-03
-1.003206e-03
-1.961518e-04
-2.008297e-03
5.817866e-04
7.566130e-04
-1.022938e-03
-3.105195e-05
1.931827e-03
4.116901e-04
-2.661208e-03
-1.947079e-03
2.882590e-03
2.253387e-03
9.294098e-04
1.253838e-03
-3.753111e-04
-2.281451e-03
-1.188046e-03
-1.639664e-03
-1.679167e-03
2.308046e-03
-8.853602e-04
-2.467958e-03
2.138715e-03
-6.517466e-04
-2.651615e-04
2.831137e-03
1.851904e-04
2.718307e-03
-6.517875e-04
-2.029818e-03
-2.171512e-04
1.335937e-03
1.620540e-03
-2.046660e-03
-2.456057e-03
2.908469e-03
7.602601e-04
3.089050e-03
-1.157223e-03
1.356844e-03
-1.435888e-03
2.956946e-04
2.587202e-03
-2.507868e-03
3.058834e-03
1.800818e-03
-2.701344e-03
2.219736e-04
-2.823412e-04
7.552272e-04
-7.689261e-04
3.306374e-03
5.796843e-04
1.621999e-03
3.018967e-04
-3.913386e-04
-9.953547e-04
-5.238324e-04
-2.171515e-03
4.641768e-03
1.626731e-03
1.254039e-03
-1.147255e-03
-3.044988e-04
-1.726972e-03
1.454799e-03
-1.599347e-03
-3.321836e-03
1.218299e-04
2.059570e-03
1.762126e-03
-1.315259e-03
-2.847771e-04
-7.926299e-04
-3.775552e-04
2.377302e-03
1.906040e-03
2.496964e-03
-4.203254e-04
1.976872e-03
2.039813e-03
7.738529e-04
-4.205091e-04
3.384923e-04
-3.007641e-03
2.635208e-03
3.050568e-03
3.449843e-03
-2.628911e-03
-5.009808e-04
3.440657e-03
2.010386e-03
-2.085541e-03
1.166364e-03
-1.699572e-03
-2.906807e-03
-1.454024e-03
-5.833611e-04
-7.374161e-04
1.814810e-03
8.287248e-04
1.679271e-03
-2.276424e-04
1.980497e-03
-7.918076e-04
1.639255e-03
-1.245125e-03
2.013889e-05
-1.091914e-03
2.729986e-03
3.845299e-03
-1.593683e-04
-1.457015e-03
1.234410e-03
3.035838e-03
3.880502e-03
4.606488e-04
-4.458941e-04
-1.062415e-03
2.126400e-03
-2.042313e-04
1.011478e-04
-4.312340e-04
-1.543853e-03
3.883571e-03
-1.282580e-03
7.055299e-04
-8.039255e-04
-8.394230e-04
7.921415e-04
-3.016301e-03
-5.645454e-03
4.025220e-04
-2.351283e-03
-3.597184e-04
-2.609011e-03
-2.389469e-03
-1.059972e-03
-1.850595e-03
-2.064084e-03
-4.314364e-03
4.004806e-04
7.960991e-04
1.348096e-03
-1.163259e-03
8.233862e-04
-2.077882e-03
1.080204e-04
1.072822e-03
-1.403505e-03
-1.016854e-03
8.145445e-04
-1.722614e-03
-4.830687e-04
5.962125e-04
-1.936421e-04
-3.472216e-03
1.152275e-03
-2.722011e-03
1.898524e-03
-2.230417e-03
-3.731454e-04
1.169309e-03
-2.397153e-03
2.616374e-04
1.860881e-03
2.123292e-03
1.249895e-03
-4.378780e-04
-3.012775e-03
1.771846e-03
1.547308e-03
1.464718e-03
2.363416e-03
2.754045e-04
-1.465971e-03
-1.021321e-03
-2.696212e-03
1.458572e-03
-1.244119e-03
1.878838e-04
7.158701e-04
-1.521582e-03
-5.736664e-04
2.129387e-03
1.841227e-03
-9.606779e-04
1.537218e-04
-1.234876e-03
2.983947e-03
-8.153884e-04
2.243779e-04
1.737041e-04
1.905302e-03
9.160692e-04
1.012635e-04
8.310933e-04
-2.146888e-03
-8.932863e-05
-5.179658e-05
-1.568268e-03
2.878370e-04
-4.362426e-05
2.877314e-03
-2.475636e-03
-1.907794e-03
-7.964863e-04
-3.623103e-03
-5.577785e-04
1.345140e-03
5.076999e-03
-2.609595e-04
-2.426329e-03
-9.451244e-04
-1.740779e-03
-1.829710e-04
8.717240e-04
-6.784023e-04
-2.182434e-03
6.937278e-04
3.709595e-04
-5.030019e-04
6.555073e-04
-9.249877e-04
3.428411e-03
-5.375838e-04
1.476795e-03
-6.937269e-04
-1.587631e-03
1.606169e-04
8.404567e-04
2.663075e-03
-1.443949e-04
-7.278616e-04
-1.511648e-03
-1.490078e-03
2.299594e-02
7.153212e-02
6.892331e-02
-4.941126e-02
-3.650688e-02
-4.329675e-02
-5.959997e-02
-7.011973e-02
-9.879504e-02
3.066827e-03
3.085638e-02
2.482053e-02
-3.533123e-02
-3.213531e-02
-4.039969e-02
2.185968e-02
2.221145e-02
-1.182321e-02
-7.556835e-02
-5.199629e-02
1.230177e-02
5.507998e-02
1.445225e-01
1.817091e-01
7.612471e-02
1.150816e-01
7.634901e-02
-3.394240e-02
-1.448921e-02
1.393383e-02
-9.195080e-02
-5.585696e-02
-2.269903e-02
9.319905e-03
2.489700e-02
7.435898e-02
-3.663708e-02
-1.606508e-03
-2.889040e-02
-7.736586e-02
-9.848820e-04
3.106789e-02
1.244425e-03
7.389033e-02
9.256288e-02
-9.496751e-02
-9.889395e-02
-9.576440e-02
-3.521794e-02
-2.151509e-02
-3.049748e-02
-3.376503e-02
-2.088616e-03
-3.737642e-03
1.106983e-01
1.524287e-01
9.983753e-02
1.409753e-01
1.536839e-01
5.341210e-02
-1.399997e-03
-3.990686e-02
-1.179793e-01
-2.436836e-02
-1.685060e-02
-1.090207e-01
-3.129737e-02
-9.114815e-02
-8.612631e-02
-3.173425e-03
-5.370914e-02
-4.489222e-02
1.368454e-02
-5.944767e-03
-1.410890e-02
-2.041190e-02
4.732321e-03
-4.021356e-02
7.382742e-02
-1.169107e-02
2.422507e-02
-1.164008e-01
-8.213793e-02
-1.505579e-02
-3.277497e-02
2.620643e-02
1.182442e-01
1.398901e-01
2.345637e-01
2.686944e-01
-5.512612e-02
4.512328e-03
-1.878615e-02
-4.592511e-02
9.334397e-02
6.630486e-02
-8.129787e-02
2.172472e-02
-1.168637e-02
6.891200e-02
8.060727e-02
5.509041e-02
4.865206e-02
4.958144e-02
2.509251e-02
4.693640e-02
5.191567e-02
1.331931e-02
9.723749e-02
1.040483e-01
1.085673e-01
3.755105e-02
1.602635e-02
1.295640e-02
1.161369e-02
-4.543245e-03
-2.349898e-02
3.808834e-02
2.239644e-02
1.952112e-02
8.787272e-04
6.723528e-02
2.071017e-02
-5.811967e-02
-6.788309e-02
-1.418912e-01
1.862518e-02
3.226763e-03
-7.796635e-02
-1.136274e-02
7.034002e-03
-9.156749e-02
-1.146203e-01
-1.008744e-01
-1.386672e-01
-2.176831e-02
-2.435881e-02
-4.776096e-02
-2.217722e-02
-3.057073e-02
-2.513000e-02
-6.092882e-02
-3.272859e-02
-2.152326e-02
-4.288807e-02
-7.275407e-02
-5.752230e-02
1.675079e-01
1.310843e-01
7.143883e-02
1.689106e-02
8.642545e-02
6.398288e-03
2.848138e-02
4.092797e-02
-1.180999e-01
-1.202042e-02
1.349133e-01
6.277516e-02
-1.310142e-01
6.964137e-02
4.221143e-02
1.805224e-01
-1.391712e-03
-1.912376e-01
3.634212e-02
1.613803e-02
1.513699e-01
-1.309738e-01
-1.334118e-01
-1.633384e-02
-1.375476e-01
-6.014022e-02
-1.752749e-02
-1.474780e-02
-3.746838e-02
-1.935020e-02
1.423761e-01
9.433179e-02
1.103098e-01
-7.586781e-02
-6.102925e-02
-4.050988e-02
-3.656503e-02
5.597150e-02
8.906442e-02
-4.155023e-02
5.678998e-02
1.577740e-01
-3.165150e-02
1.918568e-02
-3.540437e-03
-4.239958e-03
-1.345486e-02
-5.735494e-02
8.443072e-02
3.705878e-02
-5.566983e-02
4.883075e-03
3.000175e-02
-4.907871e-02
1.570176e-02
1.092520e-01
1.712247e-01
-9.159748e-02
3.982720e-03
1.206565e-01
1.622274e-01
3.159377e-01
-1.244629e-01
-1.635727e-01
-8.272976e-02
2.335518e-01
-1.082747e-01
-2.056668e-01
-9.813783e-02
-1.621368e-01
-1.648768e-01
-6.114294e-02
-2.229604e-02
-4.521354e-02
5.669927e-02
-9.883437e-02
-3.491655e-03
-3.755777e-03
4.702484e-03
-5.680127e-03
-4.191046e-02
-4.311822e-03
4.772604e-02
-3.065210e-02
3.638258e-03
6.643972e-02
-4.285343e-02
-1.577362e-01
-9.657565e-02
-5.301141e-02
-1.188879e-01
-9.504732e-02
-1.677226e-01
7.440645e-02
-6.749278e-02
-1.628686e-01
-3.904631e-02
-1.472363e-01
-1.289412e-01
1.103038e-01
8.670813e-02
8.453521e-02
1.200937e-01
1.459243e-01
1.472212e-01
-3.751783e-02
9.103193e-04
-1.975156e-02
-5.376155e-02
2.539105e-02
1.072377e-01
-5.158434e-02
-4.740619e-02
-4.289223e-02
-3.852709e-01
2.706437e-02
2.036710e-01
-1.313097e-01
-2.849611e-01
-5.521643e-03
2.639299e-01
6.107786e-02
-1.876561e-01
-1.170473e-01
-3.754027e-03
3.232514e-02
4.483357e-03
-3.921937e-02
-7.155059e-03
9.876090e-02
7.433810e-02
-2.848486e-02
2.012418e-04
-4.629171e-02
-1.569827e-01
1.017161e-01
8.838708e-02
-9.605107e-03
-1.322933e-01
-6.644369e-03
4.956990e-02
-2.998993e-02
-2.428967e-02
-3.922793e-02
1.995540e-02
7.810995e-03
-2.883811e-02
-1.307915e-02
-4.083682e-03
-2.145089e-02
5.360775e-02
7.051692e-02
4.000538e-02
5.147183e-03
6.085964e-02
7.909469e-02
-1.248725e-01
-7.785477e-02
-2.937109e-02
-3.694466e-02
-1.284679e-01
-9.473757e-02
-1.082213e-01
-1.793240e-01
-1.428330e-01
-7.637577e-02
-7.738815e-02
-8.948783e-02
1.616324e-02
-3.963905e-02
-2.099676e-02
-1.881561e-02
-3.229427e-02
-7.292137e-03
5.777056e-03
-2.570986e-03
4.121425e-02
-8.594274e-03
8.075630e-02
7.657845e-02
-7.139378e-03
4.534083e-02
8.889735e-02
-4.900407e-02
2.034367e-02
1.139462e-01
4.378871e-02
-3.381593e-02
-1.231549e-01
1.046988e-01
2.737615e-02
-7.571895e-02
1.165911e-01
3.611798e-02
-2.486614e-02
-9.225113e-02
-8.194267e-02
-1.927659e-02
1.918422e-02
-5.490695e-02
-8.694272e-02
1.415419e-01
5.800446e-02
-3.729655e-03
3.241735e-02
-5.956860e-02
2.592613e-02
-4.438402e-02
-1.580287e-02
-3.312145e-02
-4.114110e-02
-4.019917e-02
-3.524589e-02
-2.991262e-02
-1.046215e-01
-5.696709e-02
2.285450e-03
2.864229e-02
-7.922833e-02
5.543960e-02
2.730675e-02
-8.602465e-02
-1.737125e-02
9.618339e-02
1.321240e-01
-1.626778e-01
-6.737680e-02
7.803554e-04
-1.221417e-01
-8.737513e-02
-6.320883e-02
8.119046e-03
1.000994e-02
-4.164343e-02
4.528779e-02
3.024560e-02
-2.387484e-02
8.519368e-03
4.066443e-02
1.320432e-03
4.293742e-02
8.140209e-02
1.381727e-01
1.839131e-02
5.337026e-02
9.467598e-02
-5.873690e-02
-5.023073e-02
-1.391913e-02
5.843833e-02
-7.716238e-03
-1.014728e-01
5.366914e-02
7.500195e-02
-3.416280e-03
-5.646643e-02
2.434050e-02
3.078315e-02
4.001805e-03
-3.391182e-02
-4.164890e-02
3.843165e-04
-2.379692e-02
-7.739068e-02
2.582612e-02
6.919432e-02
5.018034e-02
8.710591e-03
2.124991e-02
-2.926393e-02
5.648832e-02
3.876735e-02
-3.392973e-03
-3.188453e-02
-2.319698e-02
-4.832223e-02
5.915676e-02
5.917169e-02
4.446642e-02
-2.952590e-02
-1.215100e-02
-2.374791e-02
-7.127908e-02
-6.732059e-02
-7.113919e-02
-2.242651e-02
-1.308475e-02
2.898417e-02
5.977769e-02
4.450626e-02
5.410448e-02
5.770890e-02
7.153142e-02
9.516092e-02
2.194085e-03
4.044561e-02
3.786302e-03
1.627842e-02
7.982463e-02
4.275739e-02
2.252297e-02
6.206544e-02
9.638701e-02
8.505367e-03
7.749414e-02
1.687097e-02
-1.220808e-01
1.657193e-02
-5.616355e-02
-1.648367e-01
-1.325583e-01
-9.849592e-02
6.506586e-02
1.131308e-01
3.398441e-02
5.783217e-02
-3.844768e-04
-5.511367e-02
-2.466566e-02
-1.071173e-02
-1.169147e-02
9.712696e-02
6.499961e-02
1.579930e-01
9.726184e-02
1.358828e-01
7.739939e-02
-8.526254e-02
-1.433189e-01
-7.861522e-02
-6.398821e-02
-2.988060e-02
-6.735551e-02
-7.288419e-02
3.651784e-03
-4.236647e-02
-2.993567e-02
1.042013e-01
-1.884379e-02
8.569142e-02
4.807498e-02
5.370926e-02
6.283548e-02
-4.667057e-02
-2.594430e-02
6.098272e-02
6.744380e-02
-5.036083e-02
4.966715e-02
1.868253e-01
-8.854192e-02
-1.514857e-01
-1.591893e-01
1.976877e-01
1.257643e-01
-3.311495e-01
-3.563574e-01
-2.537290e-02
4.714564e-02
1.153607e-02
7.586782e-02
-5.334759e-02
8.196232e-02
5.368242e-02
3.889344e-02
2.075168e-02
5.547117e-02
1.421424e-01
8.672478e-02
-6.445547e-02
7.984165e-02
4.547144e-02
-1.079363e-01
-6.429911e-02
-9.412427e-02
5.161997e-02
8.180141e-02
9.464066e-02
8.361924e-02
-6.456854e-04
8.041697e-03
5.771980e-02
1.494370e-02
-2.187810e-02
7.536766e-02
-1.283836e-02
-6.547920e-02
2.616147e-02
-4.518945e-02
-7.697073e-02
8.885328e-02
4.368327e-02
4.117119e-02
1.306812e-01
1.300904e-01
8.116771e-02
-3.954609e-02
-3.393416e-02
-1.633506e-02
-8.828992e-03
8.038703e-04
4.115772e-02
-2.552867e-01
3.238098e-02
-1.186601e-01
-3.795747e-01
-4.810541e-01
-2.573915e-01
1.837227e-02
1.539177e-01
4.074438e-02
-4.198832e-02
-6.220610e-02
-5.210979e-02
2.400836e-02
-2.674273e-02
-5.135423e-03
1.052199e-01
1.487495e-01
9.914304e-02
-1.162489e-01
-9.238872e-02
-7.769558e-02
-4.750326e-02
4.492153e-02
2.935789e-02
-1.267250e-01
-9.008870e-02
-1.310050e-01
