5.293724e-02
4.333147e-02
1.483387e-02
3.187385e-02
2.009559e-02
8.458684e-03
3.938701e-02
6.347837e-02
8.526494e-02
-9.868561e-02
-8.937269e-04
-2.439365e-02
-1.011222e-01
-6.490054e-02
-5.231370e-02
-3.535173e-02
-7.445128e-02
-1.568972e-01
-5.699405e-02
-1.161223e-03
-1.656336e-01
2.520979e-02
8.574965e-02
2.283658e-02
-7.879607e-02
1.330342e-01
1.571145e-01
-7.420018e-02
-7.273097e-02
-6.859378e-02
-7.659407e-02
-9.988209e-02
-9.949494e-02
-8.605900e-02
-6.686790e-02
-6.174450e-02
-7.461833e-02
-1.230359e-01
-3.150908e-02
4.739202e-02
-4.203473e-02
-5.628018e-02
1.687117e-01
1.801699e-01
5.549338e-02
-7.190633e-02
-9.531152e-02
-6.261152e-02
-2.873484e-02
-8.238506e-02
-7.921282e-02
-6.000942e-02
-6.680478e-02
-1.044401e-01
-1.178562e-01
-2.541185e-01
-1.839058e-01
1.669660e-01
-2.180220e-03
-1.336152e-01
2.545690e-01
2.399479e-01
9.051310e-02
-4.063751e-02
1.026639e-01
-1.624168e-02
7.936092e-02
1.126387e-01
-2.246105e-03
-1.362013e-02
2.871776e-03
2.007112e-01
-7.695296e-02
2.624693e-02
4.637524e-02
-1.298087e-01
-8.641130e-02
-2.100293e-02
5.646559e-03
-2.518471e-02
1.476782e-02
5.359574e-02
9.453879e-02
1.222874e-01
-6.717318e-02
-1.102624e-01
-7.168220e-02
1.710014e-02
-1.053418e-02
-9.272925e-02
-7.198811e-02
-2.717379e-02
8.016566e-02
-4.815207e-02
-3.031545e-02
1.410004e-02
7.128882e-02
1.434737e-02
3.039541e-02
1.067370e-01
1.586325e-01
1.335771e-01
-2.531738e-02
4.875787e-02
1.112018e-01
-1.485765e-01
-1.050712e-01
-4.274857e-02
1.903935e-01
9.564169e-02
3.094785e-02
8.281063e-02
8.764448e-02
4.359493e-02
-9.465024e-02
-4.558448e-02
1.734797e-02
-1.052458e-01
-1.980758e-01
-1.935852e-02
-2.467497e-01
-1.593346e-01
-1.976744e-01
-1.718569e-01
-2.685999e-01
-1.678877e-01
-1.170511e-01
-1.231489e-01
-4.301739e-02
-1.203493e-01
-1.895743e-01
-1.491726e-01
-5.863390e-02
-1.637795e-01
-1.902938e-01
-2.117667e-02
-1.194159e-02
-4.758322e-02
-9.878007e-02
-1.010337e-01
-1.065079e-01
-6.743932e-02
-5.329140e-02
-4.938122e-02
1.359621e-02
5.317499e-02
-3.249317e-02
-1.611139e-02
8.360019e-02
5.786669e-03
7.841180e-02
-6.328183e-03
-1.052396e-02
2.939448e-02
-4.142646e-02
-1.369986e-03
2.906208e-02
-3.501992e-02
1.090461e-01
1.535614e-01
5.488768e-02
1.103324e-01
8.756141e-04
7.532562e-02
-6.811922e-02
-2.135588e-01
-3.398077e-01
-3.043982e-01
-2.287041e-01
-3.685150e-01
-1.662530e-01
-1.610159e-01
-7.823878e-02
-6.233099e-02
-1.564661e-01
-5.734196e-02
-1.842666e-02
-1.699441e-01
-8.934774e-02
-6.796314e-02
3.546267e-02
9.523245e-02
-6.000225e-02
1.901935e-02
9.524964e-02
-1.095814e-01
-9.801616e-02
-5.535084e-02
-2.489552e-02
-1.307628e-01
-1.010718e-01
1.936249e-02
-1.379134e-01
-4.557519e-02
4.875178e-02
-5.407571e-02
-2.396671e-02
-5.326579e-02
-1.966051e-02
-5.867297e-03
-5.570537e-02
8.054230e-02
5.500751e-02
-1.036509e-02
2.622604e-02
-1.028636e-02
4.157372e-03
-6.046065e-02
-5.084364e-02
-5.392111e-02
5.885671e-02
-2.659779e-01
8.895047e-02
-2.734572e-02
1.630848e-01
-1.662606e-01
1.338408e-01
-2.770956e-01
-1.200977e-01
-1.843311e-02
-2.839676e-01
1.220793e-01
-1.074740e-01
2.752676e-01
-5.813121e-03
-1.104909e-01
1.184864e-01
-3.901944e-02
2.089657e-03
9.897147e-03
-1.646171e-01
4.058742e-02
-9.315118e-02
-1.931796e-01
-1.336599e-01
-1.191080e-01
-1.491681e-01
-4.782567e-02
4.927959e-03
-9.356323e-02
-1.677126e-01
-1.280636e-01
-1.171115e-01
1.197243e-01
2.926292e-02
-6.507768e-02
6.941880e-02
-4.783240e-02
-4.729220e-02
-4.423156e-02
3.016844e-03
6.081211e-02
5.529840e-02
-7.076218e-02
4.538975e-02
-4.890804e-03
-2.862388e-02
9.470444e-02
1.379676e-01
1.729008e-01
1.637295e-01
-1.083106e-01
-3.516512e-02
-1.414963e-01
-1.244385e-01
-2.219515e-01
7.974197e-02
-3.226244e-01
-7.177410e-02
-8.638407e-02
4.583693e-02
-1.640250e-02
-1.276161e-01
1.418563e-01
5.719498e-02
-1.741103e-01
1.593584e-02
2.686757e-02
-2.300042e-01
6.503464e-02
7.839569e-02
1.401439e-02
-1.149021e-02
-4.439784e-02
-7.044867e-02
-3.477004e-02
-9.585549e-02
-2.569719e-02
-5.611784e-02
-9.297170e-02
-1.267524e-01
7.792720e-03
6.990945e-03
-1.081980e-01
8.643373e-02
1.208449e-01
1.284475e-01
-9.446201e-02
-6.698037e-02
-5.765684e-02
-7.761998e-02
-3.331852e-02
-6.774253e-02
-7.981484e-02
-1.173113e-01
-1.010021e-01
-1.619885e-01
-2.115488e-01
-1.127914e-01
-1.174204e-01
-8.676060e-02
-2.032388e-02
-2.374102e-01
-3.147730e-01
-1.489505e-01
9.540662e-03
-8.375866e-03
6.009294e-02
5.446330e-03
1.376081e-02
5.979140e-02
-3.046870e-02
-8.129034e-04
5.397939e-02
8.166330e-02
-5.456680e-02
4.016761e-02
8.024868e-02
9.222011e-02
5.229245e-02
-1.065522e-01
-1.381562e-01
-7.345280e-03
-9.846660e-02
-9.555549e-02
-8.256850e-02
1.301294e-02
5.575736e-02
4.185043e-03
8.807613e-02
1.169179e-01
-1.574569e-02
1.035230e-01
9.651893e-02
2.251002e-02
-6.406965e-03
-4.673165e-02
-7.398787e-02
-6.245416e-02
-8.337941e-03
-1.615785e-01
9.199806e-03
8.547975e-03
-1.301977e-01
-9.071100e-02
-5.464065e-03
1.246111e-01
9.700844e-02
8.291557e-02
-2.111829e-01
-7.298947e-02
-2.537059e-02
1.822440e-01
9.062238e-02
-1.715626e-01
3.910579e-03
3.764949e-02
1.824824e-01
-1.420856e-01
1.694180e-02
3.758877e-02
-4.193877e-02
-3.217316e-02
1.175037e-02
-2.182906e-02
-6.285272e-02
-1.056782e-01
-7.702253e-02
-9.815893e-03
-3.230041e-02
-6.587829e-03
-3.232141e-03
-4.573097e-02
3.562358e-02
-2.284672e-02
3.563673e-02
1.111955e-01
6.114016e-02
8.004834e-02
4.042557e-02
4.751203e-03
4.961077e-02
3.651571e-02
-1.177744e-02
-1.216566e-02
5.600267e-04
8.913717e-02
7.806864e-02
4.349905e-02
3.540507e-02
5.787381e-02
5.707543e-02
1.048127e-01
1.316673e-01
8.648834e-02
-7.710198e-02
1.588068e-01
-4.206403e-02
-2.610453e-01
-4.703890e-01
-3.318303e-01
-1.464462e-01
8.475312e-02
-7.678422e-02
9.696540e-03
3.322179e-02
-6.717148e-02
-3.907353e-02
-6.676842e-02
-1.463516e-01
-1.000639e-01
2.878256e-02
-1.387605e-01
-1.330742e-01
-1.035701e-01
-1.238195e-01
-3.444434e-02
1.992293e-02
1.411517e-02
-6.356328e-02
-3.749981e-02
-9.490246e-02
1.486739e-01
8.765809e-02
-2.230162e-02
5.939575e-02
6.280088e-02
-9.798370e-02
8.079807e-03
6.147560e-02
-2.940500e-02
4.895746e-03
4.188934e-03
5.878299e-03
-2.728957e-02
9.099889e-03
-2.838403e-03
-1.249476e-02
-5.232487e-02
-2.652696e-02
5.836327e-02
4.071834e-02
-6.874113e-02
1.065990e-01
2.962181e-02
-1.035101e-01
1.680850e-01
1.858161e-01
1.418844e-01
-1.927029e-01
-9.212868e-02
-3.927746e-02
-1.882851e-01
-9.386076e-02
-1.925303e-02
-1.423832e-01
-6.001315e-02
2.012848e-02
1.314415e-01
-1.118745e-01
-1.591924e-01
1.237851e-01
-8.394914e-02
-1.793690e-01
1.188328e-01
-5.352755e-02
-9.261920e-02
5.469492e-02
1.478641e-01
2.089944e-01
5.932101e-02
1.198716e-01
1.702264e-01
4.563097e-02
1.127117e-01
2.166027e-01
1.092849e-01
4.311009e-02
-1.062907e-01
1.389924e-01
4.139420e-02
-1.055769e-01
9.221040e-02
2.494977e-03
-1.124035e-01
-4.150268e-02
-8.669797e-02
1.496494e-02
-3.648767e-03
-1.198851e-01
1.224422e-01
8.849166e-02
2.492287e-02
5.159800e-02
-1.017842e-01
-5.711767e-02
1.439145e-01
-9.117844e-02
-1.313302e-01
1.747473e-01
-9.610590e-02
-5.821396e-02
7.900660e-02
1.323501e-02
5.122614e-02
-2.518320e-02
2.146782e-02
2.605685e-02
-1.138958e-01
1.033682e-01
6.355613e-02
-9.295261e-02
-4.075463e-02
-3.317744e-02
-2.149640e-02
3.590433e-02
7.865992e-03
-5.229256e-02
8.981637e-03
-1.214854e-02
-8.103640e-02
4.454613e-02
-3.771481e-02
-6.210031e-02
5.839176e-02
-7.096551e-02
-7.661993e-02
7.137191e-02
-2.771129e-02
-5.017108e-02
-4.345132e-03
2.056075e-02
6.778502e-02
-4.816764e-02
5.548171e-02
1.585209e-01
-1.031445e-01
-4.858776e-03
9.421129e-02
4.883840e-02
-2.560873e-02
-3.355265e-02
-3.243965e-03
-4.847299e-02
1.759380e-01
-1.119482e-02
-1.336713e-04
-6.160218e-02
2.058898e-01
8.399583e-03
-6.664443e-02
2.472998e-01
6.146470e-03
-6.672662e-02
3.014127e-01
8.220021e-02
-2.893234e-02
9.312490e-02
2.047291e-03
-1.553210e-01
1.258499e-01
1.913136e-02
-1.035072e-01
1.468304e-01
3.664767e-02
-1.511976e-02
3.613503e-03
2.568052e-02
-4.038429e-03
3.483833e-02
5.133337e-02
3.036764e-02
-1.355425e-02
5.097928e-03
-2.086679e-02
1.103378e-02
-4.621096e-02
-1.013027e-01
-2.148806e-02
-4.328336e-02
-9.371573e-02
-6.738697e-02
-5.047700e-02
-7.548048e-02
-5.726497e-02
-3.957632e-03
-1.977910e-02
2.471009e-02
6.844976e-03
2.117044e-02
8.827942e-02
5.846097e-02
1.105896e-01
7.992835e-02
1.135609e-01
1.174765e-01
5.339082e-02
9.902395e-02
8.866308e-02
-3.273309e-02
1.622761e-02
2.702296e-02
-4.979412e-04
4.051565e-02
3.278937e-02
1.185583e-01
1.204107e-01
6.737333e-02
8.037990e-02
4.887302e-02
-6.291904e-02
5.831058e-02
6.471970e-02
1.194758e-01
5.499906e-02
2.382084e-02
1.286623e-01
5.772692e-02
2.449506e-02
5.776609e-02
1.031848e-01
9.178659e-02
7.821124e-02
1.691634e-01
1.051093e-01
4.322906e-02
1.698689e-01
7.603494e-02
-1.344656e-02
-2.270597e-02
-3.721220e-03
-1.572688e-01
4.962533e-02
8.941033e-02
-6.156682e-03
-1.295732e-01
-3.585828e-03
-1.159767e-01
2.665440e-02
-5.851750e-03
-9.698456e-02
7.969144e-02
4.398263e-02
4.834208e-02
6.318562e-03
-1.824963e-02
-6.226993e-02
5.795599e-03
1.362111e-02
1.965946e-02
-8.198859e-02
-1.173303e-02
3.393052e-02
-8.137819e-03
2.432502e-02
5.026393e-02
-1.649114e-01
-5.731673e-02
-5.094868e-02
-5.776444e-02
-4.029446e-03
-4.085536e-02
1.362312e-02
2.387529e-03
-5.897192e-02
3.062723e-02
1.097584e-03
-4.050034e-02
-3.655240e-02
-5.577744e-02
-7.432214e-02
-5.696238e-02
-7.669291e-02
-8.995637e-02
3.454780e-03
1.358322e-02
-1.286039e-02
4.510612e-02
5.752197e-02
1.024727e-02
-4.741124e-02
-1.095877e-02
5.739056e-03
-6.991634e-02
-8.039892e-02
1.266460e-03
-2.225855e-02
-4.363038e-02
2.580253e-02
1.746081e-01
1.825950e-01
2.572184e-01
1.772171e-02
4.220643e-02
6.000766e-02
4.943498e-02
8.966333e-02
8.392999e-02
4.837909e-02
4.334514e-02
1.641303e-02
-3.889107e-02
-7.405525e-02
-1.166507e-01
8.074284e-02
2.365490e-02
-1.828203e-02
7.197633e-02
3.269710e-02
-4.647764e-03
-1.730005e-03
-1.308815e-03
2.349396e-03
3.731919e-03
5.088158e-03
2.214701e-03
1.012917e-05
-2.560088e-03
-1.202823e-03
-3.314938e-03
1.495003e-03
-8.049014e-04
2.187324e-03
7.377704e-04
-1.538981e-03
5.904903e-04
1.770974e-03
-3.608594e-03
7.380111e-05
3.603850e-03
2.392118e-03
-6.587476e-04
3.434588e-04
1.192487e-03
-2.274481e-03
6.673422e-04
3.132388e-03
-1.334271e-04
-8.361886e-04
-8.304408e-04
-2.079261e-03
-5.866758e-04
-1.103646e-03
2.131334e-03
-3.825465e-04
-1.518242e-03
7.913219e-04
-1.311203e-03
2.565984e-03
-3.941874e-04
8.522630e-05
7.562743e-04
2.541931e-03
-1.202681e-03
2.189429e-03
-1.126345e-04
-1.130139e-03
-1.334851e-03
1.603812e-03
-2.139086e-03
1.577066e-03
-3.082993e-04
-8.211047e-04
2.989356e-03
-3.205226e-03
-9.651977e-04
2.441357e-03
1.068381e-03
3.974131e-04
-3.766381e-03
-3.285973e-04
7.429635e-04
5.201285e-04
-2.444408e-03
-2.544821e-04
6.333666e-04
9.159117e-05
-3.167794e-04
-9.621248e-04
4.968448e-05
-1.596366e-03
6.368876e-04
-1.224308e-03
5.658114e-04
3.279150e-03
1.803910e-03
-4.924191e-04
-2.063998e-03
6.334478e-04
-1.633920e-03
-4.881020e-04
-1.920231e-03
-1.056834e-03
-2.456597e-05
9.293074e-04
-5.376716e-04
-1.392452e-03
-6.049723e-04
2.412001e-03
1.169252e-03
-2.088894e-03
1.222789e-03
-1.065057e-03
4.811008e-04
4.469773e-04
-2.228293e-03
1.322773e-03
2.112099e-03
9.268839e-04
-1.469001e-04
-2.923191e-03
2.036506e-03
-1.012399e-03
-4.177320e-03
-1.412911e-05
3.436703e-03
-3.568650e-03
1.085230e-03
-3.037252e-04
2.011926e-03
-7.775547e-04
-7.257830e-04
2.749557e-03
1.112279e-03
6.285943e-04
1.075132e-03
-1.282136e-03
1.552931e-03
-1.847394e-03
-1.452861e-03
2.876420e-03
-1.658309e-03
3.019179e-04
-5.244314e-04
1.578007e-03
-1.071146e-03
-1.407106e-03
-2.199333e-04
-9.951411e-04
-1.582450e-03
-8.755217e-04
-4.743402e-03
5.196474e-04
1.199794e-03
-8.071389e-04
1.600522e-04
-7.805755e-04
1.208347e-03
-2.674979e-03
3.640321e-03
-8.173047e-04
-1.575386e-03
3.124192e-04
6.762887e-05
1.564592e-02
-2.697579e-02
1.068032e-01
-7.716895e-02
1.615031e-02
1.545729e-01
-8.204984e-02
1.100520e-01
1.268532e-01
-5.954917e-02
9.503585e-02
1.573220e-01
-3.433065e-02
1.134198e-01
8.045162e-02
2.181977e-01
1.689055e-01
4.444330e-02
-4.936608e-02
-2.994199e-04
-8.876380e-02
-1.318068e-02
-7.345932e-03
-8.954034e-02
-7.272160e-02
1.258086e-03
-1.221924e-01
-3.738107e-02
1.042189e-01
4.486893e-02
-2.794137e-02
-5.624088e-03
-8.778057e-02
-4.841006e-02
-1.363015e-01
-1.910515e-01
6.442007e-03
-1.602460e-01
7.626940e-03
-1.255384e-01
-1.028685e-01
2.300134e-01
2.190012e-02
4.878177e-02
1.663349e-01
1.022266e-01
1.159105e-01
5.893162e-02
-8.556124e-03
-7.330295e-02
-3.389489e-02
-3.260609e-02
-6.497858e-02
7.167952e-02
3.243968e-01
2.460896e-01
-1.135095e-01
3.232508e-01
-7.216438e-02
-2.204822e-01
5.549811e-03
-3.322899e-01
-1.059546e-01
-2.694106e-02
1.941961e-01
6.341077e-02
8.144213e-02
4.417460e-02
-4.803995e-02
1.434167e-01
-1.007581e-01
-7.125603e-02
6.580956e-03
1.312239e-02
-1.862166e-01
1.606904e-01
-1.749743e-02
-1.849353e-01
6.779233e-02
-3.034759e-01
-1.502970e-01
-3.513725e-01
-1.975466e-02
1.789991e-01
-1.669174e-01
2.178734e-01
9.277132e-02
7.768246e-02
2.532774e-01
-2.310926e-01
-1.481019e-01
-5.571685e-02
-1.386991e-01
-4.053583e-02
3.878525e-02
-1.616273e-02
-9.788844e-02
-2.132144e-02
-1.613927e-02
3.858005e-02
-6.318232e-02
2.778404e-02
1.311395e-02
9.625294e-03
9.987252e-02
-4.055790e-03
3.218747e-02
7.975746e-02
-8.184740e-02
-3.675848e-02
5.160106e-02
-8.556296e-02
4.802405e-02
1.051095e-01
-7.736240e-03
2.003249e-01
1.240996e-01
-9.628897e-02
8.992381e-02
1.114832e-02
1.881585e-01
1.714579e-01
-1.594383e-01
-6.362087e-02
-7.055613e-02
-6.890673e-02
1.214561e-02
-1.767896e-01
-7.611353e-02
-5.005531e-02
-1.183695e-01
5.467243e-03
-8.374750e-02
-2.358498e-02
1.107926e-01
-3.296692e-02
-8.883984e-02
-1.206514e-01
-1.039504e-01
-1.858221e-01
-5.085124e-02
-1.052353e-01
-1.124878e-01
1.012311e-01
-5.139926e-03
1.004159e-01
5.073723e-02
6.158153e-03
6.643876e-02
-3.482068e-02
1.106500e-02
-5.026368e-02
-4.466687e-02
5.576374e-02
3.456910e-02
-2.277694e-02
-3.112653e-03
5.233787e-02
3.221611e-02
-2.941003e-02
-3.488231e-02
-2.650728e-03
-4.078013e-02
-1.819335e-01
-2.321289e-01
-9.857188e-02
-1.496358e-01
-1.528546e-01
1.520158e-01
9.866486e-02
8.726432e-02
-5.055150e-02
2.134754e-02
-5.925290e-04
-5.516091e-02
4.819938e-02
3.486012e-02
-8.469167e-02
4.743125e-03
1.104946e-02
-2.047989e-02
1.664097e-02
1.133441e-02
-9.024087e-02
-3.847329e-03
-1.910436e-02
9.261417e-02
5.470217e-02
-3.751665e-03
-5.031940e-02
1.698982e-03
-4.132979e-02
-9.529687e-02
-4.574218e-02
-9.379764e-02
-8.580718e-02
-6.215161e-02
-9.003546e-02
2.081261e-02
1.255058e-01
7.291137e-02
-9.380703e-05
6.701368e-02
-3.644835e-02
-8.292647e-02
8.129506e-02
-1.226804e-02
-1.694036e-03
1.080573e-02
5.222436e-02
3.453228e-02
-2.588991e-01
-5.094508e-02
-8.743393e-02
1.699406e-01
-7.915518e-02
8.657589e-02
4.510750e-02
5.696448e-02
7.269002e-02
-2.657326e-02
3.810103e-02
2.230149e-02
9.556077e-02
-9.440107e-02
7.362749e-02
3.910044e-02
-5.254428e-02
-3.198833e-03
-4.094355e-02
-5.534992e-02
2.962879e-02
2.336292e-02
3.845698e-02
5.548670e-02
5.014093e-02
1.320443e-01
8.007869e-02
1.078139e-01
1.267280e-01
1.154622e-01
6.863183e-02
2.732310e-02
6.880773e-02
-4.089961e-02
6.875651e-03
4.202234e-02
-1.404374e-02
5.376879e-02
7.465506e-02
4.570617e-02
5.396704e-02
-2.797239e-02
-2.032614e-02
2.744275e-02
4.827436e-02
5.173530e-02
9.659869e-02
1.319157e-01
3.860544e-02
4.132470e-02
-2.500596e-01
-3.913150e-02
1.879771e-02
1.064123e-01
-1.089628e-01
5.904541e-02
-3.922041e-01
-9.432168e-02
-6.906883e-02
-9.308681e-02
-9.377246e-02
2.639076e-02
-6.894599e-02
-1.380083e-01
-6.699146e-02
-4.611898e-02
-1.060329e-01
-6.869150e-02
1.781693e-02
-8.002328e-03
-4.711870e-02
2.264221e-03
-6.649620e-02
-1.011741e-01
8.011389e-02
2.818272e-02
-1.056930e-01
8.953433e-02
1.601063e-01
-4.046388e-02
-3.247160e-02
1.904693e-01
-1.593923e-01
-3.604444e-02
2.316035e-01
-3.467292e-02
1.116843e-01
1.097270e-01
8.480664e-02
6.421587e-02
4.733092e-02
4.051635e-02
5.228141e-02
5.749891e-02
4.810578e-02
6.878798e-02
-1.072397e-01
-3.624315e-02
1.088802e-01
6.279453e-02
4.331865e-02
7.584532e-02
6.915716e-02
3.781077e-02
-1.938433e-01
-2.203077e-01
-2.289969e-01
-9.357183e-02
-1.510248e-01
-9.918024e-02
-9.977654e-02
-1.888109e-01
-1.620996e-01
1.148723e-01
5.756763e-02
-1.032868e-01
4.156978e-02
1.117712e-01
-8.457544e-02
-2.363742e-02
-4.522298e-02
-6.029748e-02
2.389260e-02
3.137104e-03
2.769717e-02
2.597479e-03
-2.247925e-03
5.778441e-02
-4.900549e-02
-3.076778e-02
-5.908506e-02
6.732581e-02
-8.772062e-02
1.051507e-01
6.672212e-02
-1.347352e-01
5.961102e-03
3.674787e-02
-5.085231e-02
-1.149787e-02
-2.188525e-02
-4.749397e-01
3.212144e-01
1.928386e-01
-6.446791e-01
6.663845e-01
1.742016e-01
-4.911056e-01
2.112188e-01
1.266795e-01
-5.568399e-01
2.357895e-01
4.273089e-01
-7.425509e-01
3.668119e-01
2.158851e-01
-4.389259e-01
1.179236e-03
-4.429046e-02
6.807474e-02
-8.997160e-02
6.758363e-03
8.225217e-02
-4.595759e-02
-6.461731e-02
3.511851e-03
-1.006819e-01
2.032674e-01
2.522864e-02
1.035074e-01
2.071312e-01
1.348402e-02
3.056005e-02
1.462228e-01
7.399013e-02
1.491675e-02
6.374631e-03
-1.211371e-01
-4.993605e-02
1.147379e-01
-3.446457e-02
4.098466e-02
1.318963e-01
1.069513e-02
-5.421218e-03
-2.197115e-02
-1.086441e-02
-4.873476e-02
3.706728e-02
1.296718e-02
3.088511e-03
3.580029e-02
4.414525e-02
6.832139e-02
-4.264218e-02
-7.733053e-02
1.180855e-02
2.608479e-01
-2.628268e-01
6.632897e-02
-1.220915e-01
5.465432e-02
-1.041356e-01
2.506408e-01
5.991067e-03
7.164542e-02
2.169628e-01
-2.544488e-03
-5.793287e-02
2.471638e-01
1.088362e-01
-1.696405e-02
-1.407180e-02
-4.683927e-02
-1.458782e-02
1.475824e-02
-2.521081e-03
2.744495e-02
4.804046e-02
-2.064661e-03
-1.808476e-02
-3.275935e-02
3.977726e-03
-2.916674e-02
-8.882510e-02
1.905979e-03
8.792222e-03
-6.880276e-02
2.231355e-02
5.525030e-02
-6.206525e-02
8.455241e-02
2.945136e-02
-4.690728e-02
6.119112e-02
5.072853e-02
-8.814719e-02
-1.108624e-01
-1.211779e-01
-5.262707e-02
-5.251975e-02
2.101617e-01
-1.197761e-01
-4.203651e-02
1.587571e-01
-4.147331e-02
-6.385688e-02
-4.715984e-02
6.629150e-02
-1.323382e-01
-1.899346e-01
3.870210e-02
-5.810547e-03
-9.936114e-02
2.290521e-02
1.266551e-01
-5.087652e-02
1.248776e-01
-3.262024e-02
-1.979794e-01
8.583031e-02
9.048444e-02
-8.337007e-02
-1.027945e-01
1.545410e-01
7.966510e-02
-7.593397e-02
-1.111963e-01
-6.409620e-02
6.324303e-02
-1.063302e-01
-1.441427e-01
1.279185e-01
1.185337e-03
-1.551876e-01
-1.010461e-01
-3.297582e-01
-9.188540e-02
2.115657e-01
-1.870684e-01
-2.574053e-01
3.735616e-01
3.549336e-02
-2.771230e-01
-7.463705e-02
6.375083e-02
2.443081e-01
-3.365770e-02
-1.438454e-01
2.746369e-01
1.238038e-02
-5.931828e-02
2.118080e-01
-1.405149e-01
-1.578182e-01
7.171196e-02
-4.266014e-03
-1.799029e-01
-1.449956e-01
1.458789e-01
2.693804e-02
-2.006187e-01
-5.535533e-02
1.686829e-01
1.732922e-01
-3.069726e-01
-8.674051e-02
1.629094e-01
-1.686527e-01
-1.403987e-01
1.435887e-02
1.104996e-01
2.879524e-02
4.109113e-02
7.667737e-03
5.474369e-02
3.731881e-02
-5.192438e-02
9.502344e-02
7.303292e-02
-9.709307e-02
1.496271e-01
2.756394e-01
-2.137935e-01
1.181479e-02
2.204151e-01
-2.035242e-01
-1.321139e-01
6.219802e-02
4.008194e-02
1.274803e-01
-1.016028e-01
-4.274611e-02
2.109844e-01
3.901504e-03
-2.180664e-01
1.220566e-01
1.540352e-01
-4.142515e-02
-8.708872e-02
-1.690756e-02
1.777583e-01
-1.228405e-01
-1.638505e-01
2.551147e-01
5.855263e-02
-1.810176e-01
1.012619e-01
4.876875e-02
-2.160492e-02
8.300180e-02
3.038492e-02
-2.534060e-02
7.699363e-02
2.390168e-02
7.209081e-02
-1.034373e-02
-1.335744e-01
-1.049971e-01
4.012049e-02
-6.471850e-02
-4.210130e-02
1.071974e-02
-8.428130e-02
-9.460076e-02
8.931748e-02
1.472134e-01
1.425989e-01
5.174140e-02
8.585554e-02
2.883015e-02
-5.910446e-02
-3.070701e-03
-5.881253e-02
6.153475e-03
-2.670998e-02
1.507009e-02
7.119683e-02
5.304070e-03
1.508114e-02
4.488374e-03
7.358143e-03
1.001809e-03
9.595769e-02
1.083482e-01
4.698889e-02
-3.018922e-02
4.943364e-02
3.109426e-02
-1.746034e-01
-2.296054e-01
-2.239991e-01
-1.308816e-02
-6.414080e-02
-5.369386e-02
-1.057095e-02
-8.173750e-02
-6.778048e-02
1.004937e-02
-4.334940e-02
-4.913486e-02
3.913143e-02
3.449425e-02
-8.286966e-02
1.034208e-01
1.052999e-01
-6.295168e-02
2.666068e-02
-3.491679e-02
-1.374840e-01
3.281995e-02
1.245729e-02
-4.357031e-03
-9.824321e-02
-5.044489e-02
-5.226307e-02
-6.785148e-02
-3.771935e-02
-8.301596e-02
-7.894418e-02
2.372374e-02
-7.568821e-02
-2.168460e-02
6.657736e-02
-8.573990e-02
4.660201e-02
6.018046e-02
-7.108181e-02
6.868377e-02
-1.649022e-01
-3.639775e-02
-3.431238e-01
9.129634e-03
2.265164e-02
-8.849796e-02
-9.216810e-02
-2.015527e-02
-8.960809e-02
-2.049317e-01
-6.177151e-02
-7.887392e-04
-1.459207e-01
-1.510071e-01
-1.183368e-02
-1.420148e-01
-3.856632e-02
-2.338771e-02
4.204532e-02
6.151740e-02
-4.810338e-02
1.104480e-01
1.128210e-01
-1.148001e-01
-5.999171e-02
-3.239332e-02
-9.581496e-03
-6.661860e-02
-6.283606e-02
2.884257e-02
-2.397743e-02
1.586659e-02
5.166247e-02
4.920376e-02
2.510806e-02
9.362692e-03
4.725144e-02
3.170383e-02
6.119994e-02
5.980872e-02
2.410152e-03
5.592335e-02
6.710206e-02
5.623707e-03
-3.028875e-03
7.827365e-02
1.649908e-02
4.684573e-02
3.218583e-02
7.874860e-02
5.628725e-02
4.719155e-02
2.421635e-02
-6.530521e-02
2.018639e-02
-7.606374e-03
-6.994676e-02
-1.710769e-02
-2.649891e-01
-9.901470e-02
-1.052012e-01
-9.253166e-02
-4.593919e-03
7.055455e-02
7.257171e-02
8.160342e-02
7.607260e-02
4.500928e-02
8.021880e-02
1.214129e-01
2.412002e-02
-1.022406e-01
-8.598591e-02
-9.842402e-02
-1.207751e-02
5.668583e-02
-1.757433e-02
8.600124e-03
6.314002e-02
-1.396306e-02
-2.296323e-03
-1.290301e-02
-1.245019e-02
3.830293e-02
6.064447e-02
1.986439e-02
-1.565422e-02
2.387429e-02
-7.175948e-02
5.255099e-02
6.150914e-02
1.028924e-01
4.878724e-02
6.111306e-02
9.117592e-02
9.591279e-02
1.220700e-01
6.982364e-02
-1.025432e-01
-2.040113e-01
-1.916108e-01
-1.587898e-01
-9.644817e-02
-1.345086e-01
-1.283636e-02
1.097783e-01
1.862521e-02
6.831686e-02
7.973191e-02
1.071310e-01
1.807665e-02
7.044828e-02
4.039124e-02
3.509779e-02
1.168956e-02
9.820939e-03
1.353626e-02
2.692538e-02
9.017315e-02
-5.357172e-02
-7.516265e-02
5.855427e-02
3.993503e-02
7.609840e-02
7.511241e-02
-1.477466e-02
1.970709e-02
-5.103707e-02
-2.840786e-02
-1.618515e-02
-5.891110e-02
-6.064385e-02
-5.380889e-02
-7.655410e-02
4.384814e-02
8.129094e-03
-1.378560e-02
5.760016e-02
6.027178e-02
1.789364e-02
3.448300e-02
3.309789e-02
6.550071e-02
1.232374e-01
1.301882e-01
2.791066e-02
3.937129e-02
-2.374661e-02
-1.482272e-01
7.380310e-02
3.038443e-02
-1.476021e-02
-2.573168e-02
-1.328978e-02
5.294800e-02
6.479989e-02
1.296934e-01
-9.137797e-03
1.925774e-01
-8.633984e-02
-6.595646e-02
6.301716e-03
-6.534385e-02
-5.160582e-02
-7.849406e-03
-4.522837e-02
-9.444809e-02
-9.264017e-03
7.486248e-02
8.098873e-03
5.030424e-02
2.389684e-02
4.548598e-03
2.218088e-02
2.208698e-02
2.788817e-02
-5.114773e-04
-3.608281e-03
4.862782e-02
2.011973e-02
6.038718e-02
3.598976e-02
2.361402e-02
1.238796e-02
-1.163495e-03
3.021041e-02
3.680375e-02
-5.826341e-03
-1.610115e-02
2.382522e-02
-1.113003e-01
5.698380e-02
3.598322e-02
-8.627518e-02
1.761094e-01
1.386844e-01
1.354343e-02
-2.967749e-01
-3.279887e-01
-2.621334e-01
1.511519e-02
1.949238e-01
-3.698279e-02
-2.903097e-01
-3.509036e-01
-1.122814e-01
-5.949488e-02
1.469253e-02
-9.785136e-03
-5.308726e-02
3.071779e-02
-9.576553e-03
-5.097160e-02
-2.914139e-02
-3.108640e-02
-6.995356e-02
6.496249e-03
2.007047e-02
-5.303377e-02
-2.388101e-02
-4.253075e-02
2.837694e-03
6.825393e-02
4.845640e-02
5.288740e-02
1.131537e-01
4.202635e-02
6.818318e-02
8.682211e-02
8.396807e-02
3.938356e-02
-6.720718e-03
4.404547e-02
-6.961112e-02
-1.043436e-01
-8.808473e-02
4.020802e-02
-1.423766e-02
-1.286318e-03
5.791166e-02
-1.313482e-02
-5.661416e-02
-8.736093e-02
-4.532310e-02
-8.183806e-02
-1.181517e-01
-4.918454e-02
2.955323e-02
7.003652e-02
-7.814418e-02
-3.127762e-02
-6.869465e-02
-3.648896e-02
-5.886515e-02
-7.837161e-02
-8.008731e-02
-6.285320e-02
-1.768710e-01
-1.203224e-01
-5.892930e-02
-8.767828e-02
-1.154013e-01
-2.160908e-02
-5.161298e-04
7.225910e-03
9.075495e-02
-9.387076e-03
-7.886410e-02
-5.392491e-02
2.940536e-02
6.741128e-02
5.748817e-02
-5.156289e-02
-1.006384e-02
1.519219e-03
-7.610555e-02
3.708757e-03
-5.658854e-03
-7.350793e-03
-3.279677e-02
-6.967478e-02
7.616793e-02
-1.349009e-02
-5.005733e-02
1.594504e-02
4.656414e-02
-6.466986e-03
6.057765e-02
-2.463588e-02
-8.363308e-02
4.513229e-02
-3.648458e-01
-6.128500e-03
-4.310294e-02
-1.041157e-01
-9.744053e-02
7.105908e-02
-1.151939e-01
3.543691e-02
2.099919e-01
3.287364e-04
2.771481e-02
-6.769531e-02
1.233289e-01
-2.393063e-02
-2.940385e-02
3.167632e-02
1.570147e-02
-3.214881e-03
1.622168e-02
6.970003e-02
4.895788e-02
-5.029827e-02
-4.833722e-03
4.008681e-02
3.056485e-02
8.688545e-02
1.262023e-01
7.635748e-02
1.085143e-01
1.632757e-02
3.344665e-02
7.494607e-02
3.230060e-02
-2.523231e-02
1.419146e-02
4.326364e-02
1.065773e-02
4.552916e-02
-1.640022e-03
-3.540308e-02
-1.536728e-02
7.733431e-02
1.302180e-01
1.012048e-01
8.600827e-02
6.457657e-02
6.174342e-02
5.423145e-02
2.184119e-02
6.908558e-02
-1.368340e-01
-1.029903e-01
-5.467531e-02
1.374628e-01
-1.870986e-01
-2.031884e-01
-1.458777e-01
-7.989878e-02
3.145128e-02
1.249101e-01
2.505458e-02
8.425106e-03
7.629257e-02
4.038750e-02
3.285539e-02
2.577479e-02
4.466477e-02
8.831976e-02
-3.294391e-02
-1.322171e-04
-1.162933e-02
-9.890830e-02
-3.669305e-02
3.581305e-02
-8.948784e-02
-5.978628e-02
-5.014645e-02
1.681161e-02
-1.247644e-01
1.308597e-01
1.189857e-01
-2.079357e-01
2.397358e-02
1.727629e-01
3.026623e-02
7.872923e-02
-1.277297e-01
-1.451599e-01
-1.306043e-01
-5.888578e-02
-2.594416e-02
-7.198181e-02
-7.111669e-02
2.561953e-02
-7.729171e-02
-4.885509e-02
-1.488419e-02
-1.712708e-01
3.478087e-02
6.708777e-02
-2.733561e-01
-7.021848e-02
1.011762e-01
-1.855293e-01
-3.859244e-02
-2.774950e-03
-1.435928e-01
6.576250e-03
1.875146e-04
-7.712005e-02
9.161348e-03
-5.281180e-02
-8.494931e-02
-1.374040e-01
-2.801654e-02
9.001069e-02
5.641368e-02
-8.274043e-02
4.219999e-02
9.049932e-02
-5.193974e-02
-1.024569e-01
1.350166e-01
1.134316e-01
1.121378e-01
1.139426e-01
7.176276e-02
1.640131e-01
5.215227e-02
-2.376914e-02
6.645049e-02
-9.160645e-03
2.676563e-02
3.804943e-03
-4.309041e-02
-4.190341e-02
4.139905e-02
-3.617376e-02
-6.183813e-02
5.207737e-02
-1.298323e-01
-1.957557e-02
-3.494225e-01
-1.308469e-01
2.049418e-01
3.055279e-02
-1.143874e-01
-2.317199e-01
1.030618e-01
-8.006253e-02
2.555869e-01
-1.459029e-01
-2.152808e-01
-6.463032e-03
1.470556e-01
-7.645947e-02
-4.612547e-01
2.431945e-01
5.978769e-02
-2.283028e-03
-4.720574e-02
1.171033e-01
5.103473e-02
-1.934629e-01
6.906544e-02
1.795700e-01
-4.990745e-02
-6.818550e-02
-7.673520e-03
-3.936981e-02
-1.614185e-02
-1.154095e-01
-9.276376e-02
1.612523e-01
-3.310617e-02
-1.061469e-01
-1.112974e-02
-5.102606e-02
-4.162044e-02
2.283162e-02
-6.202905e-02
-1.651537e-01
2.281615e-01
8.645555e-02
-1.263187e-01
5.220364e-02
2.735568e-02
-2.447669e-02
1.582346e-02
4.534416e-02
-8.302109e-03
2.179074e-02
7.240875e-02
1.307707e-01
-6.603414e-02
5.611234e-02
-7.084108e-02
-3.338893e-01
-1.505333e-01
6.414030e-02
-4.031362e-02
-1.504048e-01
9.526692e-02
9.403727e-02
-8.008076e-03
1.313517e-01
3.087207e-02
-1.454527e-01
7.328434e-02
1.029106e-01
-1.581888e-01
-1.720975e-02
-1.033889e-03
-3.534376e-02
-8.359125e-02
-2.944706e-02
-8.275274e-02
-1.364784e-01
-7.942643e-03
-5.958634e-02
-1.499185e-01
3.001859e-03
1.476177e-01
1.240054e-01
2.837532e-02
2.857341e-02
-2.895662e-02
1.701668e-02
-1.124687e-02
-1.146924e-01
1.005924e-01
2.669195e-02
3.478146e-02
3.095077e-02
3.259582e-02
-1.775972e-02
7.084805e-02
5.522375e-03
-1.248039e-02
4.443452e-02
-5.059560e-02
-7.842714e-02
1.442836e-01
-7.716502e-02
-2.337237e-02
5.992243e-02
-7.519935e-02
7.583293e-02
-1.334079e-02
-7.660282e-02
-1.117485e-01
-3.264645e-02
-8.256178e-02
3.983064e-02
-1.017210e-01
-2.228655e-02
-1.374669e-02
9.428817e-02
1.516596e-01
-8.636281e-02
2.544695e-01
7.702004e-02
-1.138668e-01
2.189143e-01
-8.150304e-02
-1.522542e-01
9.932686e-03
-5.669965e-02
-1.717183e-02
1.568631e-02
1.940750e-02
-1.407823e-02
3.939637e-02
1.294692e-02
1.212232e-02
-9.057601e-02
1.287927e-02
6.769224e-02
-2.417902e-01
5.775211e-02
1.107296e-01
-1.715786e-01
9.101624e-02
1.124736e-01
-9.619249e-02
-2.462420e-01
3.026593e-01
-5.203218e-01
3.661956e-01
1.182662e-01
-2.606074e-01
3.685939e-01
-5.064641e-02
-7.237476e-02
-2.608742e-01
1.395313e-01
-3.709040e-01
-9.995832e-02
2.990523e-01
-4.410760e-01
2.057000e-02
4.674734e-02
2.719410e-02
-1.907534e-02
-6.223148e-02
4.632753e-02
-3.113597e-02
-1.158081e-03
3.026118e-03
-3.765946e-02
1.157186e-01
1.726724e-01
1.764982e-02
-7.420486e-02
1.449345e-01
-1.626532e-02
-8.042969e-02
7.707015e-02
-5.704006e-02
-7.476360e-02
4.526165e-02
-1.223448e-02
1.502689e-02
4.846126e-02
4.756856e-02
6.660029e-02
7.844095e-02
1.002210e-01
8.739414e-03
-1.320842e-02
-2.029111e-02
3.968553e-02
3.974485e-02
-1.071131e-02
1.043901e-01
-4.021932e-02
-4.207228e-02
2.840441e-03
9.808820e-02
-1.902670e-01
-4.925091e-02
-1.802057e-01
6.286296e-02
1.679895e-01
-4.101025e-02
1.785508e-01
-1.557441e-01
1.267424e-02
3.876607e-02
2.078398e-01
-5.691495e-02
-2.297506e-03
1.337432e-01
3.376343e-02
4.983672e-02
1.171333e-01
-1.034101e-01
-6.068986e-02
3.418541e-02
-1.448523e-01
-3.180748e-02
5.794612e-02
-1.426691e-01
1.725709e-02
3.663985e-02
1.268480e-01
1.416938e-01
1.852759e-01
8.401651e-02
8.092425e-02
8.134029e-02
9.330912e-02
4.824727e-02
4.158898e-02
1.441276e-02
-4.512944e-02
2.968707e-03
5.663449e-03
-4.237410e-03
7.825976e-02
8.168204e-03
3.979415e-03
6.947357e-02
-6.125430e-02
-6.204869e-02
-1.334855e-01
5.147332e-03
-3.307186e-03
-1.961017e-01
-3.899600e-02
1.504491e-02
-1.026477e-01
-1.205614e-01
-8.657866e-02
-1.379901e-01
-3.716842e-02
-3.971742e-02
-5.334260e-02
-4.838874e-03
-7.849000e-02
-7.922696e-02
-2.777469e-02
3.455327e-02
7.288992e-02
-5.089238e-03
4.552703e-02
5.750006e-02
8.682435e-02
1.104173e-01
-7.138198e-02
1.008301e-01
1.461210e-01
4.722009e-02
5.564423e-02
7.172196e-02
2.584746e-02
-9.226679e-03
-3.506237e-02
-9.305361e-03
5.874710e-02
1.060990e-01
1.584213e-01
1.166393e-01
7.594670e-02
6.061346e-02
1.345212e-01
2.965842e-02
-5.727437e-02
2.110124e-02
-9.641485e-02
-2.282015e-01
8.189505e-02
-2.216910e-01
-9.298591e-02
-1.681099e-01
-5.830362e-02
2.518566e-01
5.355217e-02
-5.240959e-02
-1.237125e-01
4.919315e-02
-2.336994e-01
3.818873e-03
-1.565664e-02
-3.189072e-01
5.243842e-03
-7.278387e-02
-6.973479e-02
1.960629e-02
-5.908225e-02
2.231976e-02
3.875960e-02
-4.540835e-02
1.105210e-01
1.156946e-01
-2.409346e-02
6.322205e-02
-3.191178e-02
9.151996e-03
-4.080689e-03
-7.292166e-04
6.779411e-03
4.390989e-02
3.728383e-02
6.131828e-02
2.146012e-02
4.403813e-02
2.461006e-02
-7.726357e-02
-2.826549e-02
2.753176e-02
-1.048444e-01
-5.948434e-02
1.369902e-01
8.522142e-02
-5.534723e-02
1.624003e-01
8.393433e-02
-3.669411e-02
5.563655e-02
6.276890e-03
4.736764e-02
-1.602777e-01
-1.425778e-01
-2.715511e-01
-5.920116e-02
-1.067372e-01
-7.152596e-02
-2.315917e-01
-1.887533e-01
-6.135775e-03
1.024323e-01
5.841327e-02
1.635471e-01
2.937637e-02
-6.301872e-02
8.648554e-02
9.538241e-02
-7.533678e-02
8.892468e-03
-1.011137e-01
-6.506858e-02
-7.093971e-02
-6.268842e-02
-9.543389e-02
-6.400315e-02
-1.449129e-02
-1.802468e-02
-4.955156e-02
