-4.054975e-04
-1.436238e-02
-8.782306e-03
-4.992838e-03
2.134875e-02
1.103763e-02
-3.095206e-02
-1.852816e-02
-1.572098e-02
6.618677e-04
-1.820726e-04
-3.515228e-03
-2.540771e-03
-5.685634e-04
-1.490661e-04
-1.064413e-03
-3.088939e-03
6.645245e-04
1.236727e-02
1.476854e-02
6.025374e-03
1.745637e-02
2.461845e-03
-1.800489e-03
2.708804e-03
3.612107e-03
4.982805e-02
-9.642509e-04
-2.308155e-03
5.966745e-04
1.054941e-03
9.673808e-04
-2.866179e-04
-1.716336e-03
3.689437e-03
3.013761e-04
-1.225912e-03
2.522389e-02
1.934525e-02
-7.206327e-03
-2.614579e-02
-1.327274e-02
3.290945e-02
2.430701e-02
9.682422e-03
-1.384510e-02
-1.187950e-02
-9.062204e-03
1.668112e-02
9.013791e-03
3.486930e-03
-8.190040e-03
-5.713660e-03
-1.105756e-02
-1.815704e-02
7.885806e-03
2.948946e-02
-2.518174e-02
-5.162476e-03
3.353681e-02
1.225742e-02
-1.924502e-02
-3.532531e-03
-2.812877e-02
1.523971e-02
1.885406e-02
3.232724e-02
4.811534e-03
-1.184347e-02
1.564519e-02
4.330449e-04
-3.709207e-02
4.076335e-02
1.465284e-02
-4.071321e-02
-4.598168e-02
8.080543e-02
-2.213190e-03
-5.204684e-03
-4.467642e-02
4.842292e-02
-5.002998e-03
8.048154e-03
1.598975e-02
1.304027e-02
-8.899578e-04
-3.410268e-02
1.724632e-02
-2.700343e-02
1.916754e-02
4.000364e-02
2.495296e-02
1.533375e-02
3.424507e-02
2.705953e-02
-1.199626e-02
-3.133392e-02
-3.598504e-03
2.925742e-02
-1.739575e-03
-6.205658e-03
-3.918006e-02
-2.528740e-02
-3.744082e-03
1.928923e-02
-3.525817e-03
-1.037002e-02
-3.701194e-02
-2.406451e-02
-6.514117e-03
3.323214e-02
1.934787e-02
-2.769494e-02
-5.791746e-02
1.819344e-02
1.899151e-03
-3.608657e-02
-9.168899e-04
5.394469e-04
-7.836003e-04
2.739586e-03
2.104710e-03
2.832820e-03
-2.135615e-03
2.200384e-03
1.399661e-04
-1.876634e-02
-2.435326e-02
-3.012647e-02
-2.329094e-02
1.088521e-02
-3.809947e-02
2.521391e-03
1.526025e-02
3.548314e-03
6.367836e-02
-5.068291e-02
-2.589225e-02
3.170666e-02
6.471197e-02
-3.957966e-02
-5.941977e-02
1.483128e-02
1.136750e-02
-3.993598e-02
-4.502486e-02
-4.046487e-02
-1.394759e-01
-1.702612e-01
-8.815680e-02
-1.154117e-01
-1.694413e-01
-1.170074e-01
-1.732383e-03
-1.370745e-04
-1.327744e-03
9.844474e-04
-3.801172e-04
-3.245320e-04
-6.884079e-04
-6.782528e-05
1.694804e-04
-8.619361e-02
-1.044698e-01
-4.010038e-02
-5.988300e-02
-2.097490e-01
-2.019090e-01
-1.014162e-01
-2.014822e-01
-2.814788e-01
-2.039588e-05
2.051790e-03
-8.548492e-04
3.491755e-04
-2.293900e-04
1.283425e-03
1.698870e-03
-2.863044e-03
1.435650e-03
2.506308e-02
-4.620439e-02
-4.983112e-02
3.854132e-02
-3.387528e-02
-1.441119e-01
5.096762e-02
-2.070516e-02
8.874682e-03
-1.724744e-02
1.884213e-02
1.147526e-01
-1.108203e-01
-3.224064e-02
6.045504e-02
-5.194406e-02
2.822658e-02
9.750546e-02
1.069257e-01
1.592549e-01
1.358164e-02
1.077674e-01
2.428297e-01
5.915754e-02
1.149001e-01
1.367234e-01
1.383542e-01
-1.341788e-01
-1.178966e-01
7.515119e-02
-1.061845e-01
-2.164646e-02
1.169908e-01
-1.356242e-03
-4.462975e-02
1.048350e-01
5.053651e-02
1.427789e-01
3.756825e-02
2.038097e-01
2.342596e-01
1.488540e-01
1.736828e-01
2.793680e-01
8.745692e-02
-6.216765e-02
-1.451669e-01
-8.275514e-03
-4.463331e-02
-1.293118e-01
-9.271546e-02
-5.979151e-02
-1.069827e-01
-3.747297e-02
-2.121195e-01
-2.256081e-01
-1.150161e-01
-1.700220e-01
-1.381888e-01
1.544191e-02
-1.756180e-01
-2.560011e-01
-1.535082e-01
-1.166878e-01
-8.456682e-02
-6.459676e-02
-1.022496e-01
-1.646099e-01
-1.065222e-01
-4.810096e-02
-1.295494e-01
-1.078779e-01
6.996895e-02
1.155438e-01
1.354274e-01
1.238921e-01
1.410832e-01
2.045109e-01
1.726520e-01
2.029902e-01
2.050934e-01
2.934908e-03
-1.113235e-03
-3.330174e-04
9.910421e-04
-2.187236e-03
-3.680391e-03
-1.598596e-03
1.365196e-03
3.421291e-04
-6.668124e-02
-1.538721e-02
-1.281544e-02
-6.987793e-02
1.194940e-01
-1.349963e-02
3.971059e-02
5.855399e-02
-7.136529e-02
8.804123e-02
2.692476e-02
-2.346528e-02
1.698901e-01
2.052128e-01
1.098937e-01
2.164819e-01
1.443590e-01
1.566582e-01
1.221790e-01
2.561627e-01
6.488542e-02
6.969006e-02
9.280346e-02
1.584724e-01
1.288474e-01
2.594645e-01
2.629793e-01
8.934565e-04
-2.424110e-03
4.422676e-04
5.062408e-04
2.283542e-03
7.608790e-04
2.221566e-03
6.812082e-04
4.212441e-04
-6.278406e-02
1.649910e-01
2.866704e-01
7.193885e-02
3.965347e-01
2.062543e-01
8.484936e-03
1.889039e-01
-2.511690e-02
-2.671645e-03
1.356433e-03
2.566648e-05
1.995247e-03
6.629361e-04
2.952133e-04
4.679404e-04
-1.410737e-03
-1.528459e-03
-1.668895e-01
5.460529e-02
1.766388e-01
-7.368919e-02
1.146506e-02
8.091290e-02
5.552725e-02
1.879448e-01
2.412595e-01
2.839979e-02
7.638567e-02
1.810865e-03
-2.263716e-02
-2.589738e-02
-1.104384e-01
1.145664e-02
2.715584e-02
-7.821605e-02
-1.337844e-02
-1.879902e-02
-2.252926e-02
9.336399e-02
-7.717755e-02
1.623900e-01
9.281825e-02
1.517944e-01
2.010132e-01
1.377540e-02
2.436357e-02
-3.364186e-02
1.594617e-01
1.170744e-01
1.908464e-02
1.380519e-01
1.959622e-01
2.412123e-02
-6.812111e-02
5.776430e-02
-4.776759e-02
-9.602831e-03
5.319127e-02
9.156533e-02
-2.944130e-02
1.505750e-02
1.004220e-01
1.041165e-01
9.248728e-02
3.764476e-01
1.442152e-01
3.035601e-01
3.400095e-01
9.970192e-02
1.758821e-01
4.595657e-02
-8.881995e-03
-5.995464e-04
-1.273912e-01
9.577522e-02
1.697587e-01
3.971216e-02
-5.244927e-02
1.576923e-02
-1.286147e-01
6.455155e-02
1.597652e-01
1.174558e-01
-2.459145e-02
-4.510945e-02
-2.239241e-02
7.278644e-02
7.915190e-02
8.397847e-02
-8.002805e-02
-6.866275e-02
6.758545e-02
1.376493e-01
2.522944e-02
9.758025e-03
1.533544e-01
1.846468e-01
1.698521e-01
1.380595e-03
1.981491e-03
-6.833186e-04
-2.657842e-03
9.474769e-04
-6.739385e-04
-1.732946e-03
2.181670e-03
9.820469e-04
-3.257575e-02
1.903638e-02
1.384175e-02
7.896046e-02
6.791807e-02
4.880675e-02
-2.374492e-02
-2.238811e-01
1.420003e-01
1.214896e-01
8.904428e-03
-6.801310e-02
2.242782e-02
1.441915e-01
-9.928301e-03
1.623839e-02
1.047963e-01
5.523954e-02
-7.657741e-02
-5.018306e-02
-5.506632e-02
-6.386608e-02
-8.804421e-02
-3.463591e-02
-4.010968e-02
-1.021038e-01
1.094440e-02
3.812633e-03
-1.628607e-03
-3.014542e-04
2.630777e-03
2.886992e-03
4.934549e-04
1.392526e-03
-3.092195e-04
2.587061e-04
1.558517e-02
-2.493447e-02
4.438090e-02
6.469180e-02
1.279922e-01
1.461384e-01
9.263003e-02
1.642688e-01
5.390369e-02
-1.188247e-03
-1.008151e-03
-4.126922e-03
2.248333e-04
-2.160190e-03
7.285597e-04
-4.084944e-04
1.142452e-03
8.962257e-04
-7.805159e-02
-1.883216e-01
-1.107986e-01
-2.181593e-01
-1.986146e-01
-1.842162e-01
-9.310369e-02
-1.160400e-01
-1.719242e-01
-1.014038e-01
-1.608722e-01
-1.130189e-01
-1.472602e-01
-1.846687e-01
-1.280383e-01
-1.265363e-01
-1.783445e-01
-1.222111e-01
1.012602e-01
8.536903e-02
-7.557707e-02
1.157365e-01
1.510193e-01
1.010500e-01
1.189618e-01
2.074826e-01
1.302103e-01
-2.697643e-02
4.053207e-02
6.508227e-02
-1.892738e-02
1.291631e-01
1.543028e-01
-1.086969e-01
3.677179e-03
1.124617e-01
-1.052536e-02
-3.703127e-03
4.150897e-02
8.306102e-02
6.028377e-02
1.102617e-01
8.007617e-02
1.040943e-01
1.066598e-01
-1.544699e-02
6.834476e-02
4.143683e-02
6.371854e-02
1.391435e-01
2.388722e-01
3.464952e-02
1.680231e-01
1.992585e-01
-1.521461e-01
-7.103935e-02
-5.477759e-02
-1.321636e-01
-1.207251e-01
-1.145885e-01
-1.706746e-01
-1.815362e-01
-8.994330e-02
-6.693634e-02
-2.646269e-02
1.624765e-03
-9.523085e-02
-7.566572e-02
-1.520623e-01
-1.235640e-01
-6.123357e-02
-7.938456e-02
3.491884e-03
-1.404934e-02
-8.356329e-02
-3.462635e-02
6.521823e-02
1.788744e-02
-1.100706e-01
-4.311789e-02
1.473726e-02
-2.492410e-03
-3.247100e-04
-1.124029e-03
5.199924e-04
3.147085e-03
-5.695326e-04
-1.500041e-03
-2.182394e-03
4.910440e-03
-3.317287e-02
-5.201287e-02
-6.155387e-02
4.510502e-02
3.205130e-03
-4.306259e-02
1.145673e-01
7.427950e-02
-4.042033e-02
-9.497242e-02
-3.884410e-02
-5.963886e-02
2.543703e-04
1.792814e-02
1.479175e-01
1.823087e-02
-1.769453e-02
4.801467e-02
8.689459e-02
1.315198e-02
-2.529915e-02
-2.165116e-02
-4.107548e-02
5.836987e-02
1.368927e-02
1.016714e-01
7.247307e-02
2.081563e-03
1.562920e-03
-9.525719e-04
-1.840943e-04
2.766469e-03
1.951652e-04
2.275023e-03
9.019944e-04
1.356501e-03
-1.940573e-02
3.178803e-02
2.730454e-02
8.997608e-02
8.123600e-02
-4.614256e-02
5.056161e-02
-1.204408e-01
-2.980698e-02
-4.921507e-04
-4.244378e-04
9.984327e-04
1.658489e-03
-6.189346e-05
3.154821e-04
-1.025265e-03
4.704969e-04
1.231552e-03
4.713657e-02
2.137987e-02
6.028490e-02
3.642265e-02
2.611413e-02
-1.161171e-01
-3.096063e-02
-8.519942e-02
-2.647049e-03
8.062051e-03
3.497417e-02
6.529471e-02
-1.291466e-02
1.489393e-02
5.095498e-02
3.724622e-02
6.076219e-02
7.832025e-02
3.749576e-02
-9.981161e-02
-6.459907e-02
2.519054e-03
9.557078e-03
-9.489504e-02
-3.520208e-02
-4.052515e-03
6.102742e-03
1.738956e-02
-7.269321e-02
3.706418e-02
-1.375832e-02
5.916489e-02
8.557566e-02
7.886532e-02
1.156451e-01
1.559181e-01
-3.327939e-02
-2.198963e-02
6.561869e-02
-1.272182e-02
-9.333225e-02
1.016043e-01
9.530509e-02
-7.868987e-02
-9.789281e-02
-1.365957e-02
-6.528554e-02
-1.187005e-01
-7.642733e-02
1.096811e-01
-5.860739e-02
1.393535e-01
5.139745e-02
-8.528586e-02
1.332002e-02
-2.975153e-02
-7.038910e-02
2.660111e-02
2.905263e-02
3.341789e-02
1.983218e-02
-6.464828e-02
-5.514664e-02
6.472429e-02
8.827750e-02
1.277071e-01
-2.980907e-02
-1.082276e-01
-1.026708e-01
9.837304e-03
6.215579e-02
9.060552e-02
3.467820e-02
-7.835105e-02
-9.010565e-02
-4.329878e-02
6.655121e-02
-1.637165e-02
-7.164101e-02
3.424633e-02
1.169422e-01
-2.272773e-03
-2.440226e-03
1.036698e-03
-7.183150e-04
2.920706e-03
4.756173e-04
2.968423e-03
1.413067e-03
2.446041e-03
5.233477e-02
-1.691940e-02
6.800654e-02
-1.961636e-02
-9.354381e-03
5.943204e-03
1.506180e-02
-7.305723e-02
-2.140700e-03
-8.009468e-03
4.415043e-02
-1.126994e-03
-1.153110e-01
-2.699067e-02
6.009031e-02
-3.281295e-02
-1.470196e-01
-1.959142e-03
7.122854e-02
7.682350e-02
7.370076e-02
1.795220e-02
9.674022e-02
2.233582e-02
1.362480e-03
6.802780e-02
6.709220e-03
-4.241343e-04
1.353567e-03
2.137702e-03
2.277805e-04
2.270588e-04
-1.622740e-04
6.356785e-05
2.357282e-03
-2.544518e-03
5.160940e-02
5.575464e-02
-6.346183e-02
7.963958e-02
7.744826e-02
9.832365e-02
8.210114e-02
1.483166e-01
8.777964e-02
5.337600e-04
-7.451620e-04
-1.833666e-03
4.509536e-03
-1.657385e-03
-8.608078e-05
-1.343968e-03
-6.273700e-04
3.371770e-04
-5.403864e-02
3.202949e-02
4.733600e-02
-2.173963e-03
8.589733e-02
1.730699e-01
4.063395e-02
1.499797e-01
2.528811e-01
-1.189673e-02
4.211112e-02
-3.676332e-02
8.686099e-02
1.595174e-01
9.698187e-02
1.066496e-01
1.669600e-01
1.198820e-01
-4.133089e-02
-3.479300e-02
-8.199554e-02
-2.363358e-02
-1.093080e-01
-1.272085e-01
-8.598251e-02
-5.449474e-02
-1.194181e-01
1.161639e-01
1.038323e-01
3.977668e-02
1.949631e-01
2.234220e-01
1.656761e-01
1.151817e-01
1.781927e-01
1.604486e-01
1.122296e-02
-4.853160e-02
2.470318e-02
1.260782e-02
-8.800381e-02
-5.848599e-02
-3.449197e-02
-8.646712e-02
-8.170398e-02
-7.177845e-03
2.563894e-02
-5.308499e-02
-1.122072e-01
-8.545846e-02
-1.410810e-01
-9.615429e-02
-1.839155e-01
-1.158855e-01
9.319655e-02
2.421324e-01
1.945941e-01
2.069546e-01
3.693780e-01
3.134476e-01
9.388822e-02
1.372595e-01
1.984243e-01
1.014688e-01
1.328879e-01
2.195720e-01
1.689199e-01
2.201753e-01
2.841771e-01
1.409019e-01
2.360309e-01
2.381310e-01
1.137383e-01
8.847284e-02
4.562449e-02
1.430972e-01
1.080517e-01
9.886535e-02
-6.493847e-02
6.760441e-02
5.156660e-03
1.762938e-03
2.092158e-03
8.359918e-04
-3.060521e-03
-2.454217e-04
1.106354e-03
1.079125e-04
6.322130e-04
-2.866360e-03
-1.153649e-02
4.155751e-02
-1.611155e-02
-1.910676e-02
-1.491990e-02
4.507041e-02
-4.418411e-02
2.998627e-02
4.339823e-02
1.256992e-02
3.092586e-02
6.139140e-02
-1.351795e-02
1.416495e-02
-2.956180e-02
-6.676307e-02
-7.972742e-02
-4.665945e-02
-1.636297e-01
-1.303270e-01
-5.639460e-02
-1.686350e-01
-8.644739e-02
-1.083918e-01
-1.434891e-01
-1.308185e-01
-1.004697e-01
-2.037616e-03
1.761912e-03
8.960119e-04
2.862867e-03
-3.349942e-04
-4.981964e-03
-1.281713e-03
1.407788e-03
-1.677598e-04
4.628053e-02
7.840814e-03
-8.641695e-02
3.882789e-03
-9.873940e-02
-3.964810e-02
5.499722e-02
5.285085e-02
-1.753302e-02
-9.569838e-04
1.033470e-04
-4.941755e-03
-1.936937e-03
4.363834e-04
-1.795406e-03
-6.249082e-04
6.362230e-04
5.429181e-04
-3.217317e-02
-7.132380e-02
-4.356731e-02
-4.022320e-03
-1.044304e-01
7.673309e-03
1.830773e-02
-1.262641e-02
-7.237025e-02
4.041751e-03
3.117307e-02
3.543208e-02
-9.375948e-03
2.203447e-02
2.973062e-02
-2.763617e-02
1.497135e-03
2.168229e-03
3.589893e-02
-4.034032e-02
7.830045e-02
7.267190e-02
-6.751608e-04
2.982459e-02
1.066241e-01
3.002908e-02
-9.934999e-03
-1.651660e-02
-6.694455e-03
4.961772e-02
-2.310797e-01
-1.815694e-01
-1.460424e-01
-1.889904e-01
-1.985633e-01
-1.625730e-01
1.953913e-02
5.673893e-02
1.494428e-01
1.214719e-01
8.193451e-02
1.240754e-01
4.233221e-02
1.047442e-01
1.001955e-01
6.350333e-02
1.359209e-01
-4.214165e-02
1.563187e-01
1.283017e-01
3.041759e-02
1.419569e-01
1.618205e-01
1.348183e-01
-3.903859e-02
2.757417e-02
3.600648e-03
-7.794595e-02
-1.124265e-01
-5.712857e-02
-1.152213e-01
-9.982534e-02
-3.957776e-02
-2.423410e-02
2.892120e-02
3.196389e-02
-1.587207e-01
-5.496514e-02
-4.167391e-02
-1.322288e-01
-1.033093e-01
-9.163917e-02
-3.206970e-02
-6.410413e-02
-1.221163e-01
-5.109801e-02
-5.312002e-03
-9.707654e-02
-1.065649e-01
-1.121632e-01
-6.148670e-02
2.089613e-03
-2.217300e-03
2.272482e-03
-6.998735e-04
1.012789e-03
6.713609e-04
3.080512e-03
2.276180e-03
2.137688e-04
-1.276063e-02
1.200564e-04
4.032727e-02
-1.095614e-02
-1.580282e-02
8.792265e-02
-3.547088e-02
9.590568e-02
-8.894765e-02
-2.119154e-02
3.163940e-02
4.522633e-02
2.796163e-02
-2.517473e-02
8.832628e-02
1.137425e-01
1.503970e-01
1.101580e-01
5.767911e-02
6.474250e-02
3.753552e-02
-1.261618e-01
1.326855e-02
-1.003462e-01
2.088694e-02
1.940948e-02
-4.210591e-02
6.397146e-04
-1.892538e-03
3.447324e-03
-9.448527e-04
-2.127705e-04
6.690422e-04
-1.749885e-03
-8.872351e-04
-1.026370e-03
4.855261e-02
-3.438002e-03
-9.722681e-02
7.510117e-02
-2.155786e-01
-4.072863e-02
-2.020289e-01
3.011285e-03
3.087830e-02
1.331543e-03
4.840145e-04
8.047403e-04
-1.632227e-03
2.692014e-04
1.700702e-03
-8.746139e-04
-3.036827e-03
2.501881e-04
2.326115e-01
2.646817e-01
6.968654e-02
1.250581e-01
-6.529790e-02
1.688710e-01
8.138622e-02
2.814270e-01
9.774556e-02
5.174707e-03
-3.161322e-02
-2.417032e-02
-4.471850e-02
-4.781005e-02
-1.320828e-01
3.412855e-02
-1.048612e-02
-6.732548e-02
-2.198565e-01
1.812328e-01
-2.941218e-02
-1.606040e-01
3.621368e-01
1.113002e-01
1.088450e-01
1.616055e-01
1.431476e-01
8.699441e-02
8.516002e-02
-2.050524e-02
1.242952e-01
9.331167e-02
-1.754631e-01
4.988358e-03
-1.481991e-03
-1.071972e-01
-3.025355e-04
-1.162756e-02
-3.892022e-02
-3.945401e-02
1.628415e-01
-2.984045e-02
-2.743439e-01
2.080005e-01
9.745339e-02
-1.493353e-01
7.649206e-02
-2.145902e-01
1.559649e-01
5.824853e-02
-1.696476e-02
1.410843e-01
5.655976e-02
1.324666e-01
1.208270e-01
3.005770e-01
2.745268e-01
3.332045e-01
2.416606e-01
1.446844e-01
-1.049830e-01
1.541011e-01
1.176840e-01
1.881036e-01
1.236933e-01
4.767000e-02
-2.652431e-02
1.705286e-01
1.415197e-01
1.528945e-01
1.834619e-01
1.073418e-01
-1.706526e-01
-7.397057e-02
-8.411381e-02
-8.385558e-02
-2.095412e-01
-7.334652e-02
-5.539119e-02
2.852283e-02
-1.061841e-01
1.714269e-04
5.770580e-04
3.531477e-03
1.192970e-03
-5.583242e-04
6.279804e-05
1.335659e-03
-3.071094e-03
2.078095e-03
-1.973021e-02
1.309131e-01
-1.489684e-01
1.643007e-01
1.717821e-01
-2.579547e-02
-3.203259e-01
2.367933e-01
-3.146282e-01
-6.653151e-02
-1.212937e-01
1.330530e-02
1.077276e-01
1.712350e-01
6.790406e-02
-1.307040e-01
1.862823e-01
1.108453e-01
8.559368e-03
-9.036665e-02
-1.402873e-01
7.225092e-02
-1.814637e-02
-1.576981e-01
9.338581e-02
9.072419e-02
-1.136681e-01
-2.790951e-03
-5.205351e-05
7.099279e-04
-4.020322e-04
-8.458009e-04
-8.861586e-05
1.793545e-03
-2.264636e-03
-2.388641e-03
2.092462e-01
-4.132163e-03
-1.818932e-01
9.058285e-02
8.052006e-02
-7.045414e-02
1.100997e-01
3.220536e-01
5.513206e-02
-5.503611e-04
-2.351115e-03
5.961615e-04
-6.098430e-05
1.783397e-03
-1.784214e-03
-8.876067e-04
3.608792e-04
2.952198e-03
2.551288e-02
9.354225e-02
4.613430e-02
-5.250760e-02
1.503736e-01
9.983295e-02
-1.816107e-01
9.857375e-02
4.695605e-02
3.195230e-02
-4.245910e-03
-1.904514e-02
5.010185e-02
3.518172e-02
-5.801494e-02
2.015914e-02
1.743111e-02
-5.562420e-02
-3.870970e-02
-1.458381e-02
6.896882e-03
-1.227142e-01
-9.511229e-02
-6.181877e-02
-1.301838e-01
2.850244e-02
-1.105226e-01
1.326534e-01
1.360595e-02
-1.244654e-01
2.346664e-01
1.427771e-01
-2.058772e-01
1.682696e-01
7.347795e-02
-1.621214e-01
-1.265456e-01
-2.874647e-02
4.364400e-02
-1.434267e-01
1.489862e-01
-1.042203e-02
-1.053978e-01
1.409833e-01
-1.288565e-01
4.178293e-02
-7.297372e-02
-2.923379e-01
1.359584e-01
-1.559092e-01
-7.432429e-02
-3.663684e-03
-2.466784e-02
3.640914e-02
6.174241e-02
2.621044e-02
-2.058298e-01
3.437615e-02
1.043261e-01
-2.379493e-01
7.614419e-02
1.738404e-01
-1.679242e-01
-3.350386e-02
-3.474943e-02
-8.410581e-02
3.632943e-02
8.697534e-02
-2.151694e-01
2.552777e-02
9.637884e-02
-1.540450e-01
-4.027546e-02
6.160145e-02
8.373370e-02
2.085265e-01
8.475969e-02
1.082299e-01
9.897518e-02
-6.644093e-02
-9.853561e-02
-1.708330e-03
3.054406e-03
-1.687910e-03
7.826622e-04
1.312519e-03
2.326966e-03
2.963670e-03
-2.259088e-03
-1.701168e-03
9.701078e-02
5.038187e-02
-1.292885e-01
6.899906e-02
1.153065e-01
-1.577294e-01
2.870046e-02
1.141308e-01
-1.403950e-01
-5.769045e-02
2.855903e-02
3.966470e-02
-4.046399e-02
-8.886230e-02
8.009237e-02
-3.679856e-02
5.289504e-02
-1.089593e-01
-4.089025e-02
-2.258140e-02
-1.338783e-03
7.461820e-03
2.267383e-02
2.975564e-02
9.147253e-03
2.695119e-02
1.779779e-02
1.549668e-03
-2.102136e-03
-6.230379e-04
3.843802e-04
-1.938203e-03
-3.123925e-03
-1.061452e-03
-4.214737e-03
6.972087e-04
1.526329e-01
2.006234e-03
1.601567e-02
-3.510647e-03
-5.207430e-02
-1.196562e-02
7.643778e-02
4.009167e-02
4.683093e-02
-2.930118e-03
7.190616e-04
-1.067737e-03
2.549386e-03
-3.688106e-04
-7.148444e-04
-2.183581e-03
1.513249e-03
2.715379e-03
1.586189e-03
-4.992135e-02
-6.409601e-02
-7.131939e-02
-7.951537e-04
-3.671561e-03
-8.806671e-03
1.306215e-02
-5.814824e-04
-5.704098e-02
-5.057834e-02
-3.060455e-02
3.644937e-02
3.973077e-02
4.249446e-02
3.102892e-02
2.483159e-02
4.117662e-02
5.235028e-02
1.488368e-02
-4.630035e-02
3.080016e-02
3.565879e-02
-2.633102e-03
2.943791e-02
1.724172e-02
-6.424964e-03
-1.749506e-02
-2.243607e-03
1.588788e-03
7.239122e-04
-4.346505e-03
-9.066242e-03
-1.023681e-01
-8.739031e-02
5.457428e-03
-7.017813e-02
-9.974701e-03
1.137142e-01
1.194505e-02
-3.534281e-02
-1.433070e-02
2.633775e-02
3.791979e-02
-5.571056e-02
8.990464e-02
6.995304e-02
-4.185390e-02
7.077264e-02
-3.324454e-02
-6.017066e-03
-4.248919e-04
-6.013332e-02
-5.827094e-02
1.419468e-02
7.551561e-02
7.192437e-02
-3.945813e-02
-9.747751e-03
5.037226e-02
-8.829979e-03
-3.717999e-02
-5.604451e-03
-4.250509e-02
-4.589831e-02
2.343168e-03
-1.365360e-02
3.155451e-02
6.474046e-03
-2.614209e-02
-1.780661e-02
-2.150354e-02
4.680913e-04
8.112361e-03
-8.052409e-02
1.516959e-02
7.963103e-02
4.298860e-02
-4.917097e-02
-4.608995e-02
-2.084495e-02
-1.886665e-03
3.101831e-04
-5.172012e-05
3.965152e-03
-1.879489e-03
2.036162e-03
8.032551e-04
-1.676087e-03
-1.108777e-03
-3.774388e-03
1.058722e-02
3.328914e-02
-5.478080e-02
-1.206892e-02
6.818649e-03
4.732485e-03
2.118041e-02
-2.319777e-02
1.229498e-02
4.983459e-02
1.055847e-01
-6.800596e-02
-6.927813e-02
8.418540e-02
6.667478e-02
-3.120616e-02
-9.672746e-02
4.994074e-03
4.146475e-02
-1.338359e-02
1.418320e-01
1.184023e-01
1.361728e-01
9.231356e-02
4.560917e-02
4.760281e-02
-4.902103e-03
1.913350e-03
-3.071177e-05
-7.595933e-04
-5.002968e-03
-1.366914e-03
5.858924e-04
2.280440e-03
-1.114097e-03
9.475277e-03
5.238789e-02
1.188241e-01
7.451104e-02
1.459999e-01
2.264393e-01
6.388393e-02
2.346103e-01
2.325961e-01
1.907514e-04
4.620460e-05
3.089675e-04
1.383005e-03
-2.478973e-03
-1.664207e-03
-7.823351e-04
3.366703e-03
1.670962e-05
-1.120451e-02
3.572626e-02
-2.533562e-02
7.083441e-02
1.122954e-01
1.196035e-01
-1.855341e-02
7.926945e-02
3.228879e-02
5.784250e-02
-4.196571e-02
-5.661294e-03
6.277743e-03
-4.569358e-02
-2.825033e-02
-8.574619e-02
-1.006397e-01
-4.902593e-03
-9.792764e-02
-1.429715e-01
-7.042833e-02
-1.076723e-01
-1.093508e-01
-1.403047e-01
-7.063059e-02
-2.381670e-02
5.638814e-02
-4.330868e-02
-5.516243e-02
-1.106369e-01
-1.426446e-01
-1.920384e-01
-1.416328e-01
-1.964658e-01
-1.651533e-01
1.577417e-03
1.311423e-02
-1.204024e-01
-1.509463e-01
-3.216332e-02
-2.199497e-01
-1.902059e-01
-3.678861e-02
-1.754447e-01
-1.969985e-01
1.278332e-01
3.574663e-01
2.329936e-01
2.859689e-01
3.346384e-01
3.497479e-01
1.868825e-01
2.741779e-01
2.728802e-01
-7.728553e-02
-9.490651e-02
-1.585930e-01
-5.148990e-02
-1.742653e-01
-9.519074e-02
-1.839279e-01
-1.213445e-01
-2.405964e-02
-6.902683e-02
-1.516004e-01
-1.263106e-01
-1.142681e-01
-1.006261e-01
-7.546482e-02
-1.266427e-01
-1.544670e-01
-9.936003e-02
-1.466261e-01
-1.906210e-01
-1.560004e-01
-1.408014e-01
-2.171478e-01
-2.677014e-01
-2.170219e-01
-1.306447e-01
-1.282458e-01
8.914569e-04
6.272927e-04
-2.912934e-03
-1.124082e-03
-1.217567e-03
2.059187e-03
4.705035e-05
2.283508e-03
-9.163097e-04
4.876404e-04
-1.677440e-02
-2.337156e-02
5.653192e-02
-2.712836e-02
5.699708e-02
3.585807e-03
-8.802287e-02
1.265832e-02
9.413776e-02
3.040466e-04
6.814204e-03
-5.888007e-02
-9.361713e-02
-3.647668e-02
-9.540179e-02
-9.826963e-02
-5.076710e-02
3.597080e-02
-3.111684e-03
-2.263794e-03
-4.990934e-02
-4.642683e-02
-5.608310e-02
8.967858e-03
2.195160e-02
4.644234e-02
-2.662808e-03
-3.155998e-03
5.604354e-04
4.266528e-03
3.395041e-04
7.469067e-05
2.413579e-03
-1.528228e-03
-7.332973e-04
-7.108255e-02
-1.863571e-02
-4.300588e-02
6.394497e-02
1.188381e-03
2.362582e-02
-1.243156e-02
1.475245e-02
-5.446707e-02
-9.578156e-04
-2.619914e-03
1.934749e-03
1.531378e-03
-1.622160e-04
-2.635633e-03
-1.454639e-03
2.791972e-04
-1.756935e-03
-3.911463e-03
6.497288e-02
4.373227e-02
6.577317e-02
-1.982399e-02
-3.621524e-03
-1.739279e-02
-2.367787e-03
-9.702341e-03
-1.872351e-02
6.883908e-03
9.447739e-03
-4.725007e-02
-4.006993e-02
-3.661105e-02
-7.577276e-03
1.670031e-02
2.510925e-02
-7.058930e-04
-8.189343e-03
2.344377e-02
-1.570537e-02
-4.915146e-02
2.835895e-03
6.751929e-03
-2.755636e-02
-2.075506e-02
1.801790e-02
2.153332e-02
3.473541e-03
-7.973278e-02
-4.336389e-02
-2.451417e-02
2.466740e-02
4.144954e-02
3.067258e-02
3.157954e-02
-3.473930e-02
-4.092250e-02
3.999371e-02
2.980307e-02
3.555000e-03
-2.402434e-02
2.791885e-02
2.057064e-04
-1.589864e-02
2.077991e-02
-1.175059e-02
-1.533289e-02
1.239348e-02
2.980082e-02
1.240001e-02
8.345958e-02
7.245982e-02
-4.080738e-02
-5.038356e-02
-4.166974e-02
-3.409640e-03
-2.607994e-06
2.517576e-02
9.985497e-02
1.243130e-01
1.112534e-01
7.874385e-03
3.014997e-02
2.372563e-03
1.107236e-02
-1.465622e-03
-1.033268e-02
-5.583881e-02
-6.871400e-02
-1.809644e-02
-6.125803e-02
1.403813e-02
2.496275e-02
-5.557228e-02
-9.564812e-02
-4.775834e-02
-4.752300e-03
-3.421490e-02
-1.483339e-02
-3.199948e-04
1.231549e-03
2.941597e-04
1.312129e-04
2.595728e-04
3.930361e-03
-8.565067e-04
-3.025546e-03
4.446296e-03
-1.693044e-02
-3.476266e-03
6.118598e-03
2.693198e-02
2.401271e-02
4.347754e-02
-7.621476e-02
1.550573e-02
-1.369908e-02
-3.534141e-02
-6.444454e-02
-1.223069e-02
5.956578e-02
1.561050e-03
-4.743997e-02
2.562176e-02
9.604064e-03
4.177622e-03
-4.865053e-02
-5.983987e-02
-3.671852e-02
-4.842488e-02
-8.569980e-02
-9.401796e-02
-9.117716e-02
-1.210981e-01
-8.023798e-02
2.919421e-03
4.396936e-03
2.275678e-03
-3.555217e-03
-1.050028e-03
2.188226e-03
-2.530157e-03
-8.647661e-05
-1.666082e-03
-8.775634e-02
-1.509783e-01
-1.392072e-01
-1.514630e-01
-1.456145e-01
-1.862785e-01
-6.029910e-02
-2.242441e-02
-1.240686e-01
-1.062599e-03
2.040533e-03
1.689895e-03
-1.056208e-03
-2.640953e-03
-1.330825e-03
-5.453494e-04
-7.822050e-04
-1.908167e-03
-2.476188e-02
-2.403651e-02
-8.946455e-04
-2.435876e-02
1.194459e-02
-1.275965e-02
-1.508997e-02
-1.689733e-02
-5.632862e-02
5.181474e-02
5.503690e-02
1.639619e-02
2.950385e-02
-2.304492e-03
-2.951108e-02
-4.007296e-02
-5.939573e-03
-2.818346e-02
-4.927790e-02
-8.322798e-02
-8.370811e-02
-1.088876e-05
1.866897e-02
-6.419047e-02
1.644950e-02
4.629838e-02
4.561760e-02
3.625441e-02
9.883990e-04
-4.570422e-02
2.583533e-02
-9.413076e-03
-8.785080e-02
-1.512454e-02
6.157393e-02
2.222831e-02
6.526423e-02
2.408100e-02
-1.929999e-02
-1.898984e-02
2.164977e-02
5.040174e-02
-8.216067e-02
4.141321e-02
1.329223e-02
3.904492e-02
4.640561e-02
1.763022e-03
6.713057e-02
-1.443631e-02
-1.250012e-02
1.465754e-01
1.175827e-01
7.515641e-02
2.286012e-02
3.976605e-02
1.200350e-03
5.555117e-03
-2.462341e-02
-3.716164e-02
-2.500137e-02
-2.643486e-02
9.441584e-04
1.799603e-02
5.823623e-03
-2.793359e-02
6.374118e-02
4.615718e-02
5.199229e-02
-7.149680e-02
-9.582973e-02
-9.923916e-02
-7.885053e-02
-3.931889e-02
-3.452514e-02
-3.785901e-02
-5.702969e-02
-2.065064e-02
-4.842710e-02
-3.695742e-02
-7.443946e-02
1.218093e-04
3.782958e-03
-1.519774e-03
1.073800e-03
-3.981233e-03
-7.724360e-04
-1.939263e-03
4.480988e-04
-1.775165e-03
1.102666e-02
-1.933877e-02
-7.743110e-02
2.604079e-02
3.943001e-02
-4.746093e-02
7.457470e-02
3.362785e-02
-3.276662e-02
1.187208e-02
2.480534e-02
-9.016155e-03
6.547939e-03
7.961210e-02
3.784070e-02
-8.904848e-02
4.294714e-02
6.628322e-02
-6.329129e-02
-1.127486e-01
-9.823275e-02
-9.996051e-02
7.436419e-02
-3.467975e-02
1.264131e-02
-7.554729e-02
-1.144669e-02
4.511326e-03
-3.220664e-04
-1.028280e-03
1.471165e-03
-4.671672e-04
-9.023591e-04
-1.481157e-03
-2.181122e-04
1.002897e-03
5.131675e-02
9.399629e-03
-2.846821e-02
2.483382e-02
-1.318741e-01
3.269263e-01
7.877637e-02
1.418259e-01
2.244066e-01
2.183295e-03
-3.725225e-03
1.513651e-05
-1.125454e-03
2.813547e-04
-2.125001e-04
2.971106e-03
3.808033e-04
-1.014899e-03
-9.998884e-03
-1.459911e-03
-1.586727e-01
-8.833256e-02
2.589237e-01
2.693461e-01
-6.049193e-03
1.248975e-01
-7.089625e-02
1.283914e-02
5.164629e-02
-8.738944e-03
7.578371e-03
5.089070e-02
-2.337911e-02
-2.796131e-02
5.486416e-02
-8.748334e-03
-2.004618e-02
-7.588616e-02
-1.790118e-01
1.325185e-02
5.442154e-02
-3.633794e-02
-4.026793e-03
-7.048104e-02
3.952928e-02
8.688825e-02
7.944100e-02
-1.320827e-02
6.419703e-02
3.281692e-02
-9.831782e-02
-1.941604e-01
-9.438585e-02
-8.048845e-03
1.042057e-01
-9.810150e-02
2.479819e-01
2.954218e-01
3.070680e-01
-3.716187e-02
-3.742227e-02
3.209185e-01
2.628366e-01
-4.817390e-02
2.278304e-01
-4.691830e-02
1.687123e-01
-1.490606e-01
3.329135e-01
7.203519e-02
2.375061e-02
2.310897e-01
4.773643e-02
2.027079e-01
8.050086e-02
-1.631803e-01
-1.855250e-01
-7.221152e-02
3.603843e-02
2.680188e-01
2.376910e-01
-5.182424e-02
-1.173643e-01
-2.721439e-02
1.041828e-01
1.579541e-01
3.179241e-01
-1.323740e-01
-2.090231e-01
-1.164736e-01
5.473508e-02
2.607658e-01
8.493962e-03
7.708184e-02
3.407651e-01
3.727555e-01
8.739404e-02
7.996558e-02
8.008814e-02
-2.513032e-03
1.283657e-03
-1.267857e-04
-2.940161e-04
-2.209487e-03
1.130838e-03
-1.332139e-03
-1.697562e-03
-2.498089e-04
-1.942240e-01
-5.914331e-02
-1.799510e-01
6.225182e-02
1.707852e-01
1.431303e-01
-1.162924e-01
3.433477e-01
-3.164691e-01
1.394334e-01
3.056086e-01
2.616267e-01
4.549325e-01
7.004330e-02
3.817197e-01
2.213360e-01
3.868358e-01
1.707250e-01
-4.222513e-02
1.584029e-03
6.128012e-02
1.979569e-02
1.124689e-01
-2.447586e-02
5.308632e-02
2.321696e-02
2.524561e-03
3.371773e-03
-9.233167e-05
4.236651e-04
-5.093368e-04
7.170018e-04
-1.570874e-04
-1.731207e-03
2.309199e-04
-1.962598e-03
1.381080e-01
7.263808e-02
5.340663e-02
1.028935e-01
-3.983862e-02
-4.298774e-02
-1.333900e-02
5.522216e-02
1.612288e-04
-2.463633e-03
1.421037e-03
-3.920862e-04
-1.851581e-04
-1.988785e-03
3.074544e-03
-4.931282e-05
1.930973e-03
-1.365045e-04
1.580019e-02
6.905605e-02
1.444746e-02
1.169686e-01
1.829261e-01
2.031646e-01
6.798054e-02
1.033927e-01
1.177177e-01
9.859306e-02
1.178163e-01
8.252858e-02
8.765662e-02
1.762950e-01
1.511293e-01
5.482481e-02
1.224326e-01
1.522077e-01
1.036611e-02
-4.291501e-02
7.978828e-02
-3.736746e-02
-7.252199e-02
-5.136187e-02
-8.099537e-02
-8.345056e-02
-2.927771e-02
2.082727e-01
1.901911e-01
1.340581e-01
2.523064e-01
2.820187e-01
2.965200e-01
9.471457e-02
1.303648e-01
1.090935e-01
-5.341924e-02
6.072432e-02
1.612837e-02
-8.170779e-03
-1.293502e-01
-7.597793e-02
5.420943e-02
-5.051194e-02
-1.367954e-01
9.024598e-03
4.811737e-02
-1.459194e-01
-1.651444e-02
-8.110545e-02
-2.192825e-01
-1.152561e-01
-1.487759e-01
-9.954896e-02
2.663404e-02
1.124185e-01
3.093348e-02
1.342085e-01
1.282294e-01
1.494139e-01
6.423823e-02
3.990771e-02
4.273668e-03
1.203799e-01
2.619362e-02
3.106873e-02
1.290567e-01
1.055192e-01
1.037475e-01
7.290013e-02
1.062959e-02
-2.194263e-02
-2.784157e-03
-1.387678e-02
-9.964611e-02
-6.830493e-02
1.404926e-02
1.214291e-02
-1.431904e-01
-8.432313e-02
-6.838774e-03
1.339432e-03
9.841091e-04
3.606243e-04
2.344871e-04
-2.431369e-03
-4.680093e-04
-1.294518e-03
-1.640114e-03
3.392611e-03
3.149829e-02
3.453874e-02
7.447163e-02
-1.242244e-01
-6.271582e-02
3.396776e-02
-3.073264e-02
6.098546e-02
3.396149e-02
-1.176617e-01
-1.644288e-02
1.164902e-02
-2.145955e-01
-2.330662e-01
-4.667685e-02
-6.043732e-02
-1.608690e-01
-1.430316e-01
2.689613e-02
-2.244700e-02
-1.903473e-04
-2.911134e-02
-9.098908e-02
-1.574996e-02
-2.859292e-02
-1.122084e-02
5.916280e-02
4.022682e-04
1.680658e-03
-1.566459e-03
4.802519e-04
1.943922e-03
-1.267468e-04
2.322076e-03
-1.969133e-03
-1.475450e-03
-1.356278e-02
-1.970188e-02
-8.852293e-02
5.013285e-03
-5.135958e-03
2.628026e-02
5.313187e-02
6.326219e-02
-3.995747e-02
1.974667e-06
3.611812e-04
-1.556292e-03
-3.609822e-03
3.468154e-03
-1.294743e-03
-7.094777e-04
-2.017844e-03
-1.551974e-03
8.236688e-02
5.235009e-02
3.240564e-02
-4.131279e-02
3.315287e-02
5.243443e-02
1.238809e-02
-4.926987e-02
-2.971134e-02
2.333044e-02
2.566358e-02
5.185364e-02
4.876320e-03
-1.273336e-02
3.265994e-02
4.840452e-02
1.668628e-02
3.195261e-02
-1.368171e-04
1.792516e-02
-4.130892e-02
-3.957559e-02
-3.096543e-03
-2.509451e-02
-2.225075e-02
-3.610122e-02
-2.752139e-02
1.433401e-03
2.059149e-02
5.379314e-02
-1.297978e-01
-1.155940e-01
-3.778525e-02
4.518769e-02
4.987182e-02
5.061787e-02
-4.483934e-02
-1.076212e-01
-5.972178e-02
2.622654e-02
-1.133433e-02
-1.090658e-01
-4.785709e-02
4.116709e-02
-1.041915e-02
3.751310e-02
7.258843e-02
-2.752191e-02
-4.402115e-02
5.541791e-02
3.481182e-02
2.660473e-02
1.033007e-01
5.428774e-02
-4.617465e-02
-2.011431e-02
3.179668e-02
-5.050334e-02
-9.185324e-02
2.717878e-02
3.114387e-02
7.095791e-02
7.590894e-02
-1.134963e-02
-3.684268e-02
-1.882480e-02
-7.399755e-03
6.779356e-03
-4.715366e-02
-7.744903e-02
-1.296013e-01
-3.926027e-02
2.058277e-02
3.102139e-02
-1.130829e-02
-3.961811e-02
-9.354889e-02
-9.357824e-03
1.047589e-01
-2.307744e-02
-1.042120e-01
-5.645978e-04
1.554564e-03
2.378076e-03
-1.711252e-03
3.723112e-03
1.123174e-03
-1.164040e-03
1.553130e-03
6.478148e-04
-2.669757e-02
1.156341e-02
-2.094509e-03
-1.532461e-02
2.313351e-02
3.156067e-02
-2.281016e-02
3.986424e-02
-1.266573e-02
-8.442497e-02
-3.706156e-02
2.596693e-02
1.016976e-01
-8.070612e-02
-3.448950e-02
1.036063e-01
7.695191e-02
7.079598e-03
