1.278404e-03
-2.783670e-03
2.591850e-03
-2.023167e-03
-1.643859e-03
-1.375859e-03
9.046548e-04
-7.998726e-04
-1.102489e-03
-3.303119e-02
1.647084e-02
-1.162414e-02
5.078801e-02
2.335740e-02
9.630770e-03
4.123664e-02
3.550814e-02
3.348442e-02
-8.018913e-02
-1.823559e-02
-1.205277e-01
-7.112913e-02
6.314053e-02
3.189424e-02
-2.502058e-02
1.043029e-01
5.187253e-02
-4.502694e-02
-8.350248e-03
1.003004e-03
-6.601320e-02
2.778789e-03
6.973747e-02
-3.586566e-02
1.330440e-02
5.674576e-02
4.460552e-02
5.369509e-02
3.594248e-02
6.386437e-02
1.038340e-01
1.307431e-01
9.613119e-02
1.489778e-01
1.671038e-01
6.539609e-03
6.825753e-02
1.002023e-01
-6.239650e-02
-3.802236e-03
3.114146e-02
-7.276583e-02
-5.710805e-02
-1.351696e-02
-1.502081e-02
-1.086056e-02
-4.514389e-02
-1.152127e-01
-1.253131e-01
-1.651299e-01
-8.207349e-02
-6.436603e-02
-4.971167e-02
-8.181022e-03
-1.037424e-01
-1.249859e-01
-2.824992e-02
-5.221220e-02
-8.188741e-02
5.340024e-02
9.374466e-02
1.139941e-01
-5.618809e-02
-7.259266e-03
-3.929075e-02
-1.032141e-01
-1.290928e-01
-1.471980e-01
-8.351109e-02
-1.551685e-01
-1.486112e-01
-1.036619e-02
-1.022097e-02
1.099541e-01
-1.866211e-03
-1.114847e-01
-1.346235e-02
2.794576e-02
-6.455774e-02
-2.088834e-02
3.749973e-03
-2.516714e-02
-1.632377e-02
1.993064e-02
-8.467598e-02
-5.016470e-02
-9.296519e-02
-1.830024e-01
-1.181573e-01
5.185508e-02
2.235312e-02
-4.273513e-03
1.162178e-02
-3.148990e-02
-1.964399e-02
-4.035603e-02
-7.457346e-02
-1.909258e-02
1.247923e-01
7.154422e-02
7.265045e-02
3.956407e-02
5.343705e-02
6.116537e-02
-7.347208e-02
-1.212900e-01
-1.140660e-01
-6.604691e-02
-1.019481e-01
-6.244556e-02
-3.041908e-02
-6.951181e-02
-5.121926e-02
4.027811e-02
-4.128932e-03
2.579773e-02
3.421171e-02
4.481728e-02
4.476489e-02
-6.198366e-02
-6.980555e-02
-6.609464e-02
-1.147423e-01
-1.196094e-01
-9.372345e-02
3.852586e-03
-5.613516e-03
3.194320e-03
8.361079e-02
1.033754e-01
4.922555e-02
1.054788e-01
6.145347e-02
5.159567e-03
-1.871694e-03
-9.027875e-04
-3.938483e-03
-3.802596e-03
1.040094e-03
1.617933e-03
9.437721e-04
2.804357e-05
8.475542e-04
1.290084e-02
-1.406991e-02
2.419415e-02
-1.154776e-02
-5.624526e-02
-2.548504e-02
-6.992417e-03
-6.369320e-02
-7.318666e-02
4.967542e-02
1.437319e-02
6.065167e-03
-1.990161e-02
-6.941134e-02
1.686142e-02
2.915885e-02
-3.230679e-02
7.196075e-02
7.232225e-02
8.751673e-02
-7.243961e-02
3.548927e-02
9.945500e-02
-3.288357e-02
1.921105e-02
6.819420e-02
-4.227013e-02
2.954728e-03
1.586838e-02
1.906359e-02
1.828579e-02
2.620220e-02
1.897237e-02
7.961660e-03
1.385768e-02
1.596104e-02
-8.034682e-02
-4.188558e-02
-6.245859e-02
-3.504322e-02
-7.831473e-03
-2.518976e-02
-7.955557e-02
-7.511785e-02
-5.964781e-02
-5.150315e-02
-1.003250e-02
-4.760734e-02
-7.025356e-02
-2.581864e-02
-5.686694e-02
-3.787104e-02
1.820788e-02
-2.031322e-02
-4.177866e-02
-5.274547e-02
-3.081335e-02
-3.767745e-02
-3.520207e-02
-2.145216e-02
1.180530e-02
2.474954e-02
3.585392e-02
-1.974475e-02
1.403932e-02
9.051957e-02
9.034078e-02
1.204974e-01
1.542355e-01
8.061922e-02
1.235022e-01
1.706524e-01
-6.263404e-02
3.266667e-02
1.160199e-02
1.517886e-02
-1.885927e-03
-3.659798e-03
4.137975e-02
5.685730e-02
3.232016e-02
-7.914886e-02
1.187801e-02
2.117403e-03
-5.195460e-02
-3.753398e-02
-2.031801e-02
2.418912e-03
-8.314582e-02
-1.196951e-01
8.600214e-02
6.835134e-02
-3.347600e-02
-1.229799e-02
-1.098329e-02
-5.440303e-02
-9.315823e-02
-8.329171e-02
-4.925046e-02
-6.948713e-02
-8.059173e-02
-6.177448e-02
-5.185391e-02
-4.222404e-02
-6.408548e-02
3.469743e-02
1.818074e-02
-2.329458e-02
1.212278e-02
2.278367e-02
-7.507288e-04
9.344341e-03
-8.236709e-03
3.834128e-03
-6.770089e-03
-2.734253e-02
1.975589e-02
8.520368e-03
9.376101e-02
4.599004e-02
-2.518389e-02
1.436314e-02
2.611260e-02
1.039219e-02
-2.789811e-02
4.290077e-03
3.010534e-02
-9.563514e-03
-5.470625e-02
-6.268360e-03
3.958655e-02
-3.207669e-02
-5.364470e-02
-4.382079e-02
-9.605990e-02
3.752933e-04
-3.587002e-04
1.927750e-03
7.536107e-04
-1.387024e-04
7.524932e-05
1.927702e-03
-2.590430e-03
2.471323e-04
-2.750493e-02
4.158385e-02
-3.742799e-02
-2.393523e-02
-6.043278e-02
-3.443903e-02
-4.615952e-02
-1.518080e-01
4.129813e-02
-2.022663e-01
-2.252511e-01
1.701583e-01
7.974551e-02
2.847546e-01
-2.044888e-02
5.984012e-03
1.909425e-01
2.044760e-02
9.656058e-02
-1.381400e-01
-6.470229e-02
5.638814e-02
-9.927035e-02
-5.485265e-02
-8.454018e-04
3.207065e-02
4.517684e-02
-6.338889e-03
1.200585e-02
3.713568e-02
-3.230109e-02
6.712296e-03
-7.964358e-04
-2.045619e-02
1.502638e-02
-1.387603e-02
6.204473e-02
8.393753e-02
-1.274856e-02
6.702867e-02
6.638250e-02
3.033782e-02
-1.093884e-02
-4.837337e-02
-9.957570e-03
-4.669122e-02
-1.762922e-01
-6.237215e-02
5.003049e-03
-6.647199e-02
6.551550e-02
1.132271e-01
2.446914e-02
5.702623e-02
-1.245472e-01
8.069129e-02
8.452452e-02
1.507750e-01
-6.367317e-02
-1.562670e-01
1.517385e-01
6.203004e-03
-2.293230e-01
7.649706e-02
3.294143e-02
-1.599241e-01
-7.667334e-02
-6.322263e-02
1.885451e-03
-1.343069e-02
2.625639e-02
1.774132e-01
-1.436653e-01
2.551034e-01
-1.655658e-01
-1.205248e-01
-4.613627e-02
-9.508660e-02
1.082734e-01
-3.894114e-02
4.726267e-02
1.168865e-01
7.587100e-02
-1.609604e-01
-2.864086e-02
-1.953994e-01
-1.164979e-01
2.251609e-02
-1.706668e-01
6.113876e-02
-1.464188e-01
-1.026162e-01
-1.991329e-01
2.764582e-04
7.181381e-03
-5.535024e-02
8.679891e-02
1.546466e-01
3.567087e-02
-2.293580e-01
-5.073050e-01
-5.786844e-01
1.847095e-01
3.181428e-01
3.618584e-01
6.414568e-02
8.102093e-02
6.427095e-02
-6.889516e-02
1.587159e-01
2.462228e-01
-1.114629e-01
-4.511607e-03
1.761266e-01
-5.254291e-03
1.098798e-01
1.052774e-01
-1.252769e-01
-1.455273e-01
-2.059479e-01
1.783533e-01
2.155027e-01
1.289084e-01
-8.516749e-02
2.533134e-02
-4.467414e-02
-7.778738e-02
8.634353e-02
1.853280e-01
6.697038e-02
-4.119783e-02
-7.587753e-02
-2.411966e-02
-3.270104e-02
-7.774457e-02
1.774540e-03
-3.803269e-03
9.037828e-04
2.176036e-03
1.707754e-03
9.635970e-04
-7.267625e-04
-1.617026e-03
4.888414e-04
-6.905492e-02
7.878726e-03
1.077608e-02
1.742662e-01
1.670427e-01
1.141637e-01
2.602741e-01
3.615957e-01
1.255047e-01
3.761008e-02
-1.219534e-01
6.427623e-02
-1.384623e-01
-1.353763e-01
2.312718e-01
-1.314027e-01
9.152022e-03
8.412334e-02
4.121244e-02
6.463263e-02
-1.482697e-01
1.359450e-01
9.851800e-02
-1.713793e-01
6.936390e-02
-8.466966e-02
-1.857124e-01
-2.066093e-02
-4.398637e-02
-2.353223e-02
-3.361288e-02
-4.638068e-02
-1.204364e-02
1.839214e-02
9.686358e-03
5.554149e-02
-4.960003e-02
-1.178845e-01
3.682450e-02
-7.383762e-02
-1.634689e-01
5.739100e-03
-1.201021e-01
-2.419296e-01
-6.971169e-02
-7.114756e-02
-1.223811e-01
-6.579117e-02
1.509350e-02
-9.061307e-02
-3.072971e-02
-5.625854e-02
-1.059276e-01
-1.575111e-02
-1.239482e-01
-2.829870e-02
-3.381590e-02
-2.354125e-01
-2.356964e-02
1.020599e-01
-2.230101e-01
7.204659e-02
1.497566e-01
-7.874258e-02
-6.917127e-02
-1.639579e-01
-2.550206e-03
-4.736593e-02
-1.595523e-01
-3.529845e-02
-9.009530e-02
-2.357230e-01
-5.566774e-02
-3.150480e-02
5.555911e-03
-1.612288e-03
1.146228e-01
-1.170330e-01
1.134431e-01
-5.515891e-03
-3.484850e-02
-5.768012e-02
2.529771e-02
8.991968e-03
1.621468e-01
1.331290e-01
-1.441789e-01
1.487593e-01
4.946757e-02
-1.762675e-01
-8.484808e-02
-9.388658e-03
-4.277637e-02
-1.603752e-01
4.419871e-02
5.163454e-02
-1.037439e-01
1.858170e-02
4.163804e-02
4.445405e-02
1.909233e-02
-1.314178e-02
6.271864e-02
-4.864526e-02
-1.304817e-01
3.253274e-02
-1.148819e-01
2.281934e-02
-7.003008e-03
-7.250944e-02
-5.598759e-03
-2.235731e-03
-9.563020e-02
-1.031146e-02
-1.893720e-02
-4.947413e-02
6.498969e-02
4.008051e-02
8.595434e-05
-1.364654e-02
-1.076619e-02
-5.500470e-02
1.532611e-02
2.087120e-02
-9.505759e-02
-6.297255e-02
5.782185e-02
4.244430e-02
-1.627933e-01
-2.055902e-02
-7.618451e-03
-1.845960e-02
-2.156899e-02
3.979584e-02
-3.105330e-02
-1.857801e-03
-8.121073e-04
-4.443171e-03
1.377890e-04
5.924216e-04
2.652513e-03
8.115213e-04
1.121907e-03
1.980646e-03
-1.062856e-01
1.436955e-01
6.399100e-02
-1.844352e-02
1.432251e-01
8.134191e-02
6.758022e-03
1.731707e-01
6.474791e-02
-6.205155e-02
-4.910673e-02
-1.860181e-01
4.246291e-02
1.266685e-01
5.777527e-02
6.840903e-02
2.286595e-02
9.074115e-02
1.203187e-02
8.249714e-02
3.167689e-02
1.331896e-02
8.181894e-02
-4.366593e-04
9.498680e-02
1.512715e-02
-4.510222e-02
1.027351e-02
5.053640e-02
1.218319e-01
-6.612667e-02
-3.044039e-03
6.960068e-02
-9.031849e-02
-3.669139e-02
3.600249e-02
-1.885290e-01
1.914701e-01
5.885080e-02
-1.411167e-01
1.862499e-01
9.648313e-02
-1.733452e-01
1.584255e-01
3.898913e-02
-2.124473e-01
-1.633427e-01
-7.267968e-02
-4.951258e-02
5.921883e-02
6.751218e-02
7.944071e-02
2.378737e-01
2.322137e-01
-8.373532e-02
-5.111026e-02
-5.294142e-02
1.723191e-01
1.732447e-01
3.781038e-02
1.314055e-01
1.463525e-01
9.036336e-02
-1.287331e-01
6.756292e-02
1.397662e-01
-2.060108e-01
1.197062e-01
2.142265e-01
-1.433271e-01
1.595667e-01
2.465142e-01
2.268774e-03
1.213054e-02
5.030381e-02
-2.925293e-02
-9.733078e-02
3.456421e-02
4.586284e-03
5.786772e-02
7.535717e-02
-8.484565e-02
-2.076395e-02
5.795536e-02
-2.347355e-01
-1.153894e-01
-5.583237e-02
-1.487729e-01
7.877138e-02
5.926336e-03
1.587045e-01
-9.692963e-03
-2.391782e-02
4.828659e-02
-1.259692e-01
-5.535624e-02
5.012153e-02
-7.173081e-02
1.567432e-02
-9.459717e-02
-1.325923e-01
-7.835438e-03
-4.763088e-02
9.759616e-02
5.173782e-02
-1.804253e-02
-8.661244e-03
-2.988256e-03
4.235757e-02
-1.090816e-01
-1.794235e-01
-1.901664e-02
-1.819141e-01
-1.842751e-01
-3.272003e-02
-1.192334e-01
-1.514205e-01
-3.691210e-02
-4.092896e-02
-8.406552e-03
1.118249e-02
-3.795193e-02
3.835290e-02
-1.127972e-01
-1.891805e-01
-1.162406e-02
3.465259e-02
-1.791568e-02
-4.071255e-02
1.602155e-01
1.079694e-01
-8.473441e-02
1.374322e-02
-7.801078e-02
-1.193556e-01
-5.536578e-05
-1.433780e-03
2.477570e-03
9.771398e-04
5.246563e-04
2.120276e-03
3.395890e-03
4.559371e-04
1.936462e-03
-6.554617e-02
-1.257674e-01
9.937514e-02
9.772554e-02
3.580266e-02
1.670509e-01
1.810683e-01
1.011222e-01
1.819306e-01
2.340869e-02
1.077298e-01
-4.601916e-02
1.577242e-01
3.808217e-02
4.403537e-02
4.840202e-02
1.892399e-02
1.298491e-01
4.190866e-02
-5.163102e-02
-3.844879e-02
4.321266e-02
-8.729221e-03
-4.054189e-02
4.630376e-02
4.934406e-02
5.004129e-02
2.848896e-02
-7.443585e-03
5.028211e-03
-1.593432e-02
-5.968509e-02
-4.934319e-02
-4.364973e-02
-6.481926e-02
-7.381673e-02
6.409706e-02
-1.488348e-02
2.248436e-01
1.449227e-01
1.028623e-01
2.915121e-01
7.736071e-02
2.406043e-02
1.674182e-01
5.962849e-04
4.347861e-02
1.162244e-02
-4.404210e-02
4.867129e-02
-3.309787e-04
-1.042682e-02
-1.502288e-02
-3.545147e-02
-1.683312e-02
-2.887548e-02
-2.727206e-02
-5.079738e-02
-3.753326e-02
5.949285e-02
-2.410166e-02
7.951872e-02
1.465215e-01
-1.352663e-02
-1.303448e-02
-1.544842e-02
4.989062e-02
5.283267e-02
-1.070298e-03
9.726938e-02
6.591951e-02
3.446193e-03
3.796436e-02
-1.055340e-01
5.398764e-02
3.786333e-02
-5.192443e-02
3.618290e-02
-3.158771e-03
2.968099e-02
7.480419e-02
2.868877e-02
-2.576964e-02
5.930537e-02
1.309528e-01
3.585992e-02
8.706102e-02
1.627335e-01
1.129289e-01
5.828508e-02
8.577353e-03
1.438547e-02
-1.513624e-02
-1.142115e-02
2.600221e-02
2.330783e-02
-2.233178e-02
5.129984e-02
2.242254e-02
-3.667430e-03
1.510513e-02
1.290218e-01
5.832495e-02
1.253125e-01
1.444576e-01
-1.701507e-01
-1.665065e-01
-1.023424e-01
-9.845073e-02
-9.528132e-02
-7.901840e-02
-6.958918e-02
-3.730176e-03
1.266179e-02
-1.695762e-02
1.033214e-01
1.232910e-01
3.061803e-02
4.442247e-02
-2.915004e-02
4.979955e-02
3.073468e-02
-2.954820e-02
-3.026654e-02
8.426874e-03
-4.843990e-02
-3.777969e-02
-1.095706e-02
-3.705815e-02
-3.317628e-02
-6.598368e-02
-4.371452e-02
-4.691263e-02
-1.783177e-02
-1.376249e-02
-9.520669e-04
-1.005196e-03
-1.334423e-03
4.828227e-04
7.948642e-05
7.203015e-04
3.413898e-03
-1.169080e-03
-2.836875e-04
7.404812e-03
-6.962416e-02
-1.409088e-02
4.602364e-02
2.963058e-02
3.542916e-02
6.192214e-02
1.108238e-01
1.053158e-01
3.855062e-02
3.295273e-02
-1.223648e-01
1.018569e-02
-1.511120e-02
8.517116e-03
2.104467e-02
-9.241208e-03
1.018190e-01
2.648355e-01
-3.522841e-02
-2.186019e-01
2.766604e-01
3.914569e-02
-3.119256e-01
-5.780073e-02
7.557175e-02
-8.338805e-02
-1.916404e-01
-1.162072e-01
-1.386757e-01
-2.145148e-01
-1.212160e-01
-1.622356e-01
-1.492440e-01
-8.148059e-02
-5.537770e-02
1.544259e-02
2.811879e-02
1.130141e-01
1.647330e-02
1.776929e-02
3.298890e-02
2.182651e-02
7.225940e-03
2.997475e-02
-2.158485e-02
3.763002e-03
-4.794227e-02
-4.056110e-02
-4.762546e-02
-5.951831e-02
-3.553378e-03
-2.490052e-02
-1.050926e-01
-1.470217e-01
-1.102685e-01
-8.087084e-02
-3.060785e-01
-1.690403e-01
-7.701172e-02
-1.302762e-01
-6.161216e-02
-5.167179e-02
4.421239e-02
-8.749442e-03
5.878665e-02
-5.167999e-02
-8.738273e-02
1.817235e-03
-6.083459e-02
-2.160731e-03
-1.313401e-02
3.856507e-02
6.009992e-02
9.697983e-02
-7.089169e-02
6.721365e-02
7.682072e-02
-1.467395e-01
-4.504924e-02
-4.944576e-02
2.174252e-02
-1.118284e-01
-1.442646e-01
1.188413e-01
1.883155e-01
-5.634972e-02
1.035282e-01
3.278477e-01
8.198709e-02
1.148127e-01
6.310337e-02
-4.265611e-02
3.240994e-01
3.712931e-01
-5.066609e-02
3.030272e-01
3.850247e-01
1.466378e-02
-6.178973e-02
-5.153577e-02
-5.018914e-02
-8.272938e-02
-2.140854e-01
-1.457589e-01
-7.675365e-02
3.422235e-03
1.773020e-01
-1.257227e-01
-1.469209e-01
-1.650628e-02
-1.724624e-01
-1.804514e-02
1.180245e-01
-8.433176e-02
4.748593e-02
7.596474e-02
5.089108e-02
-1.794013e-01
-2.278931e-01
1.493564e-01
7.333741e-02
-7.436734e-02
7.582466e-02
2.853895e-01
1.699299e-01
3.077779e-01
4.572952e-02
-3.089381e-01
1.851882e-01
-9.228729e-02
-3.578574e-01
8.082411e-02
6.849601e-02
-1.302980e-01
2.839471e-04
-6.676677e-04
-3.017716e-03
1.102739e-03
1.939393e-03
-1.557372e-03
-1.315833e-03
-3.859575e-04
5.992121e-03
1.215758e-01
-1.820830e-01
-1.836095e-01
1.299116e-01
-1.118716e-01
-4.199321e-02
1.675745e-01
-7.536534e-02
1.378165e-02
5.590432e-02
-1.611010e-01
-7.853550e-02
5.966567e-01
-6.593332e-01
5.343011e-02
-1.110155e-02
-1.085789e-01
8.323950e-02
4.067994e-02
-1.645374e-02
-8.576237e-02
3.623043e-02
7.452109e-02
-4.050517e-02
-4.379287e-02
-8.156760e-02
-1.228357e-01
5.350285e-02
-4.961251e-02
-7.618424e-02
6.037207e-02
-6.023570e-02
-1.476646e-01
1.683624e-01
8.273409e-02
2.960649e-02
9.944828e-02
-1.485631e-01
3.205565e-02
3.958392e-03
-2.066335e-01
2.499104e-02
-7.925296e-03
-3.018657e-01
-2.373016e-03
-1.484418e-01
-2.604814e-02
1.925745e-02
-1.433631e-01
-2.568984e-02
-1.283211e-01
7.229839e-02
-8.724894e-02
-2.474978e-01
-2.597004e-03
2.414521e-01
-1.148518e-03
-7.275730e-02
-9.481740e-04
1.126283e-01
5.016994e-02
1.168047e-01
9.214150e-02
-2.722334e-01
-2.233697e-01
-6.151354e-02
-7.310311e-03
-1.330828e-01
-7.490831e-02
2.322519e-03
-2.370044e-01
-1.802575e-01
1.054329e-01
-1.729646e-01
3.578486e-02
-3.234390e-01
6.613725e-01
5.589067e-02
-3.703910e-01
8.585897e-02
-2.115756e-01
-4.627886e-01
6.306115e-02
-9.649394e-03
-2.314790e-01
2.769540e-01
1.760908e-01
-1.841660e-01
8.184694e-02
-9.515512e-02
1.373785e-01
-2.628075e-01
1.656215e-01
1.181473e-01
1.566862e-02
-3.435026e-02
1.278252e-01
-5.833949e-02
-5.349478e-02
1.980192e-01
-2.706693e-01
2.480121e-02
2.131980e-01
4.015428e-01
-3.258428e-01
-6.655739e-03
-1.531220e-01
1.565430e-02
8.057716e-02
1.639059e-01
-5.850708e-02
-1.108756e-01
2.339633e-01
-1.675625e-01
-2.050848e-02
-1.547243e-01
5.471580e-03
8.752248e-02
-1.357504e-01
-2.360369e-02
7.248286e-02
2.337255e-02
-1.533222e-02
1.024535e-02
3.358778e-02
-1.246452e-01
6.690828e-02
1.087132e-01
5.033716e-03
-1.851453e-02
-2.040146e-01
-2.054549e-02
9.689976e-02
6.351339e-02
9.626506e-02
-4.545420e-04
-1.284868e-03
-2.481878e-03
-3.298501e-03
-9.326006e-04
-9.520028e-06
-2.076893e-03
4.688817e-04
1.824288e-03
-2.014015e-01
-3.818426e-01
-1.083733e-01
-5.233757e-02
-2.556960e-01
4.886426e-03
1.725990e-02
-1.534292e-01
1.334234e-01
-9.267890e-02
-2.641227e-01
-1.321300e-01
-4.431609e-02
-4.380161e-01
4.126598e-01
-1.638115e-01
-2.815307e-01
-2.462556e-02
-1.314180e-01
5.821495e-02
4.720519e-02
-1.460839e-02
1.395597e-02
3.888374e-03
7.048883e-02
-1.115550e-01
-8.921889e-02
1.434340e-01
6.126482e-02
6.625575e-02
7.485052e-02
1.093126e-03
-6.651520e-03
5.658835e-02
9.855447e-03
2.920217e-02
2.024196e-03
-3.119535e-01
9.833078e-02
1.284562e-03
-2.992405e-01
7.885751e-02
1.239896e-01
-3.316658e-01
5.930223e-02
3.863056e-02
6.177546e-02
-2.234756e-01
-5.347301e-02
6.809872e-02
-5.308294e-02
-9.315570e-02
-1.331034e-01
9.917811e-02
1.694646e-02
1.195494e-01
1.379810e-01
-1.429275e-01
1.833259e-01
1.998768e-01
-1.403951e-01
5.163312e-02
9.143637e-02
1.874567e-01
-7.980601e-02
-1.082630e-01
2.864052e-02
-1.134809e-01
-1.426449e-01
1.161495e-01
-8.480628e-02
-1.219161e-01
1.577320e-01
-2.310016e-01
3.436651e-02
-1.430445e-01
4.318229e-01
-3.277788e-01
-2.542175e-02
2.767026e-01
-9.539028e-03
2.434121e-02
7.183562e-02
-1.691831e-01
4.566841e-02
1.195649e-01
-4.221830e-01
6.226702e-02
-1.129126e-02
-1.347509e-01
1.156961e-02
-9.630495e-02
2.652726e-02
3.908195e-02
4.168353e-02
-2.636886e-02
-1.022804e-01
3.959297e-02
1.141393e-01
8.587855e-02
4.511175e-02
-3.820129e-02
-1.025172e-01
6.134235e-02
1.928584e-01
-7.653853e-02
-3.822917e-02
1.611716e-01
5.906523e-02
-4.060643e-02
7.279886e-02
-2.387813e-03
2.140071e-01
-1.012587e-01
-9.603073e-02
2.552750e-02
1.532843e-02
1.321458e-01
5.767774e-02
3.618864e-02
7.449310e-02
4.921889e-02
8.245028e-02
2.772585e-02
-2.818410e-02
-8.039640e-02
6.417646e-02
6.142209e-02
-1.178464e-02
8.516033e-02
1.095767e-01
1.267157e-01
1.414983e-02
-3.176749e-02
4.285952e-02
1.072426e-03
3.640055e-04
-8.035079e-05
-1.109585e-03
-6.670125e-04
-4.445341e-03
-2.538270e-03
-1.493869e-03
2.437465e-03
1.481573e-01
1.789194e-01
-5.108343e-02
4.909894e-02
7.147206e-02
-1.043457e-01
-7.489403e-03
-1.956478e-02
-1.085427e-01
-3.671059e-02
4.592066e-02
-7.011352e-03
6.998247e-03
1.482592e-02
2.964201e-02
-2.132715e-02
-2.631306e-02
-1.244134e-02
-8.121657e-02
-1.000749e-01
-2.037068e-02
-2.453350e-01
2.687820e-04
2.751850e-01
-2.136213e-01
1.038899e-01
3.829797e-01
-6.789295e-02
-4.021783e-03
1.723983e-02
4.025270e-02
6.426000e-02
6.080670e-02
6.159540e-02
6.854078e-02
6.423180e-02
1.586665e-01
1.811772e-01
-8.844814e-02
1.041691e-01
1.048645e-01
-8.724633e-02
7.140397e-02
8.962937e-02
-5.657695e-02
-1.543974e-01
-1.315139e-01
-8.880123e-02
-4.175989e-02
-3.426041e-02
-5.149500e-02
9.303842e-02
1.326449e-01
4.300716e-02
-1.181423e-01
-4.610089e-02
4.691413e-03
3.641472e-02
-2.861188e-02
-1.543556e-01
9.586033e-02
-5.784207e-02
-2.307018e-01
-1.769201e-01
-2.132532e-01
-3.710373e-02
-9.573198e-02
-1.339540e-01
1.328658e-02
-4.575453e-02
-7.195682e-02
1.081400e-01
-2.913522e-02
-5.669576e-02
-6.365798e-02
-6.920279e-03
-2.399433e-02
8.542406e-02
8.630278e-02
-2.862843e-02
-9.494868e-02
1.047671e-01
2.528488e-01
2.834792e-02
5.896563e-02
1.379773e-01
4.549851e-02
5.377717e-03
-5.032641e-02
-3.980284e-02
7.571853e-02
7.461234e-02
-1.750285e-01
2.231053e-02
1.810328e-02
-4.611295e-02
-1.288662e-01
-1.073603e-01
-2.232043e-02
-1.352156e-01
-1.591438e-01
-7.407890e-02
-5.177835e-02
1.478389e-01
1.725860e-01
1.310350e-01
1.672105e-01
-2.482358e-02
1.219255e-01
2.065906e-01
2.640304e-01
8.249245e-02
1.251193e-01
3.525553e-02
6.490207e-02
-8.116135e-02
-1.738986e-01
-7.265453e-02
9.669841e-02
1.275673e-01
-6.377045e-02
9.556539e-02
1.259658e-01
-3.527255e-02
-2.791918e-02
-1.264290e-02
-2.152330e-01
-1.241236e-01
1.748814e-02
-2.013182e-01
3.676813e-02
1.400062e-01
-1.668017e-01
1.222928e-01
2.234367e-01
-1.760384e-03
-6.064569e-04
3.449036e-04
-2.974887e-03
-6.309347e-04
1.904582e-03
1.536433e-03
-5.804494e-04
2.800305e-03
-1.214712e-01
-4.654042e-02
4.103920e-02
-8.080920e-02
-5.227255e-02
2.772722e-02
-1.364045e-01
-1.140817e-01
3.669741e-02
-5.992449e-02
6.141507e-02
-1.435685e-03
4.517332e-02
5.589318e-02
1.018664e-01
-1.016081e-02
5.598339e-02
-6.645878e-03
-4.580180e-03
5.471156e-02
1.104695e-01
8.518030e-03
8.256491e-02
1.227209e-01
-1.781687e-02
8.085706e-02
7.998725e-02
4.601936e-02
2.824215e-02
6.557371e-02
1.734823e-02
1.602662e-02
4.754093e-02
-2.943564e-02
-3.115418e-02
-1.545133e-02
-1.955692e-01
-6.075855e-02
5.243739e-02
-1.709771e-01
-9.780612e-02
2.269366e-02
-1.648537e-01
-1.284088e-01
-2.728749e-02
6.061025e-03
-9.359423e-02
-1.508970e-01
-4.217819e-02
-1.119367e-02
-4.006271e-03
-5.066783e-02
5.287607e-02
3.481565e-02
6.765959e-02
2.918163e-02
-3.553584e-02
1.530072e-01
9.702034e-02
1.310753e-01
8.104726e-02
1.770105e-02
5.902667e-03
-1.431744e-02
2.121588e-02
-1.102432e-01
-7.160835e-02
1.357150e-02
-1.106333e-02
-7.784807e-02
5.621821e-02
6.965898e-02
-4.249946e-02
-8.331894e-02
2.177989e-02
-8.609588e-02
-1.109764e-03
1.455540e-02
-6.533057e-02
-5.567433e-03
-6.115080e-02
-2.740568e-02
-6.956211e-02
1.290324e-02
-1.072674e-01
-1.027183e-01
-9.741912e-02
-1.011045e-01
-9.102900e-02
-1.014486e-02
2.303326e-02
-9.524649e-02
-1.154848e-01
7.069337e-02
-2.447636e-03
-5.159332e-03
8.663112e-02
-1.028792e-02
-4.578304e-02
-2.310017e-03
-7.612994e-02
2.417548e-02
-6.709269e-02
3.136667e-03
1.119385e-01
-1.188287e-02
1.820905e-02
9.265469e-02
2.422863e-02
-2.220193e-02
1.309309e-03
2.645045e-02
6.842487e-02
-1.179790e-02
1.604981e-01
1.390205e-01
5.968095e-02
-1.144711e-02
-1.190468e-01
-1.312244e-01
-4.348570e-02
-5.622834e-02
-1.757688e-02
6.683226e-02
7.662579e-02
1.185638e-01
9.497547e-02
4.037252e-02
1.816790e-02
1.229038e-01
-3.761654e-03
-3.909790e-03
1.794382e-02
-6.059376e-02
-4.797775e-02
-5.618358e-04
-6.406495e-04
-5.877422e-05
-9.787133e-04
1.013306e-03
-1.805429e-03
2.251535e-04
3.107731e-03
3.743200e-03
-5.343765e-02
-1.061836e-01
-5.761013e-02
-7.669005e-02
-1.812061e-01
-1.024270e-01
-9.172329e-02
-2.434515e-01
-1.675699e-01
-4.320775e-03
-1.310627e-02
5.101762e-02
1.737984e-02
2.147536e-02
6.462949e-02
-4.835733e-02
5.570453e-02
9.989168e-02
-8.270162e-02
-1.484881e-01
-1.100650e-01
-4.012440e-02
-9.989725e-02
-6.680624e-02
1.242444e-02
-3.613666e-02
-8.191043e-02
-9.417630e-02
-6.857438e-03
6.011854e-02
-9.287488e-02
-1.523716e-02
9.186283e-02
-8.620124e-02
-2.818540e-02
4.106953e-02
1.259313e-01
6.571984e-03
-5.854174e-02
1.271238e-01
-2.667475e-02
-8.218486e-02
8.093559e-02
-1.105665e-01
-1.503240e-01
-5.392321e-02
-6.390656e-02
-9.491304e-02
-1.185200e-01
-1.135639e-01
-9.023853e-02
-1.460373e-01
-1.449687e-01
-1.140621e-01
5.129194e-02
-1.498178e-02
-1.031062e-01
4.820463e-02
2.267561e-02
-7.120442e-02
-5.560542e-03
-2.897486e-02
-7.553700e-02
-7.472835e-02
-9.202404e-02
-9.585361e-02
-1.158756e-01
-1.487645e-01
-1.878825e-01
-1.267485e-01
-1.551932e-01
-1.312504e-01
1.577642e-02
5.622225e-02
-2.147206e-02
5.084493e-02
9.154021e-02
-2.757465e-02
1.557704e-01
1.275609e-01
-2.038984e-02
-3.641428e-02
4.371016e-02
-5.302766e-02
-5.892273e-02
-6.650845e-02
-1.882741e-01
-8.561928e-02
-1.041363e-01
-9.005851e-02
-1.063996e-01
-1.710130e-02
8.200683e-02
-1.766801e-01
3.208124e-02
1.570407e-01
-1.171909e-01
7.679292e-02
2.572624e-01
1.888993e-02
-4.444362e-02
-1.903098e-01
2.861088e-02
-7.625557e-02
-1.909851e-01
1.308320e-01
-2.218852e-02
-3.924961e-02
6.601967e-03
-3.855142e-02
-7.165133e-02
-9.543643e-03
-3.336184e-02
-2.678084e-02
7.228295e-02
2.782170e-02
6.569985e-02
-1.157712e-01
-1.199495e-01
-8.288711e-02
-1.197120e-01
-6.551594e-02
-2.674064e-02
-8.553571e-02
1.362490e-02
8.273236e-02
-4.658071e-02
-3.796704e-02
-1.117994e-02
-4.740401e-02
-1.437698e-02
5.554638e-02
-2.021825e-02
1.035139e-02
8.459327e-02
9.240571e-04
1.285093e-03
-1.619416e-03
7.712830e-04
-1.567693e-03
-1.834830e-03
-1.896017e-03
-1.803054e-03
-1.919258e-03
3.110968e-02
9.650534e-02
8.105867e-02
3.928033e-02
1.275381e-01
1.033656e-01
8.162566e-02
8.645389e-02
1.213682e-01
5.083030e-02
-5.265214e-02
-3.697067e-02
-6.105846e-02
-3.680327e-02
-1.166287e-01
3.087779e-02
1.241724e-01
-5.300743e-02
-1.008861e-01
4.613391e-02
2.509649e-01
-5.802094e-02
1.857166e-02
9.822096e-02
-4.566155e-02
-1.405613e-02
-9.181391e-02
1.234272e-01
7.554021e-02
9.426851e-02
6.609556e-02
7.251138e-03
4.745876e-02
-2.732049e-02
-3.163154e-02
1.961839e-02
-7.981641e-03
-5.590190e-02
-3.316939e-02
9.202644e-02
4.084659e-02
7.806793e-02
7.018079e-02
2.430611e-02
4.302874e-02
-8.986159e-02
-6.176663e-02
-5.680231e-02
4.110567e-03
6.171404e-03
3.853968e-03
2.354500e-02
2.230091e-02
9.700843e-03
-1.466133e-01
-9.947582e-02
-4.742252e-02
-1.789474e-01
-6.697034e-02
9.174567e-02
-8.761010e-02
-5.825249e-03
1.196997e-01
-3.791133e-02
-3.914849e-02
-1.156985e-01
-1.497602e-02
6.750514e-03
-7.062145e-02
-5.935188e-02
-1.969323e-02
-1.041401e-01
3.720260e-02
2.988202e-02
-6.899131e-03
-2.842369e-04
2.755033e-02
-1.209447e-02
4.965818e-02
-3.480069e-02
3.238000e-02
-5.858305e-03
-1.808185e-02
5.322880e-02
6.818742e-02
-7.104317e-02
-5.942503e-02
1.057407e-01
-8.501077e-03
-9.107659e-03
-5.708362e-02
-7.629339e-02
3.257876e-02
-5.815497e-02
-1.367563e-01
-6.254007e-02
5.363075e-02
-7.419251e-03
3.902782e-02
-1.116255e-01
2.884853e-02
-6.064048e-02
-6.477063e-02
-1.189926e-01
-2.319517e-01
-8.459993e-02
-1.827875e-01
-2.399064e-01
3.941631e-02
3.037794e-02
-6.995591e-02
-2.639737e-02
2.946329e-02
4.199990e-02
-2.302017e-02
2.813711e-02
5.233188e-02
-1.806010e-02
9.811316e-03
4.269211e-02
5.917006e-02
6.107371e-02
4.277596e-02
1.366040e-01
8.462720e-02
5.612949e-02
-9.689899e-02
5.143900e-02
1.360029e-01
-1.678873e-01
-6.825211e-02
4.424291e-02
-1.714584e-01
-1.048549e-01
-6.723566e-02
-1.881968e-03
-1.765416e-03
-1.085933e-03
3.388109e-04
-2.489956e-03
-6.202274e-04
1.351536e-03
1.167287e-03
-4.962618e-04
4.611226e-02
-4.018131e-02
7.981727e-02
-1.876701e-03
-1.076194e-01
1.257911e-02
8.206761e-02
-7.079586e-03
1.059147e-01
6.556445e-02
2.748037e-01
-5.876017e-02
5.483790e-02
-2.673263e-01
3.537578e-01
-6.662238e-02
4.697665e-02
-1.111550e-01
-5.327448e-03
-6.910885e-02
2.287632e-02
5.122585e-02
1.056857e-01
4.102329e-02
-2.105089e-02
-8.318105e-02
5.660651e-02
5.249357e-02
-1.184903e-02
-6.758180e-03
4.731485e-02
-4.743359e-02
-6.385522e-02
3.319402e-02
-3.483652e-02
-6.211730e-02
2.813863e-02
-1.350198e-01
9.323047e-02
4.165905e-02
-2.643142e-01
1.791140e-02
6.069548e-02
-2.755665e-01
-2.806684e-02
-4.608011e-02
9.193962e-02
-7.894916e-03
-1.104697e-02
6.849338e-02
-5.140950e-02
4.554555e-02
-2.009147e-01
4.355952e-02
1.494884e-01
-5.193842e-02
-5.326795e-02
-1.269248e-01
8.493178e-02
2.313648e-01
-4.143824e-02
-5.840308e-04
-3.119663e-02
3.619237e-02
-2.840094e-02
-4.173374e-02
-7.879368e-02
-9.607166e-02
-7.152046e-02
-3.125985e-02
-7.365333e-02
6.483728e-02
1.049137e-01
-3.447309e-01
1.582825e-01
-1.269504e-01
3.258034e-01
-1.827896e-01
-2.601716e-01
-6.664968e-02
-5.390390e-02
-4.664080e-02
8.047317e-02
-5.471009e-02
-1.216053e-02
2.111240e-01
4.734964e-02
-1.120355e-01
1.105227e-03
3.529473e-03
1.777372e-02
-1.920497e-02
8.934081e-02
1.776454e-01
3.408769e-01
-6.027920e-02
2.144298e-02
9.638947e-02
-6.161989e-02
2.747381e-02
2.291020e-01
4.201013e-01
-3.140247e-01
-4.636939e-01
-4.014183e-01
-4.182475e-02
-3.975260e-03
2.062254e-01
8.199301e-02
-2.047749e-01
1.261692e-01
9.970677e-02
4.606725e-01
6.764948e-02
1.219943e-01
6.526318e-02
1.492232e-01
1.495851e-01
9.218401e-02
1.392774e-02
-2.027029e-01
-2.507180e-02
-5.011565e-02
-1.152744e-01
7.032946e-02
1.881852e-02
1.671882e-01
-4.559065e-02
-1.315159e-01
-5.903529e-02
9.772196e-02
1.855245e-01
5.168215e-02
-5.566015e-03
2.712251e-02
1.479202e-03
2.915781e-03
1.094932e-03
2.122487e-03
-3.713838e-03
1.997329e-03
-1.337510e-03
4.945968e-04
-1.006872e-03
-1.260979e-01
-1.404751e-01
-6.444225e-02
-8.383710e-02
-1.344730e-01
-7.809758e-02
-2.362656e-03
-4.155549e-02
-5.436446e-02
9.659795e-02
6.849544e-02
2.369373e-02
7.767027e-02
5.177918e-02
4.574025e-02
-3.511145e-02
2.111536e-02
1.060690e-01
-2.575592e-01
-3.097213e-01
-1.846803e-01
-2.097781e-01
-2.794617e-01
-1.425260e-01
4.854560e-03
-1.854207e-01
-1.318125e-01
-4.851582e-02
-1.961205e-02
1.115943e-03
-1.534334e-02
-1.796476e-02
4.153320e-02
-2.804790e-02
-9.817061e-03
5.794045e-02
-1.145593e-01
-1.982449e-01
-1.014979e-01
1.071611e-01
-1.123296e-02
8.019479e-02
-3.696325e-02
-1.432525e-01
-7.103156e-02
1.189274e-02
5.786103e-02
5.615824e-03
-8.400631e-02
3.053970e-02
-3.370619e-02
-1.385199e-01
-1.115124e-01
-9.405903e-02
5.809278e-02
-1.384461e-01
-2.567222e-01
4.233702e-02
-1.393036e-01
-1.605880e-01
-1.855655e-01
-1.517345e-01
-4.522712e-02
-1.491217e-01
-2.265202e-01
-8.333063e-02
-1.515281e-01
-3.167467e-01
-1.751491e-01
-1.285145e-01
-3.364623e-01
-2.651339e-01
1.265751e-02
-1.429614e-01
4.453536e-02
9.211119e-03
1.059636e-02
-1.689990e-01
-1.528454e-02
1.031433e-01
-3.009436e-02
-3.480351e-02
-4.105910e-02
-1.180923e-01
2.721101e-02
-2.974293e-02
-1.909380e-01
3.504254e-02
-1.599208e-02
-1.355664e-01
5.078331e-02
8.820852e-03
5.312746e-02
-7.270179e-02
-2.874953e-02
7.269952e-03
-1.737591e-01
-8.052118e-02
-6.209721e-02
-1.039587e-01
5.945337e-02
6.014636e-02
-5.960374e-03
5.578466e-02
2.084982e-02
5.423306e-02
1.836078e-01
1.149720e-01
8.901159e-02
-1.819779e-02
2.478961e-02
1.878112e-01
1.387254e-01
1.495992e-02
2.457547e-02
7.987244e-02
1.181913e-01
6.030274e-02
6.862819e-02
6.150439e-02
8.217505e-03
2.452026e-02
-7.734956e-03
-4.494239e-02
-9.199756e-03
2.388902e-02
-3.084218e-02
1.854712e-02
-4.514198e-02
7.166948e-03
7.957743e-02
4.982413e-02
-4.993963e-02
-7.124673e-03
3.379802e-02
1.546435e-03
-4.587800e-04
5.957700e-04
-3.933418e-04
2.144574e-03
2.185045e-03
3.181910e-03
-1.792334e-03
-1.580828e-03
-7.798372e-02
-1.071031e-01
5.388005e-03
-4.656939e-02
-1.018555e-01
-5.876257e-03
-3.706043e-02
-1.327342e-01
-9.150588e-03
-3.129567e-02
-8.765666e-02
1.414723e-02
-2.372623e-02
3.036271e-02
3.733488e-02
6.790849e-03
-1.609004e-02
-7.818011e-03
3.825456e-02
5.490303e-02
-3.519869e-02
1.076073e-01
6.718937e-02
-6.523109e-02
1.843416e-01
1.079142e-01
-4.433342e-02
-7.051969e-02
1.994251e-02
1.251643e-02
-1.034788e-01
3.656850e-02
4.210413e-02
-9.044038e-02
3.972486e-02
6.258608e-02
4.918696e-03
-1.255080e-01
3.110917e-02
-1.330103e-02
-1.613919e-01
4.128548e-03
3.843484e-02
-1.071610e-01
6.462337e-02
1.210660e-02
1.996568e-02
-1.884808e-02
8.124170e-02
1.355760e-01
5.547908e-02
7.193670e-02
1.319296e-01
9.187747e-02
7.146596e-03
2.579960e-02
1.107803e-01
5.694944e-02
7.722289e-02
7.606891e-02
3.090827e-02
7.947897e-02
6.254967e-02
8.340517e-02
7.580113e-02
4.735674e-02
-1.263385e-02
3.624601e-03
2.625125e-03
-2.743702e-02
1.407675e-03
9.872663e-03
-9.937840e-02
-1.022964e-02
6.613168e-02
-1.600299e-03
-2.303830e-02
2.304506e-02
8.038267e-02
-2.482682e-02
-8.496442e-02
4.325228e-02
-5.111843e-02
-8.869740e-02
4.998313e-02
-4.357881e-02
-6.950116e-02
3.403104e-02
-7.023611e-02
-8.095960e-02
-1.862473e-01
-1.241898e-01
-6.183244e-02
-1.492086e-02
8.191449e-02
1.839791e-01
-4.192807e-02
1.264128e-01
1.887574e-01
1.665704e-01
9.221383e-02
4.582151e-02
1.946996e-01
1.049308e-01
3.539694e-03
1.524929e-01
-2.000594e-02
-7.652293e-02
4.410745e-02
7.477981e-02
1.679104e-01
-8.282740e-02
2.746667e-03
1.518479e-01
-1.015496e-01
1.971642e-02
8.097711e-02
4.366216e-02
8.094886e-02
1.257468e-01
9.604628e-02
1.515820e-01
1.846671e-01
4.582659e-02
1.951692e-01
2.301321e-01
-3.736043e-02
-8.079453e-03
-1.823858e-02
-3.329169e-02
-2.712658e-02
-4.472155e-02
-3.102737e-02
2.266223e-02
2.187390e-02
