6.572569e-02
-9.336423e-03
-3.034006e-02
4.717197e-02
2.129790e-02
1.185043e-03
8.870224e-03
-8.006058e-02
-7.928214e-02
-2.417081e-03
9.901173e-04
-3.207216e-03
-5.152449e-04
1.060008e-03
-1.957930e-03
-8.671239e-04
-1.228764e-03
-1.996594e-03
-1.669055e-01
-1.403594e-01
-1.143865e-01
-2.675935e-01
-2.753726e-01
-1.505240e-01
-1.814153e-01
-2.435119e-01
-2.001199e-01
1.487075e-02
4.856409e-02
4.444588e-02
4.284870e-04
5.972177e-02
2.942741e-03
7.599053e-02
1.036107e-01
2.942426e-02
9.525745e-03
3.715073e-02
-1.988373e-02
-1.075729e-02
-1.386439e-02
-9.920153e-03
8.074931e-02
5.452226e-02
-2.579140e-03
-1.546005e-01
-6.010977e-02
-9.360306e-02
-9.508621e-02
5.193477e-02
1.122841e-01
-5.183586e-02
2.607297e-02
9.684049e-02
-2.285252e-02
1.880261e-02
1.346082e-01
-1.684943e-02
7.832700e-02
1.027898e-01
-9.839447e-02
7.853960e-03
4.441309e-02
6.441798e-02
-1.373235e-02
-7.617836e-02
7.906412e-02
4.532356e-02
1.174113e-02
1.937339e-02
3.120179e-02
1.421484e-02
-1.669232e-03
1.044646e-05
-1.342387e-03
2.121311e-03
-4.679987e-03
-1.588720e-03
-1.976615e-06
-4.050320e-04
8.242730e-04
7.340083e-02
1.621492e-01
1.420895e-01
4.413229e-02
2.439568e-02
3.149453e-02
7.213292e-02
7.056057e-02
2.864910e-02
7.067087e-02
7.767112e-02
5.165276e-02
1.126957e-01
3.959180e-02
2.889416e-02
1.352658e-02
-2.501380e-02
1.837555e-02
-9.571663e-02
1.628553e-03
5.576530e-02
-1.246927e-01
-1.721190e-01
-1.526171e-01
-1.263878e-01
-1.725146e-01
-1.922009e-01
-1.456607e-01
-7.334244e-02
-3.161886e-02
-1.366902e-01
-1.674632e-01
-1.192925e-01
-1.113501e-01
-1.665253e-01
-1.639144e-01
8.686765e-02
7.992110e-02
9.652294e-02
3.338685e-02
4.886314e-02
5.756895e-02
-3.294959e-02
-1.452111e-02
3.331499e-02
-3.461856e-02
3.082888e-02
-2.812595e-03
1.712200e-02
3.902265e-02
8.227154e-02
1.700672e-02
2.152991e-02
5.413640e-02
4.722878e-02
4.334345e-02
8.333906e-02
8.464421e-02
9.242503e-02
1.191198e-01
3.862252e-02
4.756216e-02
3.793313e-02
6.129641e-02
8.654054e-02
1.051826e-03
8.460765e-02
7.510155e-02
4.137258e-02
5.809010e-02
8.445419e-02
1.343226e-02
3.881415e-03
-4.864162e-03
-1.942469e-03
2.224693e-03
2.362489e-03
-1.099999e-03
-1.485053e-03
-1.238619e-03
-1.367996e-03
-8.363453e-02
3.037911e-02
-5.667943e-02
-5.692465e-02
-5.624355e-02
-2.587760e-02
-4.782652e-02
-2.771037e-02
-7.166201e-02
-6.321368e-02
-5.264576e-02
-3.377795e-02
-1.026715e-01
-1.132613e-01
-3.835869e-02
-3.431214e-02
-1.585757e-02
-2.397146e-02
-6.711220e-02
-8.321565e-03
2.340478e-03
-6.691356e-02
-6.600217e-02
-1.245033e-01
-5.761469e-02
2.906667e-02
-1.316385e-02
-7.087216e-02
-1.507829e-01
-6.252258e-02
-1.280992e-01
-1.688260e-01
-1.345097e-01
-9.727956e-02
-9.713311e-02
-5.205097e-02
1.448972e-01
8.254530e-02
4.732389e-02
2.321148e-01
2.185077e-01
6.749725e-02
7.331787e-03
1.429944e-01
1.107873e-02
-7.620634e-02
-1.586715e-01
-5.414379e-02
-1.656052e-01
-2.196084e-01
-1.195808e-01
-1.058472e-01
-1.741073e-01
-6.081619e-02
3.664504e-03
3.505640e-04
-3.707350e-04
-1.604451e-03
-8.003861e-04
-8.631559e-04
1.753964e-03
1.546736e-03
-1.099186e-03
-2.707918e-02
-1.545519e-02
-3.804002e-02
7.468382e-02
3.368536e-02
-1.006243e-02
9.422810e-02
-2.997969e-03
-2.753401e-02
4.645322e-02
3.668762e-02
5.153531e-02
-6.455761e-02
-5.405141e-02
-1.396166e-02
3.096941e-02
1.535858e-02
1.248294e-02
-1.640393e-01
-1.207289e-01
-6.620111e-02
-2.265239e-01
-4.088453e-01
-3.017423e-01
-2.072566e-01
-2.888314e-01
-2.202669e-01
-1.026448e-01
-1.805446e-01
-6.358740e-02
-1.694039e-01
-2.715371e-01
-2.357416e-01
-9.247903e-02
-2.354278e-01
-2.059816e-01
-4.010073e-02
-4.488022e-02
2.607517e-02
-2.175335e-02
-1.060256e-02
-2.236219e-02
-4.521462e-02
-5.080864e-02
-7.031144e-02
1.834998e-01
4.115158e-02
-9.414589e-02
5.940391e-02
5.845024e-02
-4.361800e-02
9.522111e-02
7.622346e-02
7.060939e-02
1.036491e-02
-3.158285e-02
6.887071e-02
1.933107e-02
-1.763752e-02
9.726665e-03
-6.213741e-02
-9.847431e-02
-2.680979e-02
-4.808987e-02
7.004463e-03
-1.259008e-01
-2.345350e-02
3.320125e-02
9.332892e-02
1.183604e-01
9.972196e-02
7.137967e-02
4.884657e-03
-4.139765e-03
3.869471e-03
-2.666269e-03
1.823044e-04
-1.507945e-03
1.800019e-03
-1.522395e-03
-3.453510e-03
-1.818758e-02
-8.775364e-02
-4.607223e-02
-1.032727e-01
-5.995952e-02
-1.467491e-01
-1.088421e-01
-1.233939e-01
-1.159434e-01
6.691267e-02
2.807623e-02
-3.726646e-02
-1.966515e-02
2.108597e-02
-4.684670e-03
1.292677e-01
1.149038e-01
1.140467e-02
-2.146647e-02
-4.415653e-02
-3.736505e-02
-1.064144e-02
-3.310804e-02
-6.435873e-02
7.449283e-02
-3.874370e-02
-4.309444e-02
-1.775053e-02
7.740309e-02
-2.675987e-02
2.465280e-02
6.181366e-02
3.442062e-02
3.017738e-02
1.665932e-03
6.754763e-02
-5.285435e-02
1.769016e-02
4.522748e-02
-1.111490e-01
1.269339e-02
1.922348e-02
7.161855e-03
-3.216507e-02
-3.628995e-02
8.200255e-02
5.093898e-02
-3.381983e-02
9.816663e-02
1.215406e-01
1.122785e-01
-1.763121e-03
6.409334e-02
2.182310e-02
-3.985630e-03
4.331597e-04
-1.042130e-03
-1.096276e-03
-9.455491e-04
-4.823158e-04
-1.834609e-03
-1.371140e-03
9.713886e-04
-4.545843e-02
4.528296e-02
-2.826948e-02
1.215921e-01
1.390119e-01
1.474057e-01
2.976139e-01
2.343902e-01
1.332201e-01
-1.468764e-02
8.383729e-02
6.810275e-03
-3.587282e-02
9.630724e-02
3.522406e-02
-1.892209e-02
1.548041e-02
7.274590e-03
9.737970e-02
2.199748e-01
2.442690e-01
1.327925e-01
3.520202e-01
4.585675e-01
1.347882e-01
2.373350e-01
3.414880e-01
-3.454611e-02
2.676112e-01
5.036378e-02
1.114725e-01
2.371623e-01
1.672852e-01
1.823535e-01
1.264344e-01
-3.167600e-02
-5.999261e-02
-4.171149e-02
-2.302515e-02
-6.820057e-02
-1.752376e-02
-1.128888e-01
5.547944e-02
1.949195e-02
2.976719e-02
7.622710e-02
7.929027e-03
9.452371e-02
1.795900e-01
1.265308e-01
1.497762e-01
8.048274e-02
6.628709e-02
3.867689e-02
-3.512663e-02
9.347814e-02
-4.695521e-02
2.388114e-02
4.777938e-02
2.491954e-02
4.016346e-02
1.057191e-01
-2.839151e-02
-1.836141e-02
-9.629005e-02
2.092936e-02
-1.289647e-01
-1.656176e-01
-1.970970e-01
-9.314882e-02
-1.413890e-01
-5.993984e-02
3.096261e-03
2.051185e-04
8.858973e-04
6.730743e-04
2.994525e-03
7.633006e-04
-2.420857e-03
3.309577e-03
-1.467527e-03
-4.064577e-02
1.188103e-01
1.735427e-01
8.018262e-03
3.510039e-01
3.392633e-01
3.132441e-02
3.182788e-01
2.939634e-01
6.569384e-02
6.790932e-02
4.602499e-02
-7.781500e-03
-1.173581e-02
6.327308e-02
-2.955976e-02
-6.171127e-02
3.609514e-02
1.235965e-01
7.977888e-02
1.723097e-01
2.755608e-01
2.196916e-01
2.564072e-01
2.516101e-01
1.751648e-01
2.305989e-01
2.511961e-03
-1.570733e-02
-6.234308e-02
-2.816755e-03
-1.260983e-01
-1.489685e-01
-2.246489e-02
-1.059707e-01
-1.337816e-01
-6.038184e-02
-2.403485e-02
-9.516088e-02
-6.354605e-02
7.289140e-02
1.645122e-02
-4.615542e-02
8.137140e-02
1.063993e-01
-1.016232e-01
3.140696e-02
2.871541e-02
-8.968527e-02
3.318589e-02
-3.913777e-02
-5.143337e-02
-3.725920e-02
-5.165807e-02
1.674313e-03
-7.506888e-04
2.702725e-03
-1.942373e-03
-3.240761e-04
-1.921229e-04
-9.819396e-04
-2.724429e-03
1.051434e-04
3.812226e-03
-4.058059e-02
-3.641902e-02
-7.856568e-02
-9.248140e-02
-2.976067e-02
-3.047952e-02
-5.689250e-02
-2.648700e-02
-1.283201e-01
-7.274161e-02
-4.515972e-02
-1.427337e-01
-7.561243e-02
-1.338061e-02
2.394296e-02
1.370042e-01
6.182183e-02
-4.757191e-03
-5.251668e-02
-4.261213e-02
7.989256e-02
1.652635e-01
7.352772e-02
8.506720e-02
5.344762e-02
1.705803e-01
8.883027e-02
1.137521e-01
7.521815e-02
2.547474e-02
1.288818e-01
1.479404e-01
7.760249e-02
8.942088e-02
4.445219e-02
-8.254016e-03
-1.017646e-02
-2.108287e-02
4.951084e-03
-2.688634e-03
4.149174e-03
-1.320678e-01
-1.318036e-01
-1.602716e-01
-9.726869e-02
-6.589581e-02
1.620889e-02
-4.975380e-02
-7.286460e-02
-7.905994e-02
5.369077e-02
4.698317e-03
-2.490633e-02
8.292225e-02
1.335608e-01
1.976527e-01
-2.496640e-02
1.708162e-02
7.555091e-02
-3.827754e-02
-2.252704e-02
-4.646161e-02
1.088880e-03
5.561301e-02
3.209427e-02
-2.769539e-04
8.786201e-03
1.131799e-02
3.213273e-02
6.262294e-02
6.207944e-02
-2.383278e-03
-9.606352e-05
-1.945588e-03
-4.297646e-03
-1.572652e-03
-1.680096e-03
-1.334177e-04
1.481954e-03
-1.898388e-04
-8.270413e-02
4.431229e-02
8.083935e-02
-6.023917e-03
4.159146e-02
9.439928e-02
-3.769830e-02
4.771015e-02
4.129097e-02
5.634490e-03
-2.529829e-02
-1.565420e-02
-1.067313e-02
-3.926541e-02
-5.082506e-02
3.774507e-03
-3.351439e-02
-4.091118e-02
1.884560e-02
5.434369e-02
2.950031e-02
2.868442e-02
6.902947e-02
1.533747e-02
-5.803158e-03
1.345522e-02
8.010758e-03
8.363078e-02
-3.108495e-02
3.438191e-02
8.214376e-03
-3.378282e-02
8.140805e-03
3.040605e-02
-2.338321e-02
-3.135209e-02
1.058238e-01
2.158375e-02
-4.797976e-02
1.175851e-01
3.729183e-02
-2.123951e-02
4.511937e-02
-4.965738e-03
-4.641362e-02
-7.461028e-02
-1.992030e-02
-2.381864e-02
-5.287254e-03
-8.160101e-03
2.983999e-03
1.708948e-02
-1.380601e-02
-6.055282e-03
-1.041094e-03
3.749562e-04
2.207149e-03
2.647401e-03
1.667161e-03
1.363067e-03
-4.366174e-05
-4.309775e-04
3.641527e-04
-2.426229e-02
-4.692051e-02
-4.558201e-02
-2.116128e-02
1.506705e-02
-3.307094e-02
1.464497e-02
2.169889e-02
-1.322603e-02
-5.431509e-03
-1.229275e-02
-1.333942e-02
4.134879e-02
5.579763e-02
3.301278e-02
1.558389e-02
4.554015e-02
3.014840e-02
-2.750502e-02
-1.457749e-01
-5.741396e-02
-1.165764e-01
-1.161332e-03
9.707998e-02
1.116581e-02
1.212805e-01
1.044413e-02
-8.635585e-02
-1.503939e-02
5.280858e-02
4.789829e-03
2.577262e-02
-5.793915e-02
-5.555137e-03
-4.823531e-02
-1.367608e-01
3.382898e-02
3.101717e-02
3.032962e-02
1.428047e-02
8.110174e-03
1.130481e-02
-8.352219e-02
-1.066936e-01
-1.121875e-01
3.841371e-02
2.847230e-02
5.089892e-03
-6.190867e-02
-3.319778e-02
-4.407197e-02
-1.024766e-01
-9.509803e-02
-8.096334e-02
-2.710018e-02
-4.032520e-02
-3.767991e-03
-9.991463e-03
-3.653528e-03
2.778965e-02
-6.773294e-04
-3.538461e-03
-3.391308e-02
3.740602e-02
-1.211292e-03
6.205583e-04
9.322786e-03
2.090476e-02
2.833872e-02
1.674120e-02
-3.479040e-03
4.648732e-02
7.124204e-04
-3.519248e-03
-2.107905e-04
-2.669460e-03
1.237505e-03
4.346894e-04
1.096717e-03
-6.444345e-04
-1.113038e-03
-7.878786e-02
-7.258599e-02
-8.164132e-02
-5.074954e-02
-7.932947e-02
-1.068093e-02
-9.334694e-03
-7.891689e-02
-4.647377e-03
1.150718e-01
1.019141e-01
8.101007e-02
8.346951e-02
2.650836e-02
-2.127808e-02
3.908253e-02
4.591664e-02
-1.213208e-02
-5.805842e-03
-6.215902e-02
-5.473590e-02
2.539212e-02
-4.427339e-02
-5.548877e-02
-2.330012e-02
-7.729664e-02
-8.437302e-02
2.432711e-02
-1.876319e-03
-4.335911e-02
1.676451e-02
-2.098597e-02
-2.810539e-02
-1.029089e-01
-8.928197e-02
-3.606933e-02
-7.229038e-02
-1.448329e-02
-7.782938e-02
-1.295837e-01
-6.097500e-02
-5.810496e-02
-8.365829e-02
-4.760128e-02
-2.514617e-02
3.082995e-02
-7.170377e-03
-2.812921e-02
4.188577e-03
-3.160866e-02
1.892667e-03
-4.086361e-02
-6.281646e-02
-8.027402e-02
-1.152674e-03
-3.099716e-04
3.669065e-05
1.085950e-03
-1.157269e-03
-2.665607e-03
-1.057585e-03
4.359762e-04
1.155967e-03
3.059593e-02
3.641195e-02
5.223640e-02
5.398231e-02
9.832384e-02
8.032067e-02
3.726960e-03
5.352316e-02
4.991557e-02
3.655316e-02
7.705617e-02
-8.190244e-03
9.349643e-02
1.507330e-01
1.147043e-01
1.751120e-01
1.880109e-01
9.786233e-02
-8.634397e-02
-7.764954e-02
-2.893156e-03
-7.542173e-02
2.696658e-02
-1.149819e-02
2.012804e-02
4.890837e-03
-5.306051e-02
-1.530204e-02
6.184470e-03
4.842829e-02
-3.997182e-02
-4.943259e-02
4.448622e-02
-7.037096e-02
-5.034152e-02
-4.896271e-02
7.748840e-02
1.175842e-01
8.195928e-02
1.359666e-01
1.881488e-01
2.142580e-01
2.714831e-02
5.022493e-02
5.864591e-02
3.379146e-02
1.726948e-02
-3.453500e-02
9.518300e-02
9.027325e-02
4.235698e-02
1.224861e-01
5.265414e-02
4.209661e-02
1.292528e-01
2.023040e-01
2.006393e-01
1.709326e-01
2.308648e-01
2.300784e-01
3.878634e-02
8.087377e-02
1.135593e-01
-8.198025e-02
-5.521210e-02
8.028359e-03
-1.342094e-02
-2.885194e-02
-9.733400e-02
-9.159003e-03
-1.332572e-02
3.381998e-03
-3.186494e-03
1.673599e-03
3.224149e-03
6.337410e-04
1.284759e-04
3.445329e-04
-1.569431e-03
-4.645302e-04
2.671374e-03
-3.191772e-02
-2.754750e-02
-1.471905e-03
-9.004536e-02
-4.162954e-02
-6.925514e-02
-1.023336e-01
-2.537029e-03
1.290521e-02
6.584415e-02
7.585783e-02
-4.935344e-03
1.836090e-02
-1.279019e-02
-1.125179e-01
2.758720e-02
8.049392e-02
4.694600e-02
1.226807e-01
1.538235e-01
1.129682e-01
1.512967e-01
8.346585e-02
8.899269e-02
1.096919e-01
1.184181e-01
1.105366e-01
-8.888156e-02
-5.627694e-02
-2.697638e-02
-1.847730e-01
-5.167456e-02
1.820190e-02
-2.528248e-01
-7.768333e-02
-1.005208e-01
-1.179750e-01
-4.296772e-02
-1.231204e-01
-7.978123e-02
4.497868e-02
-8.496497e-02
-6.570206e-02
1.213156e-01
6.968504e-02
-1.630693e-01
-2.021099e-01
-2.125082e-01
-7.461232e-02
-1.500284e-01
-2.100851e-01
8.905473e-02
-1.997133e-03
-2.984224e-02
1.131813e-03
5.279468e-04
5.196234e-06
-1.402318e-05
1.609369e-03
1.617949e-03
3.624799e-04
-2.554608e-03
2.113480e-03
-1.197206e-02
-3.594490e-02
-7.006315e-02
-8.725097e-02
-3.610514e-02
-4.271862e-02
-1.651184e-03
2.616284e-02
5.129981e-02
-1.794806e-02
1.172151e-02
3.984478e-02
3.627682e-02
-1.388407e-02
3.384922e-02
-5.839744e-02
-5.137588e-02
-1.377943e-02
-3.035965e-02
-1.048213e-01
-6.650846e-02
-2.568507e-02
-1.365944e-01
-1.096378e-01
-3.848728e-02
-3.169798e-02
-1.066848e-01
-1.261701e-03
-8.836722e-02
-1.210222e-01
-6.154328e-02
-2.241687e-01
-1.799357e-01
-9.280955e-02
-2.227831e-01
-1.394511e-01
1.518344e-02
-4.069048e-04
-3.141636e-02
-1.123758e-01
-1.151262e-01
-1.295302e-01
-2.096847e-01
-2.178682e-01
-2.267143e-01
-1.021857e-01
-9.014992e-02
-7.843012e-02
3.461546e-02
4.318216e-02
6.977212e-02
-6.886649e-02
-4.938929e-02
-2.921277e-02
-1.807026e-02
-3.644664e-02
-1.940089e-02
-1.259870e-01
-1.030946e-01
-9.120160e-02
-9.632424e-02
-1.390408e-01
-1.740315e-01
7.675450e-02
-7.703064e-02
4.871357e-02
-9.642816e-03
2.106362e-01
2.314703e-02
1.251016e-01
-4.941234e-02
1.126134e-01
-7.084345e-03
-2.372922e-03
2.416065e-03
-3.748280e-03
2.223068e-03
1.854065e-03
-2.056461e-03
-1.178615e-03
3.278068e-03
-3.056744e-02
1.843816e-01
-2.977889e-02
4.827040e-02
2.537518e-01
4.304525e-02
1.369156e-01
1.260438e-01
2.827541e-02
2.815468e-02
1.142958e-01
6.641667e-02
-1.846819e-02
-9.470733e-04
-7.499237e-02
4.397324e-02
-1.489547e-02
1.018868e-02
-1.022368e-01
-1.163080e-01
2.284946e-01
1.446135e-01
-1.244828e-01
1.994523e-01
8.398566e-02
-1.077857e-01
8.505227e-02
1.268848e-01
3.125673e-01
3.710711e-02
3.271653e-02
6.386542e-02
-6.974776e-02
-8.380952e-02
5.080511e-02
-1.387444e-01
5.595240e-02
-3.195487e-02
7.806139e-02
2.016305e-01
8.046851e-02
3.240670e-02
2.717897e-02
1.503678e-01
1.837749e-01
-1.658542e-02
-2.410852e-02
1.787470e-02
1.716561e-02
8.939885e-02
1.135889e-01
1.409018e-01
1.090011e-01
1.498216e-01
-7.373556e-04
-1.788625e-03
2.586646e-03
6.248223e-04
1.668239e-03
7.189016e-04
-3.906638e-03
-7.033949e-04
3.016054e-04
-3.715258e-02
6.058222e-02
-1.641488e-02
-1.773328e-01
3.376171e-03
5.025573e-02
8.894826e-02
4.958224e-02
-8.296017e-02
2.798374e-03
7.458358e-02
-2.130456e-02
-1.103655e-01
-7.822859e-02
8.372702e-02
5.746036e-02
1.224387e-02
1.176423e-01
-1.570844e-01
2.505347e-02
-8.850986e-02
1.489990e-01
-2.212053e-02
-2.632504e-02
-1.525209e-01
6.409869e-02
-2.612167e-01
-6.922828e-02
-1.472697e-01
-3.660859e-02
-3.858700e-02
-2.681046e-01
-1.484663e-01
-1.658874e-01
-6.002386e-02
-1.607093e-01
-6.369711e-02
-1.625703e-02
-1.902951e-02
3.974429e-02
-6.171684e-02
-7.837491e-02
-5.356599e-02
2.646726e-03
1.265858e-02
-2.617205e-02
-4.670494e-02
3.946228e-02
2.543515e-02
2.670732e-02
5.933137e-02
2.222771e-02
-2.115783e-02
-1.064375e-01
9.605014e-02
6.745477e-02
6.288454e-03
5.835581e-02
1.181631e-01
8.577152e-02
9.747483e-03
-3.350715e-02
-5.708953e-02
5.038872e-02
5.638759e-02
1.171404e-01
-1.028912e-01
1.694247e-02
-5.279207e-02
-5.716645e-02
-1.051589e-01
-1.022350e-01
1.406448e-04
7.163503e-04
-4.337798e-04
-5.744497e-05
9.448919e-04
9.808765e-04
1.692360e-03
-4.934221e-03
5.686093e-04
-2.731389e-02
-1.477095e-01
1.606418e-01
-7.570045e-04
-1.778753e-01
7.043121e-02
1.008775e-01
-6.481398e-02
6.780173e-02
1.287150e-01
6.570798e-02
-8.575924e-02
9.633160e-02
1.342191e-02
-1.534155e-01
3.481470e-02
-5.632907e-02
-1.148112e-01
2.711190e-02
-2.469638e-01
-1.376408e-02
2.097527e-01
-1.688683e-02
4.606412e-02
-2.909738e-02
-1.059316e-01
2.915843e-02
4.553850e-02
5.586356e-02
-5.574643e-02
4.841370e-03
-2.910060e-02
-1.212892e-01
-7.578495e-02
-6.710377e-02
-1.107630e-01
-5.219596e-02
7.612019e-02
-5.380558e-02
-1.982804e-02
-7.474532e-03
1.751246e-02
5.557808e-02
3.939163e-02
-1.668971e-02
6.028692e-02
-5.390207e-02
-3.096711e-02
-2.992956e-02
5.534403e-03
-1.033577e-02
-8.022661e-03
3.868448e-02
3.922788e-02
1.667008e-03
-1.043926e-04
2.152185e-04
5.981517e-04
-1.396118e-04
-9.555697e-04
9.456911e-04
-8.027607e-04
1.919139e-03
1.187247e-01
-1.176168e-01
-6.690362e-02
-1.151791e-01
-2.144853e-01
-2.474861e-01
-4.412268e-02
-1.119155e-01
-8.065063e-03
7.106776e-02
6.677049e-02
1.992519e-02
2.005847e-01
2.266017e-01
-1.050586e-01
3.027477e-01
1.281095e-01
-2.260004e-01
2.015963e-01
-9.468898e-02
-9.793609e-02
-6.128089e-02
9.362700e-02
-2.776980e-01
-9.304383e-02
7.038058e-02
7.300325e-02
-2.687092e-02
-1.317075e-01
-1.138879e-01
7.002384e-02
2.941967e-02
-4.173187e-02
-9.034195e-02
5.524527e-02
3.242836e-02
1.184849e-01
8.765657e-02
4.785241e-02
1.468935e-01
7.876129e-02
7.407464e-02
7.954031e-02
5.799477e-02
1.703198e-02
-7.283499e-03
1.355406e-01
6.904765e-02
-2.838992e-02
7.779475e-02
4.065486e-02
1.857109e-02
4.939681e-02
2.184684e-02
2.689370e-02
3.947973e-02
-9.498897e-02
-2.376072e-02
-2.103789e-02
-7.550193e-02
-1.479251e-01
-8.969133e-02
-8.935997e-02
-7.357766e-02
-3.151172e-02
-6.252220e-02
-8.364557e-02
2.360775e-02
-1.261211e-02
-3.690920e-02
-9.302724e-03
4.401262e-02
1.133178e-03
2.480045e-03
1.289611e-03
2.612365e-04
-1.594889e-03
7.394754e-04
6.951974e-04
-7.177227e-04
-1.162292e-04
-1.549712e-02
-1.107072e-01
-5.775848e-03
-8.063362e-02
-1.525689e-01
-4.336198e-02
-6.035697e-02
-2.771305e-02
4.064853e-02
-7.619552e-02
-7.243736e-02
1.420970e-02
-3.193403e-03
5.265573e-03
1.892482e-02
5.183534e-02
1.825156e-02
1.117737e-02
3.329304e-02
4.823720e-02
4.130220e-02
4.230285e-02
4.418450e-02
-1.505896e-02
1.411909e-01
8.930488e-02
1.354077e-01
1.624301e-02
-3.740947e-03
-4.338716e-02
1.233474e-02
-3.786390e-03
-4.782291e-02
-1.595186e-02
-7.617743e-02
-7.501388e-02
8.037186e-02
9.489081e-02
2.429727e-02
6.292012e-02
5.781535e-02
-3.648565e-02
9.049688e-02
1.238369e-01
1.769934e-02
1.418702e-01
1.713926e-01
1.563438e-01
9.299473e-02
6.128697e-02
7.261779e-02
9.418641e-02
1.109525e-01
6.494661e-02
9.458582e-05
-4.442237e-03
1.037948e-03
-2.353959e-03
3.542131e-04
-8.217217e-04
-2.680261e-04
2.434416e-03
-1.010539e-03
-8.462043e-02
-5.563683e-02
-5.888306e-03
-8.295935e-02
1.636366e-03
-1.175460e-02
2.837758e-02
3.774306e-02
2.624482e-02
1.484688e-01
1.397959e-01
8.675021e-02
5.484052e-02
1.875971e-02
-1.441055e-02
-1.058405e-01
-9.492256e-02
-7.625981e-02
-2.668254e-01
-1.771888e-01
1.800174e-02
-1.252496e-01
-2.598794e-02
1.037528e-01
-1.804821e-02
5.997233e-02
5.432598e-02
-2.823400e-03
5.007898e-02
2.299144e-02
5.800484e-03
4.870833e-02
7.175539e-02
3.000896e-02
-4.994019e-02
-1.267085e-01
-4.410511e-02
-2.958366e-02
-8.020019e-03
-9.637838e-03
-2.230381e-03
2.472588e-02
6.913234e-02
6.661449e-02
6.660639e-02
-9.008151e-03
-2.574637e-02
-2.268799e-02
5.254477e-02
9.983946e-03
1.691114e-02
-8.523211e-02
-6.542415e-02
-7.784882e-02
-1.011222e-01
-1.338332e-01
-1.369249e-01
3.707143e-02
5.629955e-02
2.314430e-02
1.722764e-01
1.908997e-01
1.291743e-01
8.601841e-02
5.191190e-02
1.293295e-01
5.245807e-02
1.593909e-01
1.455608e-01
-1.737004e-02
6.562431e-02
9.394766e-02
1.658302e-04
-2.200534e-03
2.827809e-03
8.863822e-04
2.075073e-04
-4.217185e-04
-1.237642e-04
-2.535477e-03
2.760709e-03
-7.264286e-02
-1.240022e-01
-5.678010e-02
-1.188355e-01
-6.333230e-02
-5.276758e-02
-1.460538e-01
-6.326672e-02
4.705922e-02
5.729127e-02
6.234296e-02
9.805007e-02
4.189417e-02
2.560772e-02
9.690763e-03
8.765481e-02
9.569995e-02
1.506490e-01
1.450049e-02
1.041784e-01
2.857587e-02
-3.142298e-02
1.087936e-01
-1.623789e-02
6.766879e-02
1.438536e-01
8.294019e-02
7.369588e-02
1.044948e-01
4.129304e-02
9.462284e-02
9.570824e-02
6.853780e-02
5.077225e-02
4.011630e-02
9.919280e-03
-1.540048e-01
-1.942509e-01
-2.283482e-01
-2.211528e-01
-2.576132e-01
-2.150615e-01
-1.458652e-01
-1.788469e-01
-1.570566e-01
1.767648e-02
4.951857e-02
1.256798e-01
-3.135575e-03
1.145757e-01
1.671863e-01
2.605050e-02
6.342688e-02
9.810740e-02
-3.772115e-04
2.337889e-03
1.148586e-03
1.201552e-04
-5.068172e-05
-1.154421e-03
-2.410890e-03
-2.569686e-04
-2.758285e-03
-7.006697e-03
3.381240e-02
2.117297e-02
-1.488403e-02
1.072628e-01
1.349426e-01
4.054822e-02
9.366032e-02
2.583683e-02
-1.616123e-01
-1.879002e-01
-9.510955e-02
-1.046706e-01
-1.516625e-01
-1.571772e-02
-1.800217e-02
1.559229e-02
4.302581e-02
3.695121e-02
5.567911e-02
8.018578e-02
8.863527e-02
9.136970e-02
1.573182e-01
1.459596e-01
2.400241e-01
9.110159e-02
9.386098e-02
1.082210e-01
7.269321e-02
9.559856e-02
2.483149e-01
1.920324e-01
5.299067e-02
1.992334e-01
1.904868e-01
6.725114e-02
4.830654e-02
5.906722e-02
9.744742e-03
1.122307e-02
5.707222e-02
-1.037668e-01
-4.485364e-02
3.352749e-02
-1.760209e-01
-1.709471e-01
-6.337061e-02
-1.347355e-01
-1.243779e-01
-4.631772e-02
-1.574243e-01
-1.131322e-01
-2.495994e-02
-4.580480e-02
-1.002441e-01
-1.453444e-01
-1.746707e-01
-1.966423e-01
-1.560967e-01
-1.211398e-01
-1.472597e-01
-8.393727e-02
-3.007525e-02
4.316371e-02
9.919570e-03
-4.568720e-02
5.607780e-02
6.097251e-03
-1.143645e-02
1.441794e-02
4.692411e-02
-1.259465e-03
-1.026724e-03
-5.641381e-05
2.463751e-03
3.406530e-03
-2.700910e-04
-1.551290e-03
-5.107212e-04
3.375240e-04
-6.458126e-02
-1.612035e-02
6.110055e-02
-4.072649e-02
-3.801315e-02
4.526467e-02
-6.077333e-02
-5.544144e-02
-4.882323e-02
2.701163e-02
-4.442202e-02
-1.742886e-02
-1.136420e-01
-1.698643e-01
-1.644501e-01
-1.053176e-01
-1.619984e-01
-1.409296e-01
6.978439e-02
5.519419e-02
3.570807e-02
8.461231e-02
1.537930e-01
1.174449e-01
1.282004e-01
2.738256e-01
2.031363e-01
-8.436036e-02
-4.063572e-02
1.465234e-02
-1.092638e-01
-5.188119e-02
7.225849e-02
-1.055959e-01
-3.617568e-02
7.319158e-02
1.940832e-02
-1.134488e-01
-8.758759e-02
4.227409e-02
-3.428205e-02
-7.513674e-02
3.921202e-02
-7.042346e-02
-1.305114e-01
-4.735133e-02
-1.167903e-01
-1.201602e-01
-7.874926e-02
-1.258049e-01
-1.382117e-01
-6.746216e-02
-8.336230e-02
-1.705639e-02
-3.258437e-03
8.110567e-05
-3.247528e-03
-1.072010e-03
-4.986255e-03
1.126574e-03
-1.316167e-03
-1.169648e-03
8.143677e-05
1.463220e-02
2.353325e-03
6.138517e-02
7.488863e-04
-1.279318e-02
-6.605320e-03
-2.101723e-02
-3.499499e-02
-1.737368e-03
-3.091717e-02
-1.092918e-01
-3.828486e-02
-1.957401e-02
-2.543311e-02
-9.692267e-02
-3.075743e-02
-8.033567e-02
-4.874091e-02
3.990851e-02
-7.408271e-02
-1.565485e-01
-5.186439e-02
-8.392080e-02
-1.155514e-01
-8.432088e-02
-6.386616e-02
-2.002667e-02
3.712961e-02
1.900097e-02
-5.194687e-02
-7.437714e-02
-8.473564e-02
-8.434463e-02
-1.200054e-01
-1.908801e-01
-9.188126e-02
-2.005786e-02
-2.479882e-03
4.444303e-02
-5.778625e-02
-3.307517e-02
-4.427327e-02
-9.469340e-02
-1.128514e-01
-9.645799e-02
1.311668e-02
-1.001169e-01
-9.765851e-02
-4.313091e-02
-1.018235e-01
-1.341937e-01
-3.952976e-02
-8.636060e-02
-1.033281e-01
4.007271e-04
8.978874e-03
2.945362e-02
5.785915e-02
6.220759e-02
7.391080e-02
5.804783e-03
-1.222671e-02
-4.872424e-02
-2.986040e-02
-6.323648e-02
2.653121e-02
-5.818767e-02
-6.208353e-02
-4.391651e-02
-5.961993e-02
-6.582907e-02
-5.800943e-02
1.435869e-03
-4.222371e-04
9.463489e-04
2.759272e-04
1.448602e-03
-2.241255e-03
-9.059425e-04
-1.800173e-04
1.409908e-03
-3.801132e-02
-7.286645e-02
-1.385096e-01
1.220909e-02
-5.098690e-02
-7.439167e-02
1.974391e-03
9.509875e-02
7.993080e-02
-3.563607e-04
6.776098e-02
4.514721e-02
5.808626e-02
5.188224e-02
5.392536e-02
2.250457e-02
2.043705e-02
1.521842e-03
-2.917854e-02
-7.302549e-02
-2.467210e-03
1.212034e-01
5.027229e-02
6.289741e-02
8.792909e-02
7.821728e-02
5.422176e-02
8.706899e-02
8.404793e-02
4.608626e-02
9.444340e-02
-2.144146e-02
8.854058e-03
1.856798e-02
-4.754606e-02
-4.440583e-02
9.103053e-02
3.446180e-02
-1.446217e-04
2.336353e-02
-2.920854e-02
-3.023598e-02
4.573787e-02
2.301933e-02
-8.632732e-02
-1.440117e-03
-8.921945e-03
3.161563e-02
-1.075143e-01
-1.067344e-01
-6.347900e-02
-6.896745e-02
-5.333518e-02
-8.793870e-02
2.231789e-03
3.739558e-03
9.284868e-04
8.023355e-04
3.790235e-04
1.078750e-03
-5.779835e-03
1.747926e-03
-9.460659e-04
-1.492462e-01
-8.978369e-02
-7.193665e-02
-7.671285e-02
-1.081762e-01
-1.431450e-01
-4.993602e-02
-6.092812e-02
-1.189198e-01
-1.009283e-01
-1.009183e-01
-5.269393e-02
-2.792438e-02
-3.062563e-02
-3.567134e-02
-1.702617e-03
-3.762445e-02
-5.365988e-02
-1.920957e-01
-2.594192e-01
-2.847215e-01
1.016090e-02
-1.121349e-01
-1.353654e-01
5.834596e-03
-1.051251e-02
-1.053141e-01
-5.617172e-02
-2.213387e-01
-1.127928e-01
-1.593390e-02
-7.317565e-02
-1.195961e-01
-2.275219e-02
-4.575288e-02
-4.275582e-02
-4.039268e-02
-7.601842e-02
-9.383467e-02
1.712351e-02
3.107914e-02
2.205518e-02
7.025852e-02
7.778598e-02
7.368977e-02
9.857970e-02
8.569952e-02
2.727348e-02
4.697391e-02
1.047485e-01
5.409029e-02
3.368499e-02
6.304447e-02
2.240564e-02
1.135831e-01
5.593207e-02
1.436198e-02
7.998235e-02
1.086539e-01
9.685156e-02
4.030059e-02
6.992986e-02
2.360740e-02
8.351836e-02
-1.081065e-01
1.901232e-01
-6.706391e-02
9.973255e-02
-1.237817e-01
-6.072227e-02
-4.061159e-02
8.322503e-02
-1.998846e-03
-2.683980e-04
-2.583901e-03
-1.208052e-04
1.071464e-03
6.253128e-04
7.602088e-04
-6.661664e-04
1.933962e-03
-7.415655e-02
-2.938633e-02
-1.283043e-01
-2.983827e-02
1.642794e-01
-1.012138e-01
-8.106709e-02
-3.943110e-02
8.769183e-02
3.204818e-02
4.306233e-02
-4.470158e-02
1.570663e-02
-1.882085e-02
-3.539273e-02
-1.619965e-02
4.771253e-02
6.941365e-02
-1.154562e-02
8.740716e-02
9.530973e-02
3.653643e-02
1.253413e-01
5.387505e-02
6.228542e-02
-2.436506e-02
-6.293529e-02
5.479607e-02
-1.154991e-01
-1.906278e-01
-1.834324e-02
-3.272682e-02
-6.560224e-02
-8.572529e-02
-4.206628e-02
-7.902237e-02
-1.010859e-01
5.418774e-02
7.844656e-02
-2.966677e-04
-2.410738e-02
8.367245e-02
-4.052902e-02
-2.510467e-02
9.417980e-02
6.314702e-02
1.379752e-02
1.147225e-01
-6.312039e-02
-2.728323e-02
-1.961624e-02
-1.006081e-02
4.017483e-02
2.549434e-02
2.200081e-03
2.124568e-03
-6.757401e-04
8.327066e-04
-2.782574e-03
2.149002e-04
-1.934292e-03
3.192106e-03
1.331813e-04
2.371696e-01
2.591390e-02
-2.743238e-02
1.506653e-02
1.353596e-01
-4.487623e-02
-6.178217e-02
5.169571e-02
1.507688e-01
7.672785e-03
2.062266e-02
-8.680997e-02
1.509431e-02
1.011405e-01
5.458129e-02
-2.481238e-02
4.012651e-02
-7.681762e-02
9.222117e-02
7.778712e-02
5.647027e-02
1.689873e-01
9.036811e-02
2.952559e-02
8.055822e-02
-3.725152e-02
-5.181186e-02
5.858300e-03
4.687858e-02
3.286714e-02
-1.299357e-01
-2.456277e-01
4.313958e-02
-1.670032e-01
-3.884400e-02
-1.253714e-01
-1.239189e-01
-8.293798e-02
-1.768983e-01
-2.288159e-02
-8.239755e-02
-2.170152e-02
-8.788220e-02
3.093500e-03
-7.682270e-02
-1.062466e-02
1.379633e-02
-1.123406e-02
8.541417e-03
5.668055e-02
8.023158e-03
2.890162e-02
3.061476e-03
-1.508813e-04
5.331731e-02
-2.182510e-02
1.531750e-02
3.089094e-02
9.078591e-02
1.987481e-02
-1.179402e-01
-1.114193e-01
5.989760e-02
2.250022e-03
1.156163e-01
9.466691e-02
1.408090e-01
1.210455e-01
9.724581e-02
5.874053e-02
1.104338e-01
1.009119e-01
6.611041e-04
-1.186497e-03
2.757779e-03
1.544466e-03
-9.838841e-04
1.662615e-03
-1.297037e-03
-8.139171e-05
6.019365e-04
-5.905692e-02
-2.449705e-01
-1.633118e-01
-1.350335e-01
-3.031363e-01
-2.394736e-01
-8.039988e-02
-2.986850e-01
-1.686521e-01
9.655106e-02
1.037071e-01
7.455198e-02
1.290859e-01
1.651484e-01
5.565044e-02
8.068288e-02
1.151127e-01
7.200252e-02
-7.825566e-03
-6.654158e-02
-8.461519e-02
-1.883412e-01
-1.474268e-01
-1.225145e-01
-5.283452e-02
-2.659629e-02
2.880777e-02
-4.235453e-02
-9.023952e-03
-5.601361e-03
-9.257968e-02
-4.967095e-02
-4.856148e-02
-3.512158e-02
-9.131341e-02
-5.019586e-02
-1.171024e-01
-1.051531e-01
-1.243483e-01
-1.478664e-01
-1.454255e-01
-1.668827e-01
-5.397956e-02
-1.293601e-01
-1.169540e-01
1.594063e-01
4.346924e-02
-4.824913e-02
1.143933e-01
-1.292605e-02
-8.120403e-02
2.589342e-02
-7.180347e-02
-9.210562e-02
-1.778314e-03
1.742549e-03
7.321293e-04
5.037168e-04
-1.171279e-03
2.004391e-03
3.888891e-04
-2.995990e-05
6.307859e-04
2.145331e-02
-2.818040e-02
-3.106233e-02
-1.184820e-02
3.467009e-02
-3.002638e-02
-4.508759e-03
-1.497371e-02
-1.280455e-02
7.900140e-02
4.172026e-02
2.184891e-02
7.937256e-02
5.128011e-02
2.725030e-02
3.639716e-03
1.586829e-02
-1.448207e-02
5.428297e-02
1.123921e-01
9.504499e-02
2.451179e-02
-3.855076e-02
-2.556818e-02
8.765896e-02
4.749312e-02
-3.331719e-02
1.980650e-02
-1.726112e-02
-1.900756e-02
-6.510789e-02
-9.982943e-02
-1.619480e-01
-1.390868e-01
-9.296947e-02
-8.938384e-02
6.586292e-02
6.061962e-02
3.241580e-02
7.917252e-02
6.963014e-02
1.003053e-01
-5.024259e-03
2.474289e-02
2.362680e-02
1.038546e-01
9.918832e-02
1.521833e-01
4.330721e-02
1.013860e-01
1.454746e-01
-1.218121e-01
-7.767593e-02
4.114326e-03
6.766918e-02
4.138615e-02
-1.910128e-02
1.472755e-01
1.763578e-01
1.137765e-01
3.300918e-02
1.346063e-01
1.102803e-01
-8.173404e-02
-2.199184e-02
-7.653929e-03
3.902512e-02
-2.858171e-02
2.739022e-02
7.041045e-02
-9.755055e-03
3.640310e-02
-2.582008e-03
-8.272830e-04
-3.113519e-03
-3.837467e-04
-1.485294e-03
8.541922e-04
-9.223763e-04
4.731685e-04
1.460605e-03
-9.149283e-02
-1.796053e-02
-8.507187e-03
-3.174221e-02
-4.403614e-02
9.813904e-02
1.016182e-01
1.857331e-02
1.613028e-01
-6.218873e-02
-3.522024e-02
-1.335434e-02
2.065460e-01
1.986857e-01
8.013261e-02
1.841099e-01
1.809596e-01
6.704625e-02
-4.436182e-02
1.056443e-03
-2.062014e-02
-3.004566e-02
2.422619e-02
-1.318445e-01
4.581639e-02
1.202572e-02
-7.444675e-02
2.954296e-02
1.371948e-01
9.057609e-02
3.785637e-02
1.046283e-01
8.708259e-02
-3.630565e-02
2.685870e-02
-3.096656e-02
-1.605368e-02
4.412561e-02
-1.435541e-01
1.085270e-01
1.604507e-01
7.080441e-02
1.035316e-01
1.738123e-01
2.932858e-02
8.543027e-02
1.209661e-01
6.529234e-02
1.486973e-01
2.122497e-01
1.276633e-01
6.441519e-02
1.107237e-01
5.227694e-02
-4.443875e-03
2.456795e-03
-5.857596e-04
-4.071917e-03
1.255612e-03
3.174220e-03
-8.850130e-04
1.410658e-03
-8.236014e-05
2.534419e-02
3.203088e-02
8.071022e-02
7.726926e-02
1.337599e-01
1.972668e-01
1.164464e-01
1.459614e-01
9.105993e-02
-1.337334e-02
-3.870255e-02
-2.856091e-02
-1.074015e-01
-1.022433e-01
-1.449384e-01
-5.553276e-02
-1.281627e-01
-1.367489e-01
4.148814e-02
8.191586e-02
6.968226e-02
1.414731e-01
1.162649e-01
1.274472e-01
1.914559e-01
1.098205e-01
6.288414e-02
-3.697301e-02
-7.470418e-02
3.671343e-03
5.212116e-02
6.114239e-02
9.112842e-02
6.447358e-02
1.220362e-01
7.371072e-02
-3.556231e-02
-4.086515e-02
-6.243664e-02
-3.370324e-03
-6.571644e-03
-2.067451e-02
5.323053e-02
4.824807e-02
3.175762e-02
1.293347e-01
6.959381e-02
-3.701614e-02
2.232516e-01
1.654718e-01
7.711966e-02
1.434450e-01
7.487960e-02
-1.444468e-02
2.863505e-02
1.515105e-02
-4.842019e-02
5.406465e-02
7.218884e-02
-1.241948e-02
3.182223e-02
3.837955e-02
5.247186e-03
