3.186765e-02
7.984263e-02
8.961239e-02
9.002182e-02
5.453818e-02
-3.255696e-02
2.753451e-02
2.901592e-02
-4.152843e-02
4.928232e-02
-9.890879e-03
5.648925e-02
-2.951760e-02
-7.180522e-02
-9.067541e-03
4.735842e-02
-5.432807e-02
-7.771122e-02
-2.864524e-01
-3.202137e-02
2.406324e-02
7.954203e-02
3.191534e-01
3.385812e-02
7.078900e-02
-1.049908e-01
-3.070285e-01
7.987504e-02
8.104096e-02
3.278663e-02
3.805261e-02
-1.733580e-02
-9.103472e-02
-5.778985e-02
-1.031822e-01
-1.743120e-01
-2.382572e-01
-1.113496e-02
1.989953e-01
2.494090e-02
2.102171e-01
1.435623e-01
1.417682e-01
7.605241e-02
-1.354971e-01
-2.829450e-02
-1.490679e-01
-8.460636e-02
-1.476435e-01
-1.250755e-01
-2.332361e-02
-1.112563e-01
-2.327145e-02
3.338583e-02
-4.795471e-02
-2.207654e-01
-1.695408e-01
-1.954247e-01
-1.269291e-01
9.646153e-02
1.397002e-02
1.711056e-01
2.389293e-01
1.193109e-02
-2.095509e-02
-1.356259e-01
-1.270355e-01
-1.948252e-01
5.856062e-03
1.221558e-02
5.492612e-02
3.360518e-02
4.636148e-02
8.150786e-03
-1.889534e-01
5.022464e-02
-1.097898e-01
-8.472332e-02
1.551626e-02
-1.241818e-02
2.148386e-02
2.397180e-01
1.791554e-01
1.000247e-01
5.518698e-02
-4.620593e-02
-1.864648e-01
-1.498479e-01
-1.692731e-01
-1.776612e-01
4.163316e-02
5.759508e-02
-6.512333e-02
-4.712094e-03
1.066033e-01
1.175429e-02
-1.300942e-01
-1.389701e-01
-2.166867e-01
3.485278e-02
7.350017e-02
1.009638e-01
1.118866e-01
9.485512e-02
7.256316e-02
5.636717e-02
2.364995e-02
-6.597371e-02
1.115321e-01
7.359083e-02
4.380646e-02
9.022727e-02
-1.065195e-02
-3.759303e-02
3.345416e-02
2.008222e-02
8.813743e-02
3.379893e-01
2.467125e-01
-9.926335e-02
9.407263e-02
-3.025642e-01
-1.212889e-01
-1.650076e-01
-4.329839e-02
1.823086e-02
3.144441e-02
-8.088899e-02
-5.078163e-02
-9.624981e-02
-7.113775e-02
-4.597292e-03
-1.165254e-01
-1.091397e-02
3.732385e-02
-1.137833e-01
-1.442491e-01
-1.178081e-01
-1.315601e-01
-5.341658e-02
-5.383666e-03
2.327211e-02
1.034863e-01
7.713682e-02
7.294011e-04
-2.070557e-03
-1.065378e-03
-9.171644e-04
-1.097547e-03
-1.680555e-03
-1.591721e-04
-5.933886e-04
1.200178e-03
1.709153e-04
-7.141592e-06
-7.685145e-04
-2.509339e-03
-4.440507e-05
2.548910e-03
3.142274e-03
1.008597e-03
2.692399e-03
-1.899093e-04
-6.489079e-05
-1.001796e-03
-2.522999e-03
-1.147551e-03
-1.019464e-05
1.562386e-04
-9.748439e-04
-3.938915e-03
-3.071944e-03
3.147779e-04
-4.392496e-04
1.632642e-03
-1.989965e-03
1.371769e-03
2.015857e-03
-3.745714e-04
-1.119720e-03
-5.980219e-04
-2.647568e-03
-1.526745e-03
-7.161499e-04
1.488104e-03
8.944472e-04
8.110906e-04
5.254304e-04
-1.633557e-03
-9.793336e-05
2.670216e-03
8.059493e-04
-1.098181e-03
8.653323e-04
1.710855e-03
-1.281948e-03
-1.147386e-03
-3.665124e-03
8.997155e-04
4.351896e-05
1.091171e-03
-9.763172e-05
-1.022443e-03
-1.243963e-03
-9.037906e-04
-1.150316e-03
2.593134e-03
-4.367616e-03
-6.172847e-05
3.376537e-05
-1.395526e-03
-2.041157e-03
-1.289826e-03
-1.222422e-03
1.530418e-03
-7.367957e-04
-1.754475e-03
2.587539e-03
1.949377e-04
-1.267472e-03
8.811618e-04
3.673793e-04
2.153418e-03
-8.831720e-04
-8.837168e-04
3.379162e-03
3.479236e-04
-2.483403e-03
-8.582488e-04
-1.249740e-03
-1.325257e-03
1.121590e-03
4.033410e-04
2.501177e-03
-1.129910e-03
-9.667374e-04
7.853386e-04
1.054935e-03
1.185652e-03
-2.537312e-04
3.735019e-04
1.898569e-03
1.089307e-03
-7.430710e-04
1.343515e-04
4.343536e-04
-2.460760e-03
-3.246381e-05
3.120215e-03
2.072215e-03
3.920388e-03
1.275513e-03
1.101813e-03
3.140584e-03
-2.777387e-03
1.549869e-03
2.434517e-03
1.816328e-03
-2.006932e-03
2.265125e-03
3.857891e-04
-5.478691e-04
3.177766e-03
1.839564e-04
3.256563e-04
1.555979e-03
5.314394e-04
-2.914193e-04
-8.950630e-04
4.138059e-03
-1.754281e-03
1.040786e-03
-1.710727e-03
-2.863335e-04
3.347272e-03
-1.463132e-03
2.324349e-03
-1.220630e-03
-4.631006e-04
-4.072777e-03
-3.275246e-03
1.036124e-03
-2.084364e-03
-1.040063e-04
-4.037731e-03
9.906313e-04
-8.621838e-04
2.049764e-03
3.630444e-02
-2.101581e-02
-4.591354e-02
1.325994e-03
-2.860776e-02
1.499913e-02
6.093361e-02
1.243423e-01
3.653051e-02
1.293881e-01
-4.694400e-03
5.909523e-02
3.715916e-02
-8.689774e-02
-1.418290e-01
2.997625e-02
-2.322821e-02
-1.081689e-02
8.579454e-02
2.417540e-02
-3.020605e-01
1.922515e-01
-1.485335e-01
-2.964698e-01
-2.962794e-01
9.222260e-02
1.503149e-01
9.167377e-02
1.097796e-02
-1.314241e-01
-9.023015e-03
4.038601e-02
1.472946e-02
-7.909935e-02
-1.056204e-01
-1.769944e-01
1.122033e-01
2.175818e-01
-9.897909e-02
9.041023e-02
-8.297247e-02
-1.569878e-01
-5.319640e-02
-1.580712e-01
-6.198698e-02
-1.966640e-01
-2.263003e-02
5.949225e-02
-9.073535e-02
8.845331e-02
-2.176054e-03
1.582217e-02
-3.234985e-02
-5.081512e-02
-2.685502e-01
-1.723695e-01
8.143268e-02
-1.045507e-01
8.890403e-02
1.842042e-01
2.601337e-01
7.570985e-02
4.067262e-02
-3.218401e-01
-1.031438e-01
3.612745e-01
1.669901e-01
4.572581e-01
-1.407035e-01
1.686499e-01
-9.263952e-02
-2.534634e-01
-1.487689e-01
-1.917372e-01
6.282463e-02
-1.274915e-01
2.618208e-01
2.517537e-01
1.083771e-01
1.037399e-01
-1.600520e-01
2.183835e-01
6.089582e-02
-1.061531e-01
-3.940827e-02
-2.513725e-01
-1.681815e-01
-2.189173e-01
-4.955379e-02
1.524774e-01
-3.399983e-03
-2.970659e-02
-4.401715e-02
2.917507e-02
1.146857e-01
5.344276e-02
-8.152882e-02
-4.113487e-02
-9.295539e-03
1.032478e-01
-1.918447e-03
1.583621e-02
-4.001639e-02
-5.705241e-02
9.668472e-03
-8.869671e-02
-4.043642e-03
1.000509e-01
4.276116e-02
-2.203859e-02
7.459136e-02
-4.366328e-02
-7.179704e-03
2.459315e-01
5.794454e-03
-2.389636e-02
-5.912166e-02
-1.980620e-01
-3.736583e-01
1.060679e-01
-4.735276e-01
4.219222e-01
2.386985e-01
3.478367e-01
3.310885e-01
-2.103394e-01
-6.360561e-02
1.265812e-01
7.888366e-02
5.388815e-02
1.827445e-01
9.643161e-02
7.032786e-03
-8.780246e-02
-8.967184e-02
-8.312240e-02
4.724781e-02
7.622001e-02
-2.872763e-02
4.625772e-02
-3.390981e-02
8.738904e-02
-7.451284e-02
-1.505773e-01
-1.261260e-04
9.387408e-04
1.591772e-03
1.037466e-04
-3.379269e-04
-1.003389e-04
-1.654737e-04
-6.581525e-04
1.272458e-04
-5.395804e-04
4.938376e-04
1.928065e-03
1.507072e-03
-3.253972e-04
-1.019733e-03
-1.651168e-04
1.971159e-03
-1.640039e-03
1.583067e-03
2.526368e-03
-2.438499e-03
2.642401e-03
-3.078113e-03
-4.941037e-03
-2.713639e-03
-2.562148e-03
3.589613e-03
4.329449e-03
2.195868e-03
-5.187209e-03
9.786587e-04
8.347452e-04
2.417729e-04
-1.481134e-03
1.306773e-03
-2.773984e-03
-6.617152e-04
6.294111e-04
9.335143e-04
-5.203080e-04
-1.145460e-03
4.824812e-04
-1.483990e-03
-9.055218e-04
-1.466719e-03
5.011492e-04
-1.908559e-03
1.003904e-03
1.674796e-03
1.947067e-03
-4.126599e-04
-3.183641e-03
1.691544e-03
1.450946e-03
8.605761e-04
-1.359166e-04
-1.882917e-03
-5.629611e-04
-2.533263e-04
6.916774e-04
-6.633033e-06
-2.168301e-03
2.601801e-04
1.952367e-03
1.214235e-03
-2.317737e-03
-1.615674e-03
2.559407e-03
3.658444e-04
4.749802e-03
-1.283430e-03
4.502932e-04
1.081627e-03
2.097451e-03
1.429761e-04
-1.658598e-04
-1.140565e-03
-3.100871e-03
2.568093e-03
-7.128418e-04
-1.717372e-03
-2.353639e-03
2.582247e-03
3.492421e-03
1.789725e-03
1.609281e-03
-4.267748e-04
1.079961e-04
4.949207e-04
6.587520e-04
-2.242577e-04
-2.667572e-03
-5.742914e-04
1.128782e-03
1.985901e-03
-5.191955e-03
7.926564e-06
1.358963e-03
-5.496698e-04
9.348951e-04
2.398124e-04
-2.695007e-03
-1.908125e-04
-1.600110e-03
-6.688705e-04
2.532395e-03
9.311047e-04
-4.206115e-04
-9.306253e-04
-4.067190e-05
-3.763965e-04
5.031640e-04
1.840259e-03
-1.417598e-04
3.953602e-04
-2.305890e-03
-5.951259e-04
6.512856e-04
5.064089e-04
1.215487e-03
-4.491851e-04
8.987776e-04
-2.121389e-03
-1.231682e-03
-5.310695e-04
-3.701651e-03
-7.138576e-04
3.040513e-04
-3.284305e-03
1.965260e-04
3.276820e-03
-1.142518e-03
-8.145077e-04
-1.755127e-03
-4.005200e-04
-3.651131e-06
2.143414e-03
-2.636766e-03
-2.816632e-03
8.432195e-04
1.293124e-03
-1.320157e-03
2.149447e-03
8.589568e-04
-3.286378e-02
-5.537828e-02
-4.616084e-02
4.624612e-02
4.375365e-02
4.174774e-02
4.125469e-02
2.671285e-02
-8.749143e-03
5.527277e-03
1.790187e-02
1.395855e-01
1.876925e-01
1.794513e-01
1.076466e-01
-2.524757e-02
-5.228767e-02
6.257995e-02
-9.464949e-02
2.936411e-02
1.744753e-02
2.104278e-01
1.915244e-01
7.877787e-03
-3.387261e-01
-1.708459e-01
-5.329039e-02
-2.249436e-02
-1.013935e-01
-7.144354e-03
1.413890e-02
-8.663391e-02
3.911494e-02
8.530256e-02
6.685669e-02
1.516050e-01
-2.066077e-01
-1.231717e-01
-6.332581e-02
1.183686e-02
6.950938e-03
2.550543e-02
-3.133978e-02
2.494637e-02
5.492716e-02
-8.747217e-02
-4.324652e-02
-7.429217e-02
-3.105467e-02
-6.278434e-03
-1.120438e-01
-8.843218e-02
-7.287306e-02
-1.276747e-01
1.208297e-01
4.393976e-02
6.761999e-02
-7.223123e-02
-5.004943e-03
1.070041e-01
7.189747e-02
2.832587e-02
6.415358e-02
1.245380e-01
-3.625558e-01
-1.274827e-01
-1.599317e-01
2.170679e-01
-2.991290e-02
2.532655e-01
-3.297020e-01
-4.967624e-02
-7.900167e-02
-7.905294e-02
-3.574929e-02
1.639492e-02
-2.652544e-02
1.199144e-01
8.382486e-02
-1.045632e-02
-8.347588e-02
-2.462654e-02
-2.250107e-03
-3.144930e-02
1.364649e-01
1.458193e-01
1.565003e-05
-1.070586e-01
-6.594861e-02
-6.205626e-02
5.703707e-02
6.467659e-03
7.355846e-03
5.766668e-02
7.239901e-02
9.226939e-02
1.050953e-01
6.527878e-02
7.882362e-02
4.457780e-03
1.065465e-02
5.332671e-02
-1.773835e-02
1.408803e-03
7.070596e-03
2.422808e-02
-7.418364e-02
-5.953009e-02
5.357375e-03
3.372600e-02
-8.258471e-05
-8.196505e-02
-5.293678e-02
4.028116e-03
-2.848049e-02
2.542301e-02
6.868228e-02
4.987731e-01
-4.808649e-02
-1.441780e-01
-6.403432e-01
-2.613464e-01
1.323069e-01
4.053528e-01
6.593447e-02
-1.602631e-01
-7.575654e-03
2.920587e-02
-4.912049e-02
-2.579436e-02
3.047881e-02
2.350203e-02
1.074730e-03
4.101778e-02
-9.629216e-02
1.436846e-02
7.755546e-02
4.034363e-02
-4.891672e-04
9.505215e-02
6.046533e-03
-4.361694e-02
-8.024604e-02
-9.490659e-02
-2.966161e-02
-5.371420e-02
-5.637821e-02
1.209595e-01
1.481039e-01
7.403017e-02
-1.635426e-02
-1.250175e-02
-6.659214e-02
4.238727e-02
2.579074e-02
-7.275834e-02
1.930238e-01
1.705206e-01
7.215724e-02
1.108709e-01
1.354498e-01
5.279737e-02
-9.463520e-02
-6.333730e-02
4.893075e-02
5.495666e-02
6.746075e-02
1.202560e-01
3.357864e-02
7.963783e-02
1.529426e-01
-1.564436e-01
-8.949352e-02
-5.048608e-02
-2.785580e-01
-2.464738e-01
-2.294527e-01
-1.924474e-01
-1.550887e-01
-1.097587e-01
-9.775745e-02
-9.677216e-02
-9.110831e-02
-8.264443e-02
-6.592196e-02
-6.766987e-02
-2.851271e-02
-4.686003e-03
2.923519e-02
-3.448456e-02
2.849909e-03
4.235580e-02
-5.336506e-02
-3.238497e-02
-3.517889e-03
5.674157e-02
6.488273e-02
6.579387e-02
8.447231e-02
9.630254e-02
4.479020e-02
1.891315e-02
5.099319e-02
1.375337e-02
-2.408282e-02
2.085615e-02
-3.172699e-02
1.844305e-02
-3.709378e-02
-1.561291e-01
2.739245e-02
-8.807363e-02
-1.738517e-01
3.426469e-02
-5.555397e-03
-1.033657e-01
-4.509223e-03
-4.023184e-02
3.998046e-03
-6.014807e-02
-9.773422e-02
-8.961823e-02
-3.464995e-02
1.002556e-04
-1.644261e-03
2.493308e-02
1.964735e-02
-4.330761e-02
1.860484e-01
1.867314e-01
1.461776e-01
-1.321222e-02
9.518990e-03
3.577349e-02
1.259520e-02
5.995411e-02
1.556301e-03
1.243629e-02
5.272557e-02
2.875786e-02
2.813438e-02
9.837539e-02
1.230137e-01
-1.080501e-01
-1.079087e-01
-9.570367e-02
-2.008068e-02
9.694264e-03
6.792737e-03
-3.594651e-02
2.079791e-02
6.312010e-03
5.184364e-03
2.818511e-02
2.049204e-02
-2.061381e-02
-1.427267e-02
-1.058825e-02
-1.671513e-02
-3.159138e-02
-7.162718e-03
2.365021e-01
1.796264e-01
1.027026e-01
-3.426812e-02
-1.457882e-02
6.421133e-02
-7.511641e-02
-8.997565e-02
-1.439947e-01
-7.183456e-02
-2.841202e-02
-5.962106e-02
3.864881e-02
1.313105e-01
1.374072e-01
-9.377480e-02
-7.423695e-03
-1.839630e-02
-2.012673e-02
3.831046e-03
1.589827e-02
-5.823806e-02
-5.532644e-02
-5.239703e-04
-6.481851e-02
-5.443522e-02
2.778953e-03
6.361630e-02
-5.170871e-02
-4.074442e-02
3.020642e-02
-4.778324e-02
-9.096412e-02
4.402046e-02
7.445967e-02
3.174159e-02
-7.514882e-02
-2.720960e-02
8.350700e-02
-1.424485e-01
-1.101318e-01
-1.848572e-02
-6.772316e-02
-1.634464e-01
-9.370777e-02
-1.014637e-02
1.697684e-01
-1.618213e-01
-1.772862e-01
1.974744e-01
-1.052014e-01
-1.818913e-01
4.341633e-02
5.163111e-03
-6.831536e-02
3.282737e-03
-1.025222e-01
-4.153896e-04
3.439296e-02
-3.198287e-04
-4.993210e-02
-9.147615e-02
-1.449538e-01
1.402450e-02
-1.143966e-01
-5.885638e-02
1.021167e-01
-9.337555e-03
-1.363965e-01
8.310477e-02
1.096429e-01
-1.628136e-01
3.333949e-02
-7.019173e-02
-8.648761e-02
2.173260e-02
-7.515687e-02
-6.821413e-02
9.489331e-02
-3.222911e-02
-6.828629e-03
1.377919e-01
5.645843e-02
-2.729093e-01
7.454113e-02
2.078665e-01
-1.238774e-01
-1.280208e-01
1.663835e-01
-1.019612e-02
-8.898915e-02
1.331145e-01
-8.239236e-02
-2.148480e-01
-1.716834e-01
3.674373e-01
-8.919993e-03
-2.872044e-01
3.218605e-01
-7.166634e-02
1.472578e-02
3.497294e-02
-9.935445e-02
-9.490667e-02
8.138706e-02
4.890792e-02
-1.021608e-01
-1.057647e-01
1.874546e-02
-8.731027e-02
4.742458e-03
3.655266e-02
2.083685e-02
-5.315788e-02
-3.827167e-02
4.052809e-02
-6.608038e-02
3.023361e-02
-5.106166e-02
-1.128440e-01
9.737175e-02
-6.429502e-03
-1.929137e-01
1.139257e-01
1.094468e-01
-1.047023e-01
-4.402523e-02
3.021269e-02
3.091973e-02
1.123950e-02
2.278718e-02
-3.079531e-02
5.736968e-02
3.134356e-02
-8.253843e-02
-7.860153e-02
1.413277e-01
6.846256e-02
-1.293120e-01
-1.894641e-02
1.381885e-01
-1.194116e-01
-1.474273e-01
7.627214e-02
-1.991132e-01
2.346654e-02
1.595910e-01
-1.660769e-01
-1.594393e-01
3.043681e-01
-6.847777e-02
-1.927022e-01
-2.827291e-02
5.678413e-02
1.019318e-02
7.563610e-02
3.935555e-02
-8.510105e-02
-3.715854e-02
1.116773e-01
1.475662e-02
-6.996550e-02
9.964024e-02
1.080725e-02
-1.125546e-01
7.759739e-02
-2.292960e-02
-1.054522e-01
5.535243e-02
-1.859190e-02
-9.546442e-02
-2.053591e-02
1.919202e-02
1.498313e-02
-2.879471e-02
3.980573e-02
7.189123e-02
-1.222054e-02
2.291230e-02
1.982203e-02
-1.621887e-01
-1.742425e-01
-8.764711e-02
-3.503183e-02
-4.681151e-02
-9.961031e-02
1.782392e-01
2.376572e-01
1.263084e-01
-1.848784e-01
-3.065997e-01
-3.326716e-01
1.118958e-02
1.327452e-01
1.301755e-01
5.239139e-02
1.262024e-01
1.751388e-01
-5.699235e-02
-7.826049e-02
-1.277474e-02
4.251598e-03
-6.571032e-02
-2.868053e-02
2.183931e-02
-3.873768e-02
5.459417e-02
-1.221130e-01
-9.756765e-02
-9.689273e-02
-7.756835e-02
-6.871384e-02
-4.315640e-02
7.890728e-02
1.551145e-01
9.750886e-02
-1.253062e-01
-3.210109e-02
-5.078156e-02
-2.032643e-01
-1.229192e-01
-1.316802e-01
-1.734516e-01
-7.158658e-02
-1.385531e-01
4.336299e-02
5.051467e-02
3.058038e-02
1.070154e-01
4.058866e-02
4.706400e-02
-5.170516e-02
-1.264856e-01
-9.977315e-02
8.993620e-02
4.742861e-02
-1.711689e-01
-2.074090e-02
-8.609711e-02
-1.072027e-01
-1.341633e-01
-1.261553e-01
7.263051e-02
9.176909e-03
9.887546e-02
-1.103104e-02
-9.339719e-02
-9.299149e-02
-9.197691e-02
-4.695944e-02
-7.266720e-02
-1.706222e-02
-3.561900e-01
-3.399916e-01
-3.003404e-01
-2.122952e-02
1.030483e-01
9.493307e-02
6.945936e-02
1.691409e-01
2.147689e-01
7.370140e-02
6.486769e-02
4.752871e-02
4.847696e-02
-6.985195e-03
-5.022697e-02
-9.249288e-03
-8.901167e-02
-8.604603e-02
-4.451289e-02
-1.156626e-01
-1.309928e-01
8.826508e-02
-5.390787e-03
3.527928e-02
9.037007e-02
4.359502e-02
4.678957e-02
6.658122e-02
9.201870e-02
1.559737e-01
4.704517e-02
2.693319e-02
7.429585e-02
-4.070223e-02
-1.101985e-01
-9.918749e-02
1.853074e-01
5.002371e-01
3.451779e-01
1.899038e-01
2.324065e-01
7.934271e-02
-2.122919e-01
-4.510237e-01
-3.676191e-01
2.061366e-02
1.259194e-01
8.368745e-02
-8.417714e-02
-1.949614e-02
-8.483121e-02
-5.657660e-02
1.458617e-02
-1.374264e-01
-1.654879e-01
-7.199971e-02
-8.905002e-02
-4.793823e-02
-3.723762e-02
-9.993184e-02
3.255681e-02
1.463607e-01
1.214777e-01
1.964895e-02
2.462722e-02
1.066963e-01
-6.838164e-02
-7.255369e-02
2.143036e-02
9.026065e-02
-2.842025e-02
-1.714135e-03
-6.217831e-02
-2.105104e-04
1.149802e-02
1.869580e-02
9.064463e-02
2.705419e-02
-7.153498e-02
-6.153503e-02
-6.567765e-02
-9.348406e-02
-9.035812e-02
-6.784746e-02
-4.769881e-02
-2.076198e-01
4.592134e-02
2.253845e-01
-1.643535e-01
1.469126e-02
2.866497e-03
-4.728818e-02
-1.025159e-01
-1.387578e-02
8.288495e-02
-2.703146e-02
-1.503719e-01
4.343446e-02
-7.197807e-02
2.913709e-02
1.638807e-01
-6.500973e-02
-1.667533e-01
1.439647e-01
2.843464e-02
-2.120405e-01
-3.751749e-02
-9.434382e-03
5.764041e-02
-5.409050e-02
-3.618156e-02
5.744046e-02
-6.119615e-04
-3.151842e-02
-4.998353e-02
-2.348767e-02
-6.021336e-02
7.641001e-03
-1.249341e-02
1.235415e-02
-1.048548e-02
-9.907794e-04
-5.443413e-03
-5.927033e-02
6.545872e-03
4.771100e-02
-2.369670e-01
-2.637799e-01
4.616516e-01
3.941408e-01
-3.251942e-01
-1.208224e-01
1.970820e-01
1.740202e-01
-3.343678e-01
1.425341e-01
-1.859355e-01
6.318177e-02
1.496958e-01
-8.689161e-02
-1.650993e-01
-9.042169e-02
1.603130e-01
-1.546960e-01
-8.742285e-02
-4.996814e-03
8.690974e-02
-1.885338e-02
-9.334659e-02
-5.223467e-02
1.556195e-01
3.474317e-02
-1.065040e-02
4.860653e-02
-2.742373e-02
-2.027226e-02
-8.923516e-02
-9.046404e-02
-1.068419e-01
7.733625e-03
-5.595882e-02
-1.384346e-02
6.315851e-03
-6.141506e-02
5.243270e-02
5.070470e-02
-4.721323e-02
4.836077e-02
5.293462e-02
-7.220527e-02
-1.510328e-02
-6.471869e-02
2.330988e-02
1.745288e-01
3.309344e-03
-8.216125e-02
4.163265e-02
4.223093e-02
-3.365004e-02
-6.578817e-02
-1.759116e-02
-5.089154e-01
2.145327e-01
5.695112e-01
-1.296920e-01
-3.739941e-01
-3.575318e-01
5.469441e-01
-6.768738e-02
1.248233e-01
-8.724531e-03
2.140352e-02
6.850243e-02
6.589246e-02
1.123216e-02
-3.679521e-02
-4.792186e-03
7.493597e-02
-5.048135e-02
2.019465e-02
-2.787641e-02
-7.807269e-02
1.663037e-02
8.671544e-02
-8.264803e-02
-8.104777e-02
1.336104e-02
2.767310e-02
-2.702503e-02
5.694843e-02
4.324357e-02
-6.514281e-02
-1.233757e-01
5.781066e-02
6.933329e-02
4.279602e-03
-2.928571e-02
-8.199473e-02
9.530517e-03
-9.967321e-02
-3.652105e-01
-9.914457e-02
-3.944360e-02
-6.481427e-02
1.419409e-01
-3.664181e-02
-1.099870e-01
2.424241e-02
-1.256054e-01
-9.815791e-03
1.102880e-01
-3.231021e-01
4.162079e-01
-2.035778e-01
-1.884519e-01
-2.990159e-02
-9.222542e-02
-5.678131e-02
2.324517e-01
-7.319541e-02
-9.402522e-04
-4.656268e-02
-3.156369e-01
2.938695e-02
-7.515525e-02
4.929649e-02
7.072529e-02
-9.042635e-02
1.244422e-01
1.123490e-02
2.402779e-02
2.367080e-03
6.308196e-02
2.091272e-02
6.008989e-02
4.613657e-02
-7.159556e-02
-3.738295e-03
2.493444e-02
-3.266466e-02
3.322845e-02
5.240337e-02
-4.418922e-02
-2.568438e-03
-3.360993e-02
-6.631596e-02
2.944436e-02
2.477781e-03
-5.941904e-02
1.586262e-01
-5.426701e-01
3.454159e-01
-2.102453e-01
2.155641e-01
1.642712e-01
-5.845748e-01
2.581956e-01
-5.818207e-01
4.120215e-01
-1.475444e-01
2.346233e-01
1.325917e-01
-1.696161e-01
3.104466e-01
-2.364281e-01
3.225273e-02
-3.819226e-02
-6.621064e-02
8.355223e-02
-6.880147e-02
-9.923982e-02
3.757149e-02
-6.587958e-02
-2.292992e-02
-1.002633e-01
6.626991e-02
1.101795e-01
-3.944334e-02
-9.839471e-03
-7.283836e-02
1.124129e-01
1.918147e-01
-1.172844e-01
1.597986e-02
-7.821923e-02
-7.236792e-02
-4.584880e-02
-3.497932e-02
-1.992758e-02
-2.871581e-02
-1.874796e-03
-3.480586e-02
2.259345e-02
8.354440e-02
2.038468e-02
-3.242321e-02
7.342480e-02
2.197912e-01
-2.544061e-02
2.731024e-02
6.175784e-02
-1.308213e-02
-7.410356e-02
-2.511953e-02
-4.593594e-01
1.058384e-01
6.452743e-02
-3.492227e-01
5.709165e-01
-5.688679e-01
4.258990e-01
-6.317077e-01
7.638982e-02
1.083610e-01
5.974581e-02
6.605060e-02
1.084048e-01
-9.784406e-02
-1.828556e-02
-3.267879e-02
-1.955196e-01
2.975374e-02
-8.386478e-02
-5.755048e-03
3.395848e-02
-5.279404e-02
3.809233e-02
-2.799289e-02
-2.764036e-02
-1.340739e-02
-9.610346e-02
1.661078e-02
-4.794914e-02
-9.180251e-02
8.166886e-03
8.223020e-02
2.337471e-02
5.207857e-02
9.534256e-02
7.019924e-02
8.371605e-02
1.052954e-01
9.379028e-02
-6.053438e-02
-5.880386e-02
-3.135644e-02
1.460102e-01
1.838650e-01
2.770882e-02
-9.063684e-02
-1.168743e-01
-2.178288e-01
-2.840981e-01
-2.253884e-01
-2.299980e-01
7.565531e-02
3.157617e-01
1.641364e-01
4.417516e-02
-7.147837e-02
4.182910e-02
2.837196e-02
-3.064857e-03
1.172692e-01
6.660815e-02
-5.526582e-03
1.537741e-01
6.481837e-02
7.569762e-02
-4.550744e-02
-1.125729e-01
-1.994320e-01
-1.571294e-01
1.950394e-01
2.089296e-01
1.729680e-01
-1.320447e-01
2.801150e-02
-5.295341e-02
-1.939778e-01
-4.540663e-02
-1.296722e-01
-2.612455e-01
-9.124736e-02
-1.357953e-01
1.351472e-01
9.541313e-02
9.944899e-02
1.161568e-02
7.027079e-02
-3.427592e-03
-1.047914e-01
-8.995020e-02
-4.484305e-03
-8.792501e-02
-1.259623e-01
2.110375e-01
2.958207e-02
-1.809877e-01
-3.475235e-01
-1.149742e-01
-8.320224e-02
2.681053e-01
-7.657205e-02
-5.091060e-02
-7.412128e-03
1.602704e-02
6.177645e-02
-4.650453e-02
-4.452800e-03
-1.077287e-01
-3.862450e-02
3.561040e-02
5.714320e-02
3.950365e-02
-1.534132e-01
-1.067506e-01
-7.492754e-02
4.148438e-02
8.627301e-02
-1.245625e-03
8.555645e-02
-3.072202e-02
-2.865377e-02
9.446521e-02
6.276629e-02
4.084753e-02
6.773347e-02
-2.922739e-02
5.051760e-02
4.160579e-02
-4.107013e-02
-1.120337e-02
5.936147e-02
-6.520218e-02
-5.561521e-03
2.224503e-02
-8.152851e-02
2.913336e-02
-5.704299e-02
-7.927851e-02
-7.639436e-02
3.516598e-02
8.563041e-02
1.384178e-01
5.741278e-02
1.156530e-01
6.587799e-02
-4.256391e-01
-5.675260e-01
-3.238165e-01
4.745673e-01
8.230683e-01
4.032499e-01
-3.179615e-01
-6.732277e-01
-3.404858e-01
6.163805e-02
1.205372e-01
7.920463e-02
-6.851778e-02
6.540149e-02
-6.292610e-02
-1.634140e-01
-1.079193e-01
-2.092707e-01
5.487512e-02
1.848934e-01
1.885887e-01
-9.774849e-02
-7.530306e-02
-1.308900e-01
-1.718215e-01
-9.879673e-02
-1.698471e-01
-6.944621e-02
3.723583e-02
5.113357e-02
-5.808131e-02
-7.401074e-02
-7.490686e-02
1.144602e-01
4.438392e-02
6.043185e-04
6.214392e-02
-1.267498e-02
-4.009927e-02
7.980837e-02
3.942601e-02
-2.367009e-02
1.224889e-01
6.776553e-02
5.157245e-02
-7.053189e-02
7.178895e-03
-2.254112e-02
6.100186e-02
2.803316e-01
1.892553e-01
-2.834615e-01
-2.199220e-01
-2.062556e-01
4.931686e-02
-1.242465e-02
2.539414e-02
5.691938e-02
-9.719901e-02
-3.926985e-02
3.147859e-02
3.391469e-02
5.943879e-02
-2.072321e-02
-2.339803e-02
9.597699e-02
9.738677e-02
1.298242e-01
1.136412e-01
-1.511202e-01
-1.904541e-01
-1.248026e-01
-1.393267e-01
-7.501869e-02
-2.038435e-01
-7.100257e-02
9.744947e-02
3.474670e-03
-8.263245e-02
7.531215e-02
-4.960710e-02
1.148606e-01
2.720379e-03
2.928341e-02
9.096775e-02
-7.164273e-03
1.210305e-01
-5.554913e-02
-6.994373e-02
3.797652e-02
3.986299e-02
-4.550135e-02
-1.165723e-01
-6.226121e-02
7.786614e-02
3.413353e-01
-1.722134e-02
-2.007129e-01
-2.930852e-01
-1.139029e-03
-9.485973e-03
2.016214e-02
1.887218e-02
-7.283314e-02
4.105526e-02
-4.220810e-02
2.316650e-02
-9.809797e-03
-2.768278e-01
-1.964953e-01
-2.535023e-01
5.880246e-02
1.326191e-01
-5.208812e-02
1.545209e-01
1.270981e-01
-3.954320e-02
1.024280e-01
1.243461e-01
1.046094e-01
8.577555e-02
-9.391907e-03
-3.902249e-02
9.012143e-02
3.730058e-02
3.290174e-03
2.674435e-02
1.559190e-02
5.305082e-02
-9.333012e-02
-1.021983e-01
-9.699593e-02
2.824570e-02
2.199074e-03
-2.559364e-02
2.373710e-01
2.295682e-01
1.865254e-01
-7.499474e-02
-7.472914e-02
-1.442520e-01
-7.327712e-02
-2.365850e-02
1.075403e-02
6.524837e-02
4.860984e-01
4.791616e-02
-4.002145e-01
-6.199600e-01
-4.681267e-01
2.249488e-02
3.770495e-01
2.961339e-01
-1.154852e-01
-9.431884e-02
-1.673115e-01
-9.786577e-02
-8.048417e-02
-7.600109e-02
1.348261e-01
1.732753e-01
1.107784e-01
-1.825085e-01
-1.934189e-01
-2.186716e-01
1.015196e-01
1.980107e-01
1.750476e-01
-3.320503e-02
1.175960e-02
-1.986008e-02
-2.404589e-03
-8.384956e-02
-1.206562e-01
9.153683e-02
-5.189944e-03
-1.345761e-01
5.389611e-02
1.303209e-01
1.642556e-01
-5.420298e-03
4.854421e-03
-2.841541e-01
9.547792e-02
2.189158e-01
-2.638758e-02
-1.761351e-01
-2.360748e-02
-1.200434e-01
2.548732e-02
-3.688884e-02
-2.048176e-01
7.638274e-02
1.565208e-01
-1.005669e-01
-2.457181e-01
1.958289e-01
1.498332e-01
-1.416496e-01
9.123238e-02
1.573208e-01
-1.225356e-01
-1.205928e-01
-8.976258e-02
-1.043481e-02
-1.219248e-01
-1.106611e-01
-1.198134e-01
-1.311258e-01
1.229926e-01
9.103853e-02
-2.050808e-01
-2.106088e-01
1.942998e-01
1.005513e-01
-1.308032e-01
-2.409518e-01
8.423423e-02
1.762488e-01
-1.755385e-01
-7.734627e-02
4.643400e-02
7.096426e-02
-7.612246e-02
-1.275672e-01
-2.545096e-02
1.592095e-02
1.659131e-01
5.361285e-02
-1.541510e-01
-6.037938e-02
1.118929e-01
-1.037705e-01
-1.284450e-01
1.964167e-01
8.169591e-03
-2.547825e-01
1.021557e-01
3.738289e-01
-1.907181e-02
-2.335460e-01
-6.051497e-02
3.811552e-01
-9.721216e-02
1.616081e-01
1.460487e-01
-8.094914e-02
-1.130780e-01
-3.369076e-02
1.877397e-01
-3.206012e-02
-2.124125e-01
8.999100e-02
3.622831e-02
-1.394464e-01
7.311228e-03
1.434647e-01
7.906687e-03
-2.832151e-01
-4.049718e-02
7.245947e-02
-7.057677e-03
-6.205301e-03
1.559731e-01
-3.617179e-02
-1.907581e-01
-3.274054e-02
1.822959e-01
5.057028e-02
7.660355e-03
3.790763e-02
8.855056e-03
-6.695054e-02
-7.002983e-02
-4.342148e-02
-4.942268e-02
-3.688730e-02
7.127172e-02
1.097963e-01
1.113011e-01
-1.470319e-01
-2.499036e-01
1.466552e-01
1.205841e-01
-8.841819e-02
-8.075668e-02
5.586402e-02
7.736963e-02
7.017364e-02
3.543253e-01
-1.479011e-01
-5.119377e-01
-2.791367e-02
3.910077e-01
-9.306981e-02
-5.556285e-01
-1.502678e-01
-7.593560e-02
2.539559e-02
2.038444e-01
-1.851218e-01
-2.098952e-01
5.203027e-02
1.125209e-01
-1.220096e-01
-1.765548e-01
-2.078153e-01
-1.091340e-01
2.209452e-02
-6.766536e-02
-1.510662e-01
-1.600825e-01
1.321770e-01
6.104741e-02
-1.140544e-01
1.427022e-03
2.524280e-03
5.282588e-04
4.740664e-03
3.205816e-03
3.856614e-03
1.232246e-03
7.028217e-04
5.285955e-03
1.930511e-03
-1.100301e-03
1.352954e-03
1.518095e-03
6.732862e-04
-2.405673e-03
1.510414e-03
-8.682336e-04
-7.461954e-04
-1.072383e-03
5.037608e-04
1.864850e-03
-5.819207e-04
2.507913e-04
-2.636006e-03
6.668325e-05
-2.613801e-04
1.427727e-03
-2.570190e-03
-1.664740e-03
9.240016e-04
-1.788448e-03
3.816575e-03
1.956058e-03
-1.327567e-03
2.503923e-03
-3.120444e-03
1.408015e-03
9.560161e-04
-1.395690e-03
3.424834e-03
4.140861e-03
1.039586e-03
1.718338e-03
4.076352e-04
-3.043302e-03
2.180872e-03
1.835402e-03
1.079949e-03
1.439875e-03
3.348952e-03
2.990128e-04
-7.846268e-04
-6.115599e-04
3.375465e-04
-3.249720e-04
-1.869621e-03
-2.109766e-03
8.532472e-04
-3.927070e-03
2.553606e-04
1.356514e-03
-1.497074e-03
-4.201606e-04
8.697756e-04
-3.714988e-03
-3.646626e-04
-2.192220e-03
6.710808e-04
-2.025503e-04
2.982029e-03
-1.317542e-03
1.184874e-03
3.222164e-03
1.228689e-03
2.605508e-03
2.771364e-04
-2.276423e-03
-6.077446e-04
1.670273e-03
-2.951571e-03
-2.955254e-03
1.291856e-04
-2.730562e-03
-1.654485e-03
2.407774e-03
-1.951637e-03
-5.557077e-05
-1.966213e-03
-7.406567e-04
3.366845e-03
1.497873e-03
-1.111347e-04
-5.288682e-03
-2.200735e-03
1.153973e-03
1.417013e-03
1.893202e-03
-5.702550e-04
-1.433960e-03
-3.265612e-04
5.273457e-04
-8.233773e-04
1.756330e-04
1.948523e-03
1.407578e-04
2.311701e-03
1.648720e-03
-1.548415e-03
-1.221434e-03
-1.959358e-03
-1.148305e-03
-1.369009e-04
-1.787245e-03
2.506633e-04
-1.471523e-03
-7.579964e-04
2.307608e-03
-2.461360e-03
-2.411529e-03
1.811255e-04
-1.752806e-03
1.259648e-03
-4.058300e-04
1.401072e-03
3.253970e-03
-1.831368e-04
8.513863e-04
1.688593e-03
-2.264510e-04
-8.772393e-04
2.539349e-05
3.121674e-03
-1.881896e-03
1.755741e-03
4.249224e-04
2.133008e-04
-4.134946e-03
3.811035e-03
2.733480e-04
4.372294e-04
-1.034575e-04
1.210230e-04
1.284793e-03
1.106359e-04
4.171699e-02
2.805294e-02
-2.859983e-02
9.074237e-02
6.130241e-02
-4.822135e-02
1.022599e-02
-1.182241e-02
-1.015129e-01
8.123779e-02
-4.030805e-02
1.206682e-01
-8.997987e-03
-1.025491e-01
1.001091e-02
5.741701e-03
-7.555073e-02
3.679267e-02
-1.065081e-02
1.040610e-01
3.495787e-02
-9.466222e-04
1.622815e-02
-1.764546e-02
-1.519914e-02
8.525000e-02
6.014244e-02
-2.268801e-02
-3.998089e-02
-5.508431e-02
2.984317e-02
4.553459e-02
4.667065e-02
-1.493848e-02
1.552673e-03
8.023942e-02
-3.048154e-02
4.886882e-02
-3.520246e-02
-1.927517e-02
1.943536e-02
3.245951e-03
-3.773031e-02
3.419229e-02
-4.528301e-02
-2.371994e-02
5.610773e-03
6.659223e-02
-7.830899e-02
-2.624737e-03
3.736715e-02
-1.127620e-01
-3.754980e-02
1.386181e-03
-1.576963e-02
-3.916573e-02
4.881382e-02
-1.793436e-02
-4.271909e-03
4.284478e-02
5.703049e-04
-2.511710e-02
-1.741033e-02
2.290129e-01
-1.528266e-01
2.145698e-01
3.226060e-02
-2.762501e-01
-9.177832e-02
7.414910e-02
-1.093813e-01
-7.391460e-03
4.546799e-02
-5.123629e-02
-6.708547e-02
1.005719e-01
-5.258758e-02
2.559177e-02
3.642750e-02
-4.914990e-02
1.113723e-02
-3.689482e-02
2.200312e-02
-1.768834e-02
-4.049533e-02
1.176412e-02
7.472744e-03
3.675168e-03
9.029056e-02
7.073734e-02
-4.022072e-02
8.359979e-02
-1.317131e-01
-4.142107e-02
4.578624e-03
-1.474184e-01
-4.103914e-02
8.232671e-02
-4.942301e-02
2.646153e-02
-1.332976e-02
-3.004180e-02
2.463763e-02
-3.771276e-02
-8.619379e-02
9.327345e-02
7.294743e-03
-3.865197e-02
-7.856414e-04
-3.472471e-03
4.407663e-02
-2.654391e-02
-2.470492e-02
5.347247e-02
-4.961542e-02
-6.633660e-02
-2.821233e-02
2.005916e-01
-2.717502e-01
8.177125e-02
-1.681739e-01
-1.755037e-01
-4.616315e-02
1.290839e-01
6.166106e-02
2.226009e-01
6.244435e-03
6.608986e-02
-2.510875e-02
5.668371e-03
8.808715e-02
6.390689e-03
-4.769479e-02
-1.151437e-02
-1.252444e-01
-1.349864e-02
9.570019e-03
4.550045e-02
-1.473423e-02
-7.946655e-03
4.711632e-02
-4.299285e-02
-3.725705e-02
5.792134e-03
-3.118725e-02
-3.783315e-02
1.051376e-01
-6.803267e-02
-1.459949e-01
-3.170887e-02
1.251285e-01
9.765546e-02
6.518176e-02
-5.346851e-02
5.123667e-02
-6.237309e-02
4.277940e-02
5.778849e-02
3.140908e-02
-1.886703e-01
9.592465e-02
-1.711107e-02
-6.719866e-02
-1.829645e-01
-1.303935e-02
2.857989e-02
-3.779224e-01
6.888104e-02
2.204199e-01
4.679065e-02
-2.321617e-01
-1.614797e-01
6.041707e-02
3.182697e-02
-1.703535e-01
1.040405e-01
2.967656e-03
-8.090928e-02
-1.207822e-01
-7.313090e-02
6.477574e-03
2.330381e-01
-1.413766e-01
-1.059423e-01
5.728922e-03
1.287546e-01
-1.595664e-02
-4.582551e-02
7.944983e-02
1.035729e-01
5.674339e-02
-1.954715e-02
7.584406e-02
7.114456e-02
-3.526830e-02
6.376232e-03
-8.385625e-02
-6.049463e-02
-2.576792e-02
-8.291055e-02
-1.144379e-01
4.318311e-02
6.000976e-02
-8.454946e-02
-2.741807e-03
-2.667943e-02
1.011103e-01
1.406389e-01
-3.624880e-01
4.484666e-01
1.407592e-01
-6.742533e-02
-5.213076e-01
-1.701461e-01
3.855070e-01
-6.445538e-02
1.707284e-01
-7.130248e-02
-1.596752e-02
-1.177511e-01
1.894167e-01
-1.841021e-01
-4.764541e-03
-1.273402e-03
-9.530178e-03
-1.472311e-01
-1.135027e-01
1.536964e-01
-1.517435e-02
-1.225511e-01
-2.124918e-02
5.832088e-02
3.225778e-02
5.977158e-03
-3.795283e-02
-5.431635e-02
7.310831e-02
-1.711783e-01
-1.462498e-01
-1.120714e-01
-1.317987e-02
-2.756558e-02
-2.789218e-02
-1.552286e-02
-7.048693e-02
4.237955e-02
-7.689896e-03
-1.134988e-01
4.224193e-03
6.062492e-02
-3.371557e-02
-1.129771e-01
3.061928e-02
2.705338e-02
1.039648e-01
1.179325e-01
-3.519339e-02
1.892730e-02
1.506508e-02
1.886058e-02
-3.005174e-02
2.528156e-01
-5.878087e-01
-1.394084e-01
-2.594390e-01
7.846461e-01
-7.715716e-01
-4.606443e-01
-2.554775e-01
4.684520e-01
1.001984e-01
1.844124e-02
-6.846502e-02
2.644976e-02
5.604019e-02
3.780207e-02
-8.566162e-02
-1.933221e-01
1.179001e-01
-7.534538e-02
7.696941e-03
-2.135886e-02
-3.957428e-02
-2.581397e-02
2.677348e-02
-3.733303e-02
-9.534928e-02
-6.048988e-02
