3.898368e-02
5.504910e-02
5.047889e-02
2.369172e-02
2.146251e-02
2.107934e-02
2.119121e-02
2.679174e-02
4.553285e-02
7.460638e-02
3.619058e-03
7.044144e-03
5.748649e-02
-4.746201e-02
-4.018963e-02
8.784214e-02
1.037880e-03
-2.737918e-02
3.578645e-03
-6.099782e-03
2.051594e-02
-6.122422e-02
-5.602167e-02
-6.205255e-03
-2.481743e-02
-5.861289e-02
-1.263737e-02
9.820091e-02
6.833299e-02
3.279877e-02
5.205487e-02
5.562331e-02
2.154391e-02
3.848981e-02
6.644572e-02
6.165137e-02
-6.607343e-02
-3.519575e-02
-4.817859e-02
-3.230200e-02
-2.001978e-02
-7.235299e-02
6.112884e-02
6.742584e-02
7.789145e-02
5.293562e-02
4.148100e-02
1.994599e-02
-1.104149e-02
-3.512907e-02
-2.324783e-03
-5.871684e-02
-1.650956e-02
-4.073367e-03
5.559048e-02
6.525793e-02
5.038705e-02
1.823831e-01
1.935617e-01
1.726338e-01
1.605096e-01
1.596602e-01
1.517307e-01
-5.671190e-02
1.693981e-02
5.951391e-02
-4.834860e-02
-3.680290e-02
-5.907621e-02
-2.709773e-02
-4.419656e-02
1.833917e-02
7.769576e-02
7.713880e-02
7.080789e-02
2.062010e-02
-1.095764e-02
-1.732225e-02
9.846686e-03
-2.574703e-02
1.706079e-02
-3.900073e-02
-4.051714e-02
-2.235983e-02
-7.268394e-02
-8.920892e-02
-7.358755e-02
-2.367352e-02
-3.896732e-03
-1.661124e-02
-1.648841e-03
-2.790544e-03
-5.447983e-04
-6.994930e-04
5.564623e-04
6.374985e-04
-9.902089e-04
-9.141193e-04
1.200977e-03
1.345038e-03
-5.140070e-05
1.435642e-03
1.305083e-03
7.443358e-05
1.994810e-03
1.611778e-03
1.497538e-03
4.570139e-04
-6.180506e-02
-5.965221e-02
-1.548738e-02
-2.272499e-02
-1.606463e-02
1.278489e-02
-3.541088e-02
-2.674865e-03
1.562755e-02
-4.338479e-02
3.276186e-03
4.602851e-02
1.170339e-02
-5.690595e-02
-2.783244e-02
9.871698e-03
1.452086e-02
-8.299788e-03
8.955207e-02
3.263192e-02
4.276327e-02
2.635496e-02
-1.996660e-02
-2.478672e-02
5.045434e-02
-2.018414e-03
-2.924695e-02
-2.691583e-02
-1.224671e-02
-1.259398e-02
-5.990587e-02
-9.582994e-02
-8.499566e-02
-1.568168e-02
2.962647e-02
2.750426e-02
3.611992e-02
4.801808e-02
1.159775e-01
2.198282e-02
-1.922201e-02
4.222262e-02
-4.407704e-02
-5.149383e-02
1.716269e-02
5.513855e-02
6.994079e-02
1.415565e-02
6.213568e-02
6.511045e-02
2.820926e-02
7.333723e-02
3.675207e-02
7.842493e-02
3.133944e-03
-5.591992e-03
-1.551395e-02
-5.082115e-02
-5.925493e-02
5.798201e-03
-2.053773e-02
-4.119748e-02
-2.071640e-02
9.334054e-03
1.496559e-02
4.436694e-02
8.555111e-03
2.295122e-02
2.185272e-02
-4.858120e-02
-3.804287e-02
-1.002519e-01
-4.897355e-02
7.290921e-03
3.289855e-02
-1.174205e-02
-2.859726e-02
-6.594796e-02
-7.040177e-03
-2.477792e-02
-2.620863e-02
4.171118e-02
7.296842e-02
3.020583e-02
-7.068133e-02
-5.895725e-02
-1.166259e-02
-7.039900e-02
-4.509725e-02
-5.910233e-02
-2.187882e-02
-9.328646e-03
6.540668e-03
-1.324271e-01
-1.369284e-01
-1.291971e-01
-1.021153e-01
-9.111305e-02
-1.005388e-01
2.230765e-02
-1.415894e-02
-1.703138e-02
-8.052918e-02
-2.526539e-02
3.303688e-02
-5.868489e-02
-8.784220e-02
-7.427035e-03
-4.732610e-02
-8.036593e-02
-4.072269e-02
-1.566622e-01
-1.918764e-01
-1.687072e-01
-8.914059e-02
-1.560090e-01
-1.390034e-01
1.704524e-02
-1.906318e-02
-4.179094e-02
6.883714e-02
2.717203e-02
4.102457e-02
4.346176e-02
3.770872e-02
-9.927305e-03
-2.011289e-03
1.066666e-03
3.830474e-03
1.672176e-03
-1.067796e-03
4.594092e-04
2.150357e-04
1.808558e-03
6.024230e-04
1.574965e-03
-7.206898e-05
1.454889e-03
5.292665e-04
2.236609e-03
1.622666e-03
4.870685e-04
1.070328e-03
-1.639637e-03
-4.330137e-02
-5.134454e-02
2.515565e-03
-4.625242e-02
-5.277142e-02
3.264505e-02
-8.732226e-02
-7.441085e-02
2.752377e-03
7.779981e-02
6.765352e-02
4.155707e-02
8.317156e-02
9.984969e-02
6.528660e-02
1.005361e-01
9.247256e-02
4.217623e-02
2.259561e-02
4.051225e-02
3.458653e-02
3.503224e-02
5.500391e-02
6.041880e-02
2.859032e-02
3.631100e-02
1.074640e-02
-8.987990e-02
-1.941579e-02
-3.789378e-03
-2.301991e-02
-1.965221e-02
-4.592323e-03
-6.758049e-03
-4.308609e-02
-4.330431e-02
3.402706e-02
6.859519e-02
2.869016e-02
-4.550169e-03
-1.807209e-02
5.829451e-02
-3.602630e-02
-2.922228e-02
2.203554e-02
-5.843742e-02
-1.564427e-01
-2.522301e-02
-6.026288e-02
-8.367328e-02
-7.179646e-03
-9.156054e-02
-3.622167e-02
3.315840e-02
2.167406e-02
3.930034e-02
3.696977e-02
1.384622e-02
2.661056e-02
2.605955e-02
-3.618639e-02
-2.253939e-02
-7.138793e-02
1.455783e-01
6.949741e-02
3.755434e-03
-7.538340e-02
-5.170192e-02
-1.543146e-01
6.331763e-02
3.717101e-02
-1.027225e-03
-3.257402e-02
7.429050e-02
1.277601e-01
-3.796278e-02
-5.222779e-03
6.558857e-02
-3.509696e-02
-2.467561e-02
-7.868408e-03
2.275839e-02
3.998273e-02
1.009134e-03
1.085099e-01
2.569496e-01
4.516034e-02
9.107547e-02
-6.925748e-02
2.552698e-03
-3.028967e-01
-3.349223e-01
-3.401828e-01
-5.365395e-02
-9.602976e-02
-8.494780e-02
-7.381675e-03
-2.762017e-02
-2.220004e-02
3.985014e-02
1.195197e-01
1.513217e-01
6.216297e-02
1.368367e-01
8.593571e-02
-3.881880e-02
-2.723188e-02
-9.673405e-02
-6.382336e-02
8.181046e-02
4.044816e-02
8.450159e-02
1.383630e-01
9.839947e-02
4.360749e-02
1.946493e-01
-2.259652e-02
5.068447e-03
7.856272e-03
5.025531e-02
-2.860061e-02
5.714880e-02
-2.366660e-02
3.655149e-02
-1.131904e-02
1.168395e-02
-2.456944e-03
4.704807e-04
1.298573e-03
-7.741515e-04
-5.173602e-05
7.396258e-04
5.421267e-05
1.874723e-03
6.480461e-04
3.404447e-03
-1.657203e-03
-3.252065e-03
1.730632e-03
-7.424447e-04
-1.174142e-03
-1.955874e-03
-2.403106e-03
-3.216406e-03
-1.198028e-02
1.370827e-02
-6.804601e-02
-5.721780e-02
-2.991006e-02
-8.266427e-02
-1.603156e-02
9.074604e-02
-2.699650e-02
-1.190492e-01
-2.334858e-02
4.153540e-02
-6.711555e-02
-3.057352e-02
8.524126e-02
8.947121e-02
4.311503e-02
2.454838e-02
3.833878e-02
3.113403e-02
-6.281944e-02
-4.881744e-02
-6.401960e-02
-3.905942e-02
-9.208467e-02
-3.326483e-02
-5.385256e-02
-1.327817e-01
-1.986365e-01
-2.988961e-02
8.399674e-02
1.844379e-01
8.215045e-02
-6.694504e-02
-1.267942e-01
-5.803942e-02
-5.617949e-02
-9.465820e-02
-6.035186e-02
2.663894e-02
-1.963763e-02
-2.285417e-02
1.208534e-01
5.629465e-02
2.495462e-02
-4.091090e-02
-3.113715e-02
9.135774e-03
-1.424965e-02
4.751153e-02
7.124485e-02
-9.441075e-03
6.765773e-02
8.307512e-02
-4.363655e-02
-1.411110e-02
2.989921e-03
-8.300802e-03
5.456233e-02
3.906276e-02
4.368918e-02
8.125693e-02
1.347867e-01
-4.413106e-02
-8.143203e-03
-2.622812e-02
-1.256278e-02
-2.130005e-03
1.786919e-02
-8.334266e-02
-6.347769e-02
-1.526431e-02
3.963098e-02
2.725823e-02
6.134228e-02
-3.760314e-02
-1.071854e-02
1.803672e-02
-9.559876e-02
-5.607843e-02
-2.674215e-02
-2.473787e-02
-3.265059e-02
2.237741e-02
5.777915e-02
3.727432e-02
1.565677e-02
3.264985e-02
5.989904e-03
3.411508e-03
5.308410e-02
5.162685e-02
6.828173e-02
-9.084531e-02
-1.301869e-01
-9.489513e-02
-1.819276e-01
-1.873449e-01
-1.505773e-01
-6.440411e-03
-3.029563e-02
-4.359686e-02
-2.600886e-02
3.129153e-02
2.808961e-02
-2.687914e-02
-2.551512e-02
-4.250945e-02
4.716400e-02
7.501701e-02
2.302874e-02
-2.925954e-02
3.460356e-02
2.264296e-02
-1.039354e-02
-2.890355e-02
-3.037374e-02
-3.633732e-02
-3.904654e-02
-3.116015e-02
-9.856386e-02
-8.530777e-02
-6.336684e-02
-1.384770e-01
-1.473404e-01
-6.582261e-02
-2.173061e-03
1.124677e-03
1.247237e-03
-1.334400e-03
8.857375e-04
-8.078469e-04
2.909923e-03
7.216327e-04
-5.287532e-04
-3.717935e-04
-6.449965e-04
-3.046761e-03
-1.012420e-03
-1.683346e-03
-9.400934e-04
2.515762e-03
-2.292133e-03
2.641268e-03
4.999319e-02
4.509058e-02
2.810816e-02
7.923713e-03
-2.108237e-02
-4.436403e-02
-7.200742e-03
-2.697973e-02
-1.984838e-02
1.111406e-02
-6.021790e-02
-6.635365e-02
-6.620396e-03
-9.486913e-02
-6.052449e-02
-3.392306e-02
-2.202492e-02
-2.454771e-02
-1.106054e-01
-5.999135e-02
-4.746599e-02
-4.121578e-02
-3.213573e-02
6.070489e-03
-3.951339e-02
2.206952e-02
4.592646e-02
2.055267e-03
-1.966740e-02
-2.982598e-02
-7.410093e-02
-8.547979e-02
-4.223721e-02
1.856054e-03
-1.595961e-02
3.353999e-03
5.051801e-02
-7.367019e-02
-5.127574e-02
-2.111415e-03
-8.773280e-02
-1.374566e-01
6.156594e-03
-7.086010e-02
-1.763915e-01
-5.166468e-02
-1.346222e-02
6.722183e-02
-1.192922e-01
-1.227910e-02
4.507326e-02
-1.359469e-01
-1.177875e-02
4.625743e-02
2.449541e-03
2.735061e-02
2.291457e-02
-1.481212e-02
-5.630296e-03
5.197248e-03
2.320242e-02
3.945018e-02
3.816173e-02
4.762715e-02
1.014332e-01
1.602266e-01
-1.338299e-01
-1.074618e-01
-1.421172e-03
-3.575175e-02
-3.348660e-02
-1.246631e-03
-9.610044e-02
-5.557031e-02
-2.240233e-02
-3.614376e-02
-4.817153e-04
4.140164e-02
4.015083e-02
1.008719e-01
1.203735e-01
6.938235e-02
1.100645e-01
-9.730887e-04
1.014374e-01
-2.913245e-02
1.569403e-02
-6.256258e-03
-7.568395e-02
3.832221e-02
-1.750364e-02
-5.110709e-03
6.339204e-03
1.045093e-01
7.644679e-02
7.740220e-02
-1.169286e-01
-1.284022e-01
-1.146218e-01
3.631809e-02
1.324288e-01
1.481303e-01
4.486985e-02
6.361908e-02
1.381433e-01
4.324264e-02
-7.449008e-02
-1.098258e-01
-7.423214e-02
-1.669155e-02
5.996981e-03
-9.672486e-02
-4.736540e-02
-2.834960e-02
-5.730502e-02
-1.408534e-01
-1.163357e-01
2.543654e-02
-1.137149e-02
5.551455e-02
8.095745e-02
7.371784e-02
4.651514e-02
4.249183e-02
2.364627e-02
2.886365e-02
-1.932208e-03
-8.521390e-04
-7.567571e-04
2.385189e-03
1.713689e-03
1.578227e-03
1.109774e-04
1.961997e-03
1.586706e-03
1.370879e-03
1.896539e-03
-6.475701e-04
1.942915e-03
-3.646371e-04
-1.276755e-03
9.710981e-04
-9.114066e-04
-1.044871e-03
8.426612e-03
6.156240e-02
1.085906e-01
5.505771e-02
1.124932e-01
1.068209e-01
6.160168e-02
4.168854e-02
2.553832e-03
-4.456788e-02
-4.090812e-02
8.197004e-02
5.020370e-02
-2.393612e-02
-8.660124e-02
-7.238629e-03
3.341585e-02
-1.271925e-01
-9.731945e-02
-9.213273e-03
5.272602e-02
-8.855104e-02
-5.131049e-02
3.250258e-02
-6.734575e-02
-2.738746e-02
4.759877e-03
2.501907e-02
1.419686e-02
8.812319e-02
-3.368172e-02
-6.033899e-02
-3.443645e-02
4.534718e-02
-4.427981e-02
-8.509478e-03
-6.445405e-03
7.936911e-03
9.827686e-03
-2.930384e-02
-9.348832e-02
-3.798505e-02
-9.490693e-02
-3.097635e-02
-8.342723e-02
-2.866114e-02
4.204252e-02
3.259915e-02
-1.157754e-02
-1.095141e-02
-2.617290e-02
3.310232e-02
1.035447e-02
-6.151179e-02
-5.412478e-02
4.547123e-02
3.510445e-02
3.597000e-02
1.018017e-01
7.466078e-02
6.186776e-02
1.203029e-01
6.904759e-02
3.767865e-02
3.785774e-02
3.634168e-02
1.408105e-02
-7.953499e-03
-4.160867e-04
7.439464e-03
-5.379139e-02
-7.330278e-02
2.475028e-02
2.476639e-02
1.227670e-02
8.587112e-02
1.340868e-01
1.584077e-01
7.985041e-02
7.092270e-02
2.100431e-03
6.486537e-02
7.036158e-03
8.017554e-02
8.958155e-02
9.124532e-02
1.290293e-01
-6.730277e-03
4.513723e-02
2.655634e-02
-2.053161e-02
-2.503415e-02
-2.855477e-02
-2.359633e-02
-7.676346e-02
-1.119688e-01
-1.847473e-01
-1.638236e-01
-2.660337e-01
8.722375e-02
1.207176e-01
1.510599e-01
2.359120e-01
2.357660e-01
2.106310e-01
1.980826e-01
2.537521e-01
2.357455e-01
1.204557e-01
2.252921e-01
1.697182e-01
1.160891e-01
1.164078e-01
1.414816e-01
9.511247e-02
1.988902e-01
1.486680e-01
2.606106e-02
4.286750e-03
4.350164e-02
9.549668e-02
9.727345e-02
7.335057e-02
2.340978e-02
6.525379e-02
4.996314e-02
-1.115843e-03
-2.458413e-04
1.011542e-03
2.387964e-03
-1.034803e-03
1.801357e-04
-1.978095e-04
9.961830e-04
1.212700e-04
-1.118646e-03
1.351171e-03
-1.612251e-03
-2.403044e-03
6.182655e-04
-2.925885e-03
2.892755e-03
5.476817e-04
-1.301649e-03
7.085013e-02
1.172354e-01
1.420822e-01
4.913524e-02
1.631173e-01
1.750073e-01
7.477417e-02
1.738543e-01
1.085192e-01
-3.560496e-02
3.934292e-02
3.260681e-03
-3.313842e-02
4.713555e-03
-2.542862e-03
-2.090074e-02
3.465469e-03
-1.479744e-02
-1.039686e-02
-1.085936e-02
-9.058836e-02
9.913893e-02
2.386207e-02
7.039862e-03
1.020599e-01
9.319106e-02
6.713482e-02
5.529007e-02
3.516618e-02
1.229564e-01
9.207436e-02
1.198672e-01
2.581530e-01
8.917559e-03
-3.486814e-02
9.572007e-02
1.221999e-01
9.550228e-02
1.076804e-01
1.455106e-01
1.736246e-01
2.118963e-01
6.875758e-03
6.153560e-02
1.322664e-01
-5.408242e-02
1.740561e-02
-1.721910e-02
-7.826434e-03
2.337756e-02
2.479322e-02
-4.572969e-02
1.340474e-02
2.746294e-02
-3.842742e-03
-1.925295e-02
-6.885736e-02
-3.702922e-02
-1.009811e-01
-9.957282e-02
-8.279099e-03
-3.605698e-02
-4.001388e-02
-2.113957e-03
-5.997274e-03
-1.340601e-03
-3.496088e-02
1.792255e-03
9.542185e-03
4.799893e-02
5.566294e-02
6.741114e-02
-2.582085e-02
-1.109527e-02
-1.877940e-03
-4.073946e-03
5.563378e-03
3.389656e-02
-2.583848e-02
-1.320695e-02
3.942965e-02
-2.779974e-02
3.353105e-02
2.444157e-02
-3.019771e-02
9.691984e-03
1.531588e-02
7.732778e-04
4.853758e-02
-3.042060e-02
-5.775156e-02
-6.531557e-02
-4.825090e-02
8.973795e-02
1.052720e-01
1.035287e-01
8.490836e-02
1.020145e-01
9.894659e-02
-6.911098e-02
-1.844111e-03
2.352363e-02
-2.332230e-02
4.518072e-02
2.187307e-02
-5.181431e-03
7.154270e-02
8.430657e-02
-2.944522e-02
2.982874e-02
4.538086e-02
5.124063e-02
9.177916e-02
1.618614e-01
-7.285506e-02
-1.010781e-02
7.962880e-03
-5.682776e-03
-3.836411e-02
-1.369070e-02
8.196244e-02
6.552409e-02
4.659640e-02
3.099339e-02
1.164614e-02
3.397705e-02
1.296859e-03
5.038235e-04
1.481700e-04
3.111838e-03
-2.015359e-03
-4.388797e-04
-1.561509e-03
5.474500e-04
-1.015707e-04
1.499697e-03
1.923487e-04
2.213973e-03
6.952658e-04
9.872151e-04
9.270571e-04
-2.339996e-04
-3.790490e-03
2.935001e-03
-1.044745e-02
7.891607e-03
2.186838e-02
6.285348e-02
2.788414e-02
-8.974801e-03
3.059967e-03
2.135647e-02
-3.663773e-04
-8.433159e-03
-2.343244e-02
-9.003968e-02
8.864445e-02
-8.883903e-02
-2.813989e-02
2.629091e-02
5.788566e-02
5.883865e-02
8.714186e-03
4.170842e-02
4.950516e-02
-4.802500e-03
3.581137e-02
3.795091e-02
-4.865137e-02
-1.486218e-03
3.269638e-02
2.190380e-02
-7.263413e-02
-3.806899e-02
3.943701e-02
2.412700e-02
1.851264e-02
4.976438e-02
4.301767e-02
9.633268e-02
-9.637015e-02
-4.473706e-02
-6.258278e-02
-3.419336e-02
3.317432e-02
-1.002793e-01
4.387414e-02
-1.602785e-02
-3.854654e-02
-1.985404e-02
1.356299e-02
-1.465368e-02
1.919056e-02
-3.634627e-02
1.010509e-01
-2.560481e-02
5.322558e-02
1.076898e-01
-4.757808e-02
2.369486e-02
-7.341144e-02
-3.456191e-02
8.800285e-03
-2.252310e-02
3.820282e-02
-4.909172e-02
-2.169587e-03
8.228801e-03
-2.062250e-02
1.498744e-01
-1.141840e-02
-3.063449e-02
-8.817229e-02
-1.000095e-01
4.969660e-03
2.072418e-02
4.965256e-02
4.449036e-02
-8.333208e-03
-6.175735e-02
-1.237752e-01
-1.336155e-01
-6.042889e-02
-5.965135e-02
-1.393424e-01
7.710512e-02
-9.487847e-02
-6.383483e-02
-1.652801e-01
-1.041635e-01
7.066822e-02
-1.357173e-01
1.204163e-01
1.247752e-01
1.593739e-02
-1.552512e-02
-2.858457e-02
1.177015e-02
3.173487e-02
1.102122e-01
-2.717268e-02
-1.913007e-02
2.818686e-02
9.382476e-02
4.150127e-02
-5.749691e-02
-1.070036e-01
-7.133024e-02
-8.283987e-02
-1.716062e-01
-1.867450e-02
3.143034e-02
1.495786e-01
7.757186e-02
6.237721e-02
1.529874e-01
-2.909702e-02
-5.660586e-06
-1.306957e-02
-8.054785e-02
-1.360222e-01
4.686102e-02
1.384626e-01
2.745878e-02
5.103622e-02
-1.161509e-01
-6.952259e-02
-7.710268e-02
-7.614527e-03
-2.696611e-02
-2.810411e-04
-1.251901e-03
1.921604e-04
-2.032903e-03
-5.017600e-04
1.133379e-03
-2.483873e-04
-1.562720e-03
2.283008e-05
-3.364850e-03
-3.024254e-05
-1.778815e-03
-4.535971e-04
-2.895373e-04
1.844185e-04
1.678543e-03
8.385816e-04
4.140476e-03
1.777702e-02
4.178905e-02
1.288307e-02
-3.396226e-02
-4.065063e-02
-6.207653e-02
-3.090153e-02
-1.105457e-01
-2.656694e-02
9.072034e-02
-2.017928e-02
-1.434239e-01
-1.301480e-01
9.820379e-03
6.171931e-02
-1.238649e-01
-2.057582e-01
1.018119e-01
2.935558e-02
-8.224334e-05
2.309405e-02
-3.535667e-02
5.181993e-02
3.565866e-02
3.411534e-02
-4.932987e-02
-2.202851e-02
-2.945325e-03
5.636359e-02
5.376669e-02
1.892642e-01
-1.472719e-02
-5.630685e-02
-8.071215e-02
1.461045e-01
8.637239e-02
7.949451e-02
3.034750e-02
-4.211648e-04
-3.051963e-02
-1.029581e-01
-1.127371e-01
-1.141762e-01
-8.033136e-02
-5.875831e-03
-4.217465e-02
-1.021985e-01
1.911076e-02
-8.522107e-02
-2.231763e-02
1.399854e-03
-1.512078e-02
-1.341853e-02
4.077013e-02
-5.664339e-02
-6.054381e-02
-6.252892e-02
6.376878e-02
1.356529e-01
3.482736e-02
1.237310e-01
2.283338e-01
1.163236e-01
4.774678e-02
4.913209e-02
4.234914e-02
2.579897e-02
-7.436568e-02
-6.243563e-02
-9.055453e-02
-1.136388e-01
-1.275408e-01
5.397129e-02
2.316249e-02
-1.153006e-01
2.525067e-02
7.069132e-02
8.318470e-02
-6.631011e-02
-2.774062e-02
1.953567e-02
6.717612e-02
-9.124430e-03
-1.050642e-01
1.466465e-02
3.932166e-02
-5.894735e-02
-3.304659e-02
-2.357401e-02
-1.717272e-01
8.618175e-02
5.842081e-02
1.202663e-01
-2.416288e-03
-3.432801e-02
-3.046291e-02
5.633343e-02
4.925011e-02
3.964706e-02
-6.887265e-02
1.065937e-01
-9.820148e-03
-5.745450e-02
2.119092e-01
-1.210222e-01
-9.178509e-02
7.269342e-02
-1.556492e-01
-2.029996e-02
7.465632e-04
-3.012004e-02
-3.861456e-02
8.107760e-02
-3.690286e-02
7.798261e-03
8.438507e-02
-4.543559e-02
8.091877e-02
1.296975e-01
9.489140e-02
1.212162e-01
1.411348e-01
1.533339e-01
8.142518e-02
1.227915e-01
3.914810e-02
7.878777e-04
8.172784e-04
-2.181139e-03
1.279630e-03
-7.200192e-04
2.703548e-03
1.490810e-03
-8.347363e-04
7.719079e-04
-3.208795e-04
-6.102835e-04
4.275739e-04
-2.913349e-03
1.328318e-04
1.893967e-03
8.417827e-05
-1.648237e-03
6.544726e-04
3.016513e-02
-4.317475e-02
-1.171557e-01
-1.501943e-02
4.198780e-03
-6.444619e-02
-2.537144e-02
1.614673e-02
-3.745262e-02
-1.226811e-01
-5.207016e-02
7.776602e-02
-1.692666e-01
1.341033e-01
1.671711e-01
-6.106722e-03
3.449062e-02
4.156115e-02
-4.097152e-04
3.272574e-02
6.221760e-02
4.407259e-02
9.126894e-03
-2.156217e-02
4.202313e-03
4.694986e-02
1.202424e-02
-2.879046e-02
9.027974e-02
1.457115e-02
-3.966628e-02
-4.291127e-03
-1.503606e-01
-6.013569e-02
-6.098547e-03
-1.209822e-01
-7.614968e-02
-8.007532e-02
-1.008017e-01
9.898563e-02
1.053412e-01
1.127904e-01
1.713594e-01
1.635607e-01
1.183063e-01
-8.869281e-03
1.041792e-02
3.419250e-02
9.219738e-03
-2.628499e-02
8.386444e-02
-1.059192e-01
-2.660016e-02
5.242612e-02
5.323086e-02
5.060776e-02
1.235206e-03
-4.112338e-03
-5.739772e-02
-8.056071e-02
-1.120595e-01
-8.468682e-02
-1.451992e-01
7.821121e-02
2.733478e-02
3.272910e-02
-7.171752e-02
-6.188744e-02
-8.889150e-02
-3.125491e-02
4.922327e-03
3.637029e-02
-5.082206e-03
3.575550e-02
-1.669138e-02
-3.587672e-03
2.652520e-03
-5.820772e-02
4.545553e-02
4.233290e-02
-3.574875e-02
4.983841e-02
5.460542e-02
6.417456e-02
4.564294e-02
4.965591e-02
6.052016e-02
4.565209e-02
2.173269e-02
6.434327e-02
-2.135732e-01
-2.078146e-01
-2.345111e-01
1.666558e-02
4.014448e-02
2.153456e-02
9.162159e-02
8.317105e-02
8.886680e-02
1.736936e-01
1.248117e-01
3.827675e-03
4.348587e-02
6.957980e-02
-8.841468e-03
-2.248951e-02
3.445948e-03
3.081206e-03
-2.050866e-02
2.290731e-02
1.924108e-02
7.592519e-02
7.557398e-02
1.804986e-01
1.498987e-02
5.885566e-02
7.127902e-02
-4.524653e-02
-5.605369e-02
-6.617235e-02
6.858542e-03
-2.519278e-02
-5.600141e-02
1.069757e-02
-2.173482e-02
1.037867e-02
-5.864386e-04
-1.936609e-03
-1.831577e-03
1.642982e-03
-5.745639e-04
1.966554e-03
6.637513e-04
-1.416306e-03
8.474887e-04
1.274230e-03
3.829021e-04
-2.168475e-04
-6.974915e-04
3.483004e-03
-7.624630e-04
5.895667e-04
3.331598e-03
3.712793e-04
-1.453983e-02
6.812833e-02
3.813684e-02
9.425197e-02
1.485948e-01
8.075912e-02
1.065393e-01
1.077564e-01
-1.212538e-02
1.178159e-01
1.490472e-01
-1.685778e-02
1.582862e-01
5.991228e-02
2.054875e-02
2.850321e-02
-5.800897e-04
2.421246e-02
-3.232437e-03
1.390481e-02
3.725498e-03
-5.255890e-02
9.134814e-03
2.016161e-02
-6.849481e-02
5.150094e-03
2.109906e-02
9.069199e-02
8.017269e-02
4.959645e-03
8.527525e-02
6.112907e-02
2.207080e-02
4.288812e-02
-2.614181e-02
2.347800e-02
-3.010979e-02
-2.042901e-02
1.070564e-02
-7.038420e-02
-1.079993e-01
-2.506412e-02
-1.164811e-03
4.145207e-02
7.853036e-02
5.407865e-03
-6.611397e-02
-6.610282e-02
-8.334513e-03
-4.336010e-02
-1.234876e-02
3.229557e-02
-1.337619e-02
4.077386e-02
6.378893e-02
-5.675099e-03
3.418260e-02
-4.213617e-02
-3.364230e-02
-8.886161e-03
2.986073e-02
-3.290109e-02
3.094353e-03
7.695814e-02
5.721366e-02
4.415440e-02
3.967505e-02
5.050592e-02
1.132553e-02
-8.603301e-02
-5.003383e-02
1.700009e-02
1.338997e-02
-4.832438e-02
-7.990850e-03
-4.584058e-02
-3.658050e-02
1.492482e-03
-6.414496e-02
-5.375205e-02
-4.272008e-04
2.618551e-03
-7.132024e-03
1.913431e-02
3.236813e-02
5.259037e-02
8.699779e-02
3.082345e-02
1.248610e-01
1.020090e-01
1.311242e-01
1.340699e-01
1.224701e-01
-4.215656e-02
-6.934237e-02
-6.996582e-02
-1.175827e-01
-1.210803e-01
-1.133917e-01
-9.481496e-02
-1.324105e-01
-1.401815e-01
-1.111669e-01
-1.521674e-01
-1.845431e-01
-1.116732e-01
-1.291371e-01
-1.386986e-01
8.598653e-02
8.147341e-02
2.081892e-02
6.597178e-02
-3.885901e-02
6.585828e-02
7.613920e-02
-3.901007e-03
7.222274e-02
2.609326e-02
-3.324627e-03
2.451558e-02
-1.893917e-02
-3.911296e-02
1.415474e-02
-6.497718e-02
1.230160e-02
9.427456e-02
2.200927e-03
-4.096910e-04
-2.672764e-04
8.010064e-04
5.755283e-03
6.197169e-04
-5.168587e-04
3.096238e-03
-3.947914e-03
7.835421e-04
1.204783e-04
2.982846e-03
3.633497e-04
-7.377316e-04
-2.010997e-03
-4.613964e-04
7.856830e-04
-1.934320e-03
3.631608e-02
-2.336844e-02
5.953994e-03
4.236992e-02
-1.297443e-02
-7.092149e-03
5.452132e-02
6.513536e-03
2.067227e-03
-4.495995e-02
-1.265566e-01
-9.862463e-02
-1.190045e-01
-1.891628e-01
-1.737547e-01
-1.033510e-01
-2.447566e-01
-1.196559e-01
-2.751653e-02
-1.175457e-01
-4.006353e-02
-9.663764e-02
-1.551784e-01
-1.073487e-01
-8.278605e-02
-1.253345e-01
-5.174236e-02
-9.505952e-03
-4.498664e-02
2.507082e-02
-8.220332e-02
-1.489058e-01
-7.337414e-02
-8.785552e-02
-8.501531e-02
4.353070e-02
-1.248686e-03
1.386517e-02
-1.354765e-02
-4.883728e-02
-1.576485e-02
-3.264333e-02
2.227441e-02
2.156614e-02
3.585919e-02
1.573971e-02
-1.249783e-02
-1.235291e-02
5.366888e-02
2.033762e-03
1.171573e-02
5.820433e-02
1.061020e-02
5.548333e-03
6.997773e-03
-1.753718e-02
-1.625758e-02
-1.813010e-02
-6.307307e-03
-4.942913e-02
6.629191e-03
-1.991190e-02
-4.210961e-02
-4.617278e-03
-1.615133e-02
-7.668111e-03
1.335951e-03
2.306066e-03
-9.795985e-03
-8.627640e-03
-4.051909e-03
-1.384212e-02
-2.786314e-02
-1.186356e-02
6.899441e-03
-4.445288e-02
-4.308413e-02
-2.193933e-02
-4.186440e-02
-2.082926e-02
-4.295402e-02
-3.585287e-03
3.876984e-03
5.435258e-03
-2.278333e-02
-4.200147e-03
-2.179984e-02
6.621743e-03
1.602819e-02
-3.052498e-02
-7.227153e-02
-8.395280e-02
-8.882406e-02
-8.540619e-02
-7.907012e-02
-7.135341e-02
8.255786e-02
7.411812e-02
6.974892e-02
4.690579e-02
-1.785731e-02
-5.306615e-03
-1.081565e-02
2.925323e-02
6.805775e-03
-1.787846e-02
-1.861826e-03
-1.221276e-02
-6.933630e-04
-5.575898e-02
-5.487770e-02
-3.208071e-02
-3.878451e-03
1.437999e-02
6.053202e-02
2.587038e-02
2.599327e-02
5.870527e-03
1.067482e-02
-5.663452e-03
9.625860e-03
1.433949e-02
2.018259e-02
6.486645e-03
1.548832e-02
1.753868e-02
4.168653e-04
2.318822e-03
1.554751e-03
-2.607874e-03
1.077589e-03
6.944124e-04
-1.922395e-03
1.740440e-03
2.019750e-03
-1.725432e-05
1.653120e-03
-1.099491e-03
7.796590e-04
-1.491945e-03
-4.011302e-03
-2.188760e-03
-1.436842e-03
-1.009993e-03
-2.728472e-02
-4.836329e-02
-2.991918e-02
-5.964177e-02
-4.200970e-02
-3.137039e-02
-7.204003e-03
5.646192e-03
1.298129e-02
1.335810e-02
3.953516e-02
-1.136778e-02
-1.893093e-03
-5.371458e-04
3.381671e-02
1.694004e-02
4.770283e-02
3.797140e-02
3.258619e-03
-9.807511e-03
-7.891292e-03
8.803145e-03
4.549030e-03
-2.669190e-02
1.929095e-02
2.365717e-02
1.467922e-02
1.854104e-02
3.817850e-02
4.103869e-03
3.412953e-02
5.855415e-02
3.676387e-02
2.287204e-02
3.763526e-02
3.699286e-02
-4.919090e-02
-6.691627e-02
2.305852e-02
-3.069523e-02
-4.772069e-02
-3.297437e-02
-1.115371e-01
-8.286944e-02
-3.409718e-02
2.202944e-02
4.940645e-02
-2.468501e-02
-4.138467e-02
4.496560e-02
1.460865e-02
-5.760727e-02
3.419712e-02
7.780512e-02
-2.496210e-02
-7.875806e-02
-7.401149e-02
-3.183577e-02
-4.392938e-02
-5.030222e-02
-8.230328e-03
-6.213986e-03
-2.890713e-02
-2.181709e-02
-7.954814e-03
-5.354532e-02
5.328543e-02
2.054542e-02
8.185097e-03
-4.360532e-02
-2.947922e-02
-1.374546e-02
1.616745e-01
1.925870e-01
1.428119e-01
1.508995e-01
2.584128e-01
2.375126e-01
1.602862e-01
2.265344e-01
2.394346e-01
-8.473522e-02
-5.653246e-02
-4.901589e-02
-5.953705e-02
-5.271650e-02
-6.453584e-02
1.709695e-02
-4.700439e-03
-6.557319e-02
3.588463e-02
4.597791e-02
4.276894e-02
-2.942221e-02
7.470375e-03
-2.258205e-02
2.077415e-02
1.748585e-02
-6.764831e-03
-5.035581e-02
-1.822997e-02
-1.381338e-02
9.954432e-02
4.421914e-02
3.211414e-02
-2.814095e-02
2.883383e-02
7.273106e-02
-4.111750e-02
1.452387e-03
-2.413015e-02
5.798170e-02
3.924768e-02
-3.148684e-02
1.328865e-02
-7.917416e-03
-3.752635e-02
6.313609e-02
5.213377e-02
-7.689657e-03
6.101258e-02
7.760518e-02
9.709916e-02
-1.704251e-02
3.762220e-02
-1.555412e-02
-5.269322e-05
4.873940e-05
2.828735e-03
2.593960e-03
1.499809e-03
6.095018e-04
1.561650e-03
3.079392e-04
-3.065305e-03
1.993102e-03
-1.206289e-03
1.876954e-03
3.454215e-03
1.440236e-03
5.866669e-04
-1.605520e-03
1.652361e-03
-1.072604e-03
-8.499788e-03
1.218743e-02
-2.126006e-02
9.220749e-03
3.207484e-02
5.870949e-03
-7.740079e-02
7.162028e-03
2.666797e-02
5.083268e-02
1.205574e-01
5.061597e-02
-2.638060e-03
1.778092e-01
2.119593e-01
-3.030000e-02
5.441056e-02
1.659609e-01
8.655156e-02
5.935800e-02
1.860824e-02
6.388336e-02
3.656641e-02
1.906379e-02
2.843658e-02
1.784679e-02
2.612442e-02
4.523963e-02
3.428124e-02
-6.904518e-03
2.748391e-02
7.401337e-02
9.463886e-02
-2.892804e-02
1.461009e-02
7.104570e-02
3.246804e-03
-4.344279e-02
-1.290803e-02
6.054132e-03
-8.880062e-02
-2.162904e-01
-6.107288e-02
-8.264408e-02
-1.295225e-02
3.510510e-03
1.183941e-01
-6.774565e-02
-5.875052e-02
-1.057256e-01
1.985240e-02
6.361457e-03
-2.822814e-02
-2.878759e-02
-6.985267e-02
-1.722684e-02
-4.840550e-03
-5.398219e-02
5.029400e-02
-3.626699e-02
-5.323515e-02
2.400930e-02
1.057348e-01
-2.290257e-01
-1.349538e-01
3.893292e-02
2.268919e-01
-3.839874e-02
-1.679336e-02
-1.170656e-01
-1.014663e-01
-2.551246e-01
6.240288e-02
4.850055e-02
1.396047e-02
-1.230796e-01
-4.256565e-02
7.341988e-03
-1.528269e-03
9.665678e-02
4.551642e-02
1.495452e-01
-1.806483e-01
5.445623e-02
-1.333553e-01
6.646961e-02
2.037496e-01
4.150946e-02
2.447376e-01
-9.761453e-02
1.576760e-01
1.399993e-01
2.232141e-01
-1.684379e-01
-2.813558e-01
-3.297531e-01
4.920096e-02
5.157210e-02
1.500414e-02
-6.846092e-02
-1.651963e-01
-2.993650e-02
3.954502e-02
2.003019e-01
2.338900e-01
-3.043680e-02
1.050252e-02
1.232944e-01
5.899441e-03
2.622287e-02
-1.254607e-01
-1.768381e-01
-3.002972e-01
-7.290006e-02
-4.851923e-02
-4.667090e-02
-5.295678e-02
-4.258614e-03
1.880615e-01
-1.132563e-01
-3.803673e-03
-1.276569e-01
7.582821e-02
-1.772935e-01
2.565087e-02
-1.686815e-01
-3.403452e-03
-1.304057e-03
1.134266e-03
-2.861541e-03
1.569327e-04
-9.784581e-04
8.861040e-04
1.798909e-03
-2.667346e-03
1.884937e-03
-2.112593e-03
1.780045e-03
-4.364502e-04
-2.025696e-04
5.439222e-04
-1.312965e-03
9.384520e-04
1.169478e-03
-5.755146e-03
4.735345e-02
-3.863996e-02
2.590315e-02
8.793505e-02
6.158713e-02
-1.443830e-01
-9.526074e-02
-6.305672e-03
1.316011e-01
1.028096e-01
-8.273508e-02
1.072607e-01
3.253350e-01
2.591858e-01
-5.987530e-04
1.654711e-01
5.126514e-01
7.001315e-03
8.898557e-03
9.369237e-02
-3.982468e-06
4.047358e-02
-9.991787e-02
1.197853e-02
-9.472940e-02
-1.137921e-01
8.831433e-02
2.091828e-01
4.232617e-02
1.554827e-01
-2.107907e-01
2.583060e-01
-3.535376e-02
1.667979e-01
-3.936357e-02
-3.214206e-02
-1.646440e-02
-4.247733e-02
-2.078054e-02
-9.296455e-02
-8.594105e-02
2.337073e-02
1.907923e-02
2.762905e-02
-6.000005e-02
-1.088795e-01
-1.175633e-01
-6.865833e-02
-2.450950e-01
-1.584698e-01
1.952130e-02
-1.545211e-01
-1.401464e-01
5.397275e-02
2.221528e-04
-1.580736e-03
4.810737e-04
-4.493322e-03
8.965441e-04
-5.695251e-02
-3.144494e-02
-1.055999e-01
-7.791224e-02
-6.855419e-02
-2.645168e-02
-1.304300e-03
-6.738120e-03
-7.458614e-02
-8.464967e-02
-1.141671e-01
-1.412819e-01
-4.197416e-02
-4.131641e-02
-1.769899e-03
-4.624628e-02
4.922139e-02
5.231043e-02
1.483702e-02
4.958613e-02
6.606157e-02
1.677357e-02
1.310231e-03
-6.579220e-02
7.898084e-03
9.486859e-02
5.883811e-02
1.133835e-01
1.318453e-01
1.640482e-03
6.970698e-03
-8.077657e-03
-3.861957e-02
-2.409586e-01
-2.484079e-01
-2.907470e-01
-2.583857e-01
-2.602352e-01
-3.302652e-01
-3.519178e-02
-1.685782e-02
4.642010e-02
8.685031e-02
6.875672e-02
2.119078e-02
-1.427230e-02
1.222630e-02
5.647839e-03
7.596988e-03
2.051021e-02
-2.861483e-02
-2.762397e-02
-7.001676e-02
-5.477452e-02
5.664530e-02
-2.115948e-02
-7.255150e-03
8.801296e-02
1.199090e-01
1.166357e-01
1.415595e-01
1.332811e-01
1.272062e-01
3.344262e-02
8.968507e-02
8.972260e-02
-1.459677e-03
-2.224579e-03
4.253890e-04
-1.798576e-03
-1.866120e-04
-1.203276e-03
1.494644e-03
-1.767895e-03
3.012985e-03
-7.802860e-04
-2.052148e-03
-4.395868e-04
6.446511e-04
-9.777012e-04
-9.572688e-04
-2.228215e-03
1.525577e-03
1.649729e-03
1.168024e-01
1.180996e-01
6.453393e-02
5.238549e-02
5.056089e-02
2.567007e-02
6.478050e-02
6.601416e-02
5.689544e-02
2.918212e-02
1.293931e-02
6.397846e-02
-2.528317e-02
3.646917e-02
1.102065e-01
-1.304512e-01
2.932903e-02
5.269506e-02
9.697715e-02
8.128284e-02
8.176041e-02
8.889581e-02
3.624436e-02
2.116372e-02
6.143031e-02
-3.318905e-03
1.573130e-03
4.242612e-02
2.303274e-02
8.047347e-02
2.492848e-02
-1.946314e-02
4.362731e-02
-8.488933e-02
-3.073079e-02
-3.730415e-02
-5.941881e-02
-8.978719e-02
-3.027121e-02
-2.464891e-02
-7.257458e-02
-5.995721e-02
-2.148269e-03
2.980243e-02
-1.786506e-04
9.924102e-02
9.901905e-02
1.035828e-02
9.154221e-02
1.049704e-01
7.219625e-02
1.394463e-01
1.682415e-01
1.297497e-01
-9.559373e-02
-5.038930e-02
-2.456262e-02
-5.482436e-02
-7.350179e-02
-7.669771e-02
-1.154667e-01
-1.115674e-01
-8.291793e-02
4.176759e-02
3.429026e-02
3.059636e-02
-2.524618e-03
-2.187653e-02
-4.343985e-02
-7.325879e-03
-1.831423e-02
1.692610e-02
-3.230851e-02
-3.747470e-03
-1.301369e-01
1.096351e-01
1.237378e-01
3.224778e-02
-5.492763e-04
5.068224e-02
-7.544361e-03
3.355600e-02
8.230156e-02
1.015668e-01
2.282240e-02
5.693941e-02
1.148759e-01
2.053582e-02
4.990717e-02
1.333373e-01
-7.359478e-02
-7.311112e-02
-6.157895e-02
1.536618e-01
1.305786e-01
1.021167e-01
-7.030059e-02
-9.478379e-02
-1.356111e-01
6.120936e-02
1.626342e-01
9.947537e-02
2.004386e-02
8.225734e-02
1.197168e-01
-6.934780e-03
1.433627e-02
5.740009e-02
-6.240016e-02
-1.027470e-02
4.536689e-02
1.142382e-01
1.073614e-01
9.001859e-02
-1.182655e-02
7.577146e-03
6.691896e-02
-5.147084e-02
-2.408828e-02
-2.047019e-02
6.043129e-02
2.812701e-02
1.820373e-03
-3.894879e-02
-2.603270e-02
-4.125592e-02
-2.346285e-03
2.333321e-03
4.842207e-04
9.120943e-05
-4.742540e-04
-2.194022e-03
2.275257e-03
2.958681e-04
1.236666e-03
3.195356e-03
4.792207e-04
-7.855994e-04
-1.444945e-04
-1.710676e-03
-1.482091e-04
-4.124479e-04
1.237493e-03
9.759482e-04
1.068923e-02
4.654349e-02
2.758406e-02
2.446347e-02
1.152149e-01
4.533815e-02
-2.567995e-02
-9.789141e-03
-6.795118e-02
5.231810e-02
1.299701e-01
1.826800e-01
5.939319e-02
1.805944e-01
1.522569e-01
5.942985e-02
1.541252e-01
6.292786e-02
-5.149024e-02
-4.513422e-02
-6.890455e-02
-4.408959e-02
-3.368738e-02
-4.205352e-02
-5.212118e-02
-3.389518e-02
-4.944627e-02
1.253307e-01
1.521416e-01
2.015913e-01
2.650099e-03
7.645555e-02
1.428766e-01
-8.604766e-02
-3.618642e-02
-4.876572e-02
