-2.918840e-01
-2.188517e-01
-1.286319e-01
-1.131861e-01
2.934993e-01
1.017936e-01
-9.391942e-02
2.027514e-01
9.614202e-02
-2.051994e-02
4.451150e-02
9.810833e-02
2.190722e-01
6.291978e-01
3.770385e-01
1.220035e-01
3.744305e-01
2.118843e-01
3.090899e-01
-3.737111e-02
-4.082067e-02
1.277522e-01
-1.340481e-01
-3.165329e-01
-1.420823e-01
-4.631794e-01
-5.160008e-01
-5.096172e-03
-2.350382e-03
-1.792760e-03
-2.112440e-03
6.680439e-03
-1.375718e-03
-1.670464e-03
-1.854773e-03
4.328795e-03
-7.602235e-03
-8.110306e-04
4.636576e-03
-4.425567e-03
2.119286e-03
-2.907426e-03
2.195843e-03
1.544512e-03
-2.405642e-03
-2.724209e-03
-9.689981e-03
2.579860e-04
-1.148359e-03
-6.799960e-03
-9.605170e-03
5.049238e-06
-1.313414e-03
1.355217e-03
5.132473e-01
9.029701e-02
-1.867670e-01
2.332797e-01
-3.934440e-01
-5.441766e-01
3.499990e-01
-4.618312e-01
-5.541921e-01
-3.890657e-02
1.902196e-01
-1.651797e-02
-9.120443e-02
2.531875e-01
7.810891e-02
-3.907105e-02
1.656665e-02
-3.540909e-02
-4.093040e-01
1.461273e-01
-1.840713e-02
-1.749900e-01
6.982337e-01
5.670154e-01
-1.906996e-01
4.492903e-01
4.455222e-01
7.909473e-02
-7.646161e-02
1.512685e-01
-4.780932e-03
6.938175e-01
1.254161e-01
2.309519e-01
1.716972e-01
2.711451e-01
-2.019620e-01
-3.784130e-01
-3.299012e-01
-3.352689e-01
2.834729e-01
-5.983799e-01
-2.845663e-01
-4.500624e-01
-4.355999e-01
1.711195e-02
2.496360e-01
1.164203e-01
3.148520e-01
1.245344e+00
2.284926e-01
7.129550e-02
3.987913e-01
9.892878e-03
2.356150e-01
1.693403e-01
-6.861173e-04
2.100071e-01
-6.135698e-01
-1.715954e-01
1.819023e-01
8.882281e-02
-4.658493e-02
-5.120602e-02
-2.389520e-01
6.281815e-03
-2.575572e-01
-1.116015e+00
-2.280812e-01
6.780503e-04
-1.342591e-01
1.062161e-01
-5.100226e-02
4.478193e-02
1.231986e-01
-1.048925e-01
-5.787724e-01
1.009710e-01
7.479420e-02
1.390554e-01
2.616065e-01
-2.969440e-03
-1.920890e-03
7.803398e-03
3.860297e-03
-3.516378e-03
6.764879e-04
4.262651e-03
1.514442e-03
-5.115048e-03
9.458983e-04
4.551445e-04
4.437811e-03
-3.311507e-03
-9.599708e-04
-4.886385e-03
-2.686885e-03
2.093115e-03
8.276002e-03
6.551079e-03
-1.684025e-04
-3.550704e-03
-2.339663e-03
2.080124e-03
4.076362e-03
-2.676172e-03
-5.186233e-03
6.966644e-03
8.805795e-02
1.674929e+00
4.187921e-01
4.559425e-01
1.191753e+00
1.217155e+00
-3.478576e-01
2.649238e-01
-3.885238e-01
-4.971111e-01
-5.340661e-01
-4.069202e-01
-5.687785e-01
-1.548650e+00
-8.948970e-02
-1.741581e-01
-3.097472e-01
-1.550318e-01
5.870406e-02
-9.509666e-02
-5.132410e-01
3.008786e-01
-6.515585e-01
-3.204022e-01
4.058406e-01
4.997551e-01
2.288555e-01
2.357063e-01
4.574674e-01
4.670944e-01
8.398227e-02
-6.197845e-01
-5.090107e-02
4.441354e-02
-5.093209e-01
-3.316589e-02
3.898344e-01
3.912768e-01
3.076838e-01
7.749554e-02
-8.610432e-01
-1.281279e-01
2.090024e-01
-3.905858e-01
1.512072e-01
2.269641e-01
3.824925e-01
8.711610e-02
8.191891e-02
-4.273048e-01
-9.334572e-02
2.339107e-02
-4.836904e-01
-1.075027e-01
3.016602e-01
3.769230e-02
2.134944e-02
7.217187e-01
-4.542900e-01
-4.641700e-01
1.345854e-01
-2.928226e-01
-1.470906e-01
3.162499e-01
-3.171168e-01
-3.253241e-01
1.043311e+00
-4.507464e-01
-6.185467e-01
4.356927e-01
-8.642302e-02
-2.198528e-01
1.535309e-01
-2.745438e-01
-3.858924e-01
7.022176e-01
-2.753696e-01
-4.184927e-01
3.567949e-01
8.530606e-02
-4.418209e-02
-1.429388e-01
-6.897232e-03
-6.713352e-02
2.491627e-02
1.542241e-01
3.691559e-01
5.531278e-02
3.521999e-01
3.500086e-01
-2.741483e-01
-2.859870e-01
-2.742873e-01
-3.821344e-01
-7.097285e-01
-4.235324e-01
-2.977528e-01
-4.095119e-01
-3.145138e-01
3.591401e-01
4.416569e-01
1.015129e-01
4.802222e-01
2.039392e-01
-3.312972e-02
3.592065e-01
1.799311e-01
-1.202950e-01
-7.527480e-02
-4.243318e-01
-4.218073e-01
3.191819e-02
-8.475926e-01
-3.620377e-01
2.341481e-01
1.169467e-01
7.809403e-03
-1.812320e-01
-6.291740e-02
-7.707321e-02
-1.042693e-01
-5.259355e-01
-5.538514e-02
-1.320302e-01
-2.209686e-02
-8.467987e-02
2.176713e-01
7.490374e-01
5.030791e-01
2.655975e-01
3.548012e-01
6.043774e-01
-4.212582e-02
2.133128e-01
1.417057e-01
1.297469e-01
-1.164410e-01
1.411485e-01
-1.099686e-01
-5.540458e-01
-2.663628e-01
1.079203e-01
5.533461e-01
-8.763099e-02
-2.122601e-01
-4.563864e-01
-1.309816e-01
-5.125555e-02
-2.341723e-01
-2.415485e-01
5.240783e-01
1.261620e+00
2.234911e-01
-2.031685e-01
-3.837903e-01
-9.928773e-02
-2.852235e-01
-3.265376e-01
-9.314494e-02
5.134719e-02
6.767428e-01
1.933597e-01
-1.058847e-01
-8.078276e-02
1.899738e-01
-1.135360e-01
1.425300e-01
2.411608e-01
-2.544362e-01
-1.689833e-01
1.183926e-01
-2.093214e-01
-1.033673e-01
2.124308e-01
-1.623096e-01
1.290564e-01
2.927088e-01
-1.069385e-01
-3.107290e-02
2.454327e-01
-8.505031e-02
-1.682632e-01
-1.708402e-02
-5.217998e-02
-5.347710e-02
-5.505421e-02
-4.364847e-03
-9.381295e-02
2.420908e-02
-7.356615e-02
7.875908e-01
4.015899e-01
-3.655337e-01
4.519497e-01
-6.821489e-01
-2.683384e-01
-5.683166e-01
-6.211679e-02
-3.093378e-02
1.060715e+00
3.357413e-01
-7.447019e-02
1.122521e+00
-3.961891e-01
5.527242e-02
-1.415930e-01
2.150010e-01
-2.527914e-01
-8.258401e-01
-6.193245e-01
-5.283948e-02
1.747442e-01
-5.931662e-01
3.230123e-01
2.262282e-01
4.028362e-01
-1.757293e-02
-1.328017e-01
1.799999e-01
-1.373347e-02
-1.267962e-01
1.342655e-01
-6.800172e-02
-3.810820e-04
7.332054e-02
-8.855452e-02
-2.435827e-01
7.521153e-02
-9.640335e-02
-2.231778e-01
3.184893e-02
-8.969813e-02
-5.678876e-02
2.805897e-02
-6.028794e-03
-1.787173e-01
5.407915e-02
-1.678011e-02
-1.706893e-01
6.710717e-03
-1.239845e-02
-4.534990e-04
2.914063e-02
1.644611e-01
-2.577878e-02
1.086007e-01
-1.919934e-01
7.271953e-01
3.039872e-01
9.256361e-02
-7.957969e-01
-8.233786e-02
2.560560e-01
8.391108e-02
-2.101952e-01
-1.001629e-01
7.333321e-01
-3.120731e-02
3.015048e-02
-9.030836e-01
-2.850982e-01
-1.924668e-01
-2.086663e-01
-2.262852e-01
-1.417230e-01
8.027521e-01
3.598058e-02
7.832256e-02
-1.237064e-02
8.131284e-02
