9.689881e-02
7.739364e-03
-1.000644e-01
-3.064376e-01
-2.360529e-01
-2.068185e-01
-2.970311e-02
5.580559e-02
-7.479908e-02
-1.382179e-01
-1.075562e-01
-9.728674e-02
-1.735572e-02
9.206812e-02
2.915983e-03
3.173681e-02
-2.362198e-02
-5.755489e-02
1.643903e-02
-1.307353e-02
1.291475e-02
-5.960270e-02
-7.535764e-02
-1.076781e-01
3.565910e-03
5.116114e-02
-1.175872e-02
4.130898e-02
1.616356e-03
7.651477e-04
-5.248772e-02
-6.788120e-02
1.032771e-02
3.369001e-02
1.260839e-01
9.628315e-02
-5.214725e-02
6.173693e-02
2.809297e-02
6.180386e-02
2.556891e-02
-4.089518e-02
1.545497e-01
-3.113573e-02
3.796984e-02
-1.021154e-02
-2.914935e-02
-1.362298e-02
-1.093968e-01
-7.943596e-02
-6.562283e-02
-1.030225e-01
-7.121963e-02
-5.404878e-02
3.332553e-02
5.289758e-02
-2.628544e-02
6.585405e-02
6.386876e-02
-3.408261e-02
-1.856047e-02
-1.389009e-01
-3.798578e-02
-2.229451e-01
-1.640365e-01
-1.459292e-01
1.717754e-01
7.993662e-02
-6.933973e-02
-2.087040e-01
-1.756733e-01
-1.399755e-01
-8.307517e-04
-1.194508e-02
-6.437041e-02
1.090712e-02
3.483268e-02
-6.624815e-02
-2.320791e-02
-4.808600e-02
8.322443e-03
2.262394e-02
2.956424e-02
-9.653279e-03
2.497325e-02
4.934078e-02
-1.387536e-02
3.442733e-02
2.939061e-02
-2.102577e-03
-5.308431e-02
-7.623766e-02
-2.155728e-02
-6.997521e-02
5.855925e-02
-1.063787e-01
-6.661384e-02
-1.714813e-01
-8.322386e-02
-1.205343e-01
-6.924751e-02
-2.203797e-02
9.341711e-03
1.772837e-01
7.304328e-02
-1.016279e-02
4.506746e-02
9.716477e-03
5.139317e-02
6.627292e-02
9.391212e-02
2.838595e-02
4.793910e-02
4.248395e-02
1.161774e-02
4.476985e-02
4.776775e-02
7.433333e-02
7.350509e-03
-1.758063e-02
5.888057e-02
-6.737976e-02
8.325191e-02
-8.584204e-02
3.035490e-02
4.290104e-04
1.369759e-01
1.326565e-01
3.681985e-02
7.134759e-02
6.862865e-02
-1.504388e-03
1.745831e-02
-4.863273e-02
-9.505654e-03
-1.553523e-02
4.488464e-02
-8.692510e-02
-1.128156e-01
-1.858833e-01
-1.215746e-01
-1.468109e-01
-1.072819e-01
-1.354868e-01
-4.869269e-02
-2.841311e-02
-4.046283e-02
-9.675043e-02
-1.407103e-01
-1.765144e-01
4.191912e-02
3.307259e-02
1.247015e-02
3.020422e-02
2.624581e-02
-1.096342e-02
2.520300e-02
-3.006008e-02
-2.405739e-02
7.173062e-03
1.001937e-02
4.046540e-02
4.144491e-02
6.209487e-02
3.363253e-02
-4.018189e-02
1.882040e-02
1.311489e-02
-1.065237e-01
-5.493855e-02
-5.837730e-03
-1.497386e-03
4.123497e-02
3.840785e-02
-8.103675e-03
1.269430e-02
-7.638306e-03
1.940744e-02
4.016196e-02
3.332101e-02
-1.484055e-02
-4.925190e-03
-1.158412e-02
-5.057082e-02
-4.351942e-02
-3.983018e-02
4.523593e-02
4.169521e-02
4.483793e-02
-3.161988e-02
-3.334849e-02
-2.908756e-02
-1.389671e-02
-9.343843e-03
-5.313780e-02
1.945370e-02
3.538556e-02
-1.972034e-02
2.824340e-02
8.172356e-02
1.786544e-01
-1.530316e-01
-1.311318e-01
-2.594031e-02
-1.602216e-02
-8.707057e-02
-6.415457e-02
-6.163170e-02
-8.506475e-02
-6.577302e-02
1.782258e-02
3.914569e-02
6.178622e-02
-2.433206e-02
-3.583512e-02
-4.186846e-02
4.362874e-03
-1.074912e-02
6.246919e-03
-3.425239e-02
-2.692814e-02
2.184982e-02
-9.420168e-03
-6.851428e-04
2.334743e-02
-8.191741e-02
-8.141731e-02
-6.734528e-02
-4.623182e-02
-6.522483e-02
-6.110735e-02
1.709398e-02
-2.843309e-02
-4.253795e-02
4.696285e-02
1.812966e-02
1.272640e-02
6.530969e-03
5.737201e-02
2.450229e-02
-3.379637e-02
-1.570804e-02
3.790470e-02
-2.473439e-02
1.209137e-03
2.132158e-03
1.408594e-02
4.878984e-02
4.609251e-02
-7.817936e-02
-4.860785e-02
-2.021943e-02
3.679734e-02
1.702457e-03
1.823659e-03
3.348489e-02
-5.746617e-03
-1.917007e-02
6.049363e-02
2.866334e-02
2.984129e-03
7.154698e-03
3.729969e-02
4.741912e-02
-2.274637e-02
4.913943e-03
3.008194e-02
1.973176e-02
-4.588950e-02
-6.277794e-02
1.735136e-02
-1.957424e-02
4.310092e-03
-2.659572e-02
-4.751283e-02
-1.506441e-02
5.542769e-02
1.779367e-02
2.645273e-02
-3.522691e-02
-1.498531e-02
1.269358e-02
-6.369329e-02
-3.595633e-02
-3.074720e-02
4.319458e-02
1.612328e-02
7.899189e-03
6.219121e-02
-1.100380e-03
-8.264688e-02
-1.298780e-01
-4.375881e-02
-3.480953e-02
-1.819248e-01
-1.986589e-01
-1.418833e-01
-2.453563e-03
-7.941205e-02
-9.709109e-02
3.728208e-02
-2.098982e-02
6.663891e-02
7.578662e-02
1.225106e-01
8.153498e-02
3.652851e-02
4.421266e-02
-1.218981e-02
4.187813e-02
8.592417e-02
1.075333e-01
-6.624773e-02
2.824856e-03
1.181527e-01
2.380147e-02
1.054991e-01
5.311549e-02
-1.538736e-02
1.567321e-02
5.139316e-02
-9.116635e-02
-1.061361e-01
-3.140449e-02
-1.943217e-02
-5.221908e-02
7.722670e-02
2.056935e-01
-6.391099e-03
2.117029e-02
2.485591e-01
1.491961e-01
-3.601445e-02
6.022734e-02
7.419813e-02
8.280786e-02
4.553058e-02
7.050706e-02
9.276711e-02
4.406396e-02
2.428115e-02
-1.830500e-02
9.623242e-03
-3.639522e-02
-1.043986e-02
7.650594e-02
7.423702e-02
2.046515e-02
-1.117969e-02
8.770325e-02
8.507462e-02
-6.325255e-02
-8.580987e-02
1.579856e-02
1.517537e-01
-6.624627e-02
-1.769299e-01
1.698225e-01
2.495572e-01
5.570043e-02
-1.497958e-01
-8.835188e-02
3.896343e-02
-1.625577e-01
-2.788354e-01
-1.578869e-01
9.671680e-02
-6.287628e-02
-1.632524e-01
-4.971163e-02
-4.153872e-02
7.262432e-03
-1.056938e-02
-7.007188e-02
-6.320925e-02
3.509564e-02
-1.154823e-02
-1.871946e-02
-1.338819e-01
-3.870908e-02
7.762343e-02
5.986891e-02
-2.884919e-03
3.430833e-02
2.510776e-02
1.154947e-01
-3.187356e-03
-2.866823e-01
-1.759730e-01
-7.571245e-02
-2.512282e-01
-2.877694e-01
-1.937471e-01
7.546103e-02
-4.700627e-02
-1.353532e-01
8.122329e-02
6.417212e-02
3.339697e-02
4.448505e-02
6.679849e-02
5.529943e-02
6.374074e-03
1.150761e-02
2.564181e-02
2.902878e-02
8.413926e-02
-1.199257e-02
-1.038280e-01
7.401184e-02
-5.944341e-02
-8.798407e-02
-4.723215e-02
3.679631e-02
-1.348861e-01
-4.743615e-02
8.890653e-02
-1.086305e-01
-1.422405e-01
3.333394e-02
-1.320329e-02
-8.762708e-02
-3.367926e-02
1.569297e-02
-6.245582e-02
-1.620205e-01
1.686779e-01
1.472506e-01
-2.677079e-02
-2.331004e-02
-9.720414e-03
7.636435e-02
-8.483072e-02
4.463966e-03
9.761869e-03
1.735927e-01
-6.502421e-02
4.167434e-03
-1.252889e-02
5.564899e-02
8.186641e-02
-2.931531e-01
-1.661957e-01
-1.277158e-01
-2.559014e-01
-1.305445e-01
-1.069793e-01
-1.582055e-01
1.102962e-02
3.889335e-02
2.363322e-02
-2.585639e-02
-1.839630e-02
9.961294e-02
-2.552594e-02
-3.432760e-02
7.436985e-02
-2.109745e-02
4.054334e-02
-4.249014e-02
-3.031937e-02
-4.659384e-02
9.405091e-02
-5.330276e-02
-5.683026e-02
-2.651243e-02
-5.088630e-02
-5.279028e-02
1.263174e-02
-1.478347e-02
5.226171e-02
-1.720373e-01
6.693711e-02
1.514193e-03
5.065775e-02
3.466165e-02
7.255689e-03
-1.340016e-01
-6.791910e-02
-6.458195e-02
-9.610558e-02
-7.763035e-02
-1.069280e-01
-5.566490e-02
-7.164692e-02
-9.645903e-02
-1.820372e-02
2.284291e-02
3.661031e-02
-1.510992e-01
3.590658e-02
6.378615e-02
-4.640825e-02
-4.410299e-02
1.073494e-02
-2.174924e-02
-7.456019e-02
4.999672e-02
-1.597000e-01
-4.620810e-03
-8.399846e-03
1.150186e-01
-1.263204e-01
-1.436442e-01
9.048959e-02
-3.955685e-02
-2.705752e-02
6.539144e-02
1.515314e-01
2.883115e-02
-5.538209e-02
-8.258516e-02
-2.642682e-02
5.273756e-02
2.598731e-02
8.090097e-02
1.126451e-02
1.955892e-02
4.840089e-02
3.214618e-02
-4.479025e-02
2.870198e-02
-5.103412e-02
-2.339565e-01
-1.119482e-01
-2.626734e-01
1.155948e-01
-6.858177e-02
-1.314572e-01
-8.250057e-02
8.868390e-02
3.420782e-02
-1.814952e-01
-7.724945e-02
-1.768323e-01
-4.829730e-02
-3.305406e-02
-2.572033e-01
-1.142945e-01
1.731772e-02
7.426824e-02
9.016246e-02
9.842386e-02
-9.655029e-03
1.436368e-02
6.385126e-02
7.053307e-02
4.498571e-02
5.876480e-02
-1.658447e-01
3.586049e-03
-2.106932e-01
1.328486e-01
-1.314882e-01
-2.702220e-02
-5.978301e-03
-1.140272e-01
-9.288702e-02
-1.108119e-01
-9.725789e-02
-7.471777e-02
5.544923e-02
1.055843e-01
7.719897e-02
-8.362915e-03
2.475754e-02
4.339287e-04
-1.669498e-01
1.856992e-02
1.190033e-02
3.403058e-02
-7.291118e-02
-3.614962e-02
5.875711e-02
-2.222256e-02
-6.935401e-02
1.760600e-03
-4.023976e-04
1.421349e-03
-4.268866e-04
9.371060e-04
5.286146e-04
3.403303e-05
2.949498e-04
1.306650e-03
-1.841683e-05
-2.206176e-03
-1.617439e-03
-2.531424e-03
1.053868e-03
8.078624e-04
5.683245e-04
4.202443e-04
1.652417e-03
6.255380e-04
-6.640650e-04
3.210258e-03
-3.061685e-05
-2.081526e-03
1.072715e-03
-9.230044e-04
5.357210e-04
-1.154269e-04
-1.154518e-03
-8.954420e-04
-7.515723e-05
6.659257e-04
1.907669e-04
2.200890e-05
9.825865e-04
-4.811022e-03
3.487380e-03
4.726772e-04
4.434625e-03
-9.399178e-04
-1.684594e-03
-7.828861e-04
-2.680002e-03
-5.591876e-04
-1.127182e-03
3.309320e-06
-7.944339e-04
3.459376e-03
3.254520e-04
1.256784e-03
-2.870547e-03
2.182380e-03
2.254721e-03
7.024724e-04
7.812352e-04
1.245581e-03
-2.088317e-03
1.680622e-04
1.989320e-04
9.440470e-04
2.001118e-03
2.103033e-03
1.014644e-03
2.119127e-03
7.854989e-04
-2.646165e-03
1.857079e-03
-2.194756e-03
-1.090978e-03
-6.205279e-04
-1.356897e-03
-1.884855e-03
-1.266666e-03
-6.165887e-04
1.969343e-03
-5.766326e-04
3.315422e-03
8.055209e-04
-5.156138e-03
-2.690503e-03
-1.861324e-03
2.964811e-03
-4.663453e-04
-9.597141e-04
-1.201277e-03
1.010334e-03
1.341341e-03
-1.308090e-03
9.233960e-04
-7.179804e-04
1.970798e-03
4.078506e-04
3.843441e-03
-1.283680e-03
-2.519149e-03
5.717523e-04
-2.240573e-03
2.383284e-03
1.980081e-03
-1.442514e-03
-2.224353e-03
1.433247e-03
3.400211e-03
7.053083e-04
2.499022e-04
-3.490080e-03
-1.790429e-03
-3.052398e-03
3.312356e-03
3.045497e-03
1.096272e-03
-2.816681e-03
3.700910e-04
2.695115e-03
-1.400071e-03
9.197673e-04
-9.073692e-05
-1.044349e-03
-1.244467e-03
-6.805785e-04
-1.718330e-03
1.169859e-03
5.867227e-04
-9.523908e-04
2.661711e-04
-1.240797e-03
-2.071155e-03
-6.165318e-04
1.353252e-03
-2.756495e-03
-4.143287e-03
-6.334921e-05
-6.318493e-04
-1.707852e-03
-2.429314e-04
1.186173e-03
-6.916447e-04
-5.587322e-04
7.630704e-04
1.316870e-03
2.292798e-03
-1.180138e-03
1.003748e-03
-6.904834e-04
1.264110e-03
8.803539e-02
-6.025549e-03
-2.497491e-02
3.527912e-02
7.424755e-02
6.870798e-02
1.252117e-02
-1.082063e-01
-3.424423e-02
-9.260047e-02
-1.530640e-01
-7.327044e-02
5.494962e-03
-7.619440e-02
-4.606482e-02
-1.023409e-01
1.927746e-02
1.140684e-01
3.861055e-02
-1.724702e-02
-3.190447e-02
2.819030e-03
-2.558156e-03
3.277685e-02
-1.168903e-02
-3.199149e-02
5.816578e-02
1.269307e-02
1.800562e-02
-3.730240e-02
9.504897e-03
7.794042e-03
-2.760272e-02
1.867598e-03
-4.094214e-02
-5.625446e-03
1.026487e-02
-1.952749e-01
-7.717210e-02
5.257949e-02
-4.417804e-02
-6.826276e-03
-7.234712e-02
4.240229e-02
-2.089215e-02
-7.603248e-02
-7.004318e-02
-7.547769e-02
-6.333318e-02
-8.919612e-02
-8.691727e-02
-2.514816e-02
-8.088677e-02
-1.282644e-01
-2.555949e-02
-6.722511e-02
4.992451e-02
-4.274003e-03
-1.003390e-02
3.911985e-02
-9.235920e-03
5.510744e-02
-3.064710e-02
3.153519e-02
-1.311110e-02
-2.005122e-02
-3.533344e-02
-6.076666e-02
-6.366517e-02
-5.875252e-02
6.174770e-02
-8.342308e-02
7.582345e-03
2.204415e-02
1.205452e-01
-2.805715e-02
9.215120e-03
1.243142e-01
-1.188582e-02
4.961182e-02
3.637570e-02
-2.789218e-04
1.298278e-02
1.160775e-02
4.561671e-02
2.663376e-02
1.095761e-02
-4.263307e-03
2.315668e-02
2.205144e-02
9.160827e-02
-7.473321e-02
-2.959783e-02
1.125729e-01
-1.275817e-01
-5.646224e-04
-4.422162e-02
3.898190e-02
-1.457561e-02
-2.400080e-02
1.649456e-02
-6.255411e-03
3.796569e-02
-1.417798e-01
5.662390e-03
-3.520376e-02
-7.416411e-02
2.156081e-02
4.186994e-02
-6.080090e-03
2.747240e-02
3.912480e-02
9.067761e-03
-9.603405e-03
3.446756e-02
2.388429e-02
1.110696e-02
-9.397639e-02
4.505647e-02
-5.044676e-02
-1.685436e-01
1.505866e-01
-8.204909e-02
-1.119302e-02
-9.134894e-02
5.097216e-03
-6.472768e-02
5.920453e-03
8.504043e-02
-1.439168e-01
3.723978e-03
8.274058e-02
-9.219632e-02
5.322072e-02
-4.996682e-03
-1.522566e-03
-5.452945e-02
-2.127000e-02
-7.787167e-02
4.046798e-02
-4.846587e-02
3.894152e-02
-3.911720e-02
-3.758885e-02
-5.872281e-03
1.235460e-02
3.387740e-02
-1.577060e-01
5.909287e-02
-1.822707e-02
-5.090800e-02
-1.423075e-01
-1.886988e-01
-1.731293e-01
3.554880e-02
-7.613381e-02
9.308436e-02
3.283900e-02
-1.041981e-01
-4.493573e-02
-7.361944e-02
-6.225391e-02
-2.451264e-02
-7.587514e-02
-4.977319e-02
2.894955e-02
2.793707e-02
2.977123e-02
-6.304741e-03
3.892463e-02
-5.542682e-02
-6.482979e-03
1.944192e-02
3.515378e-02
-4.696788e-02
1.031522e-01
1.401870e-01
-3.310576e-02
1.181924e-02
3.263329e-02
3.216537e-02
-8.815262e-03
-6.360953e-02
1.526496e-01
4.247666e-02
-3.581889e-02
-9.565567e-02
-1.848579e-02
-4.370786e-02
-2.540353e-02
-7.570494e-02
-8.859711e-02
-6.888983e-02
-7.190309e-02
-6.521395e-02
-1.080769e-01
-8.119306e-02
-6.647956e-02
-7.662564e-02
-1.077427e-01
-1.752968e-02
9.849416e-02
-5.936589e-02
-2.208332e-02
-6.614359e-02
-1.831603e-02
-2.505175e-02
-5.065889e-02
2.190750e-03
-8.442153e-02
-1.683411e-02
-9.442903e-02
-5.565131e-02
-1.013040e-01
1.360209e-02
-1.829920e-03
-1.232958e-02
-2.894128e-02
-7.186604e-03
-3.369900e-02
-1.244893e-01
-9.624154e-03
-1.017667e-02
-8.510637e-02
-7.725351e-02
-6.153956e-02
2.252686e-02
3.368161e-02
2.985554e-02
1.322461e-02
1.820899e-02
1.505510e-02
3.760038e-02
4.394498e-03
-6.933305e-02
3.821047e-03
-7.212117e-02
8.253873e-03
-1.537486e-01
-6.575695e-02
-1.676555e-01
-4.722595e-02
-1.171842e-01
-1.563111e-01
-3.613708e-02
1.669203e-02
-8.555231e-02
-1.959091e-01
-8.026353e-02
-8.650220e-02
-1.205700e-01
-1.306369e-01
5.731357e-02
-2.177572e-02
-6.886438e-03
1.140804e-01
9.040274e-02
4.440705e-02
1.033067e-01
7.535493e-02
5.598565e-02
-2.901425e-02
-8.114191e-02
-4.419258e-02
-5.738883e-02
2.204815e-02
-6.040569e-03
2.541582e-02
-8.461954e-02
-2.990893e-02
2.603399e-02
-3.887972e-02
-3.315480e-02
-2.770245e-02
-1.725458e-01
-1.804066e-02
-3.301889e-02
-8.694546e-02
-5.714080e-02
-5.032073e-02
-1.348098e-01
-1.577136e-01
-7.436991e-02
4.259785e-02
4.242657e-02
1.260729e-02
-3.608506e-02
1.341746e-02
-2.592323e-01
1.121310e-01
1.081940e-01
-1.937118e-01
-2.742519e-01
-9.996399e-04
6.191013e-02
5.534369e-02
-2.278895e-01
9.508654e-02
3.750702e-02
-6.750543e-03
-8.659754e-02
5.819022e-02
6.949423e-02
-1.828011e-02
-7.249382e-02
-1.206314e-02
-6.202671e-02
-3.107065e-02
-1.258021e-02
-5.511689e-02
-3.718202e-02
3.239646e-02
5.569844e-02
-1.995235e-02
-2.969413e-02
2.903419e-02
-1.816092e-03
-2.382595e-02
1.045578e-01
-3.571098e-02
-4.597453e-02
1.344260e-01
7.119122e-02
-5.221459e-03
5.995067e-02
7.139835e-03
2.126664e-03
-2.441128e-02
4.632127e-02
-8.815331e-02
-3.709885e-02
3.317155e-02
-5.423741e-02
-6.283640e-02
-9.524645e-03
4.903625e-02
-6.508516e-02
-2.973983e-02
-5.225178e-02
-7.666764e-02
1.366350e-02
-2.766035e-02
4.767012e-03
-6.663565e-02
-2.313275e-01
-4.474679e-02
9.792604e-02
9.902730e-05
-1.913594e-02
2.767441e-02
2.661200e-02
1.972555e-01
-2.939934e-02
-2.287726e-01
-9.810871e-02
2.056432e-01
4.943131e-02
-2.523000e-01
-2.613024e-01
1.121893e-01
-5.405139e-03
-1.345856e-01
-2.212445e-02
1.061696e-01
3.548729e-02
-1.485879e-01
6.583698e-02
4.320634e-02
9.493769e-02
6.787878e-02
-1.265126e-02
-9.195828e-02
-5.486903e-02
1.217850e-02
-4.323163e-02
4.446046e-02
-2.313790e-02
3.635878e-02
1.207746e-01
-1.175156e-01
-1.291407e-01
-1.825135e-01
2.439114e-01
-2.825009e-03
-5.456360e-02
-1.696654e-01
1.740148e-01
-2.630782e-02
-2.005195e-01
8.399256e-02
-1.775926e-02
5.143436e-02
-1.675401e-01
-2.560630e-02
-1.481545e-01
8.530279e-02
3.614649e-02
5.979387e-02
4.764653e-02
-1.949578e-02
3.311109e-02
5.612127e-02
1.716259e-02
2.894504e-02
1.662932e-02
-1.009387e-01
4.679610e-02
6.524488e-02
1.323362e-02
-1.168084e-01
2.725571e-02
2.304672e-03
2.711476e-02
-1.356225e-01
-1.754579e-02
-8.571024e-02
6.959280e-02
5.221229e-02
-8.120658e-02
-7.682095e-02
7.706985e-02
2.447355e-02
9.559683e-03
2.314126e-02
1.610495e-01
1.987367e-02
-1.338237e-01
-8.983731e-02
5.494652e-02
1.296517e-01
-3.492968e-03
-1.101815e-01
1.034831e-01
-3.564692e-03
-7.519749e-02
2.890637e-02
-1.485149e-02
8.565359e-02
6.669849e-02
1.086191e-01
2.712185e-02
-8.141582e-02
-1.248376e-01
-3.536264e-02
-6.532842e-02
-3.323862e-02
1.107269e-01
4.588456e-02
1.832327e-02
3.988449e-02
-2.511221e-02
-9.453518e-02
-7.284535e-02
5.419740e-02
-1.024922e-02
4.736165e-02
1.325947e-02
-1.417235e-02
2.851875e-02
7.158098e-02
-2.397880e-02
-1.408580e-01
3.000129e-02
2.338691e-02
-1.093087e-02
-7.934863e-03
5.541746e-02
5.292391e-02
-6.248455e-02
-1.130961e-01
-5.507106e-03
-4.558398e-02
-1.593846e-01
1.632409e-02
9.852846e-03
-8.222619e-02
-4.299533e-02
1.947553e-02
8.206072e-03
-1.139601e-01
3.920092e-02
-3.470224e-02
-4.949636e-02
1.728249e-02
-3.922686e-02
-1.898691e-02
-9.530602e-03
-9.387000e-02
-3.687578e-02
1.258998e-01
1.593990e-02
-5.348490e-02
5.980593e-02
1.931939e-02
-9.781941e-02
-1.141820e-01
-2.958540e-02
1.502377e-01
6.367952e-02
4.117969e-02
-1.434032e-01
-7.645690e-03
-5.099177e-02
-6.851286e-02
4.783558e-02
9.213325e-02
1.776518e-01
3.007411e-02
6.857847e-03
6.341768e-02
-5.575113e-02
-9.486939e-02
-8.162471e-02
5.942640e-03
8.856816e-03
-4.218515e-03
-5.648035e-02
4.201510e-03
1.218265e-02
-6.793404e-02
3.041864e-02
3.385514e-02
-3.754715e-02
-2.066626e-01
-7.035813e-02
6.240447e-02
-1.055730e-01
4.251725e-02
-1.065366e-02
-6.890514e-02
-3.490497e-02
-4.610945e-02
2.276030e-03
7.412189e-03
-8.186571e-02
-2.742710e-02
-9.162819e-03
-9.180827e-02
-7.164483e-02
-3.823236e-02
9.701354e-03
9.051441e-03
1.940283e-02
8.781751e-03
6.656574e-04
-1.656337e-02
1.395521e-03
-2.354208e-03
-7.558062e-03
-3.151752e-02
9.786905e-02
9.660225e-02
-2.217347e-02
9.351229e-02
-1.835424e-01
-7.662349e-02
5.776334e-02
-1.701978e-01
-8.819969e-02
-3.094503e-02
5.228446e-02
-3.278467e-02
-9.984144e-03
5.993113e-03
-1.215740e-01
-5.241633e-02
-1.160738e-01
2.780498e-02
-3.528933e-04
1.086594e-02
8.962739e-02
2.217437e-02
-5.482663e-02
3.806854e-02
-2.689103e-03
-5.754730e-02
-4.585838e-04
-1.895997e-03
-1.356426e-03
-1.576078e-04
1.762430e-03
-4.614729e-04
1.646858e-03
-1.853813e-03
-4.982871e-04
2.502279e-03
-3.099685e-03
1.281394e-03
2.251380e-03
-1.183278e-03
-1.351820e-03
3.202060e-03
-1.773860e-03
-8.349547e-04
-1.346330e-05
1.053929e-03
1.457015e-03
4.027250e-04
-4.366463e-04
-3.136977e-03
-1.158328e-03
-8.173629e-04
-2.421734e-03
-1.770453e-03
1.218441e-04
-8.494043e-04
-8.523807e-04
-2.872056e-03
2.753672e-03
-1.962492e-03
-1.612000e-03
-1.823806e-03
-4.090327e-04
-1.791813e-03
1.740113e-03
1.010555e-03
-1.609542e-03
-1.865303e-03
-7.858691e-04
9.081831e-04
-6.371726e-04
-1.620344e-05
-8.253194e-05
4.204242e-03
-2.585614e-03
1.483268e-04
3.425640e-03
6.820384e-04
1.362118e-03
-2.354055e-03
-5.342589e-04
1.990446e-03
-1.065770e-04
-6.173102e-04
-1.195854e-03
-1.378556e-03
-2.702368e-03
-5.184914e-03
-1.429505e-03
-1.852039e-03
1.288340e-04
-2.248156e-03
1.732986e-03
-4.457060e-04
1.194649e-03
2.040167e-03
-2.040551e-04
-3.131838e-03
1.461012e-03
-3.574098e-03
-1.118120e-03
-2.145398e-03
6.357475e-04
-8.000615e-04
1.870008e-03
-4.441042e-03
2.068868e-03
2.310857e-03
-1.052801e-04
-2.384498e-03
2.612238e-04
4.770140e-04
1.290918e-03
-8.003885e-04
-8.134425e-04
-1.020048e-03
-3.660180e-03
-2.011554e-03
-1.696542e-03
-8.592096e-04
6.141792e-04
1.160111e-03
-2.757790e-03
-2.330841e-03
-5.044762e-05
4.168716e-04
1.313438e-04
1.650257e-03
-2.133534e-03
-1.364081e-03
1.957570e-03
1.752561e-03
-2.855709e-03
1.381773e-05
2.808928e-04
6.034988e-04
-2.741642e-03
1.168277e-03
1.630594e-03
1.061001e-03
2.960974e-03
8.300382e-04
2.214341e-03
-1.755714e-03
9.457311e-04
1.657236e-03
7.312170e-04
-2.350919e-03
-1.532821e-04
2.927798e-04
-1.732459e-03
-3.482089e-04
2.480753e-03
1.629446e-03
-1.077142e-03
-3.333831e-03
-1.370604e-04
-1.496949e-03
2.066438e-04
6.119331e-04
2.600543e-03
-2.520740e-03
-2.997259e-04
2.001630e-04
7.658477e-04
-1.413407e-03
2.365166e-03
1.765163e-03
-2.513717e-03
1.520136e-03
-4.880039e-02
1.433695e-02
-5.850660e-03
-7.716724e-02
-6.171224e-02
-8.194040e-02
-5.083977e-02
-1.228681e-03
1.919407e-02
1.517555e-02
-3.604637e-02
-6.688604e-02
1.215815e-02
-1.006313e-02
-4.172647e-03
7.645944e-02
2.028311e-02
1.779759e-02
6.905935e-03
2.517320e-02
5.568927e-02
-4.885706e-02
-5.432934e-02
-6.300826e-02
5.535432e-02
4.557312e-02
4.039935e-02
3.705418e-02
4.975482e-02
5.406039e-03
-1.118918e-02
-1.734189e-02
-5.629686e-02
-6.301933e-02
-4.951632e-02
-5.020173e-02
1.414557e-02
1.172121e-01
-2.451929e-02
-1.518833e-02
4.525797e-02
-5.916829e-02
-2.094221e-02
4.181344e-02
-1.161985e-01
-7.747811e-02
-2.645372e-02
2.321074e-02
-8.400100e-02
-6.735475e-02
-6.826815e-03
-6.046826e-02
-2.519173e-02
1.149498e-02
1.350545e-03
-1.220967e-01
-1.835111e-02
2.167605e-01
1.985809e-01
1.492020e-01
1.154752e-01
9.777216e-02
-2.238358e-02
1.799917e-04
5.480403e-02
3.573260e-02
-1.231537e-01
7.800746e-04
-1.246121e-01
-4.472813e-02
5.781782e-02
-6.011865e-02
8.817686e-03
-2.873744e-02
-4.198297e-02
2.814949e-02
7.067933e-03
1.485138e-02
4.588774e-03
1.889841e-02
7.035318e-02
1.617522e-01
1.907448e-01
3.545567e-02
1.069468e-01
1.049613e-01
-6.867838e-02
-4.144046e-02
-6.814031e-02
-1.530616e-01
-9.795696e-03
-2.426826e-02
1.971500e-02
-7.455534e-02
-3.045203e-02
-7.004111e-02
-8.664156e-02
-1.033503e-01
-1.028629e-01
-6.187732e-04
3.100071e-02
-7.609704e-02
-3.288306e-02
-1.734462e-02
-4.641268e-02
8.405560e-02
4.077528e-02
6.696817e-02
-1.004571e-02
-3.211852e-02
3.027199e-03
-1.952073e-02
-1.608908e-02
6.515687e-03
-6.712561e-03
9.096904e-03
1.937239e-02
-4.382839e-02
-7.259406e-02
3.121145e-02
-4.161688e-02
-6.289774e-02
-2.845695e-02
1.685112e-02
5.439374e-02
7.674871e-02
-4.288809e-02
1.345443e-01
-7.421129e-03
-3.319063e-02
9.836677e-02
-3.063679e-04
-1.039022e-01
2.662175e-02
-7.006594e-02
1.566184e-02
-1.264022e-02
-2.603662e-02
-3.517979e-02
-7.540312e-02
-8.726226e-02
-2.045433e-02
-5.365670e-02
-2.448794e-02
-5.031142e-02
-1.613598e-01
-1.069085e-01
2.653370e-02
-3.242551e-03
-7.495343e-02
7.053189e-02
1.145343e-01
4.459106e-02
9.329373e-02
6.744117e-02
7.746331e-02
-1.562298e-02
-7.258280e-03
-9.213895e-03
-4.758693e-02
-6.425485e-02
8.235095e-02
1.902160e-01
1.408968e-01
3.896916e-02
1.710202e-02
1.109365e-01
1.619967e-01
-1.932275e-01
-1.577853e-01
-2.686717e-02
3.244192e-02
3.768511e-03
5.785488e-02
-1.808618e-02
-7.244268e-03
8.439112e-03
-9.342939e-02
-1.215937e-01
-8.023667e-02
1.315305e-02
4.755444e-02
9.752274e-02
-3.428010e-03
8.854907e-02
1.112237e-01
3.963087e-02
8.493114e-02
6.717455e-02
3.965356e-02
-4.271420e-02
-9.713623e-03
5.075325e-02
3.668449e-03
-1.236979e-02
1.345968e-01
9.738571e-02
3.032653e-02
-6.856155e-02
9.421337e-02
2.224213e-01
-2.083956e-01
-2.608031e-01
-9.787550e-02
1.050299e-01
-2.197745e-02
-1.003915e-01
-8.867087e-02
-7.200079e-02
-1.240808e-01
-1.345727e-02
-9.907655e-02
-3.237505e-02
2.216415e-01
1.425883e-01
6.917267e-02
1.153878e-02
1.072042e-01
8.401828e-02
-8.775318e-02
-4.410056e-02
5.825915e-02
-4.440304e-02
-1.388782e-01
-7.624702e-02
-3.868393e-02
-2.537841e-02
-3.179748e-02
8.768328e-03
-4.278014e-02
-4.905547e-02
6.994981e-02
-4.639177e-03
-8.314015e-02
-8.170240e-02
-2.444429e-02
-1.066378e-01
1.344404e-03
-1.493843e-02
7.328757e-03
-3.254950e-02
1.746322e-02
-4.713191e-02
3.513172e-02
5.743315e-02
1.003706e-02
-1.657724e-02
1.138778e-03
6.307369e-02
-7.874522e-02
-1.498106e-01
-1.122645e-01
-4.256996e-02
-5.265040e-02
-4.969665e-02
3.450429e-03
-2.663018e-02
-3.865341e-02
7.087741e-02
6.974297e-02
2.445272e-02
2.000983e-02
-5.366061e-02
-7.772373e-02
-5.609726e-02
-4.532043e-02
-2.063330e-02
-6.603996e-02
-9.990591e-02
-7.045574e-02
1.476717e-02
1.884585e-02
3.031580e-02
-2.945962e-02
-6.881553e-03
3.255551e-02
-1.481889e-02
-1.900766e-02
3.133016e-02
-9.598003e-02
-1.246522e-01
-1.323652e-01
5.653387e-02
1.645296e-02
-1.917249e-02
4.555664e-02
1.396990e-01
4.840594e-02
-4.132903e-02
-1.006948e-02
4.579278e-02
1.181078e-01
5.763325e-02
-8.027991e-02
5.130520e-02
1.752549e-02
-2.892505e-02
1.338487e-02
3.698389e-02
-6.606727e-02
-6.077651e-02
-9.245452e-02
-4.049377e-02
-5.294510e-02
-9.062257e-02
-1.201828e-02
-3.793010e-03
1.481826e-02
7.558091e-03
1.282656e-02
-4.760987e-02
-6.800558e-02
6.347864e-03
-3.634880e-02
-6.359051e-02
-3.236505e-02
-5.034158e-02
-2.068707e-02
3.834468e-02
1.603343e-02
-4.379245e-02
4.979076e-02
5.311531e-02
4.409911e-03
-5.649899e-02
-4.669004e-02
-6.049927e-02
5.027184e-02
2.444596e-02
5.741700e-02
1.421507e-02
3.398232e-02
8.297636e-02
-6.820429e-02
-3.841901e-02
-5.364756e-02
-4.339662e-02
7.537265e-03
-2.117033e-02
-2.524123e-02
-1.293814e-02
-1.810260e-02
-5.050675e-03
-6.766460e-02
-7.299981e-02
-2.912690e-02
-5.623493e-02
-1.681975e-02
-4.399111e-02
-2.540091e-02
1.322301e-03
-4.187534e-02
-1.060092e-01
-9.977259e-02
-9.766190e-02
-9.967991e-02
5.859268e-02
-6.509801e-02
1.228813e-02
-5.639777e-02
-4.622530e-02
-4.153063e-02
-9.052244e-02
-2.474844e-02
2.193749e-02
5.115758e-02
-1.349588e-02
1.966615e-02
7.491548e-02
5.243046e-02
4.571604e-02
2.314948e-03
7.459751e-02
7.333353e-02
-1.647111e-02
5.944767e-02
3.882632e-02
-2.707061e-02
-7.686619e-02
2.579467e-02
-1.610243e-01
-1.567211e-01
-1.434845e-01
-1.509442e-01
-1.009640e-01
-9.232824e-02
-1.688516e-03
4.447307e-02
2.968699e-02
-9.734792e-02
2.054649e-02
1.680291e-02
-9.995117e-02
1.156087e-02
-9.159857e-02
-7.766498e-02
-1.037085e-02
3.343314e-02
5.639914e-03
-1.482977e-02
1.075360e-02
3.201648e-02
-6.695386e-03
-8.986370e-03
-1.521879e-02
-4.634071e-02
-1.033444e-01
9.666307e-02
5.035224e-02
4.232743e-02
9.579885e-02
-1.194231e-01
4.961470e-02
-1.646608e-01
-2.990136e-02
-6.924386e-02
-4.602122e-02
-7.764503e-02
-5.359863e-02
-2.504252e-02
-2.633898e-02
8.849773e-03
4.450393e-02
-3.780754e-02
-6.076077e-02
9.725671e-03
-2.833336e-02
-7.794179e-03
3.105650e-02
-1.016964e-02
7.860905e-02
2.637654e-03
-1.396618e-01
-2.454420e-02
-7.153408e-02
-1.865068e-01
-2.320074e-01
-1.418310e-01
1.119642e-02
-6.472041e-02
-2.391277e-01
-4.566823e-02
-8.213007e-02
-1.373922e-02
-2.247476e-02
7.982364e-02
-1.421659e-02
4.419737e-02
-9.500129e-03
-1.013270e-01
3.918558e-02
3.963811e-02
2.060818e-02
-6.235580e-02
-3.289937e-03
2.288033e-02
-8.948669e-02
-1.178442e-02
2.808938e-02
1.670718e-02
8.362057e-02
5.412893e-02
-4.749679e-02
-1.925412e-02
4.470078e-03
-2.258066e-02
-1.138212e-03
-1.710683e-02
5.211037e-02
-3.755000e-02
-2.322873e-03
7.221983e-02
1.058893e-01
3.309653e-02
8.019782e-02
8.419945e-02
6.548379e-02
3.986366e-02
4.691978e-02
5.793991e-02
-2.470625e-02
-1.413859e-02
-2.669809e-02
-1.721119e-02
3.903380e-03
-6.735481e-02
-2.889095e-03
3.412161e-02
-2.940572e-03
-2.126548e-02
1.080216e-01
6.308371e-02
-8.852983e-02
-8.376138e-02
-3.566507e-02
-1.127148e-02
-8.399165e-02
-5.898765e-02
1.080012e-02
9.992323e-02
-1.043679e-01
-1.048931e-01
-9.256582e-02
-5.147832e-02
-1.163569e-01
-8.229314e-02
9.140968e-03
1.159852e-02
3.076387e-02
-4.583030e-02
5.332148e-02
1.206847e-01
1.064253e-01
2.799590e-02
2.581761e-02
1.283384e-02
1.422454e-03
2.377996e-02
2.265959e-02
-2.101228e-02
-2.928684e-02
3.296270e-02
-2.495631e-02
-8.620708e-02
-5.063574e-02
-2.906778e-02
1.323973e-01
-5.998793e-02
-4.025695e-02
-8.393463e-02
-3.843745e-02
-2.870876e-01
-3.344957e-01
-1.857989e-01
-3.901847e-02
-7.214405e-02
-1.722725e-01
-3.554178e-02
8.222409e-03
-2.513789e-02
6.383926e-02
5.948654e-02
4.040930e-02
4.285434e-02
4.891398e-02
3.500393e-02
4.576320e-02
2.944804e-02
2.125823e-02
-7.649434e-03
6.426813e-02
-4.232326e-02
8.546552e-04
-9.094676e-02
-3.169557e-02
-5.215127e-02
-4.736976e-02
-8.254039e-03
-4.803416e-03
-1.361383e-02
8.870263e-02
3.083997e-02
1.198392e-02
1.688634e-02
3.459053e-02
6.086039e-02
7.779389e-02
2.464985e-02
9.754553e-02
-4.022529e-02
-9.009928e-02
-4.195553e-02
-7.725902e-03
-1.353196e-01
-9.317771e-02
-6.039667e-02
-2.686276e-01
-2.279236e-01
-1.541801e-01
-5.992057e-02
6.888290e-02
3.791876e-02
-2.001717e-01
-3.185991e-01
-3.507445e-01
3.413270e-02
1.298837e-01
1.398571e-01
3.079642e-03
1.257667e-02
-2.862431e-03
-8.662808e-02
-3.333637e-02
4.018508e-02
-3.164079e-02
-4.105614e-02
-3.436839e-02
3.569905e-02
3.354339e-02
6.971212e-02
-2.062048e-02
-5.690548e-02
-5.590788e-02
6.295748e-02
5.830522e-03
-7.146213e-03
5.620706e-02
6.887269e-02
4.349563e-02
3.449653e-02
1.173316e-02
4.860679e-04
-1.267820e-01
-6.814753e-02
-1.110395e-01
-3.238335e-03
2.019528e-02
3.804985e-02
-5.659933e-02
-8.772339e-02
-5.940758e-02
-2.991451e-02
-6.639606e-02
-5.780638e-02
1.382999e-02
3.430628e-02
1.849547e-02
-1.780794e-02
-7.032615e-03
-1.621207e-02
1.250124e-02
-1.946686e-02
-5.872221e-02
7.495558e-02
-3.574699e-02
-6.335264e-02
2.288676e-02
9.340194e-03
2.984533e-03
-1.377402e-01
-3.058879e-02
-7.891817e-02
-8.024566e-02
-1.174348e-01
-7.689997e-02
2.751974e-02
1.128116e-01
1.136594e-01
2.545425e-02
6.595737e-02
7.946276e-02
-4.320400e-03
-2.625630e-02
-7.352659e-03
-3.726137e-03
-2.224935e-02
-1.286967e-03
5.795905e-02
6.073397e-02
3.482252e-02
8.149564e-02
3.838444e-02
-3.095267e-02
5.392093e-02
2.682375e-02
-1.493288e-02
-2.374115e-02
1.197983e-01
-1.278473e-02
-3.526197e-02
-9.796001e-02
-9.436072e-02
-4.772564e-02
-1.800373e-02
5.563447e-02
1.243029e-01
1.691961e-01
1.604105e-01
-6.268216e-02
-4.008857e-02
-8.974262e-02
-4.223366e-02
7.466436e-03
6.189252e-02
-3.010139e-03
6.723194e-04
-2.386688e-02
1.752494e-02
3.577896e-02
3.292020e-02
3.682608e-02
4.856382e-02
4.402931e-02
3.492577e-02
-5.568683e-03
6.024920e-02
4.177886e-02
6.546733e-02
7.986932e-02
-1.910520e-02
1.264236e-02
-7.270274e-02
5.914698e-02
2.319259e-02
6.245247e-02
9.217041e-04
-3.644305e-02
-3.134612e-02
1.091213e-01
-2.737860e-03
-2.573439e-02
-8.552179e-02
-1.346065e-01
-1.417346e-01
-2.862773e-02
3.569302e-02
5.778037e-02
3.375203e-03
-5.120347e-03
-3.319239e-03
-1.267553e-01
-1.327731e-01
-1.418921e-01
-1.081100e-01
-6.846663e-02
-5.627072e-02
-2.491645e-03
-2.288244e-02
-7.787913e-02
1.432524e-02
3.535208e-02
3.196449e-03
8.544757e-02
6.955342e-02
4.449413e-02
-6.658975e-03
-3.790634e-02
-1.050151e-03
-1.609058e-01
-1.661465e-01
-1.503453e-01
2.348076e-02
7.561944e-02
8.407791e-02
1.573335e-01
1.616709e-01
1.274793e-01
-3.290159e-02
-5.726726e-02
-4.972981e-02
-3.530909e-02
-5.226003e-03
2.965662e-02
3.821286e-02
7.061131e-02
6.372239e-02
1.922610e-02
4.545371e-02
1.126322e-02
3.976264e-02
5.597455e-02
1.693528e-02
-4.663136e-03
3.878266e-02
2.860328e-02
1.440300e-02
-1.158857e-02
-5.328012e-02
-2.955212e-02
-4.109891e-02
-5.545138e-02
-6.092928e-02
-4.296356e-02
-1.447954e-02
1.769508e-01
1.622383e-01
8.984584e-02
1.229044e-01
5.804848e-02
-4.085700e-02
-1.499320e-01
-1.305145e-01
-1.137830e-01
1.543020e-02
4.553061e-02
-7.575450e-03
-2.191868e-02
-4.242063e-02
-7.589405e-02
-3.363886e-02
-3.418176e-03
1.501146e-03
-4.845170e-02
-1.854885e-02
6.543206e-03
2.228470e-02
6.973807e-02
7.273233e-02
-3.762254e-03
4.252033e-03
8.130203e-04
-1.265808e-02
-2.860476e-02
-9.007420e-02
-8.293855e-02
-4.810564e-02
-5.242065e-02
-1.420938e-02
7.029882e-02
3.358755e-02
1.696070e-02
2.113422e-02
2.449720e-02
-3.508108e-02
-1.316688e-02
-3.069070e-02
-2.577601e-02
1.442485e-02
2.404264e-02
-2.580066e-02
1.754689e-02
1.498683e-02
8.040525e-02
5.013346e-02
5.197447e-02
2.372165e-02
-3.330573e-02
-3.221194e-02
2.456062e-02
3.548073e-02
1.244371e-02
8.547869e-03
8.683974e-03
1.260887e-02
-3.179893e-02
-2.795368e-02
-1.932714e-02
4.498009e-02
1.932273e-02
1.882493e-02
1.027223e-01
6.820873e-02
4.293936e-02
7.419866e-02
-1.151820e-02
-8.927425e-03
3.198605e-02
-1.270982e-03
-1.273317e-02
1.617721e-02
-3.536299e-02
-1.869725e-02
2.749810e-02
-6.024822e-03
-1.194382e-02
-5.396311e-02
-6.757610e-02
-7.131521e-02
1.142963e-02
4.942302e-02
6.358083e-02
1.578699e-02
4.160218e-02
-5.441282e-03
