-7.869766e-02
-1.995436e-02
-3.064035e-02
-5.014017e-03
2.352842e-02
-1.171743e-01
-1.024548e-01
-5.950173e-02
-6.091502e-02
7.091323e-03
-1.234673e-01
-1.261749e-01
-1.090061e-02
-1.035011e-01
-1.873356e-01
-3.108864e-02
-1.028297e-01
-7.116181e-02
-8.739394e-02
-1.104438e-01
-1.484538e-01
4.565884e-02
5.443723e-02
-4.256176e-02
-3.645217e-02
-3.684051e-03
-4.247111e-02
-6.998932e-02
1.255245e-02
-4.711032e-02
5.295903e-02
1.530271e-01
4.959457e-02
-6.553766e-02
7.687465e-03
-4.493018e-02
-8.967292e-02
-1.561851e-01
-5.946743e-02
6.557819e-02
-8.667519e-02
-7.249165e-02
-2.450854e-02
-1.201899e-01
-1.201698e-01
-8.175711e-02
-6.205337e-02
2.187542e-02
-2.918658e-02
-7.223602e-03
5.254712e-02
-5.173701e-02
2.067474e-02
-1.358297e-02
-4.977800e-02
-5.226519e-02
-3.946466e-02
1.855065e-02
-3.433218e-02
4.742128e-02
-2.695921e-02
-4.969750e-02
1.674412e-02
-1.316245e-01
-1.679175e-01
-1.718520e-01
-1.646188e-01
-1.345722e-01
-8.875909e-02
2.483860e-02
-3.375699e-02
-4.586199e-02
-7.077816e-02
-9.983213e-03
6.702442e-02
-1.134329e-01
-7.644890e-03
1.747562e-01
-9.185728e-02
-6.139185e-02
3.642390e-02
-2.413078e-02
2.473581e-02
5.165020e-02
-4.499739e-02
-4.805798e-02
-6.256826e-03
1.068380e-02
-1.948877e-02
-3.755433e-02
4.068162e-02
-1.472353e-02
6.342390e-02
-8.130933e-02
-7.975419e-02
-5.226686e-02
2.736116e-02
-7.777335e-02
-1.322008e-02
-2.293104e-02
3.906436e-02
-9.312981e-02
-1.275313e-01
-1.567158e-01
-1.589475e-01
-2.627975e-02
-1.360936e-01
-2.156733e-01
-9.854026e-03
1.856516e-03
1.934473e-02
4.889821e-02
1.442560e-02
2.033801e-02
2.695125e-02
1.591187e-02
-8.811027e-03
2.660180e-02
-8.851175e-04
-1.029963e-01
4.224191e-02
1.203039e-01
6.940658e-02
-6.833553e-02
1.878619e-02
-2.039624e-02
-1.598380e-01
-1.103147e-01
-1.121690e-01
-1.885685e-01
-9.617039e-02
-2.147903e-02
-1.048314e-01
-6.934054e-02
-7.912929e-02
-1.357645e-01
-1.726031e-01
-1.816445e-01
-6.551529e-03
-1.410693e-02
-9.325179e-02
-6.180742e-02
2.491841e-02
1.672762e-02
-1.174840e-01
-1.155597e-01
-3.840043e-02
-2.508897e-02
-1.769357e-02
-4.504105e-02
2.084302e-02
-7.776564e-02
-1.964170e-03
9.223120e-03
6.901740e-02
9.394876e-02
-9.228595e-02
-2.551392e-02
8.992717e-02
-1.637405e-01
-1.254591e-02
-3.133307e-03
1.206793e-02
9.254714e-02
6.885488e-02
-4.407864e-02
3.878740e-02
1.072148e-01
-1.646300e-01
-9.891716e-02
6.452854e-04
-1.424295e-02
8.020936e-02
1.095067e-01
-3.605786e-02
1.595383e-02
8.861596e-02
-6.286907e-02
-8.288227e-02
1.284536e-02
6.832536e-02
-5.996570e-02
2.985086e-02
1.370874e-03
2.390620e-02
6.183587e-03
-5.413540e-02
1.165816e-01
-3.229583e-02
-1.681305e-02
-4.290655e-02
1.000992e-02
-3.330783e-02
6.333047e-03
3.654386e-04
-4.504179e-02
-2.553748e-02
-2.474844e-03
-4.007132e-02
-4.453507e-02
-7.667854e-02
2.204942e-02
-1.059898e-02
-6.196854e-02
4.554906e-02
4.767177e-02
-3.541130e-02
-8.759966e-02
-6.424151e-02
-1.663384e-01
-5.740872e-02
-2.389409e-02
-1.649588e-02
5.163392e-02
1.651010e-01
1.736938e-02
-3.805869e-02
-2.025726e-02
-7.685533e-02
3.291911e-03
-5.424553e-02
-1.641936e-01
6.360270e-02
7.233695e-02
-1.294173e-01
-1.553245e-02
-3.015575e-02
-5.650040e-03
9.149348e-02
2.547952e-02
-2.789984e-02
7.994699e-02
3.311658e-02
-1.239980e-02
-6.703731e-02
6.160129e-02
-2.590831e-02
3.104929e-02
-9.560685e-02
-2.553984e-02
-3.159524e-02
3.914141e-02
-4.513772e-02
-4.964216e-03
-8.102998e-02
-2.056399e-02
-5.610812e-02
-1.913107e-01
-1.797284e-01
-4.123459e-02
-8.759911e-02
-1.974205e-01
6.673545e-02
2.313606e-02
-4.980871e-03
5.584388e-02
3.593974e-02
2.927541e-02
5.042489e-03
5.151339e-03
1.434655e-02
1.760668e-02
1.164204e-03
-5.711267e-02
2.766567e-02
6.188003e-02
1.667823e-02
4.674214e-02
-1.071847e-01
-9.817447e-04
5.123073e-02
-1.946742e-02
-2.017818e-02
7.782938e-02
-1.215938e-02
-1.103977e-01
1.344060e-01
5.506016e-02
-4.711487e-02
-9.324735e-02
-6.955919e-02
-1.154831e-01
4.325287e-04
9.817412e-02
-1.723081e-03
1.685971e-02
7.417740e-03
1.007782e-01
-1.948867e-01
-4.152210e-02
-4.084995e-02
-1.663148e-01
-1.277104e-01
-1.170594e-01
-9.999789e-02
2.367651e-03
1.544112e-02
9.850214e-02
8.888516e-02
-9.926898e-03
-1.667483e-02
-4.389387e-03
4.267578e-02
1.079915e-01
9.804714e-02
5.292261e-02
-3.987999e-02
4.197655e-02
1.268165e-01
-6.085484e-02
-6.167914e-02
3.723211e-02
-7.660096e-02
-1.430261e-01
-6.268891e-02
-2.024997e-03
2.604540e-02
7.036728e-02
2.311408e-02
6.464461e-03
9.179527e-03
4.292622e-04
1.478990e-02
4.420935e-02
6.637404e-02
1.138255e-01
1.778162e-02
3.790177e-02
-2.099008e-02
5.984284e-02
1.327614e-01
1.178266e-02
5.312924e-02
-4.935408e-02
-3.193900e-02
4.158695e-02
-4.544266e-02
-1.600174e-02
3.229862e-02
-3.722145e-02
-1.651554e-02
1.995537e-02
8.532113e-02
-5.005216e-04
-4.413931e-02
-3.207939e-02
-7.076544e-02
1.307525e-03
4.256630e-02
-2.113810e-02
-8.940493e-02
-5.158570e-02
-8.048625e-02
-1.507072e-02
-1.466353e-01
1.453990e-02
1.211857e-01
-7.567484e-02
-7.362077e-02
-5.922124e-02
2.804115e-02
-6.414255e-02
-3.756279e-02
4.789469e-02
-9.950473e-03
-3.011856e-02
7.066263e-02
9.686619e-03
7.266892e-02
2.786163e-02
2.507304e-02
3.479018e-03
1.046381e-02
2.929962e-02
2.009941e-02
4.744901e-02
-1.724535e-03
2.764838e-03
-3.608190e-02
-3.094069e-02
-1.494745e-02
1.431592e-02
-5.528098e-02
4.625500e-02
9.642857e-02
-8.017722e-02
-6.612728e-02
-1.130495e-01
-8.720616e-02
-1.312646e-01
-9.774347e-02
-1.858611e-03
-7.160174e-02
-1.417643e-01
-9.992012e-02
-2.616839e-03
4.070044e-02
9.673224e-03
1.247675e-02
2.955715e-02
1.259579e-02
3.375642e-02
2.892797e-02
1.103683e-02
2.664816e-02
3.699972e-02
9.458783e-02
1.689276e-01
-2.522669e-02
2.094047e-02
6.619344e-02
-6.251341e-02
3.156184e-02
4.981511e-03
-6.164206e-03
-2.204742e-02
-1.290572e-03
-7.788928e-03
-3.026788e-02
-4.026842e-02
-1.017585e-02
-3.971250e-03
4.654063e-02
-6.535848e-02
-5.428768e-03
9.566271e-02
-3.151265e-02
-3.035408e-02
-1.517512e-02
-7.333861e-02
-1.123849e-01
-8.678411e-02
1.052131e-01
-2.574471e-02
1.051392e-02
-2.703280e-02
1.116874e-03
1.462480e-01
9.168487e-02
8.798225e-02
-7.827364e-02
-5.185487e-02
-4.111224e-02
3.073783e-02
-1.208982e-02
8.012310e-02
-1.805090e-02
-4.369329e-02
-6.344067e-02
-1.105968e-01
2.194328e-02
5.242273e-02
4.473985e-02
-3.887791e-02
-4.375407e-02
5.885715e-03
1.413447e-02
-4.306849e-02
-8.661501e-03
-8.309454e-02
-5.537345e-02
3.325262e-02
-7.397401e-02
-1.076365e-01
8.110377e-02
-2.790590e-02
1.423647e-02
3.052474e-02
-1.577489e-01
-5.340299e-02
-1.166904e-01
-2.133714e-01
-4.731995e-02
-2.007366e-01
-6.521665e-02
-1.798645e-01
-7.555871e-02
-1.537422e-01
-1.053855e-01
-1.295039e-01
-1.643565e-01
-8.026508e-02
-1.749713e-01
-1.591198e-01
-3.757091e-02
-1.627302e-01
2.332875e-02
2.623837e-02
-3.344196e-02
4.586598e-03
8.115930e-02
-3.798992e-02
4.606479e-02
-4.809440e-02
1.216822e-01
-4.452895e-02
1.539662e-02
-3.698602e-02
6.706733e-02
1.522976e-02
-8.786480e-02
8.674683e-03
-1.212446e-01
2.646677e-02
8.176614e-02
-1.651210e-02
-5.350063e-02
8.636897e-02
3.209058e-02
-1.736188e-01
4.272556e-02
1.485890e-02
-5.113514e-02
4.230485e-02
-4.547121e-02
9.214120e-03
2.628954e-02
-1.067285e-02
-3.539397e-02
-1.008341e-03
-5.449316e-02
-6.929035e-02
-1.510041e-01
-9.783254e-02
-1.399434e-01
-1.564229e-01
1.797672e-01
-3.036014e-01
-4.419605e-02
-1.834439e-01
-1.655550e-01
3.410752e-02
-2.866921e-03
6.526352e-02
9.098522e-02
1.020062e-01
-1.122893e-01
-5.313081e-03
1.474880e-01
-7.141614e-02
5.750818e-02
7.436442e-02
8.286975e-02
-1.122268e-02
1.640777e-02
6.383719e-02
-2.087665e-02
-1.107091e-02
5.298343e-02
-4.618154e-02
-7.312170e-02
-1.571865e-01
1.681226e-02
-2.432855e-01
1.369739e-01
-1.746604e-01
-9.854522e-02
1.080836e-02
6.136756e-02
-3.202130e-02
-8.180922e-02
2.985101e-02
3.848531e-02
-7.763612e-02
7.423564e-02
-6.538594e-03
4.827276e-02
3.501311e-02
5.525917e-02
-1.413138e-01
4.738758e-02
-7.213480e-02
1.660317e-02
-5.109579e-02
-7.051992e-02
-4.453623e-02
6.855166e-02
1.817601e-02
4.356079e-04
8.045509e-02
5.476892e-02
-5.036438e-02
9.493311e-02
-1.333181e-02
-3.825843e-02
-4.876475e-02
-2.126725e-02
3.011788e-02
-4.517553e-02
-7.991953e-02
-6.896419e-02
-7.178897e-02
-1.010373e-01
-5.554129e-02
-1.241771e-01
-7.776780e-02
4.135217e-02
-9.112370e-02
-4.574859e-02
6.767076e-02
-4.717061e-02
-1.740770e-02
4.358066e-02
-3.375523e-03
-1.186115e-02
1.345940e-02
-9.724272e-03
8.849986e-03
4.478116e-03
4.304039e-02
2.364936e-02
6.666148e-03
-7.492281e-02
-3.192647e-03
1.274244e-02
9.310263e-02
1.169483e-01
1.638895e-01
-1.831546e-02
9.336393e-02
4.323639e-02
-6.394508e-02
-2.325081e-02
-4.416230e-02
-2.686399e-02
-2.092809e-03
-8.124971e-03
-4.120212e-03
1.396850e-02
7.246288e-03
3.938459e-02
-7.559331e-02
-7.766776e-02
-1.520973e-03
-9.189123e-02
-1.021077e-01
5.009433e-02
1.194425e-02
-4.909296e-02
-5.251260e-02
-5.486953e-02
-1.302760e-01
8.795545e-02
1.167625e-01
7.885586e-03
3.969205e-02
1.162936e-01
-5.191980e-02
1.463149e-02
4.922660e-02
-7.582753e-03
-2.828779e-04
3.496095e-02
2.289146e-02
-4.143438e-02
3.296573e-02
-2.110800e-02
2.446977e-02
-1.750593e-02
-1.717704e-02
-2.566154e-03
-3.350527e-02
-3.456715e-02
-4.257317e-02
-5.824265e-02
-9.015892e-02
2.156297e-02
-2.272080e-02
7.107716e-02
-6.021199e-02
-1.363455e-01
-5.892346e-03
-8.535308e-02
-8.062750e-02
-4.521488e-02
-4.276187e-02
2.504764e-03
-8.895036e-03
6.922299e-02
4.077557e-02
4.303506e-02
-4.464729e-04
-6.588172e-02
-8.103035e-02
-4.344543e-03
-8.687302e-03
-5.050764e-02
-1.029888e-02
-2.004095e-02
-5.689583e-02
1.526069e-02
2.449505e-04
-3.988824e-02
4.639980e-02
-8.640518e-02
-4.241262e-02
-7.029483e-03
2.225464e-02
-5.670162e-02
-3.335100e-02
-9.483847e-02
-1.035694e-01
3.219656e-02
4.513776e-02
-3.749005e-02
-9.183703e-02
-2.479109e-02
-3.968110e-02
-6.325298e-02
5.248687e-02
6.276237e-03
9.031524e-02
-1.381317e-02
5.463965e-02
2.214399e-02
7.636016e-03
-4.867640e-03
1.837029e-02
6.294003e-02
5.207853e-02
-1.077602e-01
-1.350680e-01
-2.091736e-01
-5.448082e-02
1.038434e-02
-1.515761e-01
-1.505281e-01
-1.413775e-01
-8.196757e-02
6.768821e-02
4.051498e-02
1.586904e-02
-2.065358e-02
-1.374816e-01
-1.089248e-01
-9.600481e-02
-9.718019e-02
-1.005337e-01
-1.033996e-01
-9.488530e-02
9.146455e-04
2.501864e-02
4.783579e-02
2.290349e-02
3.653086e-02
8.233753e-02
7.781433e-03
-4.846966e-02
-4.988179e-02
-3.673849e-02
2.648384e-02
8.980338e-02
-4.601353e-02
1.462118e-02
6.342784e-02
-5.639181e-02
-7.176288e-02
1.220466e-03
-5.025040e-02
5.517339e-02
-5.717187e-02
3.907786e-02
4.762791e-02
-2.486624e-02
5.139416e-02
-1.397407e-01
-1.988625e-02
-5.671803e-02
-7.521336e-02
-2.021649e-02
-1.555687e-02
-4.437466e-02
-5.495296e-02
-5.838960e-02
7.227451e-04
-1.004872e-02
-2.164500e-02
-4.624285e-03
9.738263e-03
7.592510e-02
-4.043051e-02
2.296915e-02
6.283446e-02
-3.302191e-02
-1.503783e-01
-2.071883e-02
-1.307337e-01
-1.452783e-01
-5.693862e-02
-1.470170e-02
-3.761420e-02
-1.357533e-02
5.643683e-03
2.124221e-02
-8.085153e-02
-3.990999e-02
2.505814e-02
5.113740e-02
-7.841512e-03
-6.914217e-03
2.213949e-02
2.722789e-03
2.332051e-02
1.206217e-02
-2.362536e-02
5.822952e-03
1.308229e-02
-2.342141e-02
9.914031e-03
2.012173e-03
-9.899835e-02
1.787226e-02
1.923314e-03
-7.792950e-02
-1.240524e-01
-7.599194e-03
9.541286e-03
-5.317477e-02
-3.317890e-02
-1.167196e-01
1.136619e-01
-2.626429e-02
-1.099288e-01
-3.650929e-02
-2.049448e-02
-8.632778e-02
-1.706534e-01
-9.204954e-02
2.700811e-02
6.702161e-02
5.837640e-02
2.894188e-02
1.388160e-02
2.866624e-02
1.332533e-02
-2.322949e-03
-3.629477e-03
-1.801011e-02
-1.448192e-01
-7.138216e-02
1.312469e-02
1.356501e-01
-9.577609e-02
-3.495185e-02
1.329950e-01
-3.279060e-02
3.433165e-02
2.278308e-02
-6.621417e-02
-6.018956e-02
1.686203e-02
3.675293e-02
1.248184e-02
-1.133409e-02
9.283528e-02
-1.129649e-01
-1.928946e-01
-8.249959e-02
-7.817062e-02
-7.642350e-02
-5.819102e-02
-6.800654e-02
5.143671e-02
4.192786e-02
4.372410e-02
-5.838560e-04
-2.969608e-02
6.779364e-02
-1.230677e-02
-7.688999e-02
-4.583958e-02
-1.350079e-02
-5.879293e-03
-2.811973e-02
-2.115075e-02
-2.135111e-02
-7.029901e-02
-2.043357e-02
-7.666132e-02
4.470694e-02
2.609824e-02
4.989269e-03
2.844028e-02
2.244891e-02
-2.028949e-02
3.269664e-02
5.237621e-02
-1.739450e-02
-5.424057e-02
-4.773345e-04
2.723920e-02
-2.148272e-02
-2.907001e-02
-1.094674e-03
-3.288678e-03
-7.880977e-03
6.096163e-03
1.030399e-02
5.476766e-03
1.342956e-02
-2.136275e-02
-1.382205e-03
-5.188876e-02
4.010630e-02
5.722001e-02
-3.945029e-02
5.759341e-02
4.732762e-02
1.561117e-02
-5.655050e-03
1.122378e-02
3.620216e-02
1.644136e-04
1.192763e-02
7.557319e-03
2.693835e-02
1.577414e-02
-9.535347e-03
1.355793e-02
7.163321e-02
4.720929e-02
-2.987900e-02
-1.971958e-02
-1.365991e-02
5.001015e-02
2.424413e-02
2.659901e-02
-3.387987e-02
-1.066345e-01
-8.691791e-02
3.488466e-02
6.168478e-03
-6.256622e-02
8.978309e-02
2.541521e-03
-3.031393e-02
-1.609240e-02
5.845824e-03
-2.150814e-02
-6.865691e-02
-3.598486e-02
-2.702279e-02
1.036874e-02
-5.517655e-02
-4.751797e-02
-2.856459e-02
-1.210893e-02
1.850416e-02
2.025082e-03
8.606722e-03
1.478316e-02
5.428967e-02
1.389383e-02
1.867335e-02
5.827928e-03
4.568215e-02
2.345743e-02
-2.943184e-03
9.931824e-02
-6.936498e-02
1.295441e-01
1.041758e-02
-4.645740e-02
5.652361e-02
1.259106e-01
1.166069e-01
-8.923595e-03
3.408910e-02
1.527084e-02
1.286480e-01
1.230255e-02
-6.078953e-02
-2.387821e-02
-2.262964e-02
-2.143272e-02
-1.193096e-02
-2.843867e-02
-7.857770e-03
-8.936386e-04
-1.526912e-02
-1.807106e-02
2.779568e-02
-5.265478e-02
1.863048e-02
6.544770e-02
-1.284539e-02
7.357229e-02
-6.573295e-02
-5.948570e-03
5.990040e-02
-1.744873e-02
1.129262e-02
1.249278e-02
-7.161445e-02
7.581564e-03
4.093082e-02
-4.087832e-02
1.575945e-02
1.924366e-02
-6.172825e-03
-1.742531e-02
-5.559618e-02
7.116321e-02
6.156267e-04
-6.780148e-02
-5.656194e-02
-2.049178e-02
-5.934710e-02
5.848816e-02
-2.930152e-02
-3.446982e-02
1.115497e-01
1.372988e-01
-1.809946e-02
9.944727e-02
-5.774974e-02
3.771850e-02
-1.142278e-01
-6.443380e-02
-3.876198e-03
1.336533e-01
-1.153823e-01
-1.212622e-01
-1.007221e-01
-4.511596e-02
8.071691e-02
3.839908e-02
-6.284575e-02
2.428523e-02
6.732213e-03
-5.033187e-02
-5.369655e-02
-4.466591e-02
-3.794469e-02
-4.814899e-02
4.287283e-02
2.769092e-02
-4.590394e-02
2.219914e-02
1.109322e-01
1.416418e-02
-3.851734e-02
1.043141e-03
3.692335e-02
-7.428648e-02
-2.132186e-01
-8.416723e-02
5.491107e-02
-1.897304e-01
-5.771026e-02
-4.490917e-02
-5.499871e-02
-1.064794e-01
-1.009275e-01
-1.035101e-01
-1.446644e-01
-7.830551e-02
-1.218284e-01
-8.950654e-02
-2.454492e-02
-8.089159e-02
-1.023089e-01
1.559227e-03
-8.189987e-02
3.483777e-02
-4.341657e-02
-1.111446e-01
-1.663298e-02
-8.342321e-02
2.959122e-02
-1.747431e-02
9.150238e-02
-9.365505e-02
6.665491e-03
2.272396e-02
-4.406514e-02
-2.145561e-02
3.305869e-03
3.050450e-02
-8.840831e-02
7.554725e-02
9.654145e-02
1.397642e-01
-2.782024e-02
-2.897138e-02
2.290471e-01
3.142248e-02
-5.564299e-03
3.391472e-02
4.216856e-03
-1.548987e-03
-2.203901e-02
3.673091e-02
-1.306336e-02
2.081309e-02
-1.770698e-03
5.348265e-03
1.511582e-02
4.830097e-02
-1.647703e-01
-4.519630e-02
9.972265e-02
-3.185315e-01
7.052191e-02
3.612581e-02
-1.073711e-01
-7.898629e-02
-7.776025e-02
6.776087e-02
-9.424521e-02
-4.478063e-02
-1.271391e-01
9.016086e-03
5.535732e-02
-9.651053e-02
-5.074816e-02
7.495964e-02
2.579672e-02
6.216910e-02
5.190435e-02
1.037700e-02
1.365706e-02
4.023799e-02
4.363335e-02
2.534186e-02
-5.632705e-02
-9.068535e-02
-1.702465e-01
-1.646920e-01
2.733720e-01
-1.718844e-01
-1.580591e-01
-2.060653e-02
-6.590115e-02
-1.182119e-01
-1.135175e-01
-2.932185e-02
-2.327052e-01
-8.530048e-02
1.099455e-01
-1.245976e-01
-2.732314e-02
-3.066626e-02
9.475973e-02
-1.026149e-01
-6.970209e-03
-3.086797e-03
6.836985e-02
1.061259e-02
-3.246116e-02
-5.269035e-02
4.881007e-02
-7.886425e-02
-1.556561e-02
-1.344173e-01
-2.287952e-01
-2.202790e-01
-1.520055e-01
4.198928e-02
1.845973e-01
-2.569575e-02
-5.853866e-02
-1.278194e-01
-1.676964e-01
4.069905e-02
1.432829e-01
1.062381e-01
1.052807e-01
5.192498e-02
5.886349e-02
-1.789960e-02
-5.556181e-03
-3.547167e-02
-3.024003e-02
-2.516873e-02
-4.692056e-02
4.091919e-02
-4.004578e-02
-4.644161e-02
4.263236e-02
2.080907e-02
-1.194058e-02
1.254135e-02
-4.933884e-02
-2.236158e-02
3.833897e-02
3.771103e-02
-6.651971e-03
1.406173e-02
3.754979e-02
2.494359e-02
1.507169e-01
2.302484e-01
1.696687e-01
-3.643098e-03
1.132677e-03
-2.843390e-04
-1.254761e-02
1.446475e-02
5.241271e-02
-8.567836e-02
-5.885981e-02
-6.720544e-02
-8.515114e-02
3.793515e-02
-1.403052e-02
2.052203e-01
1.504285e-01
6.901844e-02
3.006147e-02
4.791202e-02
-6.415533e-02
-1.291072e-01
-2.454550e-01
-2.363643e-01
-2.770586e-02
-7.685163e-02
4.675994e-02
2.375482e-02
1.998339e-01
5.375575e-02
-1.687472e-01
-1.474077e-01
-7.384310e-02
-5.175321e-02
-9.268142e-02
-1.890358e-02
7.018726e-02
1.252012e-01
4.726700e-02
-1.095340e-02
3.049453e-03
5.387042e-02
5.058809e-03
-2.928744e-02
-8.183653e-02
-1.055230e-02
2.120534e-02
-3.367186e-02
7.413910e-02
3.627108e-02
-1.185667e-02
-5.359637e-02
-1.232788e-01
-1.263176e-01
-7.416685e-02
1.842971e-01
-2.400423e-02
-3.176714e-03
-1.128630e-01
-4.580382e-02
-2.328988e-01
-2.202964e-01
-1.073578e-01
4.764985e-02
1.814461e-01
3.759695e-03
-3.057446e-02
-5.617874e-03
-4.790387e-02
2.916124e-03
7.131702e-03
-1.377857e-02
8.994305e-03
1.549172e-02
-2.128071e-02
-1.580727e-02
-1.840681e-02
1.541250e-03
-3.315441e-02
7.358842e-02
9.306768e-02
2.223726e-02
-8.402746e-02
-3.312133e-02
-5.772821e-02
-4.195766e-02
-6.015490e-02
2.188717e-02
-1.740463e-02
-1.525132e-02
3.117204e-02
3.577283e-02
2.338803e-02
-3.902480e-04
9.416343e-02
4.728838e-02
-6.998361e-02
6.411438e-02
-3.496537e-02
-1.620585e-01
-1.485252e-01
-1.492049e-01
-1.406645e-01
-1.320872e-01
-1.674533e-01
4.653686e-02
-4.478856e-04
-5.649804e-02
-2.878986e-02
-2.333850e-02
-3.897773e-02
-3.092905e-02
-5.171293e-03
1.280677e-01
3.512072e-02
1.012430e-01
2.852918e-03
-4.050644e-02
-3.568059e-02
-5.394144e-02
-8.171635e-02
-9.725016e-02
-4.765572e-02
-1.521020e-01
-1.611442e-01
-6.458273e-03
-2.147544e-01
-3.666303e-02
1.570946e-01
-6.068202e-02
1.474380e-01
1.950099e-01
-3.628812e-02
-4.303058e-02
1.109019e-02
-1.715109e-02
2.980212e-03
3.050206e-02
2.185601e-02
4.082805e-02
3.223847e-02
-8.513679e-02
-4.983367e-02
-9.319074e-02
-6.419864e-02
-2.590321e-03
-2.242882e-03
-2.000055e-05
5.678845e-02
4.120062e-02
8.333699e-02
3.779460e-02
-3.377635e-02
2.510729e-02
-6.011658e-02
-7.415580e-02
-6.806252e-02
-6.530591e-02
-1.119689e-03
-5.740183e-03
1.651987e-01
8.766370e-02
1.434173e-01
1.343219e-01
-3.131617e-02
1.056010e-01
8.325267e-03
-1.485962e-01
9.457409e-02
-1.307906e-02
-5.223270e-02
-4.510021e-02
-1.988290e-02
-7.348904e-02
-1.910314e-02
-6.763171e-02
-4.369223e-02
6.563457e-03
3.564990e-02
2.342539e-02
-3.996073e-02
1.651629e-02
4.816745e-02
1.091335e-03
4.082683e-02
2.816901e-02
-7.559806e-03
-5.232465e-02
-7.417820e-02
-9.612654e-02
-1.093450e-01
-6.450938e-02
-1.590849e-01
-8.527850e-02
-1.081342e-02
8.012803e-02
6.841316e-02
2.802208e-02
-2.957095e-02
-3.837994e-02
2.052480e-03
3.368428e-03
4.743836e-02
1.726817e-02
-3.469729e-02
1.275296e-02
-1.952090e-02
-3.939391e-02
-1.005812e-02
-2.976611e-03
1.041028e-01
1.318337e-01
2.297094e-02
9.157997e-02
2.461984e-02
-1.117686e-03
5.394965e-02
-3.361867e-02
-2.962688e-02
-4.333370e-03
-7.421421e-02
-5.948422e-02
1.053053e-02
-7.897359e-02
5.937178e-02
8.004395e-02
2.529697e-02
2.913593e-02
5.821256e-02
-1.160450e-02
-5.907226e-03
9.212171e-02
-9.168356e-03
-6.541436e-02
-2.488870e-03
-5.599319e-02
-6.647824e-02
-5.903283e-03
-6.756264e-02
-8.311760e-02
-1.377945e-01
-1.043528e-01
-1.976012e-02
-6.236837e-02
4.963349e-02
1.011083e-02
-5.006868e-03
-2.248733e-02
7.135681e-03
-1.219964e-03
1.917507e-03
2.630259e-03
1.039297e-03
-4.656951e-03
-2.403551e-04
1.434926e-03
3.958108e-04
8.490587e-04
3.674565e-03
-4.078509e-03
-1.480210e-04
-4.970270e-03
1.439978e-04
2.531212e-03
2.329721e-03
-2.357733e-04
1.349875e-04
-8.646418e-05
2.035184e-03
1.263264e-03
9.781950e-04
1.266694e-03
-8.249981e-04
-1.431475e-03
-6.445470e-04
1.187736e-04
-1.099811e-03
-2.429168e-03
2.323944e-03
-3.700407e-04
-7.297366e-04
4.558425e-04
-1.202092e-03
3.394903e-03
-1.131135e-03
-4.392373e-04
2.579184e-03
-5.985197e-04
-4.913447e-03
3.558324e-03
-1.839712e-03
-2.776938e-03
2.066877e-03
1.611635e-03
1.055078e-03
-1.338449e-03
5.298291e-04
1.744808e-03
-1.832927e-04
-2.827232e-03
-1.441964e-03
-1.376978e-03
-1.243955e-03
3.337680e-03
-8.844975e-04
8.623803e-04
-2.022346e-04
-5.596572e-04
2.884102e-03
2.598628e-03
-1.021175e-03
6.629817e-04
-2.234089e-04
-3.712583e-04
-3.011195e-03
-4.989942e-04
-7.612592e-04
-6.616133e-04
1.083171e-03
-3.023857e-03
-6.689773e-04
2.418657e-03
1.453945e-03
-1.817622e-04
-2.377448e-03
4.814798e-03
1.504789e-04
9.588468e-05
2.455484e-03
6.022410e-04
-2.052009e-03
-8.631693e-04
-6.789735e-04
1.114790e-04
1.923467e-03
1.988744e-03
-7.506694e-04
-7.034006e-04
-2.037343e-03
-2.499513e-03
-1.285148e-03
1.364875e-03
3.053465e-04
-2.200179e-03
2.721460e-04
-2.025885e-03
-4.169043e-03
1.333262e-03
1.605094e-03
-1.010182e-03
1.832024e-04
-3.355090e-04
2.799823e-03
-2.510357e-03
-9.742008e-04
-1.160675e-03
-1.021890e-03
-1.268579e-03
1.245849e-03
-1.452136e-03
-1.099420e-03
-3.826150e-04
4.254142e-04
8.201229e-04
-3.830337e-04
1.154058e-03
4.180843e-03
-8.712749e-04
1.164183e-03
2.040478e-03
-1.785588e-04
1.264517e-04
2.446866e-03
-3.131401e-03
-2.539064e-03
2.218090e-03
2.530451e-03
1.767787e-03
8.924985e-04
8.734490e-04
-8.585028e-04
-1.913679e-04
8.207831e-04
5.526667e-04
2.524698e-03
-1.233522e-03
-6.278606e-04
1.602003e-03
2.066224e-03
-1.560951e-03
-4.063823e-03
1.619870e-03
-3.507965e-03
-3.255001e-04
1.063155e-03
1.748618e-03
2.603146e-03
5.104085e-04
2.716973e-03
2.660268e-03
1.484094e-03
8.629892e-04
-8.925392e-04
-7.945855e-04
-3.431982e-03
1.229619e-03
6.606078e-04
-3.178377e-04
-3.072563e-03
1.752951e-03
-8.496327e-04
2.395862e-03
-2.101339e-04
-8.496005e-04
-1.098804e-03
1.899448e-03
-2.472140e-04
-8.069500e-04
-5.429957e-04
3.914422e-03
-3.068164e-03
-6.744293e-04
9.759360e-04
-2.154982e-03
-2.436740e-03
1.535881e-03
-6.400877e-04
1.063189e-03
2.189031e-04
-1.805538e-03
1.436182e-03
-1.044609e-04
-2.787164e-03
1.121387e-03
-2.097271e-03
-7.367932e-04
2.194556e-03
9.449629e-04
-1.526493e-03
2.893116e-04
9.607638e-04
-9.293332e-04
-9.613582e-04
5.937764e-04
-1.791392e-03
1.428773e-03
-1.469793e-04
-1.867836e-03
1.007354e-03
4.967607e-04
-2.011618e-03
3.187200e-04
1.016654e-03
-1.710366e-03
9.267154e-04
1.856046e-03
-1.468366e-03
-1.381457e-03
1.260193e-03
-1.435941e-03
6.847902e-04
-1.503880e-03
6.790548e-04
-2.630681e-03
1.454323e-03
3.104460e-04
2.418431e-03
1.410164e-03
1.822597e-03
3.349039e-03
-6.917639e-04
8.265157e-04
-1.909597e-04
-8.486293e-04
-2.203265e-03
3.321863e-03
-2.003138e-03
3.522077e-03
-4.014906e-03
-1.423370e-03
2.787743e-03
2.439017e-03
8.488024e-05
-8.752265e-04
1.916542e-03
1.838192e-03
-3.503752e-03
-2.445478e-03
-1.780682e-03
-4.537803e-03
-2.302291e-03
-3.823041e-03
6.438800e-04
1.330912e-03
-2.136830e-03
-1.000367e-03
5.785854e-04
-1.379308e-03
1.098946e-03
-1.280964e-03
1.954322e-03
-1.624780e-03
-1.225589e-03
4.114987e-04
2.989752e-03
4.014392e-04
1.774546e-03
2.063735e-03
-5.900752e-04
-2.660830e-03
2.324088e-04
-2.003992e-03
2.262072e-05
-3.917174e-03
8.382626e-04
-1.396375e-03
-3.370767e-04
1.219547e-03
-2.504980e-03
1.158420e-03
4.865367e-03
-4.294064e-04
1.705961e-03
1.043739e-03
-1.494849e-03
-1.054494e-03
-2.843317e-03
8.294155e-04
2.010674e-03
1.905838e-03
-3.221272e-03
3.813435e-04
1.276645e-03
1.773926e-03
6.918404e-04
3.369699e-03
-1.644253e-03
-9.790476e-02
-1.245048e-01
3.497973e-03
-1.262186e-01
-5.756434e-02
-7.333212e-02
-3.573963e-02
1.021749e-02
4.625986e-02
3.240698e-02
-4.796827e-03
2.009378e-02
4.039446e-02
-1.931212e-02
-3.200085e-02
-2.855266e-02
-4.076564e-02
2.326640e-02
7.883260e-02
6.516635e-02
1.251045e-01
-9.680255e-03
-1.704602e-02
3.482345e-02
-2.794482e-02
-4.389486e-02
-1.268904e-02
2.590020e-02
6.525853e-02
6.896666e-02
-2.140019e-02
2.179359e-02
8.249808e-03
-5.356081e-02
-2.780446e-02
-1.789997e-02
-5.132519e-02
-1.216433e-02
-5.552847e-02
-3.218208e-02
-4.839537e-02
-3.342930e-02
1.392134e-02
-1.074256e-02
1.826349e-04
2.672876e-02
1.608934e-02
-3.306284e-02
-8.899570e-03
6.010979e-03
-1.032098e-02
1.119050e-02
-2.196802e-02
-1.220888e-03
3.551121e-02
1.392918e-02
1.573946e-03
4.646078e-02
3.823906e-03
-5.050621e-03
1.623343e-02
2.316934e-02
-9.491929e-03
4.550977e-02
-1.522338e-02
7.094303e-04
-1.322063e-01
-1.497060e-01
-4.705915e-02
-5.342609e-02
-2.184319e-02
2.830223e-02
-3.921412e-02
-2.918317e-02
2.842427e-03
-4.163223e-02
-3.674225e-02
8.510126e-03
-1.482530e-03
-4.101982e-02
-4.480160e-03
-6.808191e-03
-6.561292e-03
2.518340e-02
-1.031603e-02
6.906758e-03
4.884791e-02
-1.256694e-02
1.028362e-02
2.669668e-02
-3.032187e-03
1.343352e-02
1.698240e-02
-3.297016e-04
-5.327306e-02
1.087908e-02
1.240297e-01
-4.521528e-02
6.188540e-02
-2.280829e-02
-3.014049e-02
-6.264723e-02
-2.041080e-02
-8.160623e-03
3.626039e-02
7.824891e-02
-2.478029e-02
6.441154e-02
4.800178e-02
2.956578e-02
7.173571e-03
3.197137e-02
2.764136e-03
-1.589530e-02
5.931142e-03
-1.620768e-02
-3.188767e-02
-2.294233e-03
-6.781300e-02
2.048088e-02
-3.308892e-02
-1.274576e-02
1.432889e-02
-9.421890e-02
5.034506e-02
-3.415808e-02
-8.669792e-03
-4.383541e-02
-1.554941e-02
-2.958493e-02
-4.823504e-02
6.160634e-03
1.793894e-02
-3.081514e-02
-9.905329e-03
2.952590e-02
-9.313173e-03
8.480268e-02
-1.873283e-02
6.107703e-03
6.651775e-02
-3.396054e-03
6.913601e-02
5.001732e-02
-5.650508e-02
-5.530919e-02
6.857727e-02
2.942869e-02
-4.101215e-02
-1.278991e-01
-1.560365e-02
1.421882e-01
-6.287922e-02
-3.681565e-02
6.317718e-02
5.422645e-02
-2.793707e-02
-1.638162e-02
8.517008e-04
1.745040e-01
7.259575e-02
3.382039e-02
-2.432026e-02
7.688409e-02
1.069720e-01
-9.697826e-03
-7.778583e-02
-6.789180e-02
8.680088e-02
-2.035120e-02
-1.018527e-01
5.159114e-02
3.699479e-03
2.429941e-02
8.196960e-03
-5.192888e-03
-4.047078e-02
-3.734015e-02
3.680858e-02
1.148038e-02
4.797029e-02
1.753387e-01
1.151512e-01
-2.768019e-02
1.664760e-02
8.211634e-02
2.057505e-02
-7.555883e-02
-2.294960e-02
-9.291418e-02
-9.484905e-02
-4.181042e-02
-1.004438e-01
-1.657334e-02
-2.172244e-02
-7.381097e-02
-4.679883e-03
-3.469100e-02
-7.942122e-02
-3.308289e-02
4.737512e-02
2.217359e-05
-1.088461e-01
-7.658425e-03
6.919246e-02
-7.468807e-02
-1.289927e-01
-4.112199e-02
1.102414e-01
-1.566992e-02
-4.164609e-02
-2.052021e-02
1.077223e-01
6.350164e-03
-6.942607e-02
-2.653205e-02
1.109753e-01
3.878788e-02
-9.371720e-02
4.257081e-02
9.697797e-02
7.363350e-02
-9.482063e-02
-7.904588e-02
1.388027e-01
2.742051e-02
8.913997e-03
6.357642e-03
-5.450851e-03
6.496605e-03
3.751281e-02
2.812962e-02
-2.517983e-02
-1.659030e-02
-3.541043e-02
1.312550e-01
-7.439881e-02
-1.028010e-01
7.091176e-03
1.983874e-02
-2.140862e-02
-1.512928e-01
-9.257357e-02
2.776594e-02
-2.378283e-02
-1.524860e-01
-1.533050e-01
1.033536e-01
-5.188956e-03
-2.736766e-01
-1.837583e-01
-3.437633e-02
-2.059966e-02
8.492148e-03
2.528722e-02
-1.471143e-02
-4.232213e-02
-1.621557e-02
5.796859e-02
1.000088e-02
-4.490319e-02
-1.092726e-03
-2.199081e-02
3.586177e-02
4.509813e-02
-4.820858e-02
-7.427875e-02
2.202268e-02
1.044468e-01
-1.842143e-02
8.504599e-02
-1.033520e-02
-8.463277e-02
9.986485e-02
6.380389e-02
3.427944e-02
-4.200869e-03
-1.426149e-02
9.637582e-02
-1.009111e-01
2.011913e-02
6.970055e-02
-1.299025e-01
-1.071648e-01
-1.590415e-02
-6.731450e-03
-3.652426e-03
-6.717580e-02
-9.853499e-04
-3.627692e-03
-1.339008e-03
1.734635e-04
-3.280038e-04
-2.352090e-03
2.992445e-03
-4.011765e-04
5.351024e-04
-3.777505e-04
-1.341822e-04
-1.849457e-03
-1.651327e-03
-1.726551e-03
-1.225327e-03
7.715494e-04
-1.031226e-03
4.137620e-03
7.400888e-04
2.679812e-03
4.678929e-04
1.288113e-03
9.227685e-04
4.936009e-04
1.321765e-03
-1.608610e-04
5.264641e-04
6.914345e-04
-1.229633e-03
7.774203e-04
1.942445e-03
3.828791e-05
-7.089546e-04
-5.238722e-04
1.157487e-04
-1.738943e-03
-2.613015e-03
-9.037277e-04
-1.519761e-03
-2.688294e-03
-3.726982e-04
-1.213593e-03
-2.098962e-03
-1.224730e-04
2.478213e-03
-2.079096e-03
-1.713635e-03
-3.595396e-05
1.995577e-04
-1.960272e-03
-3.204717e-03
-2.599997e-03
-1.286186e-03
-3.436429e-03
-2.876131e-03
2.477105e-03
7.600156e-04
1.596323e-04
3.282569e-04
-5.449947e-04
-9.375401e-04
-1.624106e-03
6.158888e-06
-1.335577e-03
-8.361464e-04
-2.187246e-03
5.472593e-04
1.101106e-03
-7.759191e-04
9.419374e-04
-5.518371e-04
-1.653572e-03
-9.539204e-04
1.044573e-03
-8.770777e-04
9.731752e-04
-1.822107e-03
-1.101308e-03
4.123828e-03
1.785583e-03
-4.715353e-04
-7.347763e-04
-1.074871e-03
1.555202e-03
1.177612e-03
1.126194e-03
1.809722e-03
-1.459177e-03
-1.404614e-03
5.994056e-04
3.056879e-03
-5.659233e-05
4.186784e-04
3.068316e-04
1.976244e-03
1.065667e-04
-1.710331e-04
-2.063942e-03
-1.462398e-03
-1.804271e-03
-1.128262e-03
-8.688674e-05
2.485195e-03
4.587459e-04
-3.104185e-03
-1.613374e-03
2.227105e-03
2.720323e-04
1.994555e-03
-1.227386e-03
2.428397e-04
2.217367e-03
4.374947e-03
1.045103e-03
-2.379097e-03
1.992079e-04
1.562603e-03
-8.530573e-04
-4.018871e-04
-7.427092e-04
1.175010e-03
-5.656109e-04
1.099622e-03
-4.784026e-04
-1.867243e-03
-1.746367e-03
-1.947718e-03
-3.394601e-03
1.011874e-03
8.632927e-04
6.871126e-05
1.034311e-03
-1.640576e-03
2.471406e-03
2.330256e-04
6.801042e-04
-5.640132e-04
-2.551109e-03
-9.950738e-04
6.359044e-04
-5.224614e-04
-1.256449e-03
-6.430502e-03
1.408009e-03
4.417912e-02
-3.682087e-02
-9.425888e-03
9.785107e-02
-1.892967e-02
-1.064557e-01
6.128448e-02
1.924714e-03
1.283426e-01
-1.314094e-01
-1.206871e-01
-1.300716e-01
-1.192616e-01
-2.348323e-01
-1.098616e-01
-1.422964e-01
-9.101965e-02
-3.020710e-02
2.354275e-02
2.413949e-02
3.068442e-02
5.173037e-02
1.068013e-02
-8.751088e-02
1.434211e-02
9.036341e-03
-5.038436e-02
3.062692e-02
4.501611e-02
-3.449434e-02
9.602442e-02
5.669855e-02
-1.036698e-01
4.194948e-02
-9.006788e-03
-8.263241e-02
-1.312893e-01
-6.487497e-02
-4.748860e-02
-1.692407e-01
-1.613108e-01
-8.720686e-02
-4.144241e-02
-5.548230e-02
-2.008667e-02
-2.899656e-02
-3.096308e-02
-4.532339e-03
-1.298357e-02
-1.640938e-02
-7.839785e-02
3.681775e-03
-4.779331e-02
-9.827485e-02
5.510027e-02
6.892072e-02
1.044855e-01
-1.983838e-02
-3.069234e-02
7.826398e-02
9.969288e-03
1.393232e-02
-2.261928e-02
-2.157500e-02
-9.795794e-02
6.292888e-03
-8.163482e-02
-9.449972e-02
5.887000e-02
-4.921274e-02
-8.961174e-02
-1.417524e-01
-4.055547e-02
4.433106e-02
6.865902e-02
-2.944152e-02
1.653005e-01
2.485248e-01
-4.035468e-02
1.187526e-01
1.338974e-01
-5.729199e-02
-8.826445e-03
5.718539e-02
-3.193384e-02
1.335630e-02
9.409399e-02
1.529789e-02
2.543132e-02
2.611000e-02
-2.436277e-02
3.983359e-02
-6.019408e-02
5.378206e-02
-6.625930e-02
6.466316e-02
-4.205310e-02
2.457372e-02
-5.110443e-02
-5.572319e-02
-6.662457e-02
-1.093911e-01
-1.817299e-02
-7.094541e-02
-7.077312e-03
-6.827854e-02
-9.837713e-02
-8.001041e-02
3.292656e-02
3.399162e-02
3.246439e-03
1.314769e-02
-2.629114e-02
-5.485247e-03
6.902597e-03
-2.836038e-02
-1.543376e-02
-5.566321e-02
-7.753387e-02
-5.754937e-02
-3.010619e-02
9.028102e-02
-9.510437e-02
2.535181e-02
-6.576452e-02
-8.116127e-02
-1.553805e-01
-7.925109e-02
-7.424878e-02
-1.881935e-01
-1.615655e-02
2.523724e-02
-1.258858e-01
-3.262619e-02
-8.271415e-03
-4.548341e-02
-5.944774e-02
9.329963e-02
-6.608520e-02
-7.065272e-02
-9.247225e-02
6.552772e-03
-2.332938e-02
-4.229164e-02
