-1.593634e-02
2.045058e-02
3.706067e-02
-4.139328e-02
-2.501359e-02
-2.911013e-02
5.238158e-02
4.930294e-02
4.810414e-02
4.916887e-02
-7.316564e-02
-1.685763e-01
1.190476e-01
5.327105e-03
-1.218815e-01
1.600442e-01
5.038210e-03
-9.032987e-02
-9.973531e-02
-2.262146e-02
1.969820e-01
-1.314423e-01
-1.053433e-02
1.634383e-01
-1.971840e-01
6.441376e-03
1.715389e-01
4.567941e-02
-3.203450e-02
-1.123163e-01
4.433517e-02
-3.007540e-02
-1.228440e-01
2.910398e-02
-3.989866e-02
-1.182422e-01
-4.136857e-02
-1.188372e-01
-3.486022e-02
-6.373335e-02
-7.478575e-02
-3.604879e-02
-6.354969e-02
-6.463461e-02
-2.517238e-02
1.314733e-01
6.808754e-02
-9.528915e-02
1.491663e-01
1.186989e-02
-8.984910e-02
1.489986e-01
-3.052909e-02
-7.631753e-02
2.773696e-01
5.779734e-03
-2.422848e-01
2.886558e-01
-4.384610e-02
-2.616530e-01
2.681001e-01
-1.130058e-01
-3.124213e-01
-3.948103e-02
3.398966e-02
8.848857e-02
-1.291094e-01
-3.364053e-02
1.524925e-02
-6.538975e-02
-1.835219e-02
2.464318e-02
-5.221163e-02
-3.066092e-03
2.440041e-02
-1.054693e-01
-1.676994e-02
6.796374e-02
-1.249566e-01
-3.528003e-02
1.161757e-01
5.384656e-02
-1.134057e-01
-7.640392e-02
8.222131e-02
-8.586340e-02
-2.047352e-02
-1.205874e-03
-1.094987e-01
-2.192156e-02
-2.197564e-02
2.299464e-02
6.609041e-02
-8.221244e-02
-3.232734e-02
4.248324e-02
1.588092e-02
-5.273284e-02
2.813404e-02
-8.868426e-02
-7.666536e-02
2.006602e-02
-1.074995e-01
-5.524288e-02
2.898872e-02
-7.234988e-03
-5.004911e-02
-1.459227e-02
-1.071023e-01
-1.921227e-02
1.150942e-01
-9.227658e-02
-2.632700e-02
7.785594e-02
-3.406005e-02
7.277645e-03
9.815061e-02
-2.455449e-03
1.586618e-02
-1.318029e-01
-1.022163e-02
-5.123278e-02
-3.863377e-02
-6.381247e-02
1.600935e-02
2.682131e-03
-3.848054e-02
5.548435e-03
-8.547933e-03
-4.352889e-02
2.051977e-02
3.360739e-02
-4.729415e-02
-8.339328e-04
5.415383e-02
-4.725747e-02
7.353283e-03
1.086521e-01
-1.059604e-01
-6.385802e-02
3.023956e-02
-6.489907e-02
2.703091e-03
6.409515e-02
-1.561131e-02
1.140544e-02
2.063131e-02
-1.891379e-02
-1.680167e-02
-3.129080e-02
9.998529e-03
-1.913100e-02
-2.057329e-02
-2.536890e-02
-3.569256e-02
-1.683938e-03
-5.098984e-03
-3.356232e-02
-4.439691e-02
7.490343e-03
-2.328297e-02
-4.871412e-02
-4.305873e-03
1.130082e-02
5.969157e-02
-2.062535e-02
-2.877048e-03
1.118893e-02
-1.798409e-02
1.779010e-04
-1.335131e-02
-4.013999e-03
-9.489927e-03
7.318099e-03
-9.029970e-03
-8.964907e-03
3.867653e-03
-2.308574e-03
-4.059163e-03
8.512676e-03
2.992224e-02
-2.723080e-02
4.901627e-02
-1.470387e-02
1.170413e-02
-1.313670e-02
-2.811715e-02
4.008950e-02
-2.512081e-02
-1.930236e-02
-3.183480e-02
-3.286334e-02
5.897725e-03
-6.103708e-03
-1.374737e-02
1.844061e-03
1.265496e-02
-6.543874e-03
3.385808e-02
3.461879e-02
2.611645e-02
-3.156836e-03
1.102575e-02
-1.704374e-03
-1.325071e-02
5.184120e-03
-9.632229e-03
-6.919824e-03
-2.222241e-02
2.994594e-02
-3.877136e-02
-4.673396e-02
-2.950314e-02
-2.765436e-02
-2.510069e-02
-4.058625e-02
4.769911e-03
-1.326372e-02
-3.266352e-02
1.520823e-02
1.456284e-02
2.922646e-03
-3.850372e-02
-5.378849e-03
4.270358e-03
1.368348e-02
4.588581e-03
2.317614e-02
6.787777e-03
1.164559e-02
3.144739e-02
5.333883e-03
1.159640e-02
1.046153e-02
2.908000e-02
-3.122637e-02
4.724425e-02
-8.818465e-04
2.547511e-03
-2.672585e-02
-7.061539e-02
3.500110e-02
-6.055107e-02
1.335884e-02
-1.763329e-03
1.565241e-02
1.176294e-02
-1.457637e-02
2.160279e-02
-5.060314e-02
-2.034850e-02
-2.277637e-02
-1.587547e-02
5.399116e-03
1.387071e-02
-3.683092e-02
-4.253111e-03
2.925972e-02
-5.530399e-02
-3.733870e-02
6.914863e-03
-6.631149e-02
4.245073e-02
-8.050777e-02
-4.677069e-02
1.763071e-02
-3.889677e-02
7.695226e-02
-3.595521e-02
4.123392e-02
1.632642e-02
-3.563847e-02
-1.949531e-02
2.404762e-02
-1.675910e-03
-8.429744e-03
-2.578535e-03
1.743239e-02
2.106652e-02
-3.968851e-03
-1.186135e-02
-8.586825e-03
-3.140313e-02
-4.435118e-02
-3.276368e-02
-4.732757e-03
-1.096799e-02
-3.157950e-03
9.157432e-02
6.817169e-02
-2.294955e-02
1.375903e-01
1.129628e-01
-3.487447e-02
1.201830e-01
5.449409e-02
-2.220498e-02
3.329625e-02
-1.747300e-01
-2.471629e-02
2.701062e-01
-9.675994e-02
2.497944e-02
2.139428e-01
-6.744215e-02
1.048537e-01
8.685357e-02
-4.547542e-02
9.777077e-03
5.671108e-02
-3.159943e-02
2.285917e-02
-5.454332e-02
-1.035107e-01
-4.401101e-02
-4.403083e-02
3.905144e-02
-4.075729e-02
-2.887791e-02
1.462597e-01
-4.937634e-02
-7.636886e-03
9.831823e-02
-6.170097e-02
-1.104703e-02
-2.750945e-01
-1.958428e-01
9.477630e-02
-1.737054e-01
-1.120518e-02
-4.506101e-02
-2.911039e-01
5.961146e-04
-4.363994e-03
-8.397762e-02
-1.256008e-01
5.859741e-02
-5.778505e-02
-1.926301e-02
9.299897e-02
-8.795847e-02
2.168462e-02
1.069149e-01
-6.331117e-02
2.789264e-02
1.507965e-01
-5.474264e-02
1.978133e-02
-1.571918e-03
-5.989904e-02
-7.379454e-02
2.032947e-02
-7.159767e-03
1.408705e-01
-1.577401e-01
-1.099156e-01
6.788531e-02
-1.428897e-01
-3.737688e-02
-4.355914e-02
-3.857935e-02
-4.980235e-02
1.611900e-01
-1.731967e-02
-1.078288e-01
2.783002e-01
2.026767e-02
-9.137156e-02
2.263964e-01
-4.628059e-03
-1.764478e-02
2.450922e-02
6.381661e-02
-1.876882e-02
2.011484e-02
8.678043e-02
-3.304951e-03
-3.168889e-03
-2.372213e-02
-2.198223e-01
8.848773e-02
5.407122e-02
-3.566796e-01
1.608632e-01
4.356871e-02
-2.062509e-01
8.070844e-02
-6.554998e-02
-4.036598e-02
2.875730e-02
-7.178620e-02
-8.686703e-02
1.047102e-01
9.325138e-02
-9.318256e-02
8.645729e-02
9.357680e-02
4.623386e-02
2.573296e-03
4.993321e-02
1.574398e-03
-3.406125e-02
8.974689e-02
2.606037e-02
-2.073025e-02
-7.124837e-02
1.201210e-01
-5.418717e-02
-2.215082e-01
4.605753e-01
-3.057649e-01
-1.320497e-01
4.034114e-01
-1.675563e-01
-1.814820e-01
-6.914375e-02
8.288538e-02
-2.244175e-01
-7.131707e-03
2.341327e-01
-2.236323e-01
-1.329181e-02
2.186284e-01
-3.409703e-02
-1.529388e-01
5.816577e-02
-1.582681e-01
-9.888973e-02
9.907020e-03
-8.389553e-02
-1.018685e-02
-5.119655e-03
1.509318e-02
2.344672e-02
2.208686e-02
7.632560e-03
-9.804567e-02
-7.314913e-02
-4.612608e-02
-1.221982e-01
8.514308e-03
-8.504595e-02
-1.296615e-01
-1.603704e-01
-1.898156e-01
-3.230116e-02
7.538318e-02
-1.682240e-01
1.117341e-01
2.529621e-02
-4.798073e-02
-4.370255e-02
8.265515e-02
-9.852421e-02
-1.927338e-02
1.075433e-01
-8.811718e-02
4.238217e-02
1.462861e-01
1.020486e-01
6.949168e-02
-6.630706e-02
1.366688e-01
-1.292768e-02
-1.010653e-01
6.230401e-02
-7.354414e-02
-6.125545e-02
-6.306826e-02
-2.375367e-01
-2.152327e-02
-2.093974e-01
-1.181376e-01
8.991174e-02
-8.888890e-02
2.311072e-01
-1.214889e-02
5.845097e-02
8.454807e-02
-7.930066e-02
3.811643e-02
-3.353877e-02
-8.023603e-02
-6.999835e-03
-5.677000e-02
-1.607023e-02
-2.718584e-02
5.471395e-02
4.388404e-02
4.900039e-02
4.419765e-02
-7.057304e-02
6.331119e-02
-2.702593e-02
-2.016699e-01
-7.697454e-02
-6.834405e-02
-6.700674e-02
5.635260e-02
1.067033e-01
-8.145683e-02
7.638296e-02
5.945657e-03
-1.319639e-01
-7.527653e-02
-3.031763e-02
7.328559e-02
-2.791716e-02
1.406391e-01
1.155714e-01
5.932319e-02
1.466690e-01
1.250502e-02
9.644496e-02
-5.538580e-02
-3.394172e-02
3.910765e-02
-8.198854e-02
-3.567820e-02
-8.016478e-03
-9.701224e-02
-1.371624e-02
-1.080509e-01
-1.343805e-01
2.865236e-02
-1.624409e-01
-8.557303e-02
1.310830e-01
-5.742420e-02
6.775114e-02
4.154278e-02
1.860860e-02
-6.256150e-02
3.063813e-03
4.127217e-02
-1.238189e-01
5.511246e-02
4.652731e-02
-8.984540e-02
1.076001e-01
7.115854e-02
-7.175899e-03
2.216856e-02
-1.913975e-02
-6.055121e-02
3.599052e-02
-3.438680e-02
2.814329e-02
1.348300e-01
-1.996315e-02
1.315807e-01
-2.292785e-02
1.832848e-01
1.216466e-02
-2.559511e-01
1.437998e-01
-2.067394e-01
-1.009448e-01
-1.110067e-01
-1.947835e-03
7.393143e-02
-2.206847e-02
8.227587e-02
5.908982e-02
5.553159e-02
5.419201e-02
-8.690082e-02
-2.121890e-01
-1.398320e-02
9.516317e-02
-1.240843e-02
8.803801e-02
-4.472918e-02
1.376620e-02
-3.871217e-02
-7.876691e-02
7.039715e-02
-1.839559e-02
2.184682e-03
4.211875e-02
-1.571459e-02
-3.425806e-02
3.410251e-02
-2.143634e-02
7.615054e-03
5.925499e-02
-7.956482e-02
-6.909106e-02
1.494883e-01
-9.131774e-02
-1.219938e-01
1.138630e-01
-7.128119e-02
-1.361575e-01
7.994976e-02
1.415574e-02
-1.875201e-02
9.375075e-02
-5.913552e-03
-1.001762e-01
7.636201e-02
-1.519598e-02
-1.093990e-01
-3.636850e-02
7.765849e-02
1.835399e-02
1.220050e-02
1.017740e-01
-1.429457e-02
-1.115841e-02
3.746300e-02
-4.669977e-02
5.351789e-02
-1.100472e-01
-1.821395e-01
8.321234e-02
-7.342386e-02
-1.080431e-01
3.257981e-02
-1.279053e-01
-1.128622e-01
-9.065043e-02
-4.458150e-02
-3.660547e-02
-8.287743e-02
-9.498595e-02
-2.553759e-02
-9.679925e-02
-1.171824e-01
1.455667e-02
2.540215e-02
-1.054609e-01
-6.142911e-04
-3.205968e-02
-9.560998e-02
1.860279e-02
-3.851376e-02
-2.601109e-02
4.187640e-02
-1.502362e-02
-9.672581e-03
1.835182e-02
-6.168650e-02
-5.227560e-02
-7.687057e-03
4.909642e-03
-5.165075e-03
-4.190655e-02
-1.094573e-01
-2.111253e-02
9.196516e-02
-1.275150e-01
-7.673822e-02
1.225597e-01
-1.384650e-01
-9.664895e-02
9.883890e-02
-5.962051e-02
-4.396728e-02
2.101674e-02
1.389737e-02
-1.423800e-02
1.389695e-02
4.021246e-02
1.248160e-02
9.695888e-03
-5.570680e-02
-1.433987e-01
-6.126850e-02
-3.637332e-02
-1.827821e-01
-3.612023e-02
-3.174913e-02
-6.268550e-02
3.433607e-02
2.167900e-03
-1.862084e-01
-1.784119e-01
-2.353895e-02
-1.282836e-01
-4.060157e-02
-6.827454e-02
-3.826929e-02
6.271008e-02
1.475289e-01
6.981824e-02
-6.045601e-02
8.184359e-02
6.351313e-03
-9.763241e-02
6.568864e-02
2.380740e-03
-6.750400e-02
-1.210759e-01
3.533727e-02
2.076021e-02
-8.794188e-02
1.780878e-01
4.001618e-02
2.793301e-03
4.748463e-02
9.230540e-02
-1.679454e-01
-1.162723e-01
1.107334e-01
-1.447037e-01
-6.756270e-03
2.835087e-01
-1.891692e-01
-1.018688e-02
2.089590e-01
-3.736851e-02
-1.062162e-01
-9.624762e-03
-1.008999e-01
-9.049205e-03
6.190200e-02
-7.366421e-03
3.190826e-02
4.950262e-02
1.253715e-02
3.025490e-02
3.418939e-02
-1.287517e-02
-2.303264e-02
-2.759183e-02
-4.593634e-02
-4.818510e-02
-5.090879e-02
3.830364e-02
-4.589058e-02
-7.085032e-02
2.511059e-02
-3.865610e-02
-6.024433e-02
6.749940e-02
4.548042e-02
7.853686e-04
-1.417257e-02
-5.672896e-03
-4.092732e-03
-6.701834e-03
-7.353929e-03
-1.430931e-02
-2.180812e-02
-2.708241e-02
-2.638339e-02
1.488711e-02
7.494411e-03
1.029349e-02
9.558305e-03
7.498752e-03
1.163338e-02
-6.586423e-03
-1.556780e-02
-2.107221e-03
-1.185071e-02
-5.036565e-02
-3.710112e-02
2.441225e-03
-1.209844e-02
-5.242254e-03
-6.327855e-03
3.465080e-02
2.365204e-02
1.750915e-02
-1.182227e-02
-1.646353e-02
1.360103e-02
-9.827064e-03
8.058927e-03
3.259743e-02
2.643059e-02
3.842492e-02
-1.235893e-02
-1.190584e-02
-1.695129e-02
3.662492e-02
4.018727e-02
3.088344e-02
-2.029202e-02
-1.862313e-02
-1.120894e-02
-2.774683e-02
-2.139967e-02
-1.647771e-02
2.666375e-02
8.658596e-03
-2.747045e-02
4.281914e-02
2.813626e-02
-3.125462e-02
2.938587e-03
4.093257e-03
2.000399e-02
-1.969334e-02
-1.533897e-03
4.571585e-04
-1.138826e-02
-5.703383e-05
-5.482490e-04
1.078730e-02
3.043131e-03
4.801932e-03
9.738979e-03
2.595866e-03
-9.517272e-03
1.967707e-02
1.556167e-02
-1.055984e-02
2.221303e-03
-6.042466e-04
2.673827e-02
-1.603564e-02
5.500976e-03
1.316598e-02
2.572418e-02
1.481894e-02
5.513381e-03
-8.141401e-02
-3.651874e-02
-7.093800e-03
-5.061388e-02
-2.344343e-02
-2.092860e-02
4.494973e-02
4.967120e-02
1.006495e-02
1.017838e-02
4.658169e-02
6.884598e-02
-2.517402e-02
2.326084e-03
3.807567e-02
-6.627946e-02
-4.027981e-02
-1.117762e-02
-2.251003e-02
-5.402260e-03
-4.084619e-03
-9.406479e-03
-3.046003e-02
-3.983209e-02
1.544761e-02
1.978585e-03
3.923870e-03
-1.830784e-02
-4.179414e-02
-3.136200e-02
-2.674090e-03
-2.775455e-02
-5.281200e-02
4.663028e-02
2.892653e-02
-1.400569e-02
-3.050976e-03
8.956104e-03
-2.315095e-02
7.113265e-02
5.199920e-02
-2.032240e-02
2.485241e-02
7.253339e-03
-3.467881e-02
4.446037e-02
4.217964e-02
-1.129838e-02
2.259557e-02
-2.359867e-02
-4.157850e-02
5.293699e-02
-2.858462e-02
1.911681e-02
-7.470381e-02
-2.071472e-02
5.889393e-02
-4.688378e-02
2.943610e-02
6.847853e-02
-9.888739e-02
-7.426231e-02
-3.380015e-02
-8.077336e-02
-1.602541e-01
6.784618e-02
-1.656057e-01
-1.411760e-01
1.388672e-01
-1.909954e-01
-1.156699e-01
1.397348e-01
2.631280e-02
4.067998e-03
-5.777120e-02
1.944412e-02
1.538806e-03
-6.886028e-02
-1.482556e-03
-1.298462e-02
-8.558985e-02
-6.639589e-02
-9.775314e-02
8.907533e-03
-1.262048e-01
-7.147323e-02
4.246412e-03
-1.315763e-01
-3.978131e-02
4.756721e-02
6.052683e-02
5.867897e-02
-5.001986e-02
6.559408e-02
4.017437e-02
-5.260595e-02
3.184560e-02
-1.497967e-02
-1.003825e-01
4.906311e-02
1.479139e-01
-6.421799e-02
1.181952e-01
1.089898e-01
-1.557155e-01
9.619649e-02
3.137659e-02
-2.307943e-01
5.907351e-03
-3.812586e-02
5.933373e-02
-4.624909e-02
-4.652029e-02
2.087096e-02
-4.499153e-02
-6.653164e-02
1.384484e-03
7.769794e-03
1.632065e-03
-4.355434e-02
-3.229287e-02
-3.438332e-02
-8.149737e-02
-5.062674e-02
-3.530030e-02
-6.867871e-02
6.942391e-02
-6.346565e-02
-1.187522e-01
3.155357e-02
-1.092836e-01
-1.077662e-01
-2.485067e-02
-1.216603e-01
-7.538254e-02
-3.577032e-02
9.556761e-03
8.874279e-03
-1.862049e-02
1.954504e-02
3.014882e-02
-2.759002e-02
4.213399e-02
-6.047023e-03
-1.143954e-01
-1.000578e-01
2.816021e-02
-1.177711e-01
-1.353662e-01
7.035803e-02
-4.204616e-02
-4.198058e-02
7.613039e-02
4.769089e-02
-1.449731e-02
-1.018124e-01
2.991369e-02
-5.690834e-02
-1.357731e-01
1.889408e-03
-5.040404e-02
-9.454030e-02
6.432136e-03
-3.249607e-02
-9.770674e-03
-2.588285e-02
-4.892433e-02
-2.304357e-02
-7.762744e-02
-3.653709e-02
3.455860e-02
-1.954151e-02
-6.223182e-02
-4.582372e-02
-2.196055e-02
-5.757939e-02
-3.183298e-02
-4.960236e-02
-4.728090e-02
1.056585e-02
-1.112841e-02
-4.601159e-02
7.517772e-02
-5.786445e-02
-6.485251e-02
6.267100e-02
-3.633235e-02
-4.119402e-02
1.092886e-01
3.425357e-02
2.816729e-02
-6.489031e-03
9.338143e-03
8.447917e-03
-3.366017e-02
6.403741e-02
5.863809e-02
4.502233e-02
-5.552723e-02
-4.012170e-02
-2.840830e-02
-5.266529e-02
-4.107522e-02
-6.714325e-03
-4.400777e-02
-4.295395e-03
3.058148e-02
-2.878664e-02
-2.136181e-02
-6.771122e-02
-6.507386e-02
-4.955766e-02
-9.048245e-02
-5.675884e-04
2.982692e-02
2.174313e-02
3.219561e-02
4.617690e-02
1.685632e-02
2.102700e-02
3.132967e-02
4.285079e-03
3.017859e-02
4.574507e-02
2.932320e-02
-3.185807e-02
-1.044253e-02
5.485078e-03
-2.015857e-03
3.073461e-04
1.860736e-02
-3.660156e-02
-5.321194e-02
-3.848989e-02
-3.396722e-03
-2.552822e-02
-3.010579e-03
5.416632e-04
-2.422046e-02
-4.910309e-03
4.031214e-02
3.090077e-02
3.102517e-02
-9.163028e-04
1.220890e-02
5.269129e-02
3.942979e-02
4.863910e-02
7.059453e-02
6.975783e-02
5.709502e-02
4.739235e-02
-2.130980e-02
-4.346968e-02
-5.516716e-02
-1.025554e-01
-8.292668e-02
-6.090285e-02
-3.302949e-02
-2.601340e-02
-5.220935e-03
1.851054e-02
2.619108e-02
2.275905e-03
4.853955e-02
4.871123e-02
2.514425e-02
1.671299e-02
-9.883019e-03
-3.212886e-02
-1.024473e-04
2.517750e-02
2.916538e-02
-9.889931e-03
1.234313e-02
4.482551e-03
-5.128275e-02
-3.755389e-02
-6.155805e-02
-3.366337e-02
-1.095577e-02
-5.698393e-02
-1.922757e-02
7.456368e-04
-5.135700e-02
-5.293219e-03
-1.430681e-02
-3.614707e-02
-8.695243e-02
-9.579141e-02
-9.055702e-02
-2.671642e-02
-4.320601e-02
-4.591525e-02
-1.900007e-02
-2.457421e-02
-3.221533e-02
5.156779e-02
2.787853e-02
-3.964888e-02
4.254731e-02
2.090511e-02
-4.015258e-02
-4.635406e-02
-4.925406e-02
-8.829890e-02
-3.213461e-02
-5.618273e-02
-2.485900e-02
-2.359206e-02
-3.046459e-02
2.355642e-02
-4.999796e-02
-4.889577e-02
-4.483646e-02
-5.396061e-02
-5.849856e-02
-1.923745e-02
-5.898303e-02
-5.694396e-02
-2.716480e-02
-2.901389e-02
-4.853945e-02
-3.036072e-02
2.000983e-02
2.710677e-02
4.930998e-02
-1.097117e-02
3.430404e-03
2.182902e-02
2.875673e-03
-4.843998e-03
-9.536169e-03
3.375431e-02
-4.015198e-02
5.471078e-02
6.000526e-02
1.863768e-02
4.821908e-02
-1.936986e-02
4.971123e-03
3.213180e-02
2.025319e-02
-6.485166e-02
7.800671e-02
2.149106e-02
-9.108331e-02
3.456211e-02
1.645439e-01
-5.355340e-03
9.016751e-03
-2.427022e-03
3.548513e-02
4.090294e-02
1.797500e-02
-3.366659e-02
-5.280265e-03
-3.233234e-02
-1.882030e-02
-1.383718e-02
4.719818e-02
8.042738e-03
-8.377703e-02
5.355372e-02
9.060375e-02
-3.711686e-02
-9.985170e-03
9.352510e-02
3.793970e-02
-8.739655e-02
-1.724101e-02
1.106711e-01
1.639729e-02
-1.400032e-01
4.287621e-02
1.832140e-01
-1.971201e-01
-1.111990e-01
1.059575e-02
-6.886473e-02
-9.725746e-02
2.716250e-03
4.488746e-03
2.625395e-02
-7.550234e-03
-3.787332e-02
7.000065e-02
-3.651323e-02
-1.267510e-01
-7.450223e-02
1.421576e-01
-4.565841e-02
-7.077584e-02
1.302451e-01
4.553161e-02
-5.442449e-02
-2.771883e-02
5.865220e-02
1.518769e-01
-4.852043e-02
-7.040562e-02
1.820985e-01
3.357491e-02
-7.490435e-02
3.509583e-02
-9.120704e-02
1.063683e-01
8.643492e-02
-1.437815e-01
2.326792e-02
2.237285e-01
-1.031848e-01
-6.877196e-02
1.676610e-01
-4.150244e-02
-5.807979e-02
-1.096927e-02
-2.719212e-02
-5.533944e-02
3.172904e-03
4.313410e-02
4.967308e-03
-1.999392e-02
-1.479566e-01
-3.018660e-02
9.023938e-02
-1.187414e-01
-1.969820e-01
2.462470e-01
5.763065e-02
-1.570713e-01
7.688829e-02
-1.129714e-01
6.011270e-02
-7.585995e-02
-1.179066e-01
6.284091e-02
5.907782e-02
-8.704935e-02
-8.179025e-02
-7.622073e-02
6.909408e-02
3.879511e-02
5.136146e-02
2.427835e-02
-3.996880e-03
1.953432e-02
9.270943e-04
2.113066e-02
3.801877e-02
2.064212e-01
-1.464250e-01
-2.646958e-01
2.609249e-01
7.186387e-02
-2.517700e-01
-1.027428e-02
1.081810e-01
-1.316076e-01
-7.774022e-02
9.952806e-02
-1.119006e-01
-8.650732e-02
7.215764e-02
2.614455e-02
-1.402288e-01
-6.133292e-02
-5.633333e-03
-1.254718e-01
1.985149e-02
7.531106e-02
-5.514477e-02
-5.528618e-02
-1.194724e-02
-1.064173e-02
-2.980283e-02
1.600135e-02
-2.665546e-03
-3.314356e-02
-5.006539e-02
-4.046546e-02
-6.603306e-02
-6.881014e-02
-4.587130e-02
-5.937897e-02
-4.724466e-02
2.100705e-02
-7.816792e-03
-6.603830e-03
2.861494e-02
1.367050e-02
-7.051504e-03
6.537766e-02
1.098621e-02
-4.020669e-03
1.513166e-02
2.449308e-02
2.511626e-02
3.303190e-02
1.314672e-02
4.795349e-03
3.842137e-02
6.591210e-04
-1.952496e-02
9.633556e-03
1.767131e-02
2.056897e-02
1.350472e-02
9.490546e-03
5.390724e-03
1.581366e-03
-5.435065e-03
-1.418644e-02
3.560452e-02
2.937964e-02
3.719786e-02
2.540880e-02
1.773189e-02
3.111240e-02
4.381745e-02
-8.467715e-04
2.445138e-02
5.104391e-02
4.290547e-02
4.750972e-02
4.945873e-02
5.913080e-02
4.285887e-02
3.161399e-02
4.576199e-02
3.895172e-02
-7.818462e-03
-4.181344e-02
-4.152275e-02
-1.307578e-02
-3.902954e-02
-3.491523e-02
-4.476691e-02
-5.613774e-02
-6.618415e-02
1.380000e-02
-7.151793e-03
-3.257910e-02
4.622377e-02
5.852075e-03
-2.466184e-02
4.930269e-02
-2.451071e-02
-4.186791e-02
1.225244e-02
-1.882595e-03
-3.257393e-02
2.487417e-02
2.337350e-03
-1.252043e-02
1.232385e-02
-1.204297e-03
1.331118e-02
-1.799433e-02
-6.460697e-03
-2.208738e-02
-5.645858e-03
-2.685624e-03
-7.976717e-03
2.456966e-03
1.438481e-02
1.564913e-02
-1.361638e-02
1.139388e-03
-1.047973e-03
3.783684e-03
-2.194206e-03
9.061120e-03
-1.187560e-03
-1.216791e-02
4.466641e-03
4.549042e-02
-1.782424e-02
-4.252676e-02
1.515562e-02
-2.833523e-02
-3.419827e-02
-2.146468e-02
-4.859826e-02
-4.055657e-02
-5.808236e-02
-1.674325e-02
-8.645145e-03
-4.232417e-02
-4.988267e-03
3.172723e-03
-2.381883e-02
7.131984e-03
4.188157e-03
1.304667e-02
2.809962e-02
-1.928378e-02
4.737318e-02
1.059612e-02
3.643532e-03
3.441425e-02
1.959601e-02
-9.544303e-03
-2.267269e-02
-2.231450e-02
-4.026590e-02
-2.754175e-02
-2.681608e-02
-2.266281e-02
-2.792395e-02
-2.111930e-02
5.541720e-03
-2.904615e-02
-5.972446e-02
-6.742289e-02
-5.066636e-04
-4.787914e-02
-4.630878e-02
-1.675492e-03
-4.707479e-02
-3.278791e-02
-7.051378e-02
-9.335157e-02
-6.786006e-02
-4.646905e-02
-8.579375e-02
-8.857367e-02
7.529027e-03
-3.956510e-02
-8.033427e-02
-3.521027e-02
-4.852730e-02
2.642806e-02
-1.746894e-02
-3.383327e-02
2.436203e-02
2.486017e-03
-6.018619e-02
8.262999e-02
1.698714e-02
-3.985918e-02
-5.585846e-03
1.383109e-03
-7.395916e-02
-1.562224e-02
-1.684853e-02
-1.077044e-01
-5.106661e-02
4.307346e-02
2.885477e-02
-2.667627e-02
1.832601e-02
3.050575e-03
-5.675544e-02
7.950043e-03
-9.007133e-03
-6.558657e-02
-1.174512e-02
-5.196311e-02
3.502811e-02
4.746664e-03
-6.801268e-02
1.981739e-02
1.193519e-02
-9.035951e-02
1.853007e-02
-3.540955e-02
-1.829716e-02
-1.229601e-02
-2.950176e-02
4.341916e-03
4.516197e-03
-1.296982e-02
-1.692223e-03
1.970800e-02
2.421327e-02
1.500516e-02
-6.581841e-02
2.460565e-02
2.227315e-03
-8.486460e-02
3.225534e-02
2.556118e-02
-1.135071e-01
3.961774e-02
-3.867687e-02
-1.593246e-02
-5.107777e-02
-7.639686e-02
5.434198e-04
-3.716105e-02
-5.196287e-02
1.736760e-02
-1.750717e-03
6.047380e-03
-5.739891e-03
-3.647263e-02
-2.458785e-02
-3.967156e-02
-8.196966e-02
-5.838270e-02
-3.610471e-02
1.124039e-02
-6.145267e-03
-3.281291e-02
2.764273e-02
-3.141260e-03
-3.137376e-02
5.524048e-02
-1.775486e-03
-3.359975e-02
-3.542860e-02
-3.486582e-02
-2.612924e-02
-2.860458e-02
-2.897955e-02
-6.941451e-03
-3.394473e-02
-2.973637e-02
1.169122e-02
-8.177912e-02
-9.233041e-02
-5.186432e-02
-6.775195e-02
-6.469706e-02
3.937501e-02
-4.378425e-02
-3.850234e-02
8.725992e-02
-1.399444e-02
-1.510194e-02
-9.025629e-02
-3.039733e-02
-1.836740e-02
-9.111448e-02
-4.806044e-02
-2.746989e-02
-1.051701e-01
1.362918e-02
5.451691e-02
5.335126e-02
-4.092310e-02
-1.787106e-02
6.347593e-02
2.949598e-02
8.182803e-02
5.631304e-02
-4.974312e-02
-3.088544e-02
2.653752e-02
-5.536534e-02
-1.783136e-02
2.796611e-02
-6.536209e-02
-4.918493e-03
6.675194e-02
-3.821159e-03
-5.473552e-02
-9.456944e-03
-3.485459e-02
-3.929668e-02
5.448382e-02
-1.155320e-02
1.513656e-02
8.343871e-02
-1.679517e-03
-1.465865e-03
-1.242417e-03
-2.431727e-03
-2.371946e-03
1.182679e-03
6.163077e-04
1.332412e-03
5.836714e-04
-7.940020e-04
-1.949174e-03
5.035737e-04
4.932777e-04
-1.530906e-03
-1.274375e-03
-1.075484e-03
1.322616e-03
-5.433783e-04
-9.127010e-04
-6.401462e-04
2.437252e-03
-7.224228e-05
-5.620158e-05
-1.814300e-04
-1.965420e-03
-1.899541e-03
1.765516e-03
-3.377549e-03
2.880266e-03
-5.533941e-04
-5.115915e-04
-9.650411e-04
-4.651279e-04
-3.885050e-03
2.361394e-03
-1.313166e-03
-2.310719e-05
2.239916e-03
1.468307e-03
2.931404e-03
2.725151e-04
-4.519848e-03
1.435159e-03
-1.372657e-03
1.541726e-03
1.133089e-03
-2.088154e-03
-9.401152e-04
1.905148e-04
-2.362047e-04
-4.920925e-04
1.128429e-03
-9.884780e-04
-4.837232e-04
3.544379e-03
2.084297e-03
-2.056289e-03
4.649171e-04
9.610325e-05
-2.005051e-03
3.295138e-03
9.160296e-04
-9.122362e-05
1.488408e-03
-6.220535e-04
-2.462251e-04
-2.040536e-03
-1.822607e-04
-6.527525e-04
1.981479e-03
1.834444e-03
-1.385604e-04
2.478882e-03
-1.058220e-03
-7.706981e-04
-6.059061e-04
-2.564013e-03
-8.575094e-04
-2.257734e-03
9.077194e-05
3.169162e-04
-2.108246e-03
-1.745262e-03
-1.968272e-03
5.419155e-04
-1.054531e-04
-3.155120e-03
-9.717066e-04
-9.541565e-04
-1.256590e-03
-1.081303e-03
6.114383e-04
1.424512e-03
1.545555e-03
1.640288e-03
-2.595193e-03
4.228934e-04
2.136305e-03
-2.610708e-03
8.281927e-04
2.095465e-03
4.721332e-04
-1.376005e-03
-3.145318e-03
-9.824707e-04
2.631829e-03
2.558844e-03
-2.709890e-03
-1.230039e-03
-1.179927e-05
-3.352450e-03
1.404486e-03
7.529876e-04
-1.068509e-03
-2.870939e-03
1.012543e-04
7.935603e-04
-3.179394e-04
-8.947219e-04
-1.828255e-03
7.328410e-04
3.628642e-04
-1.764758e-04
-2.139386e-03
-1.778640e-03
2.109493e-03
-2.405533e-03
1.611718e-03
-1.002424e-03
-1.952666e-03
2.247094e-03
-2.156839e-03
1.803007e-03
1.578392e-03
-2.455782e-03
1.618413e-04
3.138395e-03
-3.183688e-04
-7.188497e-04
-3.087493e-03
1.085426e-03
-1.273988e-03
8.308800e-04
2.217012e-03
2.564525e-02
1.554981e-02
-1.166423e-02
6.129475e-02
4.097780e-02
-2.748713e-02
-1.849056e-02
-2.015794e-02
-6.233603e-02
-5.241949e-02
-1.026971e-01
-8.604270e-02
7.514591e-02
1.316207e-02
-9.243810e-02
1.251162e-01
7.893869e-02
1.633496e-02
1.414418e-02
2.651062e-02
-4.447016e-02
-1.383194e-02
4.728250e-02
1.622586e-02
-4.376159e-02
4.102156e-02
6.170223e-02
9.253002e-04
1.066183e-02
3.938235e-02
-1.737338e-02
4.160535e-04
4.279444e-02
-2.645133e-02
-1.685809e-02
1.208082e-02
4.483305e-02
9.762443e-03
-2.996344e-02
-3.569246e-02
5.666601e-02
-2.018433e-02
-1.077251e-02
6.659636e-02
1.238729e-01
-1.759309e-02
-2.175304e-02
-7.060158e-04
-1.462447e-02
-1.678624e-02
-4.960947e-03
1.925305e-02
1.318911e-02
2.963293e-02
-2.607258e-02
3.883513e-02
6.345988e-02
-4.060643e-02
4.444791e-02
1.158778e-01
-1.509541e-01
-9.378392e-02
6.342607e-03
1.474744e-02
-1.152984e-02
-7.034826e-02
1.302771e-02
-1.322961e-02
-9.656825e-02
4.776885e-02
9.075088e-02
-4.330024e-02
1.513241e-02
-7.487070e-03
-3.973044e-02
2.246760e-02
-2.198195e-02
-5.890248e-02
1.634235e-02
-1.936825e-02
-7.318117e-02
-2.820684e-02
-4.415054e-02
-4.433989e-02
-3.346609e-02
-4.181402e-02
-5.018122e-02
-3.386267e-02
-2.759446e-02
-1.434082e-02
1.858935e-02
1.045775e-02
-4.952437e-02
-1.453374e-02
1.158602e-03
-7.044967e-02
-1.756138e-02
3.573064e-02
-1.756334e-02
-5.904165e-02
-2.954546e-02
-4.125625e-02
-9.143429e-02
-1.709589e-02
-3.320093e-03
-8.838854e-02
6.410520e-02
6.081299e-02
1.065313e-02
2.225220e-02
-8.065943e-04
-3.143528e-02
-1.892682e-02
-3.655940e-02
-4.453822e-02
-5.657315e-02
-8.751246e-02
-9.480803e-02
-2.966019e-02
6.137757e-02
-1.088255e-01
-9.106875e-02
8.591632e-02
-5.578044e-02
-8.106374e-02
1.887489e-02
-1.993409e-02
-3.577521e-02
-7.030797e-03
-2.617231e-02
-4.308869e-02
-3.373598e-02
2.365203e-02
2.226470e-02
4.178888e-02
7.786204e-02
2.005640e-02
-6.459147e-02
5.736110e-02
4.558412e-02
-4.665422e-02
-3.774120e-02
2.348543e-02
-2.268027e-02
-5.950517e-02
-4.537307e-02
-4.861791e-04
-4.380404e-02
-6.163943e-03
3.307259e-02
-3.879958e-02
4.668613e-03
5.792155e-03
2.607374e-02
8.112065e-03
5.990251e-02
-5.910227e-02
-6.904444e-02
-2.561338e-02
-1.550430e-03
-3.588822e-02
-4.372079e-04
-6.956937e-02
1.396978e-01
2.255618e-01
-2.007769e-01
-5.815430e-02
1.011837e-01
-1.355909e-01
-1.656918e-01
-1.045638e-01
3.414647e-02
2.312601e-02
3.632056e-02
2.245116e-02
-2.144412e-03
1.498337e-02
3.474434e-02
1.790968e-03
1.727500e-03
-8.493108e-02
1.745291e-02
2.099638e-02
-7.243372e-02
-2.183587e-02
-7.576474e-04
-5.782057e-03
-4.900444e-02
-1.671933e-02
2.875898e-02
-2.598582e-02
-7.359108e-02
8.999627e-02
4.328832e-02
-7.760721e-03
5.395624e-02
8.415367e-02
5.112389e-02
-2.421768e-02
-1.060114e-01
-8.970676e-02
9.193400e-02
-3.186053e-02
-1.309393e-01
1.628065e-01
1.142189e-01
-7.782886e-04
3.412506e-02
5.802429e-02
5.354106e-02
-2.061504e-02
-3.162643e-02
6.029848e-03
-3.231933e-02
-6.042526e-02
4.709269e-03
-5.837793e-02
-5.195522e-02
-4.627443e-02
-3.197962e-02
-4.857671e-02
-8.251826e-02
3.642982e-02
6.996538e-04
-5.361721e-02
-2.473648e-02
-6.602066e-02
-5.175144e-02
-2.968569e-02
-2.816764e-02
-1.306698e-02
-2.602353e-03
2.210598e-02
1.107799e-03
6.488434e-03
4.348017e-02
-3.869676e-02
-1.345867e-02
8.190225e-02
1.427458e-02
-2.500042e-02
-7.542553e-04
-1.378650e-02
-5.074938e-02
2.238407e-02
-2.937879e-02
-2.615198e-02
2.250955e-02
2.459938e-02
-1.630639e-02
-3.188861e-02
-2.595586e-02
1.793695e-02
-4.012723e-02
-6.398248e-02
3.728189e-02
-4.978910e-03
-5.820543e-02
2.258571e-02
6.264400e-03
-5.467970e-02
-1.267902e-03
2.122992e-02
4.815009e-02
3.069313e-02
1.710441e-02
1.249065e-02
-2.659485e-03
-3.973147e-02
1.764143e-03
-5.057629e-02
-2.650078e-02
-3.407370e-02
-2.483920e-02
-2.007455e-02
-5.313789e-02
5.520060e-02
-9.257383e-03
-6.874590e-02
-3.987139e-02
-2.347747e-03
2.849130e-02
-3.875080e-02
-4.631422e-02
4.760129e-03
-2.844862e-03
-4.085320e-02
-2.677270e-02
2.004694e-02
-7.976060e-02
1.542408e-01
4.052500e-02
-9.298845e-02
1.412455e-01
3.372259e-02
2.141352e-02
3.509669e-02
-1.243681e-01
1.738384e-01
4.187407e-02
-1.154963e-01
2.794716e-01
3.568170e-02
-1.108310e-01
7.336195e-02
6.281771e-02
-7.374751e-03
4.638325e-02
3.979509e-03
1.848194e-02
7.605766e-02
5.018384e-03
3.797942e-03
2.027146e-02
-2.954146e-02
1.129069e-02
-3.552735e-02
2.299560e-02
8.646397e-02
-1.007721e-01
8.815204e-02
4.004764e-02
-8.239587e-02
3.331331e-02
-3.822667e-01
4.985424e-02
-4.128084e-01
-3.818816e-01
4.090328e-01
-3.789523e-01
-4.183223e-01
2.104910e-01
-3.651765e-01
-8.098964e-02
1.269528e-02
-3.904000e-02
-9.277420e-02
1.148657e-01
-3.628234e-03
-1.291737e-01
4.928435e-02
-9.228177e-02
-4.027816e-03
3.582471e-02
-5.751020e-02
-9.769193e-02
7.892642e-02
-9.412136e-02
4.039833e-02
1.499126e-02
-2.286676e-02
7.908969e-03
-4.593293e-02
-7.787829e-02
2.151338e-02
-8.587510e-03
-8.870897e-02
3.862843e-02
-8.533923e-02
-1.657752e-02
2.057648e-01
4.677781e-02
-1.060747e-01
1.122604e-01
1.167811e-01
-2.159733e-01
1.048153e-01
5.960383e-02
-1.484400e-01
7.571233e-02
-8.187896e-02
-3.886146e-02
5.415228e-02
-4.939144e-02
-7.356865e-02
8.778533e-02
6.302413e-03
-3.396699e-02
-2.077817e-01
1.375930e-01
-2.528964e-01
-3.962584e-01
4.826269e-01
-4.213267e-01
-2.663808e-01
2.103930e-01
-2.173952e-01
-2.148498e-02
1.712611e-02
6.181008e-02
-1.526347e-02
1.051245e-01
2.426790e-02
-1.086015e-01
7.246785e-02
-1.181147e-01
1.072050e-01
-5.714202e-02
1.830818e-01
3.772479e-02
-1.089065e-01
1.171274e-01
1.521347e-01
5.290052e-02
1.642606e-01
-1.036202e-01
-2.642643e-01
-7.598075e-02
4.976228e-01
-6.782013e-01
5.501127e-01
2.717639e-01
-5.095738e-01
3.499268e-01
2.878815e-02
-6.397200e-02
-1.812570e-01
1.166742e-01
1.376125e-01
-1.864456e-01
1.402596e-02
7.142158e-02
-2.740824e-01
4.313010e-02
-3.372607e-02
-9.754704e-02
1.141617e-01
-9.209590e-02
-1.797193e-02
6.024646e-02
-4.015111e-02
9.154215e-02
8.412591e-03
-6.483012e-03
-7.901631e-03
-1.276744e-02
-1.301793e-02
-2.483584e-02
3.046861e-02
2.545917e-02
2.156365e-02
-8.131047e-02
-7.004447e-02
-6.892422e-02
-5.298001e-02
-5.247232e-02
-4.472911e-02
-1.243416e-02
-1.425565e-02
8.013651e-03
9.134129e-03
1.810353e-03
-7.314253e-03
-1.310891e-02
-6.425599e-03
-2.930779e-02
1.159063e-02
2.730812e-02
1.094810e-02
-1.271000e-02
-3.169287e-03
-9.596946e-04
-1.459675e-02
-1.023651e-03
-1.624400e-02
1.712471e-02
8.592811e-03
4.262628e-03
3.588961e-03
3.776293e-02
3.183505e-03
7.766334e-02
9.993947e-02
6.097834e-02
4.755874e-03
5.216265e-02
3.120584e-02
-9.353051e-05
-3.267835e-03
-2.201820e-02
-4.057996e-03
1.478303e-03
-1.530913e-02
6.019539e-03
1.850665e-02
3.979145e-02
6.880293e-03
2.090416e-02
2.350341e-03
-1.038096e-01
-8.409163e-02
-8.464852e-02
-8.511365e-02
-8.155317e-02
-6.707897e-02
7.072046e-03
-2.964842e-03
-2.073721e-02
-2.955645e-02
-2.232744e-02
-7.980115e-03
9.435130e-03
1.624740e-02
5.946150e-03
1.126562e-02
-6.911509e-03
-2.424363e-02
4.770704e-02
3.075434e-02
1.823816e-02
-2.787661e-02
-3.382692e-02
-6.186639e-02
-7.480740e-03
-5.087359e-03
-2.462667e-02
1.582657e-02
9.826439e-03
1.940888e-03
-4.153763e-02
-1.694627e-02
-1.629957e-02
-1.315070e-02
-1.120634e-02
-1.898959e-02
-3.129004e-02
-3.223978e-02
-1.912819e-02
-1.249681e-02
8.255642e-03
1.271817e-02
1.111881e-02
-6.078658e-02
-3.714609e-02
1.194397e-01
4.742569e-02
4.048421e-02
3.447859e-02
8.138069e-03
-3.107024e-02
7.643763e-03
7.510872e-03
-8.999550e-03
2.816408e-03
-8.109629e-03
-2.111373e-02
-3.276876e-02
-3.058017e-02
-4.265310e-02
4.593974e-02
1.828004e-02
1.265459e-02
-3.655960e-02
-6.018472e-02
-4.990435e-02
-5.402976e-02
-5.071368e-02
-4.935523e-03
-5.641590e-02
-4.080685e-02
-9.886768e-04
-5.149383e-02
-5.551010e-02
-2.339541e-02
-5.981712e-03
-4.833715e-03
7.117900e-03
7.944427e-02
4.693458e-02
5.598264e-02
-3.558921e-02
-3.945574e-02
-7.829505e-03
-3.291930e-02
-1.992258e-02
-2.736991e-02
