-2.763860e-02
-3.058357e-02
-3.433285e-02
6.206197e-03
-2.970972e-02
-1.162106e-02
-3.391087e-02
-5.500538e-02
-4.168214e-02
1.516218e-02
1.593305e-02
-3.073698e-02
8.539787e-03
3.405993e-02
1.082375e-02
3.571256e-03
4.835934e-02
1.249268e-02
-7.035336e-02
-6.678414e-02
-2.215828e-02
-7.586948e-02
-9.699702e-02
-6.575467e-02
-5.433681e-02
-9.130074e-02
-8.113839e-02
-3.751932e-02
-3.955308e-02
-4.037512e-02
-3.454551e-02
-4.591369e-02
-5.412165e-02
-4.853760e-02
-4.694464e-02
-4.000997e-02
3.336798e-02
6.281093e-02
3.879891e-03
1.901606e-02
4.032927e-02
-1.427859e-02
1.610508e-02
3.413715e-02
-3.192621e-02
2.241053e-02
3.365511e-02
5.270033e-03
2.778775e-02
2.975827e-02
-3.283179e-03
7.049040e-03
1.941753e-02
-7.845107e-03
-1.255920e-02
-1.859522e-02
-4.987907e-02
1.653578e-02
-7.130034e-03
-4.704507e-02
5.827774e-02
5.758099e-02
-9.049932e-03
9.146676e-03
1.589863e-02
3.877369e-02
4.216854e-03
6.216427e-03
1.990146e-02
-1.393770e-02
-3.649886e-02
-3.752324e-02
1.961222e-02
5.354926e-04
-2.116798e-02
3.676457e-02
2.646556e-02
1.361463e-02
7.947297e-03
1.995625e-02
7.500387e-03
6.708411e-03
-2.379186e-02
-2.551701e-02
-1.095501e-02
-3.244283e-02
-3.287836e-02
-1.324154e-02
-3.782755e-02
-4.966895e-02
-2.000113e-02
8.215971e-03
-2.783458e-03
1.572381e-02
4.878362e-03
-2.336709e-02
-4.363110e-02
2.789854e-04
-5.490531e-02
-1.177446e-02
3.162498e-02
4.013889e-02
-7.849265e-03
-7.838968e-03
1.877860e-02
-5.307961e-02
-3.010652e-02
-4.078234e-02
-5.418989e-02
-3.260576e-02
-3.200203e-02
-6.196395e-02
-3.054848e-02
-3.458101e-02
-5.585602e-02
-2.013088e-02
-2.239262e-02
-6.462998e-02
-1.055146e-01
-3.853890e-02
-3.727529e-02
-5.879493e-02
-5.268027e-02
4.993320e-03
-4.573326e-02
-3.836022e-02
-1.626029e-03
5.762766e-03
8.509021e-03
3.117056e-02
2.916215e-02
3.117956e-02
1.572883e-02
4.019492e-02
3.323742e-02
-3.261980e-02
-1.286812e-02
4.668785e-02
1.289142e-04
3.033770e-03
4.137402e-02
3.039414e-02
1.170268e-02
1.621113e-02
-2.544503e-02
3.758383e-03
3.088965e-02
1.471361e-02
2.164526e-02
-3.929093e-03
-1.209901e-02
4.712618e-03
1.703431e-02
-1.947302e-02
6.547035e-02
-4.091106e-02
1.068209e-02
4.394416e-02
-6.899965e-02
1.857454e-02
-5.151921e-03
-6.829413e-02
6.363960e-02
1.256111e-02
-7.604014e-02
7.346753e-02
-4.171009e-03
-5.815777e-02
2.855613e-02
-1.280956e-02
-3.796541e-03
-3.992078e-02
1.249241e-02
4.323039e-02
1.144113e-02
4.950457e-02
5.250086e-02
2.070468e-02
4.810923e-02
1.579306e-02
-3.199491e-02
1.572921e-02
-9.938185e-02
4.302697e-02
-3.509100e-02
-8.853681e-02
7.453304e-02
-7.851128e-02
-6.939946e-02
-2.751921e-02
4.087809e-02
4.145201e-02
1.124987e-02
6.468919e-02
2.369912e-02
9.297047e-03
4.512383e-02
5.186329e-04
-6.595120e-02
-7.828242e-02
2.319016e-02
-9.340074e-02
-1.937667e-02
7.132437e-02
-2.287068e-02
6.287355e-02
8.202747e-02
-2.078825e-02
-6.114507e-02
-3.334790e-02
-2.733078e-02
4.233453e-03
-2.066972e-02
4.276939e-03
-9.599009e-03
-3.204550e-02
4.737511e-02
3.371651e-02
-2.292587e-02
1.123963e-02
-2.292700e-02
-4.587552e-02
-5.107300e-02
-4.685347e-02
-1.401233e-02
-3.512967e-02
6.757811e-02
4.929084e-02
3.412960e-02
6.755616e-02
-1.078286e-02
2.442767e-02
1.546607e-02
-3.352026e-02
5.542805e-02
3.964011e-02
-5.903251e-02
7.139782e-02
7.431526e-03
-9.121664e-02
9.042465e-03
-7.633870e-03
-3.704691e-02
9.620782e-02
2.790082e-02
3.074458e-02
4.140446e-02
-2.322714e-02
-3.377948e-02
1.537775e-02
6.292690e-02
9.498528e-02
-2.527293e-02
-1.810272e-02
-7.708063e-03
-2.327209e-02
8.778227e-03
1.358094e-02
-1.161464e-02
3.058723e-02
2.386655e-03
1.909801e-03
-5.273640e-02
4.533819e-02
-8.453413e-02
-2.023904e-02
8.648190e-02
-6.308445e-02
-2.723954e-02
-1.076340e-02
7.823396e-03
2.038618e-02
2.140324e-03
4.589584e-02
1.767733e-02
-1.598171e-02
8.260093e-03
4.582903e-03
-1.284531e-02
-3.895307e-02
-5.069620e-02
-4.588674e-02
-6.155045e-02
-2.043971e-02
8.959652e-03
-5.114077e-02
-3.022721e-02
3.532707e-02
-2.635368e-02
9.240163e-03
-3.147961e-02
-5.300910e-02
-1.662591e-02
-5.227733e-02
-1.515877e-02
-4.318326e-02
-7.632977e-02
-8.376819e-02
-7.823135e-02
-9.031515e-03
-6.673618e-02
-4.135234e-02
-8.100207e-02
-7.048917e-02
-5.793998e-02
-4.850667e-02
-6.288965e-02
-1.858447e-02
2.815087e-02
-3.960155e-02
-2.167113e-02
-1.992025e-02
-3.334096e-02
-2.182115e-03
-2.124116e-02
-3.121149e-02
9.503786e-03
4.197544e-02
-2.337556e-02
-9.925586e-03
5.588980e-03
-2.167458e-02
-1.965307e-02
6.640268e-05
1.960796e-01
5.695869e-02
1.801057e-02
1.407379e-01
8.348916e-02
-1.653284e-03
6.701838e-02
1.382952e-01
-3.127071e-03
-3.316286e-02
-9.338570e-03
2.163105e-02
-2.827105e-02
2.473753e-03
2.044561e-02
-4.559442e-02
-1.170333e-02
-1.861691e-02
-6.442321e-02
-5.576686e-02
-3.667115e-02
-3.839606e-02
-9.803080e-03
-7.648686e-02
-2.017188e-02
2.176243e-02
-8.582032e-02
4.710885e-02
2.635788e-02
1.948841e-02
9.527588e-02
1.070671e-01
3.172383e-02
9.545287e-02
9.309877e-02
1.087395e-02
4.858497e-02
-2.469635e-02
-9.217403e-02
6.072024e-02
-5.328385e-03
-5.863290e-02
3.326694e-02
-1.349857e-02
-3.151007e-02
-3.876040e-03
-8.293761e-03
-4.002324e-02
9.628059e-03
-1.141722e-02
-2.912878e-02
-6.364414e-03
-3.506437e-02
-3.262895e-02
-1.788720e-02
-3.704926e-02
8.418941e-02
-3.362649e-02
-1.092886e-02
-3.110420e-03
-1.409560e-01
2.185881e-02
-2.754885e-02
8.110142e-02
5.758889e-02
-6.321807e-02
1.153023e-01
3.866050e-02
-5.617311e-02
-1.116086e-03
-1.064583e-02
-8.806527e-02
3.511488e-03
1.599853e-02
5.707407e-02
-6.615688e-03
6.863112e-03
6.850517e-02
2.957933e-03
2.256200e-02
8.584675e-02
-5.265574e-02
9.603427e-02
-9.544097e-02
-1.100991e-01
6.176520e-02
-3.483408e-03
-4.351365e-02
2.371718e-02
1.084321e-01
6.088478e-02
2.754599e-02
-4.909323e-02
7.712448e-02
2.923743e-02
-2.759347e-02
3.535612e-02
1.931014e-02
-2.092482e-02
-1.734152e-03
-5.512212e-03
3.664429e-03
-2.176386e-02
-6.012176e-02
5.313855e-03
-3.700374e-02
-3.058275e-02
1.439216e-02
-4.059542e-03
2.560761e-03
1.870733e-03
1.714294e-03
7.438787e-04
2.898471e-03
-1.810998e-04
-1.080567e-03
-6.600840e-04
-7.649853e-04
-8.659427e-04
3.766308e-04
-1.625796e-04
-1.154443e-03
-8.843034e-05
1.591463e-03
-3.133512e-03
-3.927201e-04
-3.689505e-03
5.795234e-04
2.188128e-04
2.426288e-03
3.659496e-03
2.991415e-03
-1.272344e-03
8.003566e-04
-7.716261e-04
-1.064182e-03
9.842976e-04
1.060169e-04
2.778122e-03
9.325807e-04
4.744009e-03
1.587843e-03
1.244628e-03
1.888860e-03
-6.889427e-04
-2.642355e-03
1.319129e-04
-1.413775e-03
-2.483035e-03
-1.669650e-03
-6.132197e-04
2.699000e-03
-7.416788e-04
2.615651e-03
-1.843734e-03
1.835851e-03
-1.051200e-03
1.020699e-03
1.144150e-03
-1.387338e-03
-4.549695e-03
-2.931556e-03
-1.405288e-04
-2.317308e-03
1.204665e-03
2.413882e-04
-9.070394e-05
-2.210164e-03
-1.617877e-03
1.680457e-03
9.930470e-04
3.831513e-04
-2.117597e-03
-3.921244e-03
1.488961e-03
3.238922e-03
-1.941066e-03
-2.218196e-03
-1.192431e-03
2.356828e-03
4.709162e-04
1.653127e-03
-3.713620e-04
1.247012e-03
2.231548e-03
-3.183271e-04
-3.698916e-04
-8.286936e-04
-8.134672e-06
-1.779312e-03
1.210236e-03
-1.528397e-03
-4.941275e-03
-9.596085e-04
3.122534e-05
1.436693e-04
-9.990366e-04
-8.124665e-04
8.498097e-04
-2.225032e-03
2.742157e-05
-2.547672e-03
9.732826e-04
-1.691507e-03
-5.628008e-05
1.756699e-03
6.419359e-04
2.243679e-04
-2.961626e-04
9.385062e-04
-5.034205e-04
-1.396858e-03
1.917208e-03
2.155642e-03
-1.094369e-03
5.257659e-04
-1.177562e-03
3.648039e-03
-3.256442e-03
1.585765e-03
-1.475792e-03
2.162833e-03
-1.801921e-04
5.230209e-04
2.790985e-03
-2.641569e-03
8.932500e-04
-3.379845e-03
8.778122e-04
-6.498188e-04
-4.227987e-03
2.802880e-03
-1.213513e-03
-1.758142e-03
3.379677e-05
1.794174e-03
-4.235886e-03
2.067906e-03
-1.101652e-03
3.294990e-03
-1.658547e-03
-2.282938e-03
3.879493e-04
2.703238e-03
3.691192e-03
6.091642e-04
4.111869e-03
-1.855788e-04
8.765879e-04
1.560125e-03
7.067330e-04
8.112403e-04
-3.637935e-02
-1.414800e-02
4.124317e-02
2.676175e-02
3.292083e-02
-2.643459e-02
2.443829e-02
3.957415e-02
-2.702446e-02
-2.483752e-02
1.579186e-02
-5.654669e-03
2.164313e-02
-1.532141e-02
1.264578e-03
3.380533e-02
5.371146e-02
1.069638e-02
1.980565e-02
-8.777639e-03
-2.098838e-02
5.055950e-02
2.283480e-03
-5.426716e-02
2.526393e-02
3.444185e-02
-3.469370e-02
2.375264e-02
1.928333e-02
1.444493e-02
2.878200e-04
3.202271e-02
1.903158e-02
-4.953046e-03
1.140696e-02
2.422694e-02
-1.426156e-02
-1.849612e-02
-8.831869e-03
1.870445e-02
-3.506120e-02
-3.836783e-02
-2.759785e-03
-3.258616e-02
-5.761272e-02
1.765666e-03
5.446146e-03
2.990211e-02
-2.757947e-02
3.715432e-02
3.258748e-02
1.776080e-02
1.743978e-02
9.592185e-03
4.495142e-03
6.132817e-02
-4.550827e-02
-1.164244e-02
4.972150e-02
6.240316e-02
-8.376884e-02
-7.061531e-03
4.640069e-03
-3.029948e-02
1.347022e-02
-9.448863e-03
-1.131719e-02
-1.783983e-02
-2.623527e-02
-5.552410e-02
-2.750965e-02
-7.364830e-02
-1.580340e-02
-1.295966e-02
-6.813676e-03
3.864385e-03
-1.136361e-02
2.131003e-02
-1.457116e-02
-9.510331e-03
-3.397720e-03
-1.163225e-02
1.147925e-02
6.125422e-03
-2.842932e-02
3.566114e-03
3.105501e-02
-4.011907e-02
-4.240914e-03
-1.364573e-02
-6.155467e-02
4.687832e-02
2.209364e-02
7.646830e-02
-2.795575e-02
4.317199e-02
1.125259e-01
5.461375e-02
-6.120326e-02
-8.082028e-02
8.602556e-03
-8.224560e-02
-1.928200e-02
-3.346439e-02
2.622590e-03
3.383236e-02
-8.045370e-03
-4.712069e-02
2.481178e-02
2.832705e-02
4.329759e-02
-2.846414e-04
-1.592545e-02
1.211983e-02
5.775906e-03
-3.553237e-02
-1.488750e-02
7.697398e-02
-3.660988e-02
-7.032643e-02
-1.408249e-02
9.942872e-02
-7.615624e-02
-1.349535e-01
1.579604e-02
1.570490e-01
-1.648679e-02
2.329802e-02
3.304925e-02
3.835417e-02
1.244814e-02
4.215118e-02
1.233908e-02
1.939858e-02
2.551420e-02
4.883060e-03
-4.505671e-03
-3.412449e-02
7.664438e-02
4.613209e-02
-7.651719e-03
-1.790594e-02
-9.702281e-03
-1.202380e-02
1.688326e-02
-8.926517e-03
5.648122e-02
3.027926e-02
-1.958619e-02
-2.847666e-02
6.606929e-02
-1.213088e-02
2.132115e-02
-8.707533e-02
-8.989601e-02
-4.091706e-02
-6.940895e-02
-8.698610e-02
-2.262765e-02
-5.431459e-02
-4.383750e-02
2.465557e-02
1.913778e-02
4.249117e-03
2.568845e-02
2.305032e-02
-3.066961e-02
-2.250835e-02
2.217583e-02
-3.540479e-02
-3.178499e-02
1.160482e-02
-7.347986e-03
-1.785870e-02
2.261545e-02
-2.373055e-02
-5.390142e-02
-2.074100e-02
-5.898184e-02
-7.684505e-02
-6.222342e-02
-5.336285e-02
-2.844013e-02
-6.206628e-02
-4.510909e-02
9.264215e-03
-3.942188e-02
-7.605663e-03
5.092374e-02
3.471301e-02
3.249009e-02
1.754269e-02
3.355761e-02
3.887678e-02
4.854672e-03
2.414406e-02
1.119758e-02
-1.318960e-02
-3.074078e-02
8.232147e-03
4.823558e-03
1.434190e-02
3.929643e-02
2.894597e-02
1.128001e-02
3.579461e-02
4.576357e-02
-2.096345e-02
-4.694567e-02
-3.527131e-02
4.733196e-02
3.185481e-03
2.014101e-02
3.719820e-02
-4.674358e-02
-5.927263e-02
4.811439e-03
2.928831e-02
5.107077e-03
2.594887e-02
4.773720e-02
3.589448e-02
2.903853e-02
3.266839e-02
4.119636e-03
2.102460e-03
-2.996923e-03
-1.072360e-02
1.908681e-02
1.915000e-02
-7.734543e-03
5.358445e-03
1.402759e-03
-1.335030e-02
6.208049e-03
1.790911e-02
-2.402755e-02
5.945538e-02
1.458082e-02
2.442997e-02
8.256933e-03
1.462439e-02
7.483688e-03
-4.319448e-03
-2.169677e-02
-2.893380e-02
4.633304e-02
-2.381556e-02
-2.240229e-02
1.174317e-02
-3.427844e-03
-2.982066e-02
2.399424e-02
1.787705e-02
1.454623e-02
-1.799889e-02
-1.869475e-02
1.052767e-02
-4.120167e-02
-3.523656e-02
-5.908508e-03
5.810210e-02
-3.625118e-02
-4.826422e-02
1.649120e-02
-1.870855e-02
-3.240829e-02
1.747245e-02
-7.369606e-02
-7.514419e-02
-6.959302e-02
-2.015053e-02
-2.922104e-02
-5.317010e-02
1.577111e-02
-3.706874e-03
-1.255889e-02
1.711788e-02
-1.011468e-02
-1.532349e-02
-6.785921e-02
-1.255316e-02
3.487971e-02
-1.264202e-02
-2.783348e-02
7.075375e-04
-5.864068e-02
-5.996255e-02
3.860190e-03
-7.777075e-02
9.096646e-02
1.192072e-01
-1.238978e-02
-3.947820e-02
4.619654e-02
9.466306e-02
-1.068936e-01
-4.213052e-02
2.965130e-02
-7.008855e-02
3.290677e-03
-2.182964e-02
4.454923e-02
1.442674e-02
4.335611e-02
-3.806610e-02
1.553850e-02
5.010262e-02
-2.480577e-02
-1.836758e-02
1.785280e-02
2.863182e-02
-8.157421e-02
4.884995e-04
-1.732940e-02
1.120868e-02
-2.087018e-02
3.871465e-02
5.126639e-02
2.283727e-02
-2.707552e-02
1.400997e-03
4.876272e-02
4.380774e-02
1.575533e-02
1.159536e-01
5.596472e-02
-3.508545e-02
3.975786e-02
9.631068e-02
-1.551377e-02
4.250995e-02
-5.225174e-02
5.472419e-03
-8.577537e-02
1.825817e-02
-3.775121e-02
1.715261e-02
-4.305286e-02
-3.663000e-02
-2.876433e-02
1.911204e-02
-8.598234e-02
9.992375e-02
-3.540436e-02
-3.127728e-02
-5.526994e-02
5.575145e-02
7.319143e-02
-4.087545e-02
-5.740064e-02
-2.484108e-02
3.949755e-02
-8.670909e-02
-1.368478e-02
-1.048644e-01
2.765555e-02
6.834804e-02
-3.076397e-02
-1.092368e-01
7.797207e-02
3.153102e-03
-8.783266e-02
-8.651616e-02
7.085037e-02
5.669193e-02
-3.319181e-02
-4.257837e-02
7.031292e-02
1.231412e-02
4.176977e-03
-7.075827e-02
6.319101e-03
-5.887598e-03
3.458005e-02
5.893444e-02
-3.003572e-02
-3.672752e-02
4.099345e-04
1.594395e-01
-1.659973e-01
-1.849023e-01
-3.440040e-02
1.811168e-01
1.090496e-01
-1.400521e-01
-3.502307e-02
1.063993e-01
3.116343e-02
-2.510421e-01
-1.969559e-01
1.902261e-01
-6.660909e-02
2.983033e-03
-2.041375e-01
4.160605e-02
6.691778e-02
6.210389e-02
5.016968e-02
4.880783e-02
-1.521844e-02
3.336595e-02
1.258653e-01
1.661753e-02
3.753781e-02
-1.590910e-01
-1.190132e-01
2.661733e-01
2.100374e-01
-6.548814e-02
-1.928739e-01
-2.244742e-01
1.148695e-01
-1.016175e-01
9.240261e-02
-7.969499e-02
-6.861318e-02
-7.587519e-02
4.335993e-02
6.078878e-02
7.356268e-04
-3.270523e-02
1.200052e-01
-2.361068e-02
-4.434064e-02
-2.117137e-02
6.283940e-02
-5.531031e-02
-4.373142e-02
6.832279e-02
9.879781e-02
-1.113034e-01
-3.296831e-02
1.341444e-03
-1.068744e-03
1.139308e-03
9.325220e-02
-4.919136e-02
-5.635410e-02
2.898964e-02
7.623420e-02
-1.793484e-02
-1.434882e-02
-7.406641e-03
6.859587e-02
1.063553e-02
-1.132781e-01
7.924962e-02
1.227965e-01
-3.234983e-02
5.220749e-02
-2.711066e-02
-1.655658e-01
8.481716e-02
8.614111e-02
-9.452690e-02
-6.291360e-02
8.289085e-02
2.489565e-02
5.159866e-02
2.290701e-03
-3.800759e-02
5.192653e-03
3.710906e-02
1.373735e-02
-3.628616e-02
3.060680e-02
7.307128e-02
-4.300442e-02
-1.093990e-01
8.817171e-02
4.096394e-02
-2.894967e-02
3.491937e-02
1.429239e-01
-8.877506e-03
2.308782e-02
1.662411e-02
-5.949495e-02
-3.251386e-03
-2.817338e-02
-2.473089e-02
-3.386839e-02
5.058398e-02
-3.792251e-02
-9.198379e-02
-2.702668e-02
9.198017e-02
5.685427e-02
-2.895954e-02
-4.382026e-02
3.914854e-02
-3.277092e-02
-1.056582e-01
-7.287803e-02
2.369868e-02
2.678498e-02
1.951267e-02
4.961533e-02
-4.771310e-02
-5.551341e-02
1.339898e-01
9.422090e-02
-2.106416e-02
8.248532e-02
1.406672e-01
1.233557e-01
-2.232015e-02
7.380656e-03
1.203603e-01
-8.706522e-03
-8.355743e-02
-7.546293e-03
-1.795573e-02
1.466197e-02
2.555011e-03
2.440837e-03
-2.189169e-02
-2.164404e-04
-3.375452e-02
-2.228080e-02
-4.261075e-02
-7.657308e-02
8.392984e-02
-1.464761e-02
4.315156e-02
-1.047160e-01
-3.752221e-02
6.737579e-02
1.168892e-02
-1.498925e-01
-7.707669e-02
6.013484e-02
-6.715953e-02
-1.450512e-01
-2.950609e-02
7.266030e-02
-1.388532e-01
-1.438901e-01
-1.358314e-01
4.429317e-02
1.558603e-02
1.137600e-02
9.811011e-02
4.190981e-02
6.089133e-03
1.190318e-01
8.566350e-02
1.250681e-02
8.885585e-02
-3.377042e-02
-1.295901e-01
-6.901054e-02
1.936304e-01
3.426041e-02
-1.607047e-01
9.761793e-02
1.415863e-01
1.854786e-02
8.652233e-02
8.478266e-02
-4.168601e-02
-4.720159e-02
1.613835e-01
-1.495206e-02
-1.404365e-01
4.652764e-02
-5.486946e-02
-5.858355e-02
-1.165447e-01
5.046052e-02
3.705657e-03
-1.359212e-01
3.833531e-02
9.105264e-02
6.823451e-03
-3.455236e-03
-2.428455e-02
-3.346124e-02
-1.253703e-02
-3.636686e-02
1.216522e-03
3.624308e-02
-2.639826e-02
-5.287886e-02
-4.872850e-02
3.139368e-03
4.000686e-02
-7.697032e-02
-7.433720e-03
-1.111692e-03
-3.494948e-02
9.741013e-04
3.895304e-02
7.852319e-03
2.723420e-02
7.460672e-03
-4.046956e-02
-3.366864e-02
-1.357138e-02
-3.749621e-02
-6.244118e-02
-2.824266e-02
-1.048223e-02
-6.996565e-03
-1.177277e-02
-1.233211e-02
-2.862432e-02
-2.732297e-02
-1.667484e-02
-4.057216e-02
-3.603828e-02
-7.473722e-02
1.128091e-02
1.700763e-02
-1.037876e-02
6.853346e-02
1.363876e-02
-5.396015e-03
1.742119e-02
4.744746e-02
-9.188733e-03
-4.538582e-03
8.376434e-03
-3.572715e-02
-8.948570e-03
-9.468491e-03
-4.074144e-02
-1.853864e-02
-4.368749e-02
-1.023517e-02
3.384792e-03
-5.461586e-02
2.600546e-02
3.757588e-02
-2.295872e-02
3.752501e-02
7.341059e-02
5.650822e-02
1.567140e-02
-4.097974e-02
-5.492090e-02
4.661861e-02
3.232253e-02
3.178581e-02
-1.248022e-02
-4.986161e-02
7.749385e-03
-4.501614e-02
-4.732718e-02
-5.306010e-02
5.693307e-02
-1.143897e-02
-5.745676e-02
1.052496e-01
4.758850e-02
-1.365537e-02
-1.044158e-03
-1.299272e-03
-1.540844e-02
4.354512e-02
6.040726e-02
3.782410e-02
3.358585e-02
4.018417e-02
4.461845e-02
-1.894310e-02
1.255332e-02
-2.880980e-03
1.497439e-02
3.533839e-02
1.100886e-04
-2.544023e-02
-6.969053e-02
-3.608841e-02
-2.989248e-02
-5.349915e-02
6.736894e-03
1.674768e-02
-8.789431e-04
1.443157e-02
-2.713814e-02
-3.503507e-02
-8.058393e-03
1.198061e-02
1.181197e-02
2.277060e-02
2.058920e-02
1.283743e-02
2.581652e-02
1.971463e-02
1.554124e-02
1.016213e-02
-1.609626e-02
-5.911150e-02
-5.033898e-02
-2.933512e-02
-1.204756e-01
-4.518444e-02
-3.684388e-02
-6.291299e-02
-8.763833e-02
-3.965769e-02
-1.028163e-01
-6.264431e-02
-8.384989e-05
-9.326062e-02
-5.721577e-02
7.206716e-02
-2.639595e-02
-1.201600e-02
2.405382e-02
1.250350e-02
-2.572613e-02
-6.907627e-03
-3.804975e-02
8.941034e-04
2.936591e-02
-1.039390e-02
-4.158437e-02
-3.824089e-02
8.411392e-03
-9.379276e-03
1.343040e-01
4.029131e-02
-1.408822e-02
-1.763719e-02
-1.159612e-01
-1.182963e-01
1.060872e-01
3.125935e-02
-4.209544e-02
-2.736132e-02
-1.032272e-01
-1.389889e-01
-9.502260e-02
-1.130649e-01
-2.667749e-02
-3.136412e-01
-7.413638e-02
1.706978e-01
-1.060127e-01
1.535417e-01
2.214088e-01
3.733743e-02
1.384625e-01
2.140924e-02
-1.040107e-01
-4.535454e-02
-6.829605e-03
-1.718746e-02
3.878749e-02
4.170459e-02
-1.498008e-02
-3.468549e-02
-6.455221e-02
2.509189e-02
-8.147242e-02
-6.832774e-02
-1.038392e-01
-1.042727e-01
7.287767e-03
-1.361126e-01
5.061399e-02
5.893959e-02
-3.648416e-02
-4.236714e-02
1.498697e-02
-2.371440e-02
-4.920611e-02
7.371715e-02
-6.631668e-02
-3.255100e-02
1.373464e-01
3.186856e-01
8.937547e-02
-1.309069e-01
1.290356e-01
-9.723052e-02
-2.017553e-01
3.483193e-02
-1.040566e-01
-6.771559e-02
-7.405231e-02
-9.483460e-02
-7.193276e-02
-8.375267e-02
-7.867437e-03
-2.757792e-02
-2.373423e-02
6.896390e-03
-7.702043e-03
3.951532e-03
-2.529868e-02
9.604612e-02
4.690171e-03
-5.242531e-03
9.008986e-02
-1.982216e-02
9.268655e-02
1.025246e-01
-4.195884e-02
-1.679275e-01
-1.103647e-01
-1.533399e-01
-1.127009e-01
2.743539e-02
-1.379094e-01
6.029715e-03
1.350105e-01
-9.749394e-03
-9.163396e-02
1.896924e-02
-1.110944e-01
-6.322762e-02
8.066917e-02
-3.443759e-02
6.385916e-02
1.164056e-01
2.820348e-02
1.029672e-01
-1.547997e-02
5.136371e-02
-3.466922e-02
-1.525315e-01
1.470245e-02
2.374828e-02
-1.381774e-01
-2.169631e-02
-3.225151e-02
1.932038e-02
-5.251240e-02
-1.011507e-02
7.860222e-02
2.017834e-02
4.662179e-02
9.415925e-02
-1.163527e-01
7.829645e-03
-1.095523e-03
1.034318e-02
6.190506e-02
3.719981e-02
7.312246e-02
-4.316812e-02
-1.209657e-01
-5.294139e-02
-1.486873e-01
-6.481959e-02
-7.954060e-02
-9.909868e-02
-4.273472e-02
1.639388e-02
7.829782e-02
1.273069e-02
2.636147e-04
2.636484e-02
-3.566498e-02
8.166128e-03
-2.438403e-02
-9.112391e-02
1.135730e-02
-4.846919e-02
-2.907444e-02
-1.179926e-02
-6.954274e-02
-4.837707e-02
-5.441656e-02
-7.733515e-02
-7.330304e-02
-3.516816e-02
-7.516319e-02
-4.521099e-02
1.835620e-02
1.112755e-02
-2.584301e-02
1.924185e-02
-1.601966e-02
-2.787052e-02
-4.659106e-02
-7.234674e-02
-2.745123e-02
2.855164e-02
4.769785e-03
7.797622e-03
-1.336638e-02
-7.114506e-03
1.478081e-02
-2.133507e-02
-8.201800e-03
1.535820e-02
3.459926e-03
5.259796e-03
1.966878e-02
-1.800212e-02
-1.027147e-03
1.620343e-02
-1.849161e-02
-2.509345e-02
-1.053035e-02
-4.026088e-04
9.129369e-02
4.233636e-02
6.709357e-02
5.734264e-02
1.272461e-02
5.884545e-02
1.082461e-01
-2.918891e-02
-1.175110e-02
9.039007e-03
7.012442e-03
3.974832e-03
1.167148e-03
1.232121e-03
-2.174530e-02
-2.494776e-02
-3.041434e-02
-5.133029e-02
-2.630168e-03
9.103775e-02
-3.475840e-02
1.450539e-02
6.525812e-02
1.616860e-02
8.377569e-02
5.756557e-02
1.553130e-01
8.688409e-02
-7.172155e-02
9.384890e-02
7.780264e-02
-6.884179e-02
2.441351e-02
5.259516e-02
-6.491113e-02
2.213925e-02
7.601794e-02
-7.834727e-04
3.793447e-02
6.281044e-02
-1.351264e-02
6.726732e-02
6.938891e-02
-3.914927e-02
1.413798e-02
2.748152e-02
-2.766410e-02
5.407039e-02
3.976480e-02
-1.722679e-02
5.104021e-02
2.165711e-02
-2.359765e-02
1.121502e-02
-4.905240e-02
2.953860e-02
3.901529e-02
-8.975381e-02
5.016552e-02
-2.925091e-02
-6.872477e-02
2.582964e-02
-1.055038e-01
-4.834326e-02
-2.531192e-02
-7.717242e-02
-8.377492e-02
6.515743e-04
-6.829972e-02
-1.077636e-01
-5.088593e-03
-3.740726e-02
-2.633130e-02
1.822736e-02
-2.184292e-02
-1.480459e-03
4.874866e-02
9.170906e-03
3.244715e-02
6.969199e-02
9.965640e-02
-1.264228e-02
-3.975829e-02
-2.592443e-02
1.089620e-03
-4.837304e-02
-2.333756e-02
2.150399e-02
-2.680982e-02
2.519880e-02
4.691770e-02
8.284788e-02
1.128444e-02
-5.317546e-03
5.986655e-02
5.565521e-02
-7.397342e-03
3.456283e-02
8.067346e-02
-1.097766e-02
-8.387590e-02
-3.198664e-03
-1.487660e-02
-7.528312e-02
1.133077e-02
2.285724e-02
-2.218717e-02
7.292577e-02
8.874592e-02
-1.342332e-02
1.039872e-01
4.545356e-02
1.115645e-01
1.253789e-02
1.123685e-01
-7.973727e-02
-1.032207e-02
-5.734864e-02
-1.842776e-01
-8.007822e-02
8.975224e-02
-2.095453e-02
4.794765e-02
-8.192604e-02
-1.139675e-01
6.943635e-02
3.685787e-02
9.790586e-03
-2.011948e-02
-1.143697e-02
-6.369769e-03
-3.063625e-02
1.319027e-03
-2.267659e-03
1.291487e-02
3.396488e-02
2.820090e-02
4.034942e-02
-1.524589e-02
2.431276e-02
2.867520e-02
1.159427e-01
-3.465881e-02
-4.236574e-02
6.380358e-02
-1.558698e-01
-6.793486e-02
1.393042e-01
-3.506362e-02
9.916699e-02
-1.373734e-01
2.404847e-01
-2.310524e-01
-1.910406e-02
-1.203862e-01
-1.462993e-01
-2.714130e-02
-7.422823e-02
-2.081713e-01
-3.359410e-03
-8.031557e-02
-7.679809e-02
8.207439e-03
-8.140987e-02
-7.938822e-02
1.043312e-01
7.150911e-04
6.632930e-02
-9.043519e-02
9.728266e-02
3.521791e-02
-2.907030e-02
6.149455e-02
-4.588776e-03
1.004198e-02
-1.100318e-01
-2.965303e-02
-1.070391e-01
-5.240601e-02
2.533493e-02
-1.784795e-02
-6.783255e-02
-7.597554e-02
1.064279e-01
-8.618066e-02
-1.818503e-02
-2.438742e-02
1.488732e-01
8.333617e-02
-1.550757e-02
-2.441702e-02
-1.039087e-02
4.325864e-02
-8.433307e-02
2.109205e-02
-5.301977e-03
1.038738e-02
5.336247e-02
-1.918854e-01
-5.658415e-02
-3.186240e-01
3.550266e-01
-2.973301e-01
8.230085e-02
-3.346564e-01
2.282754e-01
2.797198e-03
1.368856e-02
-5.201756e-03
-1.790849e-01
2.658660e-01
-3.068048e-01
-1.215660e-01
8.866047e-04
-1.250293e-01
1.957722e-01
1.754974e-01
1.303822e-01
7.400719e-02
6.355944e-02
6.948026e-02
1.087976e-01
5.185689e-02
9.416077e-02
-3.295518e-01
2.736870e-02
8.639256e-03
3.051805e-01
-4.218828e-01
2.380276e-01
-1.474675e-01
1.251063e-01
-2.922763e-01
-1.838308e-02
-8.369466e-02
-8.479805e-02
-7.200162e-03
9.177909e-02
-2.116867e-02
-6.693847e-02
-2.162045e-02
1.905730e-01
-6.535255e-02
1.298450e-01
-3.436574e-02
1.218893e-01
-1.092417e-01
-3.649143e-02
2.877812e-02
6.295002e-02
-1.671730e-02
5.474924e-02
1.071996e-02
8.454432e-04
3.843275e-02
-2.373950e-02
-5.023567e-02
6.245247e-02
7.047923e-02
8.879673e-02
5.051694e-03
1.900903e-02
9.690549e-03
-4.168182e-02
2.702796e-02
1.898582e-02
-1.046342e-01
-3.415329e-02
-5.290968e-02
-1.172449e-01
-2.662674e-02
8.060538e-02
-6.608410e-02
2.538569e-02
8.249844e-02
6.252880e-02
9.118222e-02
5.757350e-02
-7.066246e-02
-4.177205e-02
8.779895e-03
-3.545798e-02
-2.415945e-02
3.844187e-02
-3.068364e-03
2.181991e-02
4.675006e-02
-2.080116e-02
5.965787e-03
7.440684e-03
-7.918135e-02
1.702476e-02
7.070653e-03
-4.390607e-02
-1.003217e-02
-9.073177e-03
4.084729e-03
-2.464764e-02
-4.468859e-02
-9.835900e-03
-3.200670e-02
-3.003218e-02
-3.184330e-02
-2.967118e-02
1.261294e-02
1.053990e-01
1.793328e-02
-5.422796e-02
2.576932e-02
-4.749384e-02
-6.654294e-02
-6.820824e-02
-1.383031e-01
-6.434903e-02
-4.797206e-02
-2.705841e-02
-2.971193e-02
-1.531713e-02
-4.289693e-02
-7.943840e-03
1.608279e-02
-4.699893e-02
-8.353561e-03
2.445451e-02
-1.254604e-02
-1.849044e-02
2.324320e-02
1.689817e-02
-1.621378e-02
2.108468e-02
2.150473e-02
-5.687828e-03
-1.237158e-02
-4.994824e-02
6.705129e-03
-6.421181e-02
-4.360404e-02
3.452462e-02
-4.755460e-02
2.852097e-02
6.816684e-02
8.333976e-03
-6.853518e-03
3.016014e-03
-5.132076e-04
3.760942e-02
-2.201620e-03
2.661980e-02
2.816899e-02
-1.613419e-02
1.519390e-02
-7.357374e-02
-2.698140e-02
-1.229857e-03
-1.521955e-02
-1.907774e-02
-7.553694e-02
-4.742103e-02
-3.573679e-02
5.197178e-03
1.902370e-02
6.196835e-02
2.905111e-02
4.416384e-02
8.247911e-02
7.598177e-02
6.140510e-02
6.892874e-02
4.671529e-03
2.084804e-02
-3.287325e-02
1.946712e-02
-3.666197e-02
-1.495281e-02
-3.593304e-02
-5.682406e-02
1.623664e-02
-3.306695e-02
-1.002354e-01
-1.369018e-01
-1.221988e-02
-7.074293e-02
-1.116112e-01
-8.381333e-03
-4.868200e-02
-6.186474e-02
-1.833948e-02
-6.874903e-04
-6.082557e-02
-1.716263e-02
-2.157688e-02
-6.304464e-02
-2.486478e-02
-4.126981e-02
8.678883e-03
-4.186587e-02
-3.399851e-02
1.912733e-02
-4.151829e-02
1.996683e-02
9.899863e-02
-1.879761e-02
-7.839170e-02
2.514621e-02
3.137885e-02
-6.789447e-02
-3.149622e-02
-5.002295e-02
-1.276165e-01
-1.335047e-01
-1.043256e-01
-1.514771e-01
-1.070166e-01
3.745222e-02
2.552683e-02
1.138636e-01
2.582607e-02
-1.055468e-02
6.375385e-02
1.213224e-03
-7.315108e-02
-2.863669e-02
-5.382126e-02
6.674849e-02
2.905150e-02
3.937040e-02
7.521884e-02
-5.261081e-02
4.081470e-02
3.954142e-03
-1.314546e-01
1.283396e-01
-2.696211e-02
-1.979862e-01
-1.122930e-02
-1.298520e-01
-3.916971e-02
-5.609199e-02
-1.721249e-02
4.248782e-02
5.365293e-03
3.058407e-02
-2.856227e-02
4.592662e-02
1.280510e-02
-1.187410e-02
2.323983e-03
2.132832e-03
3.653640e-02
-5.794044e-02
-3.304220e-02
7.307594e-03
-1.130660e-02
4.189432e-02
7.987328e-02
-2.591136e-03
7.886352e-02
5.030020e-02
-1.505130e-01
-8.647238e-02
-2.246043e-02
-1.528708e-01
4.170106e-02
1.110858e-01
-1.399218e-01
3.834302e-02
7.452228e-02
2.644023e-02
-6.639445e-02
-9.222183e-02
6.548332e-02
-1.564530e-02
-1.203543e-02
2.966723e-02
1.192231e-02
4.854207e-03
4.435268e-02
1.384132e-02
-1.874626e-02
7.087182e-02
2.473923e-02
-1.840428e-02
1.039102e-01
1.736029e-02
-4.095453e-02
-2.967411e-02
-9.410087e-02
-1.607050e-01
1.239967e-02
-1.629766e-01
-2.228498e-02
-7.767388e-02
-8.035988e-02
8.600008e-02
-9.787754e-02
-1.101053e-01
-7.979091e-02
-7.906303e-02
-7.375618e-02
-1.027213e-02
-1.180405e-01
-6.179811e-02
1.571023e-01
1.761229e-01
1.122066e-01
6.164883e-02
1.016086e-01
-1.119728e-03
-3.240848e-02
1.131152e-02
-5.237610e-02
-2.323634e-02
1.745122e-02
-1.987457e-02
4.494875e-02
-5.740453e-02
5.366649e-02
-8.207339e-02
6.315675e-03
7.769122e-02
-9.734691e-02
-8.469309e-02
-1.286958e-01
-8.923607e-02
-7.648299e-02
1.826331e-02
-2.514724e-03
-6.161002e-02
7.605522e-02
5.948599e-02
-1.025302e-01
-3.048503e-02
1.319864e-01
-1.372233e-01
1.746194e-02
1.172562e-01
5.575361e-02
5.798804e-02
3.783273e-02
-1.227898e-02
3.232643e-02
-5.380271e-02
1.012655e-01
1.509304e-01
6.972829e-02
-1.560675e-02
6.236637e-03
-4.041083e-03
-5.347374e-02
4.002236e-02
-5.374884e-02
-3.871073e-02
-2.816285e-02
-4.177098e-02
-3.738200e-02
-1.473627e-02
-3.740728e-02
1.440447e-02
-5.822200e-02
-1.405439e-01
1.281366e-04
-2.050557e-02
-5.469139e-02
-1.375002e-02
1.366697e-02
-5.172056e-03
-1.678678e-02
-3.224539e-02
-2.204414e-03
2.265287e-02
6.709303e-02
5.935087e-02
7.087736e-02
9.445880e-02
7.820283e-02
-1.427973e-01
-2.272137e-02
1.203463e-01
-1.910712e-03
6.111235e-02
2.584667e-01
3.054661e-02
8.580693e-02
2.688238e-01
-4.419246e-02
-7.560266e-03
-2.492833e-02
-1.567494e-02
7.078311e-03
-2.533264e-02
-7.065762e-03
-1.444810e-02
1.603289e-02
-8.231135e-03
-6.787888e-03
-5.963049e-02
-2.474878e-02
-3.206674e-02
-2.835610e-02
1.631909e-02
8.280637e-02
8.679912e-02
-4.693620e-02
-9.409146e-02
-2.193605e-02
-5.736497e-02
-2.153931e-03
5.954477e-02
-2.777658e-02
6.652360e-02
1.247593e-01
-2.643648e-02
9.774745e-03
-2.171716e-02
-4.632077e-02
-4.520414e-02
-3.461271e-02
-5.270413e-02
-5.311158e-02
-2.804701e-02
-5.718240e-02
-1.052385e-02
-5.984425e-02
-2.988249e-02
4.517013e-03
-3.476537e-02
-7.421177e-03
6.765425e-02
4.185304e-02
2.830976e-02
7.706369e-02
-7.639222e-02
5.522960e-03
-1.307738e-02
4.042214e-04
-3.428051e-02
-3.994100e-02
-5.995226e-02
-4.023331e-02
7.394432e-02
4.667665e-02
-7.975163e-02
-1.067682e-02
-1.638928e-02
-5.817120e-02
-5.697902e-02
6.785931e-03
1.306397e-02
-8.691396e-04
3.100366e-03
2.104083e-02
-4.063921e-03
-4.897164e-03
5.613109e-02
4.842862e-02
4.352447e-02
3.612056e-02
-5.296064e-02
1.048331e-01
-4.565892e-02
7.230455e-02
-4.787383e-03
-6.775053e-02
1.363569e-01
-8.497614e-02
8.312728e-02
8.479888e-02
8.249217e-02
3.439590e-02
3.028679e-02
3.602669e-02
1.111504e-02
2.551044e-03
9.233563e-02
1.268895e-02
7.532707e-02
3.254701e-02
-6.748289e-02
3.829535e-02
-5.429868e-02
-5.556591e-02
1.833885e-02
-5.457019e-02
5.159016e-02
7.212281e-02
3.234684e-02
9.841502e-02
7.525077e-02
7.638344e-02
1.478551e-01
-9.532515e-03
4.155672e-02
-1.661094e-01
-9.491120e-03
-2.225598e-01
4.723164e-02
1.294579e-01
-8.403104e-02
-7.837235e-02
-9.903938e-03
9.034519e-05
-5.350888e-02
-1.274799e-02
1.189989e-02
-1.017283e-01
1.441977e-02
7.400367e-02
-5.189773e-02
-4.872247e-03
1.535571e-02
-2.363953e-01
-6.493896e-02
8.468003e-02
-1.976133e-01
6.567284e-02
2.434566e-01
-8.611193e-02
7.674620e-02
1.698323e-01
-1.140499e-01
-2.206581e-01
-2.213763e-01
5.503779e-02
-1.489539e-01
-2.117891e-01
-1.441319e-01
-2.079428e-01
-1.975411e-01
-1.010960e-01
-9.182093e-02
-2.598611e-02
-1.126471e-01
-9.181646e-02
6.842623e-03
-1.054965e-01
-1.409308e-01
-1.487917e-03
7.322437e-02
-6.286639e-03
-1.279774e-02
7.088958e-02
-6.470368e-03
2.897852e-04
-5.438438e-02
2.428857e-02
4.358497e-02
-4.657464e-02
1.050217e-02
1.718499e-02
-6.270462e-02
-1.159504e-01
-5.088291e-02
-1.030760e-01
-1.543750e-01
-4.545745e-02
3.778995e-02
6.637297e-03
-5.286457e-02
1.392154e-01
-1.120833e-01
-9.516943e-02
1.279116e-01
-7.205702e-02
-8.210909e-02
-3.554894e-02
2.649901e-03
2.705647e-02
4.570928e-02
3.782117e-02
3.099917e-02
3.873863e-02
5.925636e-02
-3.734389e-03
-3.298211e-02
-1.586319e-01
-4.994295e-02
1.242764e-01
-1.376296e-01
-4.039780e-02
-5.009955e-02
-8.392913e-02
-1.009062e-01
-1.290923e-01
-1.121077e-01
5.771626e-02
1.750284e-02
-1.580400e-01
-8.689991e-02
-3.984996e-02
-1.358070e-01
-9.987471e-02
6.741430e-02
8.485240e-02
8.364766e-02
4.130546e-02
9.935206e-02
5.656948e-02
8.945853e-02
8.890039e-02
7.316289e-02
1.122370e-01
4.805185e-02
6.622647e-03
-2.116509e-01
5.426691e-02
1.226005e-01
-1.825224e-01
-4.452663e-02
8.025662e-02
-8.971836e-02
-1.938156e-01
-1.947764e-01
-2.511319e-02
-3.298667e-01
-1.849213e-01
1.144266e-02
-1.995052e-01
-1.441319e-01
8.343928e-02
2.266601e-03
-9.463248e-02
-8.132455e-03
-8.746781e-02
-2.303633e-02
2.859873e-02
-5.309912e-03
4.028077e-02
