-1.208322e-02
-6.044700e-03
-3.531196e-02
4.638351e-02
1.414621e-02
4.707670e-02
6.683327e-03
-1.192919e-02
6.634256e-03
-2.983754e-02
2.645865e-02
-3.323233e-04
9.852078e-03
-1.937124e-02
4.916493e-02
3.735583e-03
-2.866098e-02
-2.062099e-02
-3.289418e-02
-6.431697e-02
-5.325612e-02
-1.595091e-03
-5.033154e-02
-1.559772e-02
-2.806392e-02
3.365534e-03
2.430133e-02
2.208984e-03
9.138121e-04
-1.064321e-03
-7.482765e-04
2.347529e-03
1.987452e-03
4.460893e-03
1.421069e-03
-6.910515e-04
-4.403860e-02
3.939488e-02
-1.255363e-01
5.490866e-02
1.099413e-01
-1.975080e-03
-1.180208e-02
2.313221e-02
-5.408936e-02
-8.013915e-02
-1.800462e-01
-1.095787e-01
-3.848076e-02
-7.877697e-03
-2.844970e-02
1.345357e-02
1.215006e-01
-1.333027e-03
7.327893e-02
5.299096e-02
4.241317e-02
-2.747902e-02
-3.011268e-02
-1.585413e-02
-1.107045e-01
-1.300207e-01
-9.240757e-02
-1.319039e-01
-1.145515e-01
-1.384794e-01
-8.383688e-02
-1.029569e-01
-1.019109e-01
-1.144812e-01
-5.934069e-02
-1.330803e-02
2.419502e-02
-5.969277e-03
9.094729e-03
-2.298519e-02
1.373595e-02
1.873706e-02
-3.844507e-02
2.096754e-02
7.477040e-03
-6.675566e-02
8.304828e-03
6.159601e-03
6.725584e-03
1.643214e-01
1.332098e-01
3.792528e-02
7.185433e-02
9.289829e-02
-3.539243e-02
-7.996138e-02
-1.064660e-01
-6.582109e-02
1.338703e-02
-6.982766e-02
-3.070837e-02
-4.532142e-02
-5.934587e-02
-1.083893e-02
-1.209234e-03
3.002740e-03
6.541154e-02
7.840237e-02
-1.327362e-02
7.266148e-02
3.662388e-02
-3.494233e-02
-4.242172e-02
-3.879004e-02
-1.927670e-02
-6.973135e-02
-5.835795e-02
-4.557198e-02
1.132917e-02
2.865310e-02
3.435412e-02
-1.375982e-02
-2.124881e-02
1.058777e-03
-1.214396e-03
2.835578e-02
4.063505e-02
1.842823e-02
1.750689e-02
2.678677e-02
-1.180600e-01
-4.642394e-02
-6.957539e-02
4.289899e-02
7.448988e-02
3.146333e-02
2.094516e-02
5.588300e-02
4.649347e-02
-3.741861e-02
-4.508603e-02
-5.957507e-02
1.263442e-02
1.385211e-02
2.286652e-02
-2.312403e-06
6.544010e-02
6.245821e-02
-6.023012e-02
7.513521e-03
2.653186e-02
-3.870288e-02
-4.261328e-03
-4.384647e-02
2.375832e-02
-7.435973e-03
-4.827047e-02
3.064533e-02
-3.714783e-02
-3.778079e-02
2.733678e-02
-1.934916e-02
-1.465645e-01
-8.235383e-02
-7.233798e-02
-1.207416e-01
3.106976e-02
-1.178160e-01
-1.097348e-01
4.898246e-02
-1.019886e-01
-1.243719e-01
-4.219703e-02
-1.016992e-01
-9.781145e-02
1.418960e-05
-3.017013e-03
1.016940e-03
1.350361e-03
-1.688449e-03
-2.488328e-04
-1.588740e-03
-3.932601e-03
2.881766e-03
-3.435205e-02
-9.644074e-02
1.230101e-01
3.368333e-02
-9.421363e-02
-4.004208e-02
6.078396e-02
-1.174062e-01
2.154404e-02
-5.796674e-02
-8.016809e-03
-6.181873e-02
-9.788042e-02
-4.535944e-02
2.329978e-02
-1.372165e-01
-7.256231e-02
7.915576e-03
3.076907e-02
-4.756888e-02
-7.919540e-02
-7.895574e-02
-9.795101e-02
-8.587089e-02
-4.256066e-02
1.069009e-02
3.546501e-02
5.828093e-02
4.101173e-02
-6.311607e-02
-1.350621e-02
-5.941414e-02
-1.463867e-01
3.644793e-02
-1.102136e-02
-5.911829e-02
2.640219e-02
-2.963670e-02
-2.631462e-02
-5.781965e-02
-6.923378e-02
-2.977422e-02
-6.305509e-02
-4.201881e-02
3.746690e-02
1.763149e-02
-9.729140e-02
-5.420221e-02
4.459281e-02
-9.416129e-03
6.431271e-02
5.332567e-02
7.717579e-02
3.377461e-02
9.641925e-02
6.931861e-03
-1.804756e-02
-4.081925e-02
-1.266577e-01
1.495691e-02
-1.052129e-01
-8.000317e-02
-2.069108e-02
9.620265e-03
3.149292e-02
1.035768e-02
7.732802e-02
1.528815e-01
2.637905e-01
5.080312e-02
7.748701e-02
7.047450e-02
-5.835574e-03
-4.215818e-02
-3.679120e-02
2.539238e-02
-1.099345e-02
7.827487e-04
-2.261475e-02
-4.040695e-02
-1.151234e-02
-1.479639e-02
-2.370707e-02
-3.868833e-02
-1.066016e-02
-2.477229e-02
1.889948e-02
1.590936e-02
1.590527e-02
3.630297e-02
2.194120e-02
-6.200618e-02
-1.321327e-02
-4.560276e-03
-1.359993e-01
-1.411376e-01
1.155470e-01
3.845436e-02
4.007540e-02
-5.605348e-02
-5.678691e-02
-3.940913e-02
-7.705441e-02
-4.348480e-02
-4.178783e-02
-5.409293e-02
-7.277916e-02
-6.528109e-02
2.443669e-02
2.629745e-02
7.635502e-03
-1.447563e-02
-1.643145e-02
-9.645470e-03
-9.107327e-02
-1.014805e-01
-7.385595e-02
6.296802e-02
4.026693e-02
1.055098e-01
6.762670e-03
-1.050953e-02
9.337905e-02
-4.463776e-02
-2.662480e-02
5.034901e-02
5.349158e-02
2.115283e-02
1.008251e-02
8.530509e-02
3.349137e-02
1.526572e-02
7.433290e-02
3.727000e-02
1.848264e-02
-1.276239e-04
-3.866293e-03
-1.332203e-03
-9.318159e-04
3.542279e-03
3.083257e-03
-2.027132e-03
2.627136e-03
4.102144e-04
1.074946e-02
-6.799072e-02
4.486513e-03
-1.076540e-01
-1.779927e-01
-1.435155e-01
-7.586295e-02
-8.505552e-02
-8.973789e-02
1.281465e-02
6.369081e-03
-3.830947e-02
2.173146e-02
7.688219e-02
4.703057e-02
-9.063772e-03
4.620616e-02
3.602054e-02
4.464260e-02
5.236106e-02
2.644592e-02
3.661844e-02
4.623626e-02
1.196214e-02
1.048464e-03
-7.735835e-03
-3.726120e-02
6.564010e-02
1.830581e-02
-2.189456e-02
2.429007e-02
-1.122804e-02
-5.360030e-02
3.553898e-02
-7.561291e-03
-4.991382e-02
-2.924289e-02
3.717986e-02
1.727922e-02
-3.281621e-03
4.441413e-02
2.008297e-02
5.208865e-02
5.998223e-02
3.817676e-02
2.192742e-02
5.417857e-03
-1.010572e-02
4.444683e-02
6.467561e-03
4.658600e-03
-1.048857e-02
-3.771390e-02
-2.850441e-02
-2.549423e-02
-2.744488e-02
-4.352977e-02
-1.382410e-02
2.216826e-02
2.573186e-02
3.079863e-02
7.429666e-02
8.840595e-02
-1.404292e-02
-5.351304e-02
-7.843588e-03
5.284868e-02
1.202248e-04
2.595340e-03
9.594111e-02
6.599510e-02
3.045681e-02
1.173360e-02
-4.727580e-03
-1.094628e-02
1.737200e-02
1.899811e-02
6.931208e-03
2.259172e-02
2.891854e-02
3.670070e-02
-1.308953e-02
-1.436344e-02
2.355025e-04
-2.926800e-02
-6.421337e-03
9.096932e-03
-2.954907e-02
-2.127249e-02
-1.188808e-02
5.428994e-02
6.692317e-02
2.877834e-02
1.772618e-03
-3.067450e-02
-6.492002e-02
-8.022862e-03
-4.108026e-02
-7.908063e-02
6.383734e-02
7.885191e-02
4.214224e-02
2.494100e-02
5.413573e-02
2.556521e-02
-3.189210e-02
-1.274028e-02
-8.037435e-03
9.998595e-02
7.400677e-02
1.070225e-01
4.618634e-02
-1.524930e-02
4.122357e-02
-1.252524e-01
-1.202344e-01
-5.484428e-02
-3.233204e-02
6.321216e-02
-3.818914e-02
1.119984e-01
6.976940e-02
5.326244e-02
2.310494e-01
2.110182e-01
4.536045e-02
1.358632e-01
-2.746656e-02
-3.657224e-02
4.953877e-02
-1.825513e-01
-1.446967e-01
-3.605554e-02
-2.120498e-01
-1.008975e-01
1.413153e-05
-3.031808e-04
2.658252e-03
1.746560e-03
1.143555e-03
8.295467e-04
-2.799972e-03
1.254743e-03
-1.410643e-03
3.048379e-02
6.595521e-02
-2.292239e-02
4.210158e-02
-9.102568e-02
-9.247904e-02
1.309733e-02
-1.003156e-01
-1.435283e-01
-4.619844e-02
-2.496017e-01
-1.238390e-01
8.284082e-02
6.980003e-02
-3.464874e-02
1.215217e-01
1.600332e-01
-3.264099e-02
-1.329890e-01
-1.286720e-01
-5.026977e-02
-8.983230e-03
-5.975133e-02
-3.323319e-02
-3.279085e-02
-8.377717e-02
-7.129278e-02
1.583462e-01
-1.312918e-04
-9.428132e-02
9.647370e-02
-1.078122e-01
-1.796906e-01
1.114613e-01
-1.124395e-01
-1.761485e-01
-1.551888e-01
-1.904326e-01
-1.564224e-01
-1.705317e-01
-1.211540e-01
-9.033336e-02
-6.578781e-02
-6.380461e-03
2.150436e-02
-3.054280e-02
-1.417892e-01
-1.371882e-01
-2.063608e-02
-1.171874e-01
-1.578572e-01
-4.275249e-02
-1.298828e-01
-9.945981e-02
-1.555296e-01
-1.453382e-01
-1.071032e-01
-7.938606e-02
5.378041e-02
4.103130e-03
4.865151e-03
1.855087e-03
5.964613e-02
1.342564e-01
-1.624938e-02
4.893261e-02
1.289717e-01
2.157923e-02
-4.465759e-02
5.141053e-02
-4.262877e-02
-7.953019e-02
5.416715e-02
-2.084074e-02
-3.722386e-02
-1.657034e-02
-4.709082e-02
-4.068488e-02
1.764797e-02
-9.186145e-03
-2.215188e-02
6.711707e-02
5.371486e-02
5.892920e-02
2.648259e-02
4.661749e-02
1.300750e-02
3.003667e-02
4.046737e-02
2.766837e-02
-1.026405e-02
-1.272276e-01
-9.155876e-02
-4.202794e-02
-1.398697e-01
-1.108633e-01
-4.069431e-02
-9.023882e-02
-9.761590e-02
-4.194543e-02
-9.007504e-02
-4.220678e-02
1.551152e-03
-2.594136e-02
-1.659306e-02
-6.264371e-02
1.629620e-02
5.569358e-02
2.787484e-02
3.273405e-02
2.424076e-02
2.028118e-02
7.560694e-02
6.868443e-02
2.862952e-02
2.324929e-02
-8.230430e-03
-3.880986e-02
-1.386390e-01
-1.360623e-01
-5.197917e-02
-1.046656e-01
-1.288299e-01
-1.265476e-01
-1.375836e-01
-8.461820e-02
5.556591e-02
-3.372894e-02
-4.768248e-02
1.107187e-01
2.719901e-02
1.444396e-03
2.967998e-02
-7.725873e-02
-8.893067e-02
1.788252e-04
-1.204062e-03
1.148590e-03
-2.574778e-03
-8.205516e-05
9.785580e-04
1.039715e-03
-1.711296e-03
-1.185893e-03
2.932057e-04
-1.277325e-01
8.507449e-02
9.711500e-02
2.092492e-01
2.664813e-01
-2.820565e-02
1.423413e-02
5.723798e-02
2.873645e-02
1.412479e-01
4.691600e-02
9.926651e-02
1.115190e-01
1.389983e-01
1.204708e-01
1.245183e-01
2.469695e-01
9.347066e-02
8.439321e-02
1.726283e-02
-5.210270e-03
-3.053011e-02
-4.847058e-02
-4.631110e-02
-2.513432e-02
-6.992795e-02
4.374023e-02
9.330727e-03
-4.051270e-02
6.947047e-02
5.552465e-02
-5.025017e-02
5.378453e-02
-2.912129e-02
-8.689836e-02
3.103259e-02
-5.382339e-02
-7.773489e-02
1.441128e-02
-5.996236e-02
-1.028008e-01
-2.364448e-02
-5.054991e-02
-6.231486e-02
-5.463881e-02
-8.382525e-02
-1.466566e-01
-5.022722e-02
-7.506532e-02
-1.407792e-01
-1.724837e-02
-3.106527e-03
-3.258478e-02
8.050337e-02
2.790224e-02
5.049381e-02
7.391080e-02
-5.517895e-02
-2.382784e-02
-3.224698e-03
-6.553589e-03
3.968799e-02
-9.035718e-02
1.361659e-02
3.622663e-02
-9.903645e-02
1.162470e-02
1.402859e-01
-8.512594e-02
-1.796628e-02
-6.125446e-03
-1.896489e-02
2.311112e-02
-1.440927e-02
1.853732e-02
3.030823e-02
-1.705811e-02
-1.322911e-02
-2.059892e-03
-9.822085e-03
-2.018169e-02
-1.671567e-02
-4.588213e-02
-1.268619e-02
-4.955917e-02
-3.286457e-02
-5.256161e-03
-1.791673e-02
-5.836072e-03
-2.617256e-03
-2.372274e-02
1.405744e-02
4.442267e-02
-2.177038e-02
9.388067e-03
5.438310e-02
1.429114e-03
-1.867456e-02
4.911162e-02
4.234743e-02
-5.686084e-02
3.605482e-02
1.449739e-02
9.388680e-03
6.315560e-02
6.590518e-03
4.849974e-03
-3.928672e-04
-5.033908e-04
-2.246376e-03
2.083641e-03
5.338342e-04
2.329623e-03
2.736083e-03
1.317324e-03
2.775657e-03
6.212170e-04
6.121653e-04
6.926163e-04
2.405396e-04
-1.750752e-03
-3.858569e-04
-2.497652e-03
1.605601e-03
9.461188e-04
-1.437006e-03
-1.668084e-03
-8.547629e-04
1.535874e-03
-1.371721e-03
2.368640e-03
-1.242900e-03
3.013242e-04
2.031091e-03
2.595221e-04
-7.906855e-04
4.073185e-03
3.450938e-03
-1.698786e-03
-1.925591e-03
-3.500902e-04
1.332762e-03
-5.389396e-04
-3.430318e-04
-3.651167e-04
2.261967e-03
1.954711e-03
2.794534e-03
-5.204044e-06
-1.912256e-03
-7.107690e-04
3.149051e-03
3.625660e-03
-1.931383e-03
-1.946423e-03
6.186026e-04
1.716496e-04
-4.441603e-04
1.169602e-04
-2.154474e-04
-2.685546e-04
2.144865e-03
-7.255053e-04
-3.298296e-03
-5.765849e-04
-6.816942e-04
3.827651e-04
-1.163949e-03
7.050690e-04
-2.116079e-03
-5.372110e-04
-3.095513e-03
2.234225e-03
-5.038545e-04
3.100254e-03
2.888282e-03
-2.168650e-03
1.406731e-03
7.143855e-04
5.758895e-04
-1.552557e-03
1.609944e-04
-1.069244e-03
1.332189e-03
-1.263678e-03
1.596136e-03
1.967059e-04
-2.034117e-03
1.698476e-03
-1.692403e-03
-2.184717e-03
-5.203843e-04
-3.251996e-03
1.209926e-03
1.300596e-03
1.587371e-03
-2.588396e-03
1.214164e-03
2.194156e-03
1.922222e-03
1.213949e-03
1.595325e-03
7.767738e-04
-5.697990e-04
2.415142e-03
9.101605e-05
2.742363e-03
-2.033435e-03
-3.482021e-03
-1.629977e-03
-1.463881e-03
-1.092797e-03
-1.784435e-03
3.746325e-04
3.919059e-03
1.561734e-03
-2.357456e-03
1.260643e-03
-1.903563e-04
1.084705e-03
1.142752e-03
-1.721559e-04
1.891433e-03
2.563617e-03
6.287764e-04
-3.427403e-03
-1.793557e-03
-7.092540e-04
4.175896e-03
2.900917e-03
-7.759226e-04
1.698823e-03
1.092252e-03
4.137935e-03
5.790709e-04
2.173470e-03
1.660389e-03
2.034400e-03
4.069708e-04
-1.552114e-03
1.877923e-03
-6.452194e-04
5.639489e-04
-1.708900e-03
-5.364520e-03
-2.668093e-03
3.636630e-04
7.344944e-05
3.044672e-03
6.547278e-04
-1.778352e-03
-1.006324e-02
-8.709419e-04
-7.413497e-06
1.716280e-02
-5.938629e-02
-2.407645e-02
1.021318e-04
-3.129848e-02
-4.518602e-03
1.470790e-02
2.219182e-03
8.000280e-02
-7.288486e-02
-2.152249e-02
1.429474e-01
-1.017656e-02
6.952966e-02
8.244684e-02
-8.978778e-02
-5.621358e-02
-2.744789e-02
4.975421e-02
9.269500e-03
-3.162776e-02
4.202000e-02
6.980439e-02
-1.822188e-02
-2.160348e-03
2.373257e-03
-5.017671e-04
4.153293e-03
-1.959169e-03
3.438402e-04
-6.415975e-04
2.038381e-03
-1.259389e-03
-8.961080e-02
1.425318e-01
-2.031910e-02
4.251929e-02
1.296309e-01
1.996061e-02
9.077888e-02
1.338801e-01
6.360193e-02
6.685672e-02
-1.769806e-01
-9.907822e-02
5.141535e-02
-6.389966e-02
-4.110152e-02
-4.017719e-02
-3.573275e-03
-7.510484e-02
1.132709e-01
4.146367e-02
3.267966e-03
2.000892e-01
1.273456e-01
7.347698e-02
1.590855e-01
1.545583e-01
1.367853e-01
-1.648196e-01
-6.370030e-02
-9.499892e-02
-8.502442e-02
4.562006e-02
5.804524e-02
-7.516923e-02
6.510056e-02
8.139350e-02
8.749712e-02
1.761958e-02
-2.138420e-02
9.508568e-02
5.744796e-02
2.779755e-02
1.359464e-01
9.132519e-02
7.870368e-02
-6.531498e-03
5.196449e-02
1.871726e-02
-1.888358e-02
6.284487e-02
1.961251e-02
-2.657486e-02
4.298349e-02
3.786787e-03
5.542867e-02
-7.000312e-02
-3.854650e-02
-3.844055e-03
6.537792e-03
1.881983e-02
2.548195e-02
8.056165e-03
6.716540e-02
-4.056523e-03
-3.507795e-02
-2.434459e-02
4.106119e-02
4.970918e-02
-6.294193e-02
4.769821e-02
3.395397e-02
5.118715e-02
-2.332046e-02
-3.715931e-02
-2.781988e-02
2.924688e-03
3.346742e-03
1.598053e-02
-2.925090e-03
2.247486e-02
3.049763e-02
1.025944e-02
1.004684e-02
6.713058e-02
-1.014273e-03
1.834960e-02
3.538509e-02
-1.535445e-02
-3.971121e-03
2.943482e-02
-1.012718e-02
-1.602784e-01
-2.114339e-01
9.075651e-02
-9.073862e-02
-1.212507e-01
3.817636e-02
-3.659830e-02
-8.505467e-02
3.109502e-02
8.669490e-02
7.844890e-02
3.023484e-02
8.035605e-03
2.194736e-02
-1.288399e-02
-1.653424e-02
1.520243e-02
4.920244e-02
4.558166e-02
8.790581e-03
-3.160205e-03
5.412176e-02
3.572656e-02
8.002118e-02
1.235678e-01
7.070354e-02
5.173156e-02
-1.528288e-02
8.994023e-02
2.651690e-03
9.505508e-03
-4.256071e-02
-1.509611e-02
-4.030024e-02
-2.194869e-02
6.938220e-02
3.261439e-02
-2.172602e-02
4.653618e-02
1.104167e-01
1.010305e-01
3.532703e-02
5.915989e-02
4.510209e-02
3.265659e-03
1.740388e-03
5.228905e-04
-1.728841e-03
5.709899e-05
7.283706e-04
2.640375e-04
-1.400454e-03
-3.893204e-05
1.205352e-01
1.005291e-01
4.221423e-02
7.900755e-02
2.335404e-01
1.275139e-01
4.657476e-02
1.808483e-01
1.149439e-01
1.295969e-02
1.738376e-01
5.587960e-02
4.937248e-02
6.967878e-02
-3.924441e-04
-1.318604e-02
-1.509615e-01
-2.384893e-02
9.248305e-02
1.229407e-01
5.129405e-02
5.878965e-02
4.730406e-02
2.203954e-02
2.015759e-02
6.849043e-02
4.171006e-02
8.587679e-02
2.691429e-02
-2.157083e-02
6.827160e-02
5.328104e-02
-1.185847e-02
7.862426e-02
6.060255e-02
-2.493616e-03
-3.661083e-02
-1.105632e-02
3.017203e-02
5.387855e-02
1.671711e-02
-2.598341e-02
1.490087e-02
-3.048490e-02
-7.932305e-02
1.630140e-02
7.423995e-02
1.623435e-02
-4.032087e-02
-1.418038e-04
-1.072739e-02
1.208217e-02
8.602615e-02
7.059293e-02
5.032204e-02
1.147595e-01
9.919346e-02
1.613604e-02
-5.402654e-02
-2.920200e-03
-1.821121e-02
4.913631e-02
3.525979e-02
6.041850e-02
1.544736e-01
-1.014272e-03
-7.356156e-02
-2.369234e-02
-7.454980e-02
3.256904e-02
6.043156e-02
-7.017752e-02
-7.034384e-02
1.255276e-02
1.969472e-02
6.435159e-03
3.035701e-02
4.259399e-02
-1.661129e-02
-7.733179e-03
1.618097e-03
3.577302e-02
6.607719e-02
1.822978e-02
1.200710e-02
-1.368733e-03
-1.741976e-02
2.928523e-02
2.272999e-02
2.118726e-02
-1.450179e-03
9.368642e-02
-1.870578e-02
2.260368e-02
1.509996e-01
9.231113e-02
4.256686e-02
5.144580e-02
1.470664e-03
4.655394e-02
7.762080e-02
3.938222e-02
-2.149496e-02
1.606243e-02
4.029888e-02
5.185283e-02
1.171197e-02
2.513500e-02
4.041180e-02
3.460643e-02
-1.403561e-02
-3.357228e-02
1.378820e-02
-2.940550e-02
-3.809663e-02
9.030204e-03
-1.440163e-02
3.093223e-02
-9.984192e-02
-4.745020e-02
1.193795e-02
-3.958980e-02
-1.754925e-02
-5.130911e-02
-9.110580e-02
1.956264e-02
-1.098148e-02
3.051581e-02
-1.077290e-03
-7.622413e-02
-3.863682e-02
1.536223e-02
-1.526764e-02
1.264766e-02
5.186901e-03
2.641771e-03
-6.189933e-05
-2.479256e-03
-1.966435e-03
1.841454e-03
1.974828e-03
1.569621e-04
3.269985e-04
1.298911e-03
-8.442297e-02
-2.895490e-04
2.656345e-02
-2.941201e-01
3.024672e-02
1.889232e-01
-1.649246e-01
-2.164855e-02
1.440781e-01
1.337280e-02
4.525699e-02
9.036656e-03
2.103994e-01
-1.001750e-02
-8.013986e-02
2.708252e-01
6.508151e-02
-2.533232e-02
-8.780483e-03
-2.667875e-03
-5.778006e-02
2.599723e-02
-1.694430e-03
-7.609375e-02
3.685435e-02
5.092270e-02
8.398611e-03
7.728351e-02
4.479771e-03
-8.392344e-02
4.479442e-02
2.369432e-02
-5.057246e-02
4.851827e-02
1.152410e-02
-1.768765e-02
-2.110110e-02
-1.329182e-02
6.422144e-02
5.169955e-03
-1.928212e-02
-6.966460e-02
-6.127000e-03
-4.457912e-02
-1.203954e-01
-3.349657e-02
-1.038526e-02
-2.507737e-02
-1.555569e-02
-4.562307e-02
-8.767392e-02
-5.290803e-02
-3.830347e-03
1.128381e-02
-3.199952e-02
-5.772215e-02
-1.300745e-02
7.346376e-02
-1.340123e-02
5.664419e-02
-4.468966e-02
1.056853e-02
6.149464e-02
-2.650319e-01
1.678478e-02
-2.460929e-02
-2.421243e-01
-9.534241e-02
-5.697163e-03
-1.246317e-01
1.336990e-02
-4.688678e-02
-1.505077e-02
-2.395351e-02
5.422804e-03
9.943362e-04
-4.871030e-02
-3.260611e-02
1.825163e-02
-1.534476e-02
1.072998e-02
-1.460944e-02
-6.262442e-03
-2.540275e-02
-2.139957e-05
-3.037680e-02
-2.365802e-02
-2.708563e-02
-2.123393e-02
-1.644859e-02
-1.500381e-01
-1.474667e-01
-1.134874e-01
-1.637041e-01
-1.282157e-01
-7.345688e-02
-8.603850e-02
-5.421820e-02
-3.018448e-03
-7.104494e-02
-3.745262e-02
-1.738389e-02
-1.927713e-04
-1.697843e-02
-7.637677e-03
3.947831e-02
5.262705e-03
1.505060e-02
-4.501580e-03
-1.118486e-02
1.207187e-02
-2.152153e-02
-3.802147e-03
6.863634e-03
2.138894e-02
2.000207e-02
3.077067e-02
-5.065043e-02
-1.332220e-02
8.561482e-03
-3.038891e-02
2.392723e-02
1.463751e-02
-9.840817e-03
4.468699e-02
4.528686e-02
2.924882e-02
4.756973e-02
3.002360e-02
4.001155e-02
4.347646e-02
2.636953e-02
7.453505e-02
8.410902e-02
9.577458e-02
-1.390322e-03
2.594631e-03
-1.922637e-03
-1.829437e-03
1.082920e-04
-2.707259e-03
-2.856479e-04
1.745431e-03
-4.372046e-04
2.989675e-02
-3.880705e-02
-7.622818e-03
4.013149e-02
-2.912589e-02
1.881755e-02
4.114660e-02
-1.458234e-02
5.017701e-02
5.196002e-02
1.151970e-01
8.883543e-02
4.607014e-02
9.742258e-02
9.430704e-02
2.288319e-02
8.195056e-02
8.785357e-02
5.127427e-03
1.489360e-02
-1.950282e-04
3.023733e-02
6.630248e-02
4.620725e-02
2.232651e-02
5.724657e-02
3.921470e-02
4.720298e-03
1.922240e-02
5.152293e-02
3.623144e-02
1.546390e-02
1.210211e-02
4.438302e-02
1.503570e-02
2.726705e-02
-1.665863e-02
-1.708359e-02
-3.256431e-02
2.687698e-04
3.025432e-02
4.274982e-02
-8.876665e-03
4.407471e-02
6.711069e-02
2.391076e-02
-2.703746e-02
-2.978538e-02
3.175727e-02
-2.750481e-02
-1.672185e-02
4.645012e-02
8.867014e-03
3.037485e-02
-5.042480e-02
-1.250947e-02
-1.405117e-02
1.263041e-02
4.160741e-02
4.661812e-02
-6.386528e-04
4.752897e-02
2.084570e-02
-1.791817e-02
-2.708523e-02
1.774490e-04
1.030291e-02
-1.883965e-02
2.134521e-02
-6.857455e-03
-5.344357e-02
-3.624513e-02
2.057977e-02
5.053904e-02
2.254264e-02
1.739672e-02
3.011620e-02
1.129530e-02
1.413454e-02
3.790667e-02
7.746777e-03
-2.500369e-03
1.775088e-03
-7.965528e-03
-1.191490e-03
4.311648e-03
2.837036e-03
1.870688e-02
1.981453e-02
1.167685e-02
-3.599932e-02
-3.059418e-02
-4.084737e-02
-2.883230e-02
8.756847e-03
1.231802e-02
-2.588669e-02
2.983707e-02
4.745290e-02
2.738054e-02
-9.420744e-03
-3.724073e-02
2.135784e-02
4.541998e-03
-1.580891e-02
2.866130e-02
2.048796e-02
2.243375e-02
2.935350e-02
4.312996e-02
4.286851e-02
7.848671e-02
-9.803197e-03
2.742624e-02
-7.652518e-03
-3.480047e-03
2.334947e-02
4.068954e-02
1.339357e-01
-6.752161e-02
7.609736e-02
4.290010e-02
8.226079e-02
4.112586e-02
1.474904e-01
-9.916111e-03
-5.085821e-02
-9.704562e-02
-8.492833e-02
3.540735e-02
-1.548556e-03
-3.195451e-02
-4.377980e-03
-2.404141e-03
5.410322e-03
1.528800e-03
-8.092152e-04
2.461967e-03
-4.380342e-04
-4.624443e-04
-1.178794e-03
2.069814e-03
1.208804e-03
-1.620368e-03
1.385392e-02
1.133425e-01
-2.935628e-02
1.900755e-01
3.824760e-02
1.882233e-02
4.710325e-02
8.513857e-03
-5.431934e-02
1.333557e-01
-2.677304e-02
3.503010e-02
7.901340e-02
1.488775e-01
6.669327e-03
5.870631e-02
2.011721e-01
6.223566e-02
1.378444e-01
1.163966e-01
1.818872e-01
8.752423e-02
1.051761e-01
1.496385e-01
-4.913139e-03
-9.593439e-03
3.547375e-02
3.780947e-03
-9.072940e-03
-2.097281e-02
4.742574e-02
-1.264955e-03
4.720835e-02
-6.327052e-02
-1.058848e-03
-1.967693e-03
4.938939e-02
4.347605e-02
2.525244e-02
6.789883e-04
7.333950e-02
5.953778e-02
-1.165693e-02
2.040372e-02
-4.519328e-02
-5.226035e-03
3.396067e-03
2.269280e-02
-4.744094e-02
-3.606624e-02
-1.497798e-02
-3.079201e-02
-4.601921e-02
-2.045164e-02
7.047090e-03
1.642940e-03
7.437749e-03
-1.611167e-02
6.901979e-02
1.840024e-02
2.635329e-02
-7.988589e-02
-2.473262e-02
8.028290e-02
-5.538100e-02
1.081541e-01
2.172436e-03
-1.117234e-02
-9.960788e-02
1.605542e-02
-6.742715e-02
1.045894e-04
6.899089e-02
3.045083e-02
-1.821647e-03
3.141729e-02
4.142488e-02
5.259918e-04
4.192155e-02
5.999220e-02
2.741967e-02
1.259300e-02
-2.903180e-02
-2.448000e-03
1.491653e-02
1.914278e-02
-1.756516e-02
3.398051e-03
-1.790774e-02
-1.216267e-02
5.185689e-02
1.780579e-02
2.453289e-02
9.302738e-02
7.671926e-02
6.626447e-02
-4.115970e-02
1.934342e-02
-4.349278e-02
-4.991401e-03
-6.047008e-03
3.811803e-02
2.564154e-02
5.763753e-02
6.821180e-02
-5.337859e-02
5.036448e-02
3.503872e-02
3.543095e-02
4.136216e-02
-3.313949e-03
3.672374e-02
2.159209e-02
2.734273e-03
2.817488e-03
-4.124817e-02
-1.619473e-02
-5.820641e-02
-5.738657e-02
-5.838266e-02
2.119259e-02
2.627794e-02
-6.905747e-02
9.965332e-03
-2.200194e-02
-3.097448e-02
3.274790e-02
5.564759e-02
5.798529e-02
7.406008e-02
8.730601e-02
6.060513e-02
4.513497e-04
-4.582093e-02
-2.383696e-02
-2.609827e-03
5.324706e-04
-4.915201e-03
3.491290e-03
3.414286e-03
-7.961536e-04
3.450038e-03
-7.815878e-04
-3.310962e-03
1.040228e-01
2.971932e-01
4.712706e-02
3.420402e-02
2.641188e-01
1.406906e-01
-4.941495e-03
-1.822140e-02
5.317060e-03
-6.670882e-02
-1.039622e-01
-3.007258e-02
7.943112e-02
-1.320037e-01
2.995072e-02
6.711305e-02
3.930203e-02
3.083024e-02
-6.292906e-04
4.665242e-03
-2.577488e-03
3.848495e-02
4.566080e-02
8.634159e-02
8.042704e-02
1.119641e-01
1.177216e-01
-8.595914e-02
-6.073110e-02
-5.090926e-02
-1.866441e-02
-9.821895e-03
-2.176474e-02
1.972543e-03
3.545303e-02
4.712497e-02
-1.697862e-02
1.287400e-02
-7.034558e-03
4.273785e-02
2.057245e-02
1.424061e-03
3.490783e-02
4.654644e-02
2.258262e-02
-3.280708e-03
1.602393e-02
5.030310e-02
-2.079671e-02
3.957501e-02
-8.104535e-03
5.633882e-02
1.548702e-01
7.928738e-02
4.153212e-02
-1.642593e-02
2.850325e-02
3.180379e-02
-4.664577e-02
-6.571365e-02
6.565265e-04
3.144196e-02
-4.176225e-02
-6.682905e-03
9.899986e-02
6.473079e-02
-7.479835e-02
-6.943870e-02
2.131775e-02
3.895767e-03
2.408691e-02
-6.166995e-03
-1.106984e-02
-3.714358e-02
2.255369e-02
3.519768e-02
4.298965e-03
-7.697457e-03
2.093986e-02
3.940991e-02
-2.771977e-03
3.877610e-03
1.945643e-02
-1.562788e-03
-2.153160e-02
-3.602845e-02
6.906526e-03
-9.491511e-03
2.146956e-02
1.295749e-02
5.849763e-02
3.734710e-02
5.257303e-02
-8.735008e-03
-5.826769e-02
-4.270859e-02
4.595513e-02
2.585569e-02
5.629285e-02
8.190884e-02
6.943911e-02
1.749178e-02
2.981032e-02
-1.746594e-03
-1.480827e-02
9.529177e-02
4.895838e-02
2.643107e-02
2.214937e-02
3.029383e-02
5.871584e-03
2.144792e-02
2.643244e-02
-1.892070e-02
-2.546765e-02
-1.249038e-02
-4.386299e-02
-3.113986e-02
-5.362770e-03
-2.691126e-02
2.305600e-03
1.908843e-02
2.704570e-02
-1.135752e-02
1.801769e-02
-2.342892e-02
-1.553118e-02
-4.146932e-02
5.783386e-03
-8.120370e-03
-1.106095e-02
-1.908981e-02
-4.787250e-03
-6.648523e-03
1.978486e-03
-1.850446e-03
-5.848632e-04
2.240337e-03
1.781545e-04
-2.222894e-03
-8.297861e-04
-2.772384e-03
-9.895180e-04
-3.033974e-03
-5.018478e-02
-1.651846e-02
-1.720998e-02
3.423439e-02
-1.472428e-02
-9.916733e-02
4.082523e-02
-1.122294e-02
-1.010216e-01
5.538063e-02
3.218031e-02
1.139968e-01
2.867620e-02
6.153662e-02
1.353884e-01
-2.491007e-05
6.943025e-02
8.514229e-02
-5.263454e-02
-7.001383e-02
-8.474411e-02
-4.299023e-02
-5.245728e-02
-8.785203e-02
-7.727070e-02
-8.251712e-02
-6.323051e-02
-8.701269e-02
-4.794500e-02
3.419367e-02
-9.293127e-02
-3.078011e-02
5.442581e-02
-1.094822e-01
-6.939344e-03
6.236489e-02
-1.441368e-02
-2.484433e-02
-1.079880e-02
-3.130447e-02
-3.705060e-02
-2.139949e-02
-3.397121e-02
-3.276768e-02
-2.053661e-02
5.073342e-03
3.661953e-03
1.700821e-02
1.182313e-02
2.174354e-02
8.587848e-02
-2.223586e-02
-4.332613e-03
2.649236e-02
-3.178691e-02
2.047072e-03
-3.152187e-03
-4.708621e-02
-3.083407e-02
-3.660330e-02
-3.545784e-02
-4.068324e-02
-3.581920e-02
1.868750e-02
1.389228e-03
5.371938e-02
4.510524e-02
1.191232e-02
2.686941e-02
4.155786e-02
-1.808688e-02
2.873131e-02
-1.691619e-02
-1.734943e-02
-7.207196e-04
-1.361190e-02
-6.504065e-03
-1.985422e-03
9.401231e-03
7.809787e-03
1.199937e-02
5.683061e-03
1.437144e-02
8.800243e-03
2.859453e-02
2.984513e-02
1.171363e-02
2.390558e-02
1.442900e-02
1.242712e-02
-5.596745e-02
-1.434740e-02
7.758766e-03
-1.075670e-02
-1.568417e-02
-1.896996e-02
-1.014221e-02
-3.366266e-02
-3.884793e-02
-4.802934e-02
-1.154598e-02
6.031207e-04
-3.274607e-02
-1.399192e-02
-4.055140e-03
-5.099253e-02
-1.728052e-02
-1.359601e-02
-2.732953e-02
1.007420e-02
-7.242600e-03
-2.345331e-02
1.690124e-02
-2.129635e-02
-1.267757e-02
-1.364316e-03
-1.929878e-02
-8.978434e-04
-1.289889e-02
1.053351e-02
3.834178e-03
2.339895e-02
-1.418686e-02
1.547691e-02
3.437825e-02
2.799578e-02
1.449618e-02
1.087568e-02
6.269675e-02
-1.950387e-02
4.288102e-02
2.134033e-02
-2.092935e-02
7.662488e-03
-2.637661e-02
-2.822377e-03
2.678198e-03
1.935057e-03
-5.086575e-04
-1.060567e-03
1.858434e-03
-1.768723e-03
-7.832540e-04
4.684332e-04
4.141708e-02
1.096397e-01
2.587697e-02
3.913612e-02
1.161900e-01
3.183642e-02
3.337369e-02
2.026070e-02
2.281466e-02
-3.237644e-02
-5.381551e-03
-3.115067e-02
-2.896414e-02
-7.475095e-02
-2.388702e-02
-9.437436e-03
-9.091266e-03
4.128483e-02
-4.853955e-02
-5.499937e-02
-7.609741e-02
-6.147368e-02
-3.198865e-02
-2.758013e-02
-5.996722e-02
-2.121679e-02
-2.223241e-02
-6.382165e-03
-1.225863e-02
-6.707686e-03
-1.174927e-02
-6.353701e-04
-1.279759e-02
-2.756843e-02
-1.092380e-02
1.133438e-03
1.282198e-02
-1.715134e-02
-2.527789e-02
1.047926e-02
-5.600823e-02
-4.602978e-02
-2.081832e-02
-4.740673e-02
-5.017349e-02
4.896908e-03
-3.428817e-02
7.514385e-03
1.806808e-02
-3.801280e-03
2.348884e-02
3.728605e-03
3.523235e-02
-4.407866e-03
5.471672e-03
-1.537067e-03
-4.243251e-03
1.763667e-02
-2.311406e-02
1.080011e-02
-9.721003e-03
2.146702e-03
-2.984063e-02
-2.297956e-02
4.737322e-02
2.412419e-02
-3.354133e-02
2.197620e-02
6.936116e-03
1.598280e-02
2.570958e-02
1.726686e-02
2.989676e-04
1.162783e-02
1.339219e-02
1.043217e-02
-4.076255e-03
1.872857e-02
1.823076e-02
-3.708785e-03
2.166619e-02
-2.945363e-03
-5.271875e-03
-1.705316e-02
-4.294722e-04
-1.532810e-02
-1.064762e-02
2.059631e-02
-5.132907e-03
3.669219e-03
-2.457166e-02
-4.268231e-03
-1.438582e-02
2.391556e-02
3.789954e-02
2.545970e-02
1.834078e-02
3.305206e-02
2.342793e-02
-1.653023e-03
7.898849e-04
-2.105034e-02
-8.869068e-03
-2.353347e-02
-1.844251e-02
-7.343831e-03
-2.380695e-02
3.371033e-03
-5.529550e-02
-4.990363e-03
-4.528955e-02
-9.549693e-02
5.439741e-03
-2.224286e-02
-9.018150e-02
6.922103e-03
8.675294e-04
8.808028e-03
4.871714e-03
2.204282e-02
3.628549e-03
3.161324e-02
1.350976e-01
-3.613430e-02
-2.123374e-02
7.108191e-02
-7.953276e-02
-6.986632e-02
-1.068692e-02
-1.572235e-01
-9.216813e-02
-5.190968e-02
-1.136540e-01
-5.935149e-02
-5.874528e-02
-6.823346e-04
3.166072e-03
9.853980e-04
-2.518158e-03
5.128976e-04
1.910709e-03
-1.059595e-03
9.709048e-04
3.288501e-03
-3.976047e-02
2.010651e-01
-1.253470e-01
-6.689989e-02
1.379734e-01
-1.673009e-02
-2.455544e-02
2.195563e-02
-1.171155e-01
4.938227e-04
-2.901691e-03
-7.848277e-02
1.084302e-01
1.612851e-02
4.396801e-03
5.657543e-02
1.178145e-04
3.365065e-03
-9.862041e-02
-9.189095e-02
6.210000e-03
-9.410476e-02
-8.400759e-02
-3.332936e-02
-9.295297e-02
-7.131675e-02
-7.224569e-03
7.423428e-02
-1.086799e-01
-1.220144e-01
7.709982e-02
-9.992297e-02
-1.183343e-01
1.144730e-01
-1.064359e-02
-3.532825e-02
-8.898574e-02
-2.916500e-02
3.913432e-02
-9.082518e-02
-4.736703e-02
-4.271125e-02
-1.579661e-02
-1.644378e-02
-3.781657e-02
-9.196793e-02
-9.109211e-02
-5.759170e-02
2.093963e-02
-1.588219e-02
-4.464401e-02
-3.239131e-02
-4.823167e-02
2.659809e-02
5.482024e-02
3.945905e-02
8.248209e-03
1.469038e-01
-1.402230e-02
-1.113321e-01
6.280419e-03
-1.448890e-01
-1.263707e-01
-2.026003e-01
-4.220498e-02
8.923777e-02
-1.890561e-01
-7.457479e-02
-1.041654e-03
-8.432902e-02
-1.128505e-01
-8.781910e-02
-4.536643e-02
-5.982764e-02
4.608150e-02
-1.434101e-02
-5.222085e-02
5.750547e-02
1.884488e-02
-1.939028e-02
3.350525e-02
1.177290e-02
-2.014750e-02
-6.230317e-02
5.481767e-02
-1.263464e-02
-3.168887e-02
2.164325e-02
-2.582998e-02
-7.301684e-03
-9.443597e-02
-4.058046e-02
-4.209252e-02
-1.101047e-01
-7.139088e-02
-6.069803e-02
-1.168507e-02
3.942166e-02
4.867437e-02
4.252362e-02
1.405034e-02
-4.046553e-02
9.141956e-02
-6.874264e-03
-4.882915e-02
8.229078e-02
3.819904e-02
4.705697e-03
-2.593518e-02
-5.530578e-02
-2.693184e-02
-1.339383e-02
-4.300452e-02
-2.391351e-04
-5.360264e-02
-1.825753e-02
-2.134242e-02
6.126054e-02
1.066259e-01
-2.484474e-02
1.441178e-02
-6.405291e-02
-1.019334e-02
-6.133384e-02
-7.595993e-02
-1.115622e-01
4.605059e-02
-3.067228e-03
2.589687e-02
5.292760e-02
1.101764e-02
1.610475e-02
3.273625e-02
2.588707e-02
-2.817220e-02
-2.846120e-03
-1.337699e-04
-4.278162e-03
1.833690e-03
-1.065681e-03
-2.447074e-03
-7.431145e-04
-2.540334e-04
1.849719e-03
6.754535e-02
-1.342249e-01
7.781722e-02
4.321760e-03
-8.927447e-02
1.877755e-02
7.819372e-03
1.073140e-01
9.262123e-02
6.533080e-02
-8.801023e-03
-6.243690e-02
-5.631961e-02
5.355033e-02
-9.300521e-02
-2.817718e-02
-3.846324e-03
-5.223915e-02
-8.474885e-02
-9.080221e-02
-2.246655e-02
-9.517519e-02
-7.285318e-02
-7.522485e-02
-7.803341e-02
-1.111262e-01
-9.629345e-02
9.636458e-02
4.361696e-02
3.785457e-02
1.621081e-02
-1.669905e-02
-6.374062e-03
-8.605473e-03
-4.153195e-02
-1.157068e-01
3.847087e-03
1.995237e-02
-1.594696e-02
-5.237113e-02
-1.849926e-02
-4.510434e-02
9.148181e-03
-3.432574e-02
-6.298835e-02
-2.810257e-02
5.362376e-02
-3.591626e-02
2.249444e-02
3.086749e-02
-7.016960e-03
-3.279854e-02
-4.599817e-02
-6.598814e-02
-1.153603e-02
2.949512e-02
-2.010812e-02
-1.082242e-02
5.557290e-02
2.360171e-02
3.878607e-02
-1.268720e-02
1.206993e-02
-3.086077e-02
-7.124472e-02
5.028041e-02
5.109735e-03
9.245467e-02
2.037511e-02
1.660460e-02
2.482229e-02
2.430205e-02
3.433888e-02
3.413391e-02
-6.317924e-03
-4.208999e-02
-6.798024e-03
-2.032988e-02
-7.423896e-03
-3.261843e-02
-5.142704e-03
-1.297270e-02
-3.968054e-02
4.237276e-03
-6.012875e-03
1.998658e-02
-2.429134e-03
-3.489663e-02
-2.677150e-02
-1.929644e-02
3.188192e-02
-9.728767e-03
-5.769989e-03
-2.315275e-03
-1.657978e-02
-7.510297e-02
2.848165e-02
2.652157e-02
-4.054527e-02
-3.855332e-02
-9.537331e-03
4.915697e-03
1.677886e-02
2.090181e-02
-1.338693e-02
-5.368324e-02
-5.033028e-02
-4.503234e-02
