8.411605e-05
1.027509e-03
1.130450e-03
1.042874e-03
-1.260291e-03
1.966097e-03
4.262321e-04
3.238175e-03
-3.676482e-03
-1.038114e-04
-1.856297e-04
1.051974e-03
5.708263e-04
-1.101804e-03
1.568008e-03
5.194930e-04
2.610409e-03
-4.220818e-04
-1.732210e-03
1.100830e-03
-1.232768e-04
7.938314e-04
-7.610596e-04
1.597936e-04
-1.149827e-03
1.914624e-03
-4.044064e-04
1.974474e-03
-1.222613e-03
-1.688410e-03
1.201544e-03
-2.712886e-03
4.181538e-04
1.352859e-04
-4.013284e-04
-1.641963e-03
-3.800001e-04
-1.180487e-04
6.990389e-04
-2.894997e-03
-2.571076e-04
1.540528e-03
2.363889e-03
-4.355808e-04
5.119750e-04
1.223533e-03
-2.283300e-03
-3.551237e-05
-7.399260e-04
-2.621694e-03
-1.664055e-03
1.567793e-03
-4.829364e-05
-2.253791e-03
2.574891e-03
-1.042075e-03
3.433945e-04
-4.361559e-03
-9.433784e-04
-5.727307e-04
3.469744e-04
-8.698997e-04
1.505821e-03
-2.733829e-03
-3.153599e-03
1.531279e-04
-1.784482e-03
2.942296e-03
-4.344107e-04
-2.228425e-03
1.629116e-03
3.771983e-04
6.646276e-04
-1.193044e-03
3.672613e-04
-7.938517e-04
-2.037101e-03
-2.715341e-03
-1.465945e-03
1.143775e-03
1.731885e-03
4.633542e-04
3.191093e-03
-1.624409e-03
-1.254212e-03
-7.703313e-05
2.690088e-03
-8.937520e-04
2.580133e-03
-4.753785e-04
-1.293158e-03
-9.317896e-04
7.095417e-04
5.804106e-04
1.357875e-03
-1.641535e-03
-1.253577e-03
-2.596257e-03
2.140064e-04
2.841210e-03
-3.585462e-03
-2.004963e-04
-8.315872e-04
1.584754e-03
-3.963073e-04
9.698755e-04
8.386005e-04
3.336399e-03
-1.464575e-03
-2.616672e-04
-3.647698e-04
2.560514e-04
1.511221e-03
1.427367e-03
2.332732e-03
-1.831087e-03
-5.085312e-05
-9.807617e-04
-1.472934e-05
-7.210220e-04
1.580060e-03
-1.623208e-03
-3.510056e-04
-1.897566e-03
-1.275701e-03
-1.221035e-03
1.011789e-03
4.278886e-04
4.369407e-03
-6.356083e-05
6.619975e-04
-2.991750e-04
-2.087999e-03
1.319939e-03
2.037571e-03
6.414295e-04
2.087872e-04
1.799511e-03
-2.411186e-04
-4.191386e-04
1.461504e-03
-1.445349e-03
2.287555e-03
4.069658e-04
5.066351e-03
1.845129e-02
-5.500754e-04
-3.170007e-02
6.222508e-04
-5.609126e-03
-3.774920e-02
3.895184e-03
-1.376744e-02
2.525021e-02
-2.313064e-02
1.060426e-02
6.641717e-02
1.720794e-02
-1.724538e-02
1.514235e-01
7.838331e-02
-9.700193e-03
-5.597524e-03
-1.532961e-02
9.529651e-03
1.887048e-02
-8.952210e-02
-1.060504e-01
4.151998e-02
-4.220048e-02
-7.906300e-02
2.833283e-02
1.090468e-02
-8.029284e-02
6.721560e-02
6.054338e-02
-8.030125e-02
-2.100753e-02
-3.027693e-03
-6.382193e-02
-2.772847e-02
1.297203e-02
-7.667037e-03
-6.203643e-03
-2.538504e-02
-4.187896e-02
-1.429133e-02
-7.322443e-02
-1.044529e-01
-6.178575e-04
9.400852e-04
-1.851313e-03
3.427334e-04
2.639016e-03
3.994541e-04
5.040369e-03
1.412677e-03
3.520811e-04
6.388179e-02
-1.217129e-01
-1.567518e-01
1.823002e-02
-3.261497e-02
-6.421595e-02
2.077984e-02
7.440393e-02
5.955248e-02
3.286750e-02
-6.980862e-02
-5.220781e-02
-4.182483e-02
-1.146770e-01
-9.992728e-02
6.001682e-02
-7.963858e-02
-7.654727e-02
8.002830e-02
4.818005e-02
1.486171e-01
-3.230421e-03
6.727997e-02
1.619993e-01
-7.727116e-02
-2.821840e-02
9.173910e-02
3.383542e-02
3.319232e-02
8.382729e-02
-1.960483e-02
3.536453e-02
5.325975e-02
-4.555002e-02
1.717793e-02
3.285393e-02
6.579723e-03
-2.155253e-02
4.536913e-02
-5.032899e-02
-7.102596e-02
-1.840208e-03
1.184387e-02
-6.937923e-02
-5.082641e-02
2.959233e-02
1.011245e-01
2.103020e-02
-9.202851e-02
-7.806633e-02
-4.744213e-02
-1.408939e-01
-2.743441e-02
4.652192e-02
-2.271598e-02
-7.684240e-02
-7.649601e-02
2.955431e-02
-4.098469e-02
-7.086811e-02
3.212883e-02
-3.825762e-02
-8.675984e-02
8.267876e-03
-3.432094e-02
-1.879878e-01
7.656139e-03
-1.964544e-02
-1.431391e-01
1.909421e-01
1.560695e-01
-4.496221e-02
-9.017131e-02
-6.385156e-02
-2.738382e-02
-1.440440e-02
-3.095481e-02
-2.017164e-02
-1.803295e-02
-4.601812e-02
-5.232104e-02
-1.113486e-01
-1.356986e-01
-1.193724e-01
2.151501e-01
5.539797e-02
-7.358422e-02
1.086773e-01
4.299423e-02
1.603144e-02
1.088431e-01
1.157663e-01
5.533688e-02
8.207165e-02
7.825574e-02
-3.249329e-02
6.160211e-02
-1.101948e-04
-1.356694e-01
1.325069e-02
4.582893e-03
4.954362e-02
-3.457810e-02
4.045575e-02
6.498218e-02
-5.215194e-02
2.780902e-02
6.637663e-02
-7.559523e-02
-4.291115e-02
4.368454e-02
-1.940202e-01
-1.496541e-01
9.534395e-02
-1.859010e-01
-1.657711e-01
8.005761e-03
-3.863695e-02
-1.165318e-01
-4.510581e-02
4.466231e-03
-7.150093e-02
-7.848185e-02
9.083679e-02
1.098502e-02
-7.433437e-02
-1.249184e-02
-1.417762e-02
-1.609184e-01
-1.175769e-01
-1.134663e-01
-1.915223e-01
-1.683597e-02
3.392884e-02
-9.033030e-02
-2.880583e-03
-7.773719e-04
-1.339586e-03
-3.476523e-03
3.245235e-04
3.749368e-04
-6.319911e-04
-1.774275e-03
-7.965497e-04
-2.244540e-01
-2.183564e-01
-5.865840e-03
1.052974e-01
3.133452e-02
-1.298636e-01
4.347586e-01
3.721646e-01
1.835342e-02
-5.849886e-02
1.141094e-03
-1.971372e-02
-1.166327e-01
-1.014908e-01
1.877524e-02
-7.374571e-02
-1.093041e-01
5.805941e-02
-5.860325e-02
-2.522390e-02
1.117502e-01
-3.433255e-02
-2.588192e-02
1.233284e-01
7.951164e-02
2.262088e-02
9.820146e-02
-2.372126e-02
-5.688140e-02
-1.016224e-01
3.409296e-03
-5.352701e-02
-1.352071e-01
-2.279681e-03
-3.840691e-02
-6.895123e-02
1.154907e-01
4.895102e-02
-6.805755e-03
-7.529288e-02
-8.610698e-02
1.097525e-03
-1.341664e-01
-1.738513e-01
-5.481577e-03
1.368682e-02
1.340422e-01
1.040955e-01
-1.585470e-01
-1.205080e-01
-1.552303e-01
-1.690299e-01
-1.045148e-01
-1.025350e-01
-1.800926e-02
-8.323906e-02
-9.200557e-02
1.268309e-02
-5.561096e-02
-5.650540e-02
-1.864060e-02
-7.701480e-02
-5.816909e-02
-3.283071e-02
-9.071056e-02
1.086108e-01
-1.135921e-01
-1.150402e-01
-1.263617e-02
3.421865e-02
2.136537e-01
-1.321709e-01
-3.985498e-02
4.201075e-02
-2.988904e-03
-1.522515e-02
-1.864846e-03
-3.199857e-02
4.041634e-03
-1.462524e-02
-4.079994e-03
-1.510357e-01
-1.615442e-01
6.886578e-02
1.428713e-02
-2.739831e-02
1.353957e-01
7.432164e-03
-9.138725e-03
5.180688e-03
-8.543784e-03
3.741732e-02
9.494291e-02
1.947957e-02
9.186460e-02
1.186987e-01
3.973853e-02
7.992505e-02
4.115222e-02
-2.668126e-02
-6.460078e-02
2.534908e-02
-5.057084e-02
-6.003680e-02
-1.880323e-02
-4.730577e-02
-5.414098e-02
-1.142781e-02
4.112359e-02
4.158409e-03
-1.036624e-02
1.842164e-03
-2.717739e-02
-9.257931e-03
-4.457746e-02
-4.899334e-02
-5.108820e-02
1.046863e-01
7.844852e-03
-4.545081e-02
1.239191e-01
1.227526e-02
-1.182750e-03
1.364256e-01
1.859980e-02
-7.796758e-02
3.296843e-03
3.194699e-02
-2.295040e-02
5.302972e-02
7.711810e-02
6.146363e-03
-1.157177e-02
6.500801e-03
-2.668205e-02
7.177343e-04
3.130426e-03
1.710201e-03
8.629799e-04
-4.601020e-04
1.590750e-03
-3.158513e-04
-6.011433e-04
2.307419e-03
1.090013e-01
2.307547e-02
8.882756e-02
1.088724e-01
7.001160e-02
-3.497406e-02
1.375220e-01
6.658287e-02
1.676840e-02
-7.704010e-02
-1.200064e-03
-3.896069e-02
-9.578893e-02
-4.800608e-02
-5.267467e-02
-3.144711e-02
7.115625e-02
6.759910e-02
4.694441e-02
8.429857e-02
-1.613497e-03
-3.338279e-03
2.782340e-02
-1.009982e-02
-7.146578e-02
2.954991e-02
9.272712e-02
2.617736e-03
2.804530e-02
2.764470e-02
1.107244e-01
1.049900e-01
7.452090e-02
9.591487e-02
7.797697e-02
8.396716e-02
4.108217e-02
6.627028e-02
1.210984e-02
3.498392e-02
6.132999e-02
6.476653e-03
-2.617895e-02
-3.109079e-02
2.472861e-02
2.404261e-02
4.628001e-03
8.261775e-02
4.363225e-02
4.603776e-02
3.768919e-04
-4.242003e-02
6.328087e-03
-4.409937e-03
-4.779180e-03
1.877145e-02
6.816816e-02
-1.684586e-02
1.123057e-02
6.467816e-02
2.230128e-02
1.646285e-02
2.189135e-02
-1.609473e-02
2.279525e-02
3.600838e-02
-1.706336e-01
-1.718193e-01
4.688299e-02
-1.085776e-01
-1.688089e-02
1.294116e-01
-2.624407e-02
6.053163e-03
4.985502e-03
-2.238003e-02
3.932833e-02
1.572796e-02
-7.715961e-03
2.075332e-02
-8.339649e-03
-8.383646e-02
-7.091498e-02
-9.626987e-02
-9.139390e-02
-8.593111e-02
-1.523265e-03
4.529992e-03
-3.995666e-02
-5.407370e-02
1.735060e-02
-2.593915e-03
-2.825019e-02
-1.059297e-01
-8.583928e-02
4.146683e-02
2.354565e-02
-5.860036e-02
9.345382e-02
-1.276526e-02
-5.653015e-02
-2.175689e-02
-1.143233e-01
9.877603e-02
1.994851e-01
4.022049e-03
1.435838e-01
2.101726e-02
2.688308e-02
9.709617e-02
3.480741e-02
4.323536e-03
-3.564777e-02
-9.327660e-02
-7.001177e-02
-6.794728e-02
-1.818393e-02
-9.807904e-02
-1.306828e-01
3.661477e-02
-7.025278e-03
4.579468e-01
-5.985153e-02
-4.261696e-03
-1.546782e-01
4.554197e-03
-1.411598e-02
1.896395e-01
-1.023703e-01
-1.252886e-01
-2.297563e-01
5.713385e-02
-5.451349e-02
-6.011887e-02
-7.306878e-02
-1.831240e-03
2.204421e-03
-6.509933e-04
-1.890453e-03
-6.620249e-06
2.547934e-03
-3.874692e-03
-1.101845e-03
1.920736e-03
-4.851327e-02
3.546907e-01
5.266553e-02
3.162311e-02
-3.880012e-01
2.418447e-01
-2.116451e-01
2.334754e-01
-1.290253e-01
1.420352e-01
2.538642e-03
7.962069e-02
-1.392605e-01
-4.899904e-01
3.636328e-02
1.168455e-01
1.713320e-01
1.043565e-02
-1.796905e-02
-4.772857e-03
-1.413855e-01
-2.999548e-02
-3.208266e-02
3.087131e-01
-1.641169e-02
1.802846e-02
-3.456896e-02
-1.182129e-01
7.763328e-02
5.339894e-02
3.240820e-02
-3.975992e-02
4.173379e-02
3.238078e-02
1.053858e-01
-9.999528e-02
-1.328692e-02
1.643216e-01
-1.915701e-01
1.547660e-01
-1.749592e-01
5.028332e-02
1.907450e-02
1.590735e-01
-1.035597e-01
-5.515014e-02
4.763648e-01
-1.365001e-01
-4.612543e-02
-3.049178e-01
-2.046756e-01
4.868520e-02
6.482736e-02
-9.572723e-03
3.657478e-02
-1.419047e-01
-2.722987e-02
-2.965907e-03
9.211426e-02
-5.707960e-02
-7.000717e-02
-1.766311e-01
-7.858286e-02
3.693145e-01
-2.866663e-01
-2.001737e-02
-2.818739e-01
2.727396e-01
-9.148727e-02
2.106284e-01
2.468376e-01
1.248081e-02
-8.270818e-02
-1.247562e-02
5.637532e-02
8.656087e-02
-1.251551e-03
-3.167183e-02
1.139078e-01
-8.797948e-02
7.626671e-02
-2.616432e-01
-6.820752e-01
1.175708e-01
1.899663e-01
6.173162e-01
-2.575987e-01
-2.564197e-01
-1.844408e-01
-2.618267e-03
-3.523082e-02
-3.559534e-02
-4.096559e-02
-1.263414e-02
-6.376144e-03
-2.219763e-02
-8.309348e-03
-1.256669e-02
-2.905622e-02
5.624603e-03
3.362715e-02
4.317858e-02
2.192733e-03
2.441785e-02
5.051033e-02
-1.377891e-02
1.783403e-02
5.766523e-02
-1.561850e-02
6.120348e-03
3.614606e-02
-4.917094e-02
-1.924177e-02
-1.534815e-04
-3.427679e-02
-9.261671e-03
-2.107500e-02
-3.474971e-02
-5.618424e-02
-5.069452e-02
-8.145656e-02
-7.163703e-02
-6.242795e-02
-5.014572e-02
-6.840339e-02
-6.475709e-02
2.184320e-02
7.259803e-04
2.734438e-02
2.107254e-02
2.466724e-02
5.856945e-02
-1.198808e-03
3.413986e-02
3.818666e-02
1.784226e-03
3.482963e-04
1.499494e-03
-7.491244e-05
1.853953e-03
-2.068166e-04
-1.037206e-03
-2.204273e-03
-2.444889e-03
4.290579e-02
1.118309e-01
6.024825e-02
6.312864e-02
1.006230e-01
8.349271e-02
7.641966e-03
4.076675e-02
2.390317e-02
-9.857474e-02
-7.663146e-02
-7.582206e-02
-6.497455e-02
-4.009910e-02
-4.233851e-02
-8.178488e-02
-4.484430e-02
-5.798580e-02
-9.277033e-03
1.444080e-02
4.820630e-03
-6.784807e-03
4.966485e-02
4.706224e-02
2.544141e-02
9.467041e-02
4.939599e-02
7.083144e-03
4.189884e-02
1.455588e-02
-4.035190e-02
-3.357107e-02
-1.163014e-02
-9.235845e-02
-7.417630e-02
-6.681084e-02
-5.028240e-02
-3.413497e-02
-4.259146e-02
-4.476934e-02
-4.984589e-02
-4.018964e-02
-2.088936e-02
1.668846e-02
-1.012096e-02
3.049920e-02
1.953552e-02
-6.704303e-03
2.997642e-02
6.401331e-03
-5.461661e-03
5.809375e-02
1.554055e-02
3.008213e-02
1.220437e-02
3.194127e-02
3.589670e-02
2.061390e-02
4.250136e-02
3.983428e-02
2.479636e-02
3.185532e-02
5.101750e-02
-9.916104e-02
-1.438370e-01
-1.077015e-01
-7.328290e-02
-2.257299e-02
-1.764818e-02
3.216556e-02
3.198606e-02
4.209835e-02
1.030399e-01
8.598243e-02
1.228099e-02
8.440328e-02
7.607023e-02
2.446950e-02
5.157507e-02
5.430009e-02
5.120891e-02
-4.664184e-02
-6.208143e-02
-2.655850e-02
-1.511361e-02
2.123949e-02
-4.321091e-03
3.369437e-03
2.575728e-02
2.654084e-02
-1.308746e-01
-3.318397e-02
6.752266e-02
-1.250414e-01
4.281643e-03
6.169646e-02
-2.096093e-02
3.809348e-02
1.238914e-02
4.068318e-03
-5.534271e-02
-4.992949e-02
2.944481e-02
-4.019903e-02
2.800078e-02
8.955072e-03
-8.738727e-03
-1.134020e-02
1.203955e-01
8.178801e-03
-5.824817e-02
7.185050e-02
3.354028e-02
-4.951090e-02
-5.330288e-02
1.009309e-02
-3.938019e-02
7.512439e-02
1.364346e-01
7.657775e-04
2.584417e-03
2.308926e-01
8.612713e-02
1.060995e-01
7.038372e-02
-5.448527e-02
-1.309119e-02
3.216990e-02
6.853097e-02
5.605486e-02
1.520869e-02
-1.372458e-02
-2.558777e-02
5.428119e-03
-2.487403e-02
-2.979565e-03
1.248125e-03
-2.196680e-03
-2.988077e-03
-1.990338e-04
-1.586587e-03
-3.933006e-04
1.628437e-04
-1.559177e-03
8.001635e-03
-4.051314e-02
2.631630e-02
1.734997e-01
1.343030e-01
2.837846e-03
8.631622e-03
1.838349e-01
6.723851e-02
4.408642e-02
-1.217319e-01
-1.677938e-02
-1.602342e-02
-2.449705e-01
-4.331691e-02
-3.863509e-02
-7.625177e-02
3.473539e-02
-1.051703e-01
-1.612358e-01
-7.314358e-02
-1.205522e-01
-2.695401e-01
-3.844232e-02
-9.598784e-02
-1.232031e-01
-9.897239e-03
-3.125559e-02
-6.362818e-03
-2.861269e-02
7.983802e-02
4.611123e-02
-2.076086e-02
1.301994e-02
1.063378e-02
-1.303383e-02
1.517797e-01
1.401555e-01
1.271114e-01
1.525066e-01
-2.927126e-03
6.636567e-03
1.097564e-02
-6.276076e-02
-6.273486e-02
-1.095115e-01
1.255640e-02
1.526615e-01
5.471926e-02
-1.348117e-01
-3.430543e-02
9.182189e-02
-2.691099e-02
-2.381293e-02
7.051132e-02
3.063613e-02
6.269374e-03
4.247021e-02
1.048207e-01
7.354832e-02
8.205042e-02
6.821688e-02
2.759853e-02
1.717691e-02
2.710096e-02
-5.981920e-02
-3.022209e-01
-6.425618e-02
-4.019334e-02
-2.450909e-01
8.316053e-02
1.720850e-01
-2.185989e-02
-1.868642e-02
3.526586e-02
8.671466e-02
5.889301e-02
6.375452e-03
7.546628e-02
4.546914e-02
-4.640085e-02
3.522030e-02
-1.745404e-01
-1.240707e-01
-6.104034e-02
1.344611e-01
8.922078e-02
-2.719471e-02
-6.328479e-02
2.593614e-02
-3.618158e-02
-3.837368e-02
1.942255e-02
-4.346139e-02
-1.386164e-02
2.792875e-02
-5.354073e-02
-1.423726e-02
-2.357187e-02
-5.497670e-03
-3.148470e-02
2.383226e-02
-4.009998e-03
-8.698105e-03
3.362954e-02
1.185151e-03
-2.464118e-02
2.925872e-02
-1.443388e-02
-1.815730e-02
1.409785e-02
-1.513825e-01
-2.332590e-01
-6.836781e-02
-1.411774e-01
-1.570933e-01
-5.881539e-02
-5.549534e-02
-9.554692e-02
3.058289e-02
3.587660e-02
-6.709714e-02
3.583199e-02
2.059071e-01
1.526336e-01
1.841396e-01
9.326282e-02
3.618231e-02
3.998320e-02
-8.662582e-03
-5.223166e-02
-7.636857e-02
-8.650865e-02
-1.109976e-01
-6.359468e-02
-3.276814e-03
3.566552e-03
-2.668894e-03
-3.013115e-03
7.305851e-04
-2.695356e-03
5.068425e-04
9.461536e-05
-2.422403e-03
-3.401266e-01
-3.654262e-01
-2.085830e-01
-6.575961e-02
4.183322e-02
3.401747e-02
2.547511e-01
4.282944e-01
3.269081e-01
4.912474e-02
9.004289e-02
-6.404298e-02
-1.941055e-01
-6.861859e-02
-1.359743e-01
-1.652024e-01
-1.342920e-01
-1.494967e-01
5.050907e-02
-3.953272e-03
-7.288440e-02
8.914001e-02
-3.393396e-02
-1.390602e-01
9.032819e-02
8.144556e-03
2.901187e-02
-1.811168e-01
-1.248352e-01
-7.552280e-02
-3.793071e-02
-2.269207e-02
-7.639153e-02
-6.021433e-02
-7.732940e-02
-7.228196e-02
1.484255e-01
1.728938e-01
5.580821e-02
-4.869798e-02
-5.266562e-02
-1.054602e-01
-1.651508e-01
-2.656560e-01
-1.813948e-01
6.103823e-02
-5.742467e-02
1.323175e-02
-5.393771e-02
-4.605245e-02
-4.826797e-02
-3.066345e-02
1.179699e-01
7.500856e-02
-8.132907e-02
-9.060492e-02
-8.045959e-02
-4.126863e-02
-1.673541e-02
2.011611e-02
7.092965e-03
4.742489e-02
2.478007e-02
3.798116e-02
9.906383e-03
6.484837e-02
-9.637121e-02
-2.930503e-01
-1.127575e-01
-1.472585e-03
3.725477e-02
1.737781e-01
-1.460794e-02
-4.264912e-02
1.577921e-02
1.792110e-02
3.645065e-02
4.286468e-02
3.264108e-02
5.745830e-02
1.569834e-02
-1.007984e-01
-5.791734e-02
-5.271994e-04
-3.409678e-02
-1.359613e-01
-1.725605e-02
1.026178e-02
-8.198734e-02
-5.412783e-02
-4.454041e-02
-1.411218e-03
7.081212e-03
-7.474188e-03
5.761816e-02
6.791206e-02
1.811907e-02
8.386404e-02
6.924812e-02
2.902963e-02
7.959928e-03
-2.006200e-02
2.326513e-02
-5.398848e-03
-4.114186e-03
-1.936250e-02
3.499469e-02
-2.249620e-02
-1.438579e-02
-2.356809e-02
1.830610e-02
6.018493e-02
2.856328e-02
1.420480e-03
4.669890e-02
3.460204e-03
-4.357205e-02
-4.036378e-02
1.625925e-02
9.682576e-02
4.021818e-02
9.114071e-02
7.077561e-02
4.076684e-02
3.891917e-02
-8.581642e-03
1.277361e-01
1.253177e-01
5.435039e-03
1.377399e-01
1.538562e-01
5.726250e-02
9.284789e-02
6.457250e-02
-4.021358e-02
-1.661501e-03
8.808617e-04
8.398722e-04
2.143310e-04
-4.274665e-04
3.916230e-04
3.417577e-03
2.433630e-03
-3.216348e-04
1.718467e-02
-1.092339e-02
7.448310e-02
-4.190048e-03
-8.597952e-02
5.215992e-02
-1.424910e-01
-1.133983e-01
-1.667423e-02
-2.640385e-02
7.423255e-02
4.701648e-02
-4.328558e-02
4.675027e-02
5.302939e-02
-4.052977e-02
3.545402e-02
6.686104e-02
-5.397756e-02
-6.903184e-02
-9.103077e-02
-4.649975e-02
-1.213260e-02
-4.020919e-02
-3.976825e-02
-4.155454e-03
1.218466e-02
-2.241666e-02
-3.755220e-02
1.135630e-02
-3.697851e-02
-6.042404e-02
-1.022535e-02
-3.472911e-02
-7.409950e-02
-5.730536e-02
6.401135e-03
4.829651e-02
-6.296210e-02
2.893454e-02
2.375469e-02
-4.748946e-02
4.020933e-02
6.523491e-02
-5.479633e-02
-1.040892e-02
-1.240658e-02
-7.401255e-02
2.789197e-02
1.031780e-02
-5.125531e-03
-5.893885e-02
-3.231349e-02
-1.654018e-02
-7.090853e-02
4.861618e-02
4.974285e-02
-5.430539e-02
6.417502e-02
5.070471e-02
-3.465087e-02
6.466067e-02
4.598344e-02
-1.009918e-02
-1.133823e-01
1.467782e-01
2.860552e-02
4.233990e-03
1.790699e-01
1.801370e-02
2.350220e-02
1.546605e-01
-6.405052e-03
1.894444e-01
-3.651829e-02
-1.875407e-02
1.427475e-01
-3.666930e-02
7.822853e-04
1.257629e-01
-4.704378e-02
1.093064e-02
-8.206522e-02
1.023019e-02
-1.048896e-02
-3.361763e-02
-7.212714e-03
2.774077e-02
-6.557504e-02
-3.070444e-02
-1.677635e-02
-6.169751e-02
-7.248408e-02
1.424971e-02
-4.327181e-03
9.157763e-03
-5.569789e-04
-3.326282e-02
5.017695e-03
-6.335655e-02
-3.963126e-02
-7.666853e-02
1.933379e-03
-4.111477e-02
-6.696129e-02
2.960966e-02
-2.427211e-02
-7.721687e-03
-1.319441e-02
5.634150e-02
2.035762e-02
3.085112e-02
3.800143e-02
9.263476e-02
-1.488511e-02
-3.372463e-02
3.650382e-02
5.615905e-02
8.509186e-02
2.738290e-02
1.154932e-01
9.907050e-02
-1.901325e-02
-1.652293e-02
3.622984e-02
7.696600e-02
4.527175e-03
1.371745e-02
8.223660e-02
-3.305699e-02
1.289740e-01
2.373681e-01
1.522636e-02
-7.461287e-02
-1.590796e-02
2.419423e-03
-1.025120e-03
-2.276536e-03
1.865743e-03
-5.213798e-04
-1.381991e-03
1.213139e-04
-1.147667e-03
-1.752082e-03
-1.603792e-02
-1.237313e-02
1.755330e-02
1.471107e-01
1.992828e-02
3.215950e-02
2.263700e-01
2.268784e-01
-2.506053e-02
-1.172280e-01
-1.122615e-01
3.430982e-02
-1.028114e-02
-2.218631e-02
8.757774e-02
1.473973e-02
-6.961217e-02
-1.512264e-01
8.868318e-03
9.559172e-02
1.326754e-01
1.895044e-02
1.061754e-01
1.539269e-01
-6.624248e-03
-7.334994e-02
-6.910511e-03
-7.769499e-02
-5.206040e-02
-4.230450e-02
1.953636e-02
3.295477e-02
2.248799e-02
-2.681641e-02
1.606692e-02
-3.658254e-03
7.812974e-02
4.854524e-02
3.256646e-02
2.446889e-02
2.318576e-02
1.325815e-01
-2.595245e-02
-5.580950e-02
-6.801912e-03
1.012285e-02
-6.593761e-02
-1.138131e-01
-1.464727e-01
-1.149070e-01
9.042598e-02
-1.298376e-01
-9.844479e-02
-8.784113e-03
-4.138496e-02
-6.255639e-02
-4.435070e-02
1.552045e-02
-3.452374e-02
-4.164213e-02
3.294071e-04
-3.969701e-03
2.644633e-02
-3.367617e-02
5.166911e-02
1.128037e-02
5.884342e-02
7.604279e-02
-1.278100e-01
-1.828604e-03
-1.811544e-01
-2.731915e-01
-1.692045e-02
-6.156559e-02
-1.428108e-02
-1.310618e-02
-4.558114e-02
6.595714e-02
-1.120897e-03
-1.489554e-02
3.984559e-02
-3.532788e-02
6.307033e-03
1.256368e-01
1.332331e-01
-2.990065e-03
-1.297311e-01
9.760980e-02
3.829300e-02
-3.750169e-03
2.837407e-02
4.689279e-02
-1.335915e-03
6.039022e-02
5.721032e-02
8.393463e-03
6.212661e-02
3.090518e-02
-2.879284e-02
-8.616240e-02
-1.018613e-01
-8.273306e-02
-6.309000e-02
-7.721884e-02
-7.589994e-02
-7.034689e-02
-8.443031e-02
-6.263795e-02
4.561098e-02
8.974314e-02
1.596887e-01
-4.832248e-02
5.183643e-03
3.943825e-02
-3.976388e-02
3.128354e-02
3.319939e-02
9.218989e-02
9.814713e-02
1.382431e-02
6.417838e-02
1.021122e-01
5.087949e-02
3.984120e-02
6.968051e-02
3.124906e-02
1.576940e-02
3.779446e-02
9.911952e-03
3.415734e-01
3.181934e-01
3.462189e-01
-9.190148e-03
-5.368356e-03
4.389714e-02
2.239282e-03
-1.801294e-03
8.566065e-04
1.284497e-03
4.058034e-04
-3.494604e-03
2.390180e-04
-8.565079e-04
2.443503e-03
7.983892e-03
6.601267e-02
-4.604586e-03
3.161477e-01
3.359884e-01
1.407567e-01
2.934298e-01
2.538977e-01
3.983128e-03
4.814870e-02
-2.227886e-02
-6.917644e-02
2.355728e-01
1.922616e-01
1.701734e-01
3.380457e-02
3.880154e-02
-1.119554e-02
-4.710227e-02
-7.628147e-02
-1.713373e-02
-9.144471e-02
-6.419653e-02
6.245833e-03
-7.842652e-02
-2.165647e-02
1.090527e-02
8.337376e-02
9.462404e-02
4.659347e-02
1.154176e-01
9.689646e-02
1.991738e-03
-3.063612e-02
-4.146590e-02
-1.202941e-01
3.124744e-02
2.738944e-02
-3.629557e-02
2.586468e-02
3.616101e-02
1.583623e-02
-1.127653e-01
-7.517923e-02
-8.240557e-02
-5.124760e-02
1.165009e-02
8.147725e-03
1.504705e-01
2.025991e-01
1.769376e-01
2.772475e-02
1.746187e-02
5.797634e-03
2.099162e-03
-2.881849e-02
-6.774739e-02
-6.473805e-03
-3.713499e-02
-7.419224e-02
5.026970e-02
7.125685e-03
-2.622488e-02
-5.302120e-02
1.006777e-03
-8.781293e-02
1.293829e-02
1.073249e-01
8.693931e-02
-4.302007e-02
-1.711698e-02
-6.748443e-02
-2.949179e-02
-2.740750e-02
-7.340077e-02
-4.912426e-02
-3.967891e-02
-6.259234e-02
1.801228e-02
-6.622467e-03
-1.742925e-03
2.407375e-02
5.856646e-03
7.376382e-03
-7.847194e-02
-2.652495e-02
-4.151834e-02
1.887801e-04
4.684683e-02
5.995989e-02
-2.689211e-02
-2.334504e-02
-2.362235e-02
-2.931330e-02
-5.696103e-02
-5.039430e-02
-6.619582e-02
-6.987504e-02
-6.418201e-02
2.929617e-02
3.678254e-02
-7.726536e-04
1.167971e-02
1.518026e-02
4.129476e-04
-2.004300e-03
-2.935475e-03
-1.440151e-02
-2.781716e-03
1.609505e-02
4.389567e-02
5.997332e-02
6.397191e-02
6.735896e-02
1.027884e-01
9.531250e-02
9.645216e-02
-8.673525e-02
-8.046124e-02
1.864599e-02
4.445103e-04
-5.596317e-02
5.208410e-03
4.026621e-02
-1.844373e-02
4.652213e-02
3.801437e-02
4.126936e-02
1.295246e-02
2.269025e-03
2.122330e-02
8.287285e-03
-1.347037e-02
1.408033e-02
1.672810e-02
2.884124e-04
-6.222178e-04
-2.071297e-03
1.740611e-03
2.917295e-04
2.131668e-04
1.513726e-03
-1.888916e-03
-5.709679e-04
5.755754e-02
1.169719e-01
9.635207e-02
1.939521e-02
5.909576e-02
1.308544e-01
2.107563e-02
1.003925e-02
5.628466e-02
3.548594e-02
3.518202e-02
1.310659e-02
-1.256640e-02
3.450598e-02
3.346525e-02
-3.055377e-02
8.679151e-03
3.008790e-03
2.434897e-03
-4.273022e-02
-3.889316e-02
1.340037e-02
9.944843e-03
-7.265237e-03
-1.597216e-03
9.971629e-03
2.503770e-03
6.616404e-03
-2.811053e-02
-3.464787e-02
-5.551198e-04
-3.727727e-02
-2.338297e-02
3.935239e-02
-2.252359e-03
-1.151986e-02
-3.255964e-03
-1.621652e-02
-6.457394e-02
2.593962e-02
2.654744e-02
-9.780791e-03
3.586190e-02
4.951475e-02
-7.231258e-03
2.546547e-02
-1.423686e-02
-4.646003e-02
3.679749e-02
2.026797e-02
9.784302e-03
3.797670e-03
-2.755651e-02
-7.670822e-02
-1.394039e-03
1.791880e-02
1.502039e-02
3.746187e-05
5.403971e-03
-3.822111e-03
-3.043336e-02
-2.915745e-02
-1.912846e-02
-9.277550e-03
2.012635e-02
7.699697e-02
3.382440e-02
6.662146e-02
1.214309e-01
-5.769802e-02
-8.761043e-02
2.851513e-02
2.208465e-02
1.858286e-02
3.508422e-03
4.462732e-03
9.421997e-03
1.478145e-03
7.977506e-03
9.146066e-03
1.112439e-02
2.597120e-02
6.281918e-02
6.746133e-02
2.428683e-02
2.547430e-02
4.480746e-02
1.306096e-02
4.230030e-02
9.742880e-02
-9.726641e-04
-1.743780e-03
-1.494722e-04
4.381991e-03
2.089983e-03
9.773058e-05
-2.584368e-03
-7.361504e-04
-2.420087e-03
-1.224700e-03
-2.359579e-03
-1.447062e-03
-1.549427e-03
-4.268552e-04
-6.238604e-04
-3.757245e-04
8.279758e-04
-1.252632e-03
-3.636751e-04
-9.056610e-04
-5.757373e-04
7.904810e-04
1.273740e-03
1.683823e-03
-2.372240e-03
-2.414648e-04
3.221604e-03
-1.707545e-03
-7.242860e-04
2.108641e-03
2.204319e-03
5.264719e-04
-2.431758e-04
-1.870985e-03
-6.632455e-04
2.376578e-03
3.197295e-03
-1.308383e-03
9.269300e-04
6.316971e-04
1.059978e-03
-3.908309e-03
3.199319e-04
8.502949e-04
1.248296e-03
-1.621908e-03
-2.733367e-03
2.276135e-03
-4.160438e-03
3.160698e-04
-1.169160e-03
4.552197e-03
1.661764e-03
6.127071e-04
1.437493e-03
4.525902e-04
1.581382e-03
-9.024080e-04
-7.529021e-04
2.144284e-03
-5.143433e-04
-3.531144e-03
8.148189e-05
-9.999317e-04
-2.818333e-03
-9.694977e-04
2.404910e-03
-9.348361e-05
-9.727227e-04
5.655326e-04
6.524677e-04
-3.916817e-03
2.476800e-04
-7.774561e-04
4.509200e-04
7.028829e-04
1.407933e-03
-1.083924e-03
2.336375e-03
-1.084923e-03
-7.716181e-04
3.969603e-04
3.527957e-03
4.173028e-04
1.586491e-03
-1.215268e-03
-1.598827e-03
-2.949794e-03
-2.521098e-05
-5.052897e-05
3.673126e-03
5.026346e-04
1.328414e-04
5.159837e-04
-2.247945e-03
3.888656e-04
2.840947e-04
8.044907e-04
-2.686451e-04
-1.147435e-03
-1.017605e-03
-2.867225e-03
-1.593258e-03
-1.193450e-03
1.060714e-03
1.513302e-03
-8.890807e-04
-1.968441e-04
2.337893e-03
-7.245102e-04
-1.440179e-03
8.538105e-04
-3.310015e-03
2.109312e-03
3.002892e-03
-7.716183e-04
2.931067e-04
3.291778e-03
-4.724456e-05
2.294934e-05
-3.295598e-04
2.210755e-03
6.016221e-04
-4.616602e-03
2.304984e-05
-2.219372e-03
1.501870e-03
3.846323e-03
-1.272481e-03
-1.661437e-03
1.332209e-03
-3.706768e-03
4.306545e-04
-5.580136e-04
-1.943513e-03
-7.335083e-04
-3.405433e-03
4.689021e-04
-1.266252e-03
-2.764451e-03
5.858789e-04
-1.235745e-03
-9.129944e-05
3.356632e-04
-7.446940e-03
1.258667e-02
3.608292e-02
4.635960e-02
6.388027e-02
1.975578e-02
6.562954e-02
8.496125e-02
4.381634e-02
-7.706267e-02
1.095898e-02
-2.693022e-02
-2.646606e-02
-2.704152e-02
4.118557e-02
-4.486147e-03
1.587705e-02
7.081845e-02
1.421600e-02
-5.138122e-02
-7.300306e-02
-8.135310e-03
-4.380979e-02
-5.351926e-02
-1.228572e-02
-1.546470e-02
-5.513756e-02
9.184294e-02
-9.800058e-03
-4.914011e-04
-4.256315e-02
-1.747436e-02
-4.314198e-02
-2.407283e-02
-3.776948e-02
8.091643e-03
5.255122e-02
-2.597868e-02
-1.009415e-01
1.654680e-01
-2.254752e-02
-1.097896e-01
-2.232075e-02
-3.473332e-02
-7.593619e-02
8.003099e-05
6.124802e-03
-5.818814e-04
2.394278e-04
2.036017e-04
1.659979e-03
-2.437596e-03
-1.394374e-03
5.762980e-04
6.548502e-02
2.597198e-03
-3.573025e-03
1.704770e-01
-3.427456e-02
2.833904e-02
2.265478e-02
7.362351e-02
3.725948e-03
5.251397e-02
-2.444180e-02
-7.938250e-04
5.574549e-02
-6.237254e-02
-2.307893e-02
-8.842515e-02
-9.569243e-02
-1.464316e-01
-3.697165e-02
-4.837368e-02
5.155236e-03
-3.207107e-02
-1.269036e-01
-1.921425e-02
-4.608381e-02
-6.240362e-02
-4.287053e-02
3.657718e-02
-2.522740e-02
-4.745744e-02
3.557796e-02
-7.341480e-02
-5.200100e-02
-3.253327e-03
-1.814754e-02
-3.888249e-02
7.203513e-02
7.025316e-02
3.223124e-02
5.863539e-02
-5.867753e-02
2.892010e-02
-3.982762e-02
-1.537506e-02
-1.771112e-02
-1.486681e-01
-4.144635e-02
1.122105e-02
-5.521200e-02
-3.236851e-02
1.789347e-02
-6.612768e-02
8.413985e-03
3.438213e-02
-1.577814e-02
1.335322e-02
2.266214e-02
2.212146e-03
5.039293e-02
2.232515e-02
8.930908e-02
5.550750e-02
4.855080e-02
-2.744853e-02
-7.796173e-02
9.305554e-02
-1.957348e-01
1.492330e-02
8.199986e-02
-7.144139e-02
-5.536258e-02
-1.693153e-02
-6.551855e-03
5.833083e-02
1.191171e-02
9.073874e-02
9.428680e-02
-3.077917e-02
7.313272e-02
1.818661e-02
-3.835315e-02
6.635941e-02
-7.873330e-02
7.029172e-02
-2.059219e-01
-7.786168e-02
-5.476474e-02
-1.357687e-02
-8.389164e-02
2.611026e-02
6.721465e-02
9.181882e-02
9.476785e-02
7.324762e-02
1.019773e-01
7.594630e-02
3.729782e-02
4.746644e-02
2.783463e-02
2.052537e-03
-3.479126e-02
-3.322291e-02
6.000436e-03
-1.463994e-02
-2.971201e-02
7.658608e-03
-1.385408e-02
-2.991123e-02
7.501823e-02
1.525546e-01
7.171855e-02
9.616524e-02
1.902809e-01
1.484260e-01
5.048868e-02
1.142551e-01
1.203626e-01
-3.792958e-02
-6.841914e-02
-9.683773e-02
-3.222080e-02
-1.065342e-01
-1.173399e-01
-7.588580e-02
-1.365686e-01
-1.449366e-01
1.076269e-01
3.995810e-02
5.977695e-02
1.123009e-01
3.216633e-02
5.540184e-02
7.271587e-02
1.944521e-03
2.998681e-02
-1.338710e-04
9.083743e-04
2.011656e-03
-2.354054e-03
-1.374321e-03
-3.269097e-03
2.129406e-03
3.702783e-04
1.643620e-03
-2.170407e-02
-6.867281e-02
-8.428806e-02
3.406428e-04
-8.410516e-02
-7.144158e-02
2.377160e-02
-9.493097e-02
-6.575011e-02
-1.934415e-02
-3.375391e-02
-6.597780e-02
9.052447e-03
2.899914e-02
1.944915e-02
7.018618e-02
7.034041e-02
6.042514e-02
-1.461401e-02
4.484839e-02
7.194129e-03
-2.658709e-02
5.808461e-02
5.998858e-03
-1.535952e-02
5.594051e-02
-3.327014e-02
-2.752112e-02
-3.548265e-02
9.182204e-03
-3.388576e-02
-4.093189e-02
9.241655e-03
-4.401007e-02
-5.629953e-02
-1.724401e-02
6.536850e-02
8.226239e-02
5.093715e-02
6.182642e-02
8.916089e-02
4.465063e-02
6.567497e-02
5.502222e-02
5.538595e-02
5.778688e-02
5.745589e-02
5.166854e-02
-2.613357e-02
-1.088529e-02
-1.784824e-02
-3.745835e-02
-1.908954e-02
1.239630e-02
1.226536e-02
3.174497e-02
-2.476799e-03
3.956375e-02
5.495055e-02
6.415863e-03
2.872122e-02
4.881838e-02
6.072164e-03
-8.548519e-02
1.041672e-02
-2.527589e-02
-1.044764e-02
6.607913e-02
1.021509e-01
3.122328e-03
9.951881e-02
4.823747e-02
8.023515e-02
-4.263568e-02
-4.264208e-02
6.688496e-02
-3.268331e-02
-2.400759e-02
5.659914e-02
-4.183494e-02
-2.727709e-02
-1.505582e-01
-9.810100e-02
-8.879811e-02
-4.468074e-02
-3.647075e-02
-2.094741e-02
-2.325663e-02
-5.432225e-02
-9.446324e-02
-4.339088e-02
-1.279483e-01
-7.280970e-02
-4.259698e-02
-4.285315e-02
-3.234031e-02
1.262651e-02
3.910664e-02
1.468827e-02
6.751249e-02
-6.394128e-02
-4.298354e-02
6.768208e-03
-8.195814e-02
-1.153299e-01
-9.575924e-02
-9.736577e-02
-9.320220e-02
9.637837e-02
-1.841937e-02
-5.792606e-02
7.743823e-02
-7.228617e-02
8.839612e-02
-3.422555e-03
-1.203332e-01
4.954275e-02
2.340611e-02
-1.072292e-01
8.003977e-02
1.417903e-01
-2.470919e-01
9.891316e-02
1.294512e-01
-9.228302e-02
7.258431e-02
1.049629e-01
-1.414246e-01
8.116099e-02
-5.559894e-02
-2.941788e-02
-1.212607e-01
1.875937e-02
-4.450380e-02
-7.091171e-02
2.088398e-03
1.332982e-03
-5.441431e-04
-8.901134e-04
2.450010e-03
1.824905e-03
-1.750136e-03
-3.975701e-04
2.592326e-05
-1.270521e-02
4.981427e-03
1.451231e-02
-1.239189e-01
3.003919e-02
1.071865e-01
7.856610e-02
9.714060e-02
1.406623e-01
-1.517255e-01
1.703674e-01
-2.129646e-01
-1.492357e-01
2.644649e-01
-1.978549e-01
2.011711e-02
1.300136e-01
-5.400416e-02
3.834591e-02
1.458252e-01
-2.276606e-01
-1.604155e-03
1.928334e-01
-3.193462e-01
-2.244863e-02
9.173519e-03
-9.478165e-02
-1.222505e-01
-8.783036e-02
-1.098357e-01
2.497429e-02
1.509667e-04
-6.966896e-02
1.110133e-01
-8.225227e-04
-1.417582e-02
6.141082e-02
5.952459e-02
-7.900729e-02
5.943349e-02
1.528836e-01
-3.464170e-02
5.223232e-02
-3.817217e-02
2.507430e-03
1.856881e-01
-2.111577e-01
2.238790e-02
6.287953e-03
-2.426867e-02
-2.893209e-02
-2.304988e-02
2.412752e-03
3.337284e-03
-1.477563e-01
1.827304e-03
1.662791e-03
-1.357008e-01
-2.846150e-02
3.876525e-03
-1.241743e-01
-2.892650e-02
-3.616849e-02
1.170886e-01
-6.797478e-02
1.198517e-01
2.528543e-01
-5.796695e-01
1.758921e-01
3.504537e-02
-5.024183e-01
1.175356e-01
-8.903961e-02
-1.226492e-01
-5.836054e-02
-1.949610e-01
-2.922181e-02
6.672385e-02
-1.615678e-01
1.490255e-02
5.275789e-02
-3.462379e-02
7.314519e-02
-2.797666e-02
1.108159e-01
-2.585372e-01
4.266988e-02
1.665080e-01
-1.255535e-01
-6.554593e-03
