6.112668e-02
2.090454e-02
3.111245e-02
3.398028e-02
-7.909657e-03
6.220516e-03
4.167913e-02
-1.071760e-02
4.452172e-02
-2.030305e-02
-9.408008e-03
-1.341650e-02
-1.747149e-02
-1.888518e-02
-1.554893e-02
-2.362081e-02
-1.891687e-02
-3.048310e-02
3.908453e-02
2.217212e-02
8.575539e-03
2.521331e-02
-2.357319e-03
-2.998282e-02
6.195271e-02
-3.400218e-02
5.621814e-02
2.205823e-02
4.334179e-02
-9.907921e-03
-7.787494e-03
9.249582e-03
-2.812900e-02
-2.619023e-03
-9.139819e-03
1.995774e-02
1.227080e-02
3.502987e-02
2.760115e-02
-4.675598e-03
1.326029e-02
-1.037117e-02
4.450713e-03
4.065512e-03
1.108182e-03
1.032299e-02
1.701399e-02
9.012857e-03
-3.770470e-03
7.817741e-03
3.406312e-03
-2.459297e-02
-1.845822e-02
-1.566299e-02
5.920959e-03
6.406061e-03
8.885074e-03
-6.862129e-03
-1.388635e-02
-8.531155e-05
-3.051159e-02
-1.582461e-02
-4.216427e-03
-1.164334e-02
9.962483e-03
1.215895e-02
2.316661e-02
4.836581e-02
5.233048e-02
-3.875592e-03
2.206048e-02
2.652949e-02
-1.418234e-03
-9.523095e-04
-2.498716e-02
3.375157e-03
-6.335746e-02
-5.448509e-02
2.652316e-02
-2.880623e-02
6.909982e-03
-1.377925e-02
-1.830838e-02
1.411689e-03
-1.656705e-02
-9.952318e-03
5.747902e-03
-1.416103e-02
-1.314548e-02
-2.331243e-03
3.400777e-02
4.161730e-03
-5.476964e-04
1.222458e-02
-2.405459e-02
-1.743171e-02
7.047997e-03
-4.049082e-02
-3.371181e-02
1.271477e-03
2.624884e-03
-7.215152e-05
-6.787747e-04
2.113119e-04
6.495372e-04
1.770840e-03
-1.038597e-03
-7.627330e-04
-1.132370e-02
1.428125e-02
1.307380e-02
-3.843473e-02
-2.345214e-02
-1.146587e-02
-4.155422e-02
-2.990305e-02
-3.743485e-02
-6.212763e-05
2.838686e-02
2.305481e-02
-9.762771e-03
1.499657e-02
1.102506e-02
-1.784877e-02
3.658241e-03
1.829474e-02
-3.081970e-02
1.115020e-01
1.017427e-01
-1.361957e-01
3.709967e-02
-3.261334e-02
-9.147403e-02
5.809719e-02
-7.798867e-02
-2.168510e-02
-2.732376e-02
-4.424307e-02
6.586621e-02
6.661164e-02
7.105224e-02
8.841034e-03
3.729227e-02
2.856920e-02
-5.944261e-02
4.218545e-02
3.046363e-02
4.573913e-02
1.482960e-01
6.543448e-02
5.950712e-02
1.187635e-01
2.163216e-02
1.731520e-02
-1.196138e-02
-4.845341e-03
-1.937690e-02
-3.264337e-02
1.935039e-02
-4.092922e-02
-9.114472e-03
-1.240624e-02
-1.050753e-01
-8.706761e-02
-7.495064e-02
-8.560726e-02
7.795186e-02
-1.606107e-01
-6.089953e-02
3.628912e-02
-4.112300e-02
9.984045e-02
1.483527e-01
1.672637e-01
7.345536e-02
2.114621e-01
2.021011e-01
9.730459e-02
1.542377e-01
1.127842e-01
4.012678e-02
-2.891138e-03
-1.086096e-01
-1.455591e-03
3.097042e-02
-5.526886e-02
2.934378e-02
9.006774e-02
4.161084e-02
-5.712358e-02
-2.522058e-02
4.023453e-02
-5.220699e-02
-1.559632e-03
4.004634e-02
-6.282190e-02
-4.031464e-03
5.358113e-02
3.202264e-02
3.314330e-02
-4.916955e-02
1.038674e-01
7.813387e-02
2.163386e-02
1.203065e-01
1.233417e-01
-1.290435e-02
8.333064e-03
6.333528e-03
-4.835880e-03
-2.508048e-02
-6.440920e-02
-8.142520e-02
5.074752e-03
-4.837082e-02
-4.974897e-02
-4.630336e-02
-1.481534e-01
-9.573057e-02
-3.558758e-02
-4.443609e-02
-1.046970e-01
-3.534628e-02
-7.893256e-03
-1.078763e-01
4.365370e-04
1.374772e-02
-3.378813e-03
4.031198e-04
1.054412e-02
2.672897e-02
-1.065995e-02
1.535690e-02
-4.537793e-03
-4.907254e-03
3.090445e-02
-1.258644e-01
8.190069e-02
2.827083e-02
-7.231195e-02
5.823311e-02
2.792285e-02
-5.765373e-02
-2.046451e-03
2.014215e-03
1.690730e-03
-4.099176e-03
4.513662e-04
-5.888796e-04
-8.596611e-04
7.904267e-04
-9.103902e-04
-6.215904e-02
1.779602e-02
6.979683e-02
-4.036027e-02
-1.279100e-02
4.561923e-02
-5.766258e-02
-4.340547e-02
-5.639253e-02
-4.359994e-02
-6.540370e-02
-9.419616e-02
-1.986382e-02
-2.596117e-02
-6.537820e-02
-3.417381e-02
-1.501380e-02
-2.377333e-02
-1.825882e-01
-2.391771e-01
-7.168452e-02
-3.873889e-02
-1.466706e-01
6.348705e-02
-1.221014e-01
-1.595554e-01
-4.288900e-02
1.068652e-01
4.164485e-02
3.981306e-02
-2.686725e-02
-6.039664e-02
-1.993237e-02
-8.463688e-03
-8.405010e-02
-6.478415e-02
1.909950e-02
-5.295187e-03
9.531049e-03
2.406034e-02
3.635447e-03
1.142694e-02
3.786529e-02
-5.610201e-03
2.143481e-02
-8.133923e-04
-6.686810e-03
6.048015e-03
5.025519e-04
-1.494925e-02
2.917278e-03
-6.311157e-03
-8.503414e-03
2.324332e-03
-2.920629e-02
-7.090969e-02
3.058434e-02
-4.860364e-02
-5.166734e-02
3.967538e-02
-4.360097e-02
-1.493802e-02
1.026230e-02
4.181888e-02
2.635348e-02
-1.090014e-02
4.758357e-02
-2.474720e-02
4.221559e-04
1.606296e-02
-4.007684e-02
-5.267616e-04
-4.120325e-02
-2.988707e-02
1.523796e-02
-3.658891e-02
-1.918256e-02
3.590160e-02
-4.795367e-02
-1.635315e-02
2.406284e-02
-1.632800e-03
8.625729e-04
1.493619e-02
1.588091e-03
6.221936e-03
9.990957e-03
4.276551e-03
3.693365e-03
6.854022e-03
6.769316e-03
2.055904e-02
7.191286e-03
1.335406e-02
6.808431e-03
-2.123571e-02
2.291107e-02
2.511690e-03
-1.170255e-02
-4.169501e-03
-6.296461e-03
-4.307052e-03
-3.285201e-03
-4.398961e-03
-2.532175e-03
-7.901090e-03
-6.416227e-03
-5.364857e-03
4.661976e-02
-2.957215e-02
6.322021e-03
4.859507e-02
-1.822787e-02
-7.106201e-03
3.745298e-02
6.597622e-03
3.568409e-03
4.844839e-04
9.035469e-04
3.311889e-03
-3.670234e-03
4.202958e-03
1.884772e-02
-3.052152e-03
1.412191e-02
1.655760e-02
1.148445e-02
2.873155e-04
2.058318e-02
3.372133e-03
-1.511890e-02
6.934054e-03
2.154261e-02
-5.576629e-03
5.344360e-03
-6.004578e-04
-9.671706e-04
1.409116e-03
1.565941e-03
-6.679381e-04
-7.402821e-04
-2.230602e-03
1.276305e-03
3.427306e-04
1.460206e-02
1.503601e-02
1.521276e-02
-3.242912e-04
5.945430e-03
-6.780507e-03
-1.574573e-03
-9.625643e-03
-1.357434e-02
-1.501516e-02
-1.872890e-02
-3.514976e-02
1.563683e-02
3.432547e-02
7.705964e-03
1.581689e-02
3.255196e-02
3.057948e-02
2.360758e-02
9.066043e-02
-4.323595e-02
-1.602398e-02
2.074634e-02
-3.872279e-02
4.439418e-02
1.414867e-03
2.987630e-02
-1.312013e-02
-7.459690e-03
-7.037561e-04
8.112835e-04
3.462497e-03
6.459232e-03
-2.386299e-02
-2.938105e-02
-2.081077e-02
8.321162e-03
-2.843567e-02
-3.557892e-02
4.641535e-03
-7.793594e-03
-5.343925e-02
2.104697e-02
-7.234895e-03
-3.794108e-02
1.787622e-02
1.037084e-02
2.165817e-03
4.624257e-03
1.535046e-02
6.582992e-03
7.204743e-03
1.197271e-02
5.928224e-03
1.879649e-02
-3.647754e-02
3.910238e-03
1.785956e-02
-7.694869e-02
3.564852e-02
2.077953e-03
-5.923910e-02
-5.508585e-03
9.574103e-03
5.245767e-03
-2.658421e-02
3.213756e-02
-1.886416e-02
-2.980121e-02
1.257117e-02
-2.202615e-02
-2.564096e-02
-3.363107e-02
-6.421027e-02
-5.152076e-02
-2.066338e-02
-2.581141e-02
-3.716834e-02
1.899497e-02
-4.236997e-03
8.501296e-03
1.200446e-03
-2.922132e-03
-6.512027e-03
2.893338e-03
5.409703e-04
-1.160569e-02
-2.640568e-03
-4.864038e-04
-2.397554e-03
1.179198e-02
-3.594509e-02
1.975243e-02
4.002447e-02
-2.386123e-02
2.376311e-02
4.482589e-02
-1.022711e-02
3.830429e-02
-8.131839e-03
-1.946475e-02
-8.808001e-03
-9.324015e-03
-1.216294e-02
5.334928e-04
-3.786922e-04
4.912810e-03
1.920564e-02
5.711525e-02
-2.233460e-02
3.493782e-03
8.727419e-02
-4.160879e-02
1.855695e-02
3.968417e-02
-6.396063e-03
-5.523621e-02
-4.152749e-04
-1.078970e-03
4.738757e-03
-3.070104e-03
7.281077e-03
5.567848e-03
1.510112e-03
9.069451e-03
2.052855e-02
-1.585262e-02
-1.687362e-02
2.133939e-02
-1.943093e-03
3.590896e-03
2.880180e-02
1.039121e-02
2.682672e-02
4.135842e-02
-2.225871e-03
-4.104018e-03
-2.436852e-03
-6.013197e-04
-1.925122e-03
-1.583451e-04
-4.698631e-04
1.633640e-03
-4.988688e-04
-6.946844e-03
2.009280e-03
-3.539820e-02
-1.148039e-02
-3.438219e-02
-1.833906e-02
-1.321119e-02
-2.874833e-02
-1.396303e-02
1.061316e-02
1.321990e-02
-6.640701e-05
1.909908e-02
5.576919e-03
5.426539e-03
-3.012841e-05
1.162728e-02
1.457844e-02
4.468780e-02
1.120583e-01
-9.709057e-03
-8.001797e-03
1.069009e-01
-3.197749e-02
-4.675730e-02
2.755977e-02
-3.235210e-02
-1.389373e-02
-7.572348e-03
-1.055796e-02
-1.527271e-03
5.489826e-03
2.361981e-03
-3.377368e-02
-2.686370e-02
-2.245260e-02
-7.669239e-02
7.887275e-02
-1.614724e-02
3.686634e-02
1.762318e-01
1.369721e-01
4.540189e-02
2.085664e-01
9.883387e-02
-1.785695e-03
-3.498259e-02
7.395193e-03
1.103568e-02
2.353077e-03
1.768229e-02
-1.803031e-02
2.701004e-02
-1.076738e-02
7.387744e-02
2.474535e-01
1.587218e-01
1.567127e-01
2.261498e-01
1.693630e-01
3.706671e-02
2.544225e-01
1.322744e-01
2.195970e-02
1.301507e-02
1.396358e-02
1.856568e-02
1.556027e-01
9.281321e-02
-1.439427e-02
4.972841e-02
1.581508e-01
-6.079023e-02
5.432528e-02
-1.940436e-02
1.100410e-01
1.474535e-01
-3.236389e-03
9.659228e-02
2.064800e-01
5.870557e-03
2.712206e-02
6.845441e-03
4.835464e-02
-3.733603e-02
-4.671831e-02
-7.821212e-03
-1.773085e-02
-3.774016e-02
9.767145e-03
8.200794e-02
7.812953e-02
-4.548287e-02
1.106268e-01
1.172802e-01
1.517653e-03
3.911132e-02
1.107819e-01
-4.052623e-02
2.752855e-02
-9.155137e-03
1.500457e-02
1.155409e-02
-5.285704e-02
-1.221050e-02
2.842721e-02
-1.102065e-02
4.028010e-02
-1.190468e-01
1.851420e-02
-5.892418e-02
-8.547428e-02
1.188569e-01
1.704641e-01
-4.263630e-02
1.546104e-01
1.521439e-01
-1.983192e-02
8.272906e-03
-4.136403e-02
-4.236764e-03
-1.225965e-03
-1.985512e-02
4.080278e-04
9.801636e-03
-3.472296e-02
-7.437503e-02
4.214056e-02
-4.717587e-02
1.471324e-02
7.185349e-02
-2.148484e-02
-4.127448e-04
1.268071e-01
7.569135e-02
1.535078e-03
-4.432858e-04
3.260368e-03
2.232777e-03
-2.829151e-03
5.165608e-04
1.755625e-03
-8.721813e-04
-1.468325e-04
-3.503456e-02
8.295853e-03
-1.274670e-02
2.816369e-02
-1.768258e-02
-2.176348e-02
8.461206e-03
1.343350e-02
-1.279319e-01
-4.970779e-02
-8.674830e-03
-7.274658e-04
1.372201e-02
-3.212864e-02
-2.413024e-02
1.566722e-02
5.968697e-02
1.977660e-02
1.014199e-01
6.434624e-02
2.876034e-01
4.177023e-01
8.615855e-02
4.969390e-01
3.492284e-01
1.288592e-01
3.716782e-01
3.677684e-02
-2.275108e-02
-2.751711e-03
-1.564008e-02
-5.625566e-02
-9.595679e-02
8.827978e-02
-8.082296e-04
-4.427068e-02
2.635899e-02
3.439722e-02
-6.965126e-03
3.786174e-02
4.291249e-02
1.216418e-02
3.754479e-02
5.803406e-02
2.112754e-02
8.791053e-03
1.180153e-02
1.763386e-02
-1.625909e-02
1.256525e-02
8.190965e-03
-4.428064e-03
1.198714e-02
2.184329e-02
2.323573e-02
8.708359e-02
-3.729845e-02
4.703609e-02
7.617968e-02
7.594408e-03
1.909348e-02
4.979561e-02
-4.585549e-02
-6.428564e-02
9.588989e-03
-2.560843e-02
-5.248456e-02
1.346205e-02
1.524606e-02
1.746391e-03
6.446046e-02
4.940768e-02
-6.790645e-03
7.531542e-03
-4.282320e-02
-6.384415e-04
-6.652929e-03
-5.584677e-02
2.361953e-02
-7.040627e-03
-5.923741e-02
4.973085e-02
4.120302e-02
2.523524e-02
1.960582e-02
1.813958e-02
-6.548694e-04
-1.147837e-02
6.290357e-03
3.634276e-02
-3.979289e-02
-8.467828e-02
-1.313230e-02
-5.276386e-02
-5.921993e-02
2.357277e-03
2.809394e-03
8.219510e-03
-8.711196e-03
-1.874234e-02
-9.611801e-03
3.082438e-03
-2.843746e-02
-3.037505e-02
-3.489343e-03
-2.546141e-02
-1.779945e-02
3.799410e-03
2.157898e-02
4.170318e-02
-6.805097e-02
4.595316e-02
1.967348e-02
-7.771625e-03
5.970218e-02
2.479307e-02
-6.306325e-02
2.857132e-03
-5.973092e-03
-1.796601e-04
-1.200262e-02
-7.592223e-04
-5.322716e-03
1.266611e-02
1.423801e-02
-7.303206e-03
-1.016632e-02
-5.481553e-03
8.195344e-03
-1.805994e-02
-4.401946e-03
1.510683e-02
2.058096e-02
-7.006846e-03
-9.000164e-03
3.718964e-04
-5.846336e-04
-7.904893e-04
1.303063e-04
1.645952e-03
-9.012665e-05
3.911606e-04
4.981156e-04
2.105086e-03
5.586286e-02
4.309925e-02
2.818471e-02
1.648706e-02
-1.463898e-02
-9.446783e-03
1.944164e-04
-1.224898e-02
8.247970e-03
-1.492962e-02
-1.534195e-02
9.419345e-04
-3.660046e-02
-5.420943e-02
-4.890112e-02
-1.212182e-02
-2.073914e-02
-1.812890e-02
5.169406e-02
-1.286601e-02
1.843831e-01
1.572317e-01
1.347537e-01
1.450083e-01
3.815629e-02
6.628474e-02
9.268670e-02
5.135440e-02
2.653751e-02
9.910287e-03
3.137102e-02
2.133807e-02
7.259679e-03
1.520950e-02
4.327531e-04
1.532462e-02
3.008160e-02
-2.936767e-02
3.392143e-02
4.106312e-03
-1.598173e-02
-2.051122e-03
-6.261834e-03
-6.927738e-03
-2.339511e-02
-2.705978e-03
-9.258775e-04
-9.358910e-03
-1.809754e-02
-2.412593e-02
-1.846277e-02
-2.104385e-02
-2.444183e-02
-3.507458e-02
7.106590e-02
-2.280934e-02
1.111270e-01
4.303555e-02
-3.911205e-02
9.009238e-02
3.606590e-02
-5.111239e-02
6.553089e-02
-1.700646e-02
2.211765e-02
4.414694e-02
1.307641e-02
8.095252e-02
2.861732e-02
8.303312e-03
4.588411e-02
6.130065e-02
-2.270603e-02
-2.802906e-02
2.037731e-02
-1.618176e-02
-4.416408e-02
2.122511e-02
3.234410e-02
5.524018e-03
1.810432e-02
-1.919437e-02
-2.140464e-02
2.996094e-03
-1.015528e-02
-2.542518e-03
1.380285e-02
-2.774873e-02
-1.356372e-02
5.080326e-03
1.700628e-02
3.929274e-02
2.805343e-02
-2.124047e-02
5.512308e-02
-1.339502e-03
-1.226620e-02
4.001982e-02
-2.274917e-02
5.541469e-02
4.996441e-02
3.311338e-02
6.552596e-02
6.074969e-02
4.248309e-02
4.186783e-02
4.573693e-02
3.114415e-02
7.413489e-02
-2.632827e-02
4.694036e-02
3.421989e-02
-7.221527e-02
-4.143856e-02
-1.559305e-02
-7.186982e-02
-3.911484e-02
3.266032e-02
3.870345e-03
-9.176925e-03
1.878628e-02
5.550874e-03
-8.498078e-03
1.134385e-02
4.518725e-03
3.649241e-03
2.034276e-03
-1.055103e-02
-1.121033e-02
-1.164949e-02
-1.617957e-02
-1.211500e-02
6.735272e-03
2.394408e-02
1.013747e-02
2.843798e-03
-1.319040e-03
4.300034e-04
2.237022e-03
-3.011462e-03
2.807987e-03
-1.494285e-03
-6.252395e-04
-6.950858e-04
4.374908e-02
-2.620197e-03
6.096310e-02
-2.803821e-02
-2.249110e-02
1.504770e-02
-5.177246e-02
-1.144464e-01
-3.441360e-02
-1.728956e-02
-4.329990e-02
-2.372828e-02
-1.981894e-02
-1.589755e-02
-3.885402e-02
1.749528e-02
1.483891e-02
2.028126e-02
1.254258e-01
9.509581e-02
2.928460e-02
-3.912462e-02
1.276934e-01
-4.496713e-02
-9.283773e-02
2.492053e-03
-1.180827e-01
1.651080e-02
-7.480737e-03
-2.935052e-02
1.132071e-02
-5.033303e-03
-3.461629e-02
2.764232e-02
1.571869e-02
9.703928e-03
1.101167e-02
-2.751484e-03
-1.715139e-02
1.951036e-02
2.131679e-02
-6.376998e-03
2.743748e-02
3.525038e-02
-1.742438e-03
-6.591639e-03
-1.582155e-02
-1.166898e-03
-8.930357e-03
-8.571065e-03
-7.463688e-03
5.551720e-03
4.156196e-03
2.484067e-03
-1.928511e-02
1.636622e-02
-1.195964e-02
-2.667948e-02
5.428440e-02
-4.839954e-03
-1.933587e-02
5.472780e-02
-1.044827e-02
-1.981723e-02
2.117763e-02
-6.208183e-04
-8.846505e-03
-5.243747e-03
6.335101e-02
-2.638270e-02
1.794617e-02
3.865053e-02
-1.179401e-02
7.554815e-03
-4.570448e-03
-9.885509e-03
3.674544e-02
1.259779e-02
-3.155734e-02
3.178669e-02
1.053261e-02
5.200689e-03
2.385041e-03
2.422841e-03
-8.400743e-03
-4.294024e-03
2.469605e-03
-1.069630e-02
-1.112940e-02
-2.185733e-03
6.833223e-04
8.460099e-03
-1.331765e-02
1.435101e-02
6.943617e-03
-2.045536e-02
1.928056e-02
1.107013e-02
-2.081482e-02
3.414704e-02
3.310732e-02
3.150760e-02
1.140433e-02
7.763216e-04
5.552603e-03
-3.895308e-03
-9.235773e-03
-3.015886e-03
-2.715648e-03
7.130380e-03
-9.020472e-03
-9.408471e-03
5.411207e-03
2.656160e-02
-2.087349e-02
4.231475e-02
2.799961e-02
-6.953711e-03
-2.774631e-03
-2.611125e-04
-1.398248e-04
1.425072e-03
3.272031e-03
4.834165e-03
5.807655e-04
1.040733e-03
-4.324373e-03
-1.302523e-02
-2.497960e-02
-7.082595e-03
-1.741158e-03
-3.131765e-02
8.756205e-03
-6.579100e-03
-2.509171e-02
-2.475222e-03
6.919290e-04
-2.139730e-04
1.062852e-03
-3.451152e-04
1.406773e-03
-1.882401e-04
8.298962e-05
-3.229199e-03
2.523401e-02
1.836342e-02
2.390036e-03
7.785182e-03
-8.819322e-03
1.398230e-03
-1.134300e-02
-1.243449e-02
-8.706434e-03
3.401131e-03
2.469564e-03
-1.988094e-03
5.087914e-03
-2.529288e-03
-5.540182e-03
-4.584713e-03
-4.455222e-03
-1.227259e-02
6.189972e-02
-4.528679e-02
-2.616097e-02
3.762393e-02
-8.484222e-02
4.022659e-03
7.206236e-03
-3.990133e-02
6.479508e-02
7.674828e-03
6.346883e-03
-3.889290e-03
2.495276e-05
-5.387919e-03
-2.945523e-03
5.251028e-03
4.059209e-03
-1.277330e-02
-3.109293e-02
-1.705923e-02
-5.170121e-02
-8.268072e-02
-1.256245e-01
-8.576679e-02
-1.159532e-01
-1.800407e-01
-1.155206e-01
1.360344e-03
-2.544359e-02
1.453866e-02
1.486179e-02
-5.994668e-03
3.205895e-03
3.129311e-02
3.776538e-02
5.051480e-02
-7.410628e-02
5.755913e-02
3.024241e-03
-2.392674e-01
-8.014555e-02
-7.222667e-02
-1.536753e-01
-9.816854e-02
-1.022250e-01
6.584954e-02
-8.170459e-03
3.163650e-02
-6.620805e-03
-4.877720e-02
1.396822e-02
1.283905e-02
7.510278e-03
2.287898e-02
-2.631590e-02
5.663123e-02
-6.394006e-02
-3.961694e-02
-5.164066e-02
-1.127852e-01
-6.313887e-02
-1.159681e-01
-1.141749e-01
-1.008972e-03
-3.560570e-02
-5.970640e-02
2.374298e-02
-3.444400e-03
-5.977631e-03
1.234665e-02
9.041131e-03
1.487450e-02
-1.092635e-02
-3.227697e-02
-3.917969e-03
-3.247451e-02
-5.673992e-02
8.314423e-03
-1.023745e-01
-9.494685e-02
-3.996864e-03
3.057237e-04
-9.004388e-03
-1.332074e-02
1.463741e-02
2.725402e-02
1.332904e-02
3.690459e-02
5.180819e-02
5.487701e-02
-3.779919e-02
2.214555e-02
3.156438e-02
-9.046257e-02
-6.599970e-02
-9.427347e-03
6.836019e-03
-6.727228e-02
-2.059301e-02
4.105831e-02
6.209818e-02
1.727258e-02
1.862734e-02
1.651361e-02
1.717915e-02
1.011888e-02
8.325983e-03
1.708519e-03
3.197249e-02
1.036242e-02
-3.450599e-02
3.053694e-02
2.193663e-02
-1.954532e-02
2.703917e-02
-2.058562e-02
-2.074625e-02
-9.902089e-04
-3.306835e-03
2.521184e-04
-9.601918e-04
2.761012e-03
2.604309e-03
3.422591e-03
1.007884e-03
1.052717e-03
-2.920430e-02
-1.115564e-01
-1.052405e-01
1.437767e-02
-2.773004e-02
-6.475227e-02
1.271825e-02
-3.737360e-03
-3.735737e-02
-1.022853e-02
-6.651063e-02
-7.901377e-02
-5.179742e-03
-2.666239e-02
-6.419914e-02
-3.191977e-02
-7.375346e-02
-7.166997e-02
1.216954e-01
2.918057e-02
7.528150e-02
1.744053e-02
-1.021061e-01
3.517554e-03
-6.566866e-02
-8.910663e-02
-7.274242e-02
1.988248e-02
-7.805063e-03
-1.019973e-02
1.328493e-02
1.110326e-02
-2.317317e-02
6.898016e-02
6.568033e-02
6.715693e-02
3.664213e-02
7.709354e-02
7.378186e-02
3.898988e-03
7.545191e-02
1.184568e-01
-1.962249e-02
9.015554e-02
1.229008e-01
-1.732021e-02
-2.378110e-02
-6.297634e-03
-2.446068e-03
-7.438582e-03
-4.044051e-03
-9.513007e-03
-8.503270e-04
-2.375359e-03
-2.158275e-02
-4.563939e-02
-3.256257e-02
-2.091511e-02
-2.797510e-02
-1.920927e-02
-4.022280e-02
-9.065663e-03
2.307815e-03
-2.278147e-02
-4.667529e-02
-2.875036e-02
-4.360870e-02
-6.693354e-02
2.558337e-03
-8.806051e-02
-4.744422e-03
4.022055e-02
-3.669414e-02
-3.471597e-02
1.919325e-02
-1.600205e-02
-2.164493e-02
2.602311e-02
-3.352755e-02
1.757760e-02
2.303793e-02
-4.717947e-03
-3.484393e-03
-1.043391e-02
3.143814e-04
-6.006728e-04
1.673021e-03
-1.522829e-02
-9.618599e-03
-1.018054e-03
-7.886778e-03
1.506582e-02
6.270352e-02
-3.067051e-02
3.655994e-02
9.513444e-02
-2.612798e-02
5.012530e-02
9.182987e-02
1.734258e-02
3.920393e-02
3.077696e-02
3.312559e-02
5.407371e-02
4.934809e-02
3.323167e-02
5.666311e-02
3.776803e-02
-4.391295e-02
5.335162e-02
-2.080932e-03
-8.299213e-02
1.443929e-02
-1.371772e-02
-4.740737e-02
-4.301792e-02
-1.470898e-03
1.558579e-03
2.201125e-02
2.630205e-02
-1.295429e-03
1.982394e-02
1.026067e-02
-4.842330e-03
1.976532e-02
1.632476e-02
-1.930424e-02
6.603721e-03
2.008343e-02
-2.671578e-02
1.355152e-02
3.736464e-02
-2.087042e-02
3.991833e-02
3.752627e-02
8.353914e-05
1.252612e-03
2.653755e-03
1.913387e-03
6.333929e-04
2.285387e-03
-1.388883e-03
-1.067617e-03
-1.618319e-03
3.487203e-02
7.363196e-03
1.928785e-02
-9.842250e-03
-2.480780e-02
-5.949862e-03
-2.950893e-02
-4.673031e-02
-1.909622e-02
3.072169e-02
3.691831e-02
1.808961e-02
8.204577e-03
3.025112e-02
3.878660e-02
1.887345e-03
2.237456e-02
6.588785e-04
-2.576297e-02
-1.078224e-01
6.139995e-04
-4.004930e-02
-8.996876e-02
-8.567952e-02
5.554914e-02
4.664291e-03
-4.751647e-02
-1.114527e-02
-2.352245e-02
-7.178290e-03
3.523124e-03
-6.613183e-03
-1.999605e-03
6.684052e-02
4.270675e-02
4.607373e-02
9.179356e-03
6.108910e-02
7.296250e-02
4.429993e-02
3.395185e-02
7.132993e-02
6.016805e-03
-3.725080e-02
-2.166916e-02
-1.048687e-02
-4.698879e-03
1.597026e-02
4.227655e-03
2.382478e-02
-1.205458e-04
1.717846e-03
2.535902e-02
3.097381e-02
7.601367e-02
2.030600e-01
-1.054023e-02
2.659620e-02
1.491115e-01
7.338893e-02
-5.036578e-02
9.340913e-02
-2.505651e-02
1.699162e-02
-9.011451e-03
-4.865753e-03
-3.575387e-02
1.052686e-01
2.527945e-02
-6.590800e-02
-3.881416e-02
1.648074e-02
-2.619289e-02
-3.430880e-02
-6.684404e-02
-1.279952e-02
-2.872454e-02
-4.919468e-02
-4.662073e-02
-5.134129e-02
-1.099956e-01
7.512662e-03
3.960074e-02
3.368130e-02
-2.743068e-03
8.274576e-03
1.603018e-02
-1.535610e-02
-7.991794e-03
-1.883808e-02
6.301868e-02
-2.391807e-03
2.969254e-04
5.999013e-02
6.712671e-02
9.024121e-02
3.461619e-02
8.166035e-02
9.400563e-02
-1.296019e-02
-2.752473e-02
-5.586329e-03
-3.470054e-02
-5.025203e-02
-5.513684e-02
8.609273e-04
-1.806678e-02
-1.695688e-02
-9.948505e-02
7.379741e-02
5.041604e-02
-4.876081e-02
1.260049e-01
1.292745e-01
-5.269758e-03
5.182444e-02
1.982596e-02
-1.316427e-02
-2.134708e-02
-2.493739e-02
-1.963807e-02
-4.230703e-02
-5.536342e-02
-1.429680e-02
-1.419630e-02
-2.777430e-02
-1.020383e-02
3.062054e-02
9.714215e-03
2.342490e-03
9.158523e-02
4.697264e-02
-1.231714e-02
2.265667e-02
9.119261e-03
-2.792388e-03
-2.070148e-03
6.952659e-04
-5.502590e-03
-2.438116e-03
2.196118e-03
-1.626381e-04
-8.337784e-04
-1.183447e-03
-3.198871e-02
4.816316e-03
4.131219e-02
-1.909108e-02
-5.648936e-02
-1.700919e-03
5.941186e-03
-7.640668e-02
-9.112538e-02
5.477194e-02
7.058103e-02
1.212690e-01
6.272534e-02
-1.139585e-03
3.371770e-02
2.386691e-02
1.885041e-02
2.194353e-02
2.266502e-01
-5.746194e-02
1.760795e-01
2.266210e-01
-1.586005e-01
2.596864e-01
6.653920e-02
-7.749297e-02
1.278620e-01
-8.646258e-03
-2.855697e-02
-3.066344e-02
-2.340432e-02
-3.098310e-02
-3.128674e-02
-8.441814e-03
-2.007714e-02
-5.599546e-02
-1.349530e-01
-4.830676e-02
3.121362e-02
-8.020088e-02
-1.834574e-02
5.940245e-02
-5.220448e-02
-3.411257e-02
6.095245e-02
-5.037888e-03
2.248410e-02
6.471322e-02
1.527586e-02
4.499063e-02
3.025272e-02
-1.822955e-04
2.738705e-02
3.231687e-02
-1.086234e-01
-8.523607e-02
-2.069920e-01
-8.457821e-02
-2.753809e-02
-4.171961e-02
-4.811573e-02
-9.941440e-02
-1.032675e-02
-6.914254e-02
2.875751e-02
-6.909300e-03
-1.937709e-02
-2.667626e-02
-7.418378e-02
-2.983639e-02
-3.221121e-02
2.957609e-02
3.168138e-02
5.222288e-02
-2.177267e-02
2.971058e-02
5.688963e-02
5.502627e-03
-4.854027e-02
5.828796e-03
-9.963581e-03
1.982731e-02
1.776711e-02
8.388802e-03
1.380383e-02
1.917372e-02
1.850201e-02
-2.636400e-02
-2.720392e-02
-5.894213e-03
2.366303e-02
-1.307586e-02
-1.027586e-01
4.451321e-02
-2.051933e-02
-1.042196e-01
3.442260e-02
-3.868310e-02
-8.723074e-02
5.867132e-03
-1.224886e-02
1.921993e-02
-3.547627e-02
-6.273267e-02
-2.901215e-02
3.779483e-02
-5.600335e-03
5.851690e-03
-3.439606e-02
1.218016e-01
1.878727e-01
-4.830347e-02
1.413362e-01
1.830835e-01
8.650717e-02
2.981544e-03
1.288060e-01
-8.467591e-03
4.622140e-03
3.087871e-02
-2.873823e-02
-2.088773e-02
6.532664e-03
-4.804916e-03
-1.056325e-02
1.265834e-03
5.364846e-02
3.199024e-02
-3.291122e-02
1.638169e-02
2.584994e-02
-4.697585e-02
-1.453650e-03
2.634533e-03
-4.775864e-02
4.801875e-03
1.047268e-03
1.473242e-03
5.187779e-04
1.749597e-04
5.064238e-04
4.999940e-04
2.736803e-03
2.829795e-03
3.638673e-02
-1.703773e-02
-9.350449e-02
9.287047e-02
1.086842e-01
-6.972125e-02
-2.059140e-02
6.121423e-02
-4.888381e-02
6.489448e-02
5.431503e-02
5.306470e-02
9.826823e-02
8.567519e-02
4.960791e-02
7.582983e-02
5.693449e-02
3.204408e-02
-3.484052e-02
-3.043280e-01
-8.175012e-02
9.314472e-02
-1.363724e-01
8.736679e-03
-1.493649e-01
-1.243991e-02
-1.236396e-01
-2.572261e-02
-2.437058e-02
-7.888952e-03
-5.597806e-02
-3.351383e-02
-8.132421e-02
3.863053e-03
1.513607e-02
-2.543870e-02
2.967811e-02
2.261263e-02
3.360871e-02
3.620870e-02
7.677017e-02
3.799977e-03
7.334877e-02
1.050463e-01
6.535222e-02
1.820136e-02
5.594692e-03
-4.897892e-04
1.342015e-02
2.131062e-02
-1.354615e-02
2.509768e-02
1.683975e-02
-7.669680e-04
-6.220766e-02
3.398174e-03
-2.856603e-02
-8.108562e-02
-1.136007e-01
-8.051465e-02
-8.681884e-02
-1.317948e-01
-9.042500e-02
-1.194280e-03
1.671596e-02
-1.075621e-02
7.203337e-03
-1.188796e-02
-4.248573e-02
7.053884e-02
-1.136916e-02
-3.300209e-02
5.455738e-02
3.553559e-03
-3.670772e-02
3.739444e-02
-6.892653e-02
-1.857237e-02
7.525555e-02
-5.971633e-02
2.240234e-02
7.322830e-03
-8.659633e-04
-3.012509e-02
-5.753547e-03
-3.513841e-02
-6.416164e-02
3.095772e-02
1.548464e-02
-1.476265e-02
-2.663452e-03
2.231332e-02
5.687615e-02
-2.885405e-02
4.627717e-02
5.701524e-02
2.544699e-02
3.878659e-02
1.196021e-01
-1.729865e-02
6.576086e-03
2.128250e-02
-3.612274e-03
4.633375e-02
4.184508e-02
2.122928e-02
7.901997e-02
7.661883e-02
-2.492974e-02
1.144326e-03
-3.194745e-04
-4.483332e-02
1.712825e-02
3.309149e-04
-1.445658e-01
-5.149504e-02
-4.474683e-02
7.968068e-02
4.781260e-02
1.058439e-02
9.548111e-02
6.577028e-02
2.643756e-02
5.125564e-02
5.082764e-02
4.550909e-02
3.721181e-02
3.949763e-02
5.645427e-02
3.612342e-02
7.634189e-02
9.284353e-02
3.530262e-02
9.647357e-02
1.215750e-01
-1.972180e-03
1.265467e-03
-1.470063e-03
-4.410948e-03
4.318659e-04
7.201023e-04
-1.083100e-03
-2.473091e-03
-2.295199e-04
1.233310e-02
-4.601134e-02
1.449084e-02
-1.563517e-02
-6.687026e-02
-2.438288e-02
3.321043e-02
-6.234205e-02
-7.375017e-03
7.195960e-03
-1.647296e-03
1.897939e-02
-1.551512e-02
-8.456855e-03
-3.888580e-04
-1.050406e-02
3.628652e-04
4.825489e-02
-1.005613e-01
-1.031334e-01
-4.495724e-02
-1.704559e-01
-1.935999e-01
-1.139965e-01
-1.739291e-01
-2.446254e-01
-1.568381e-01
3.498541e-02
4.241939e-02
4.694508e-02
2.232671e-02
4.781157e-02
2.824023e-02
1.754476e-02
1.198222e-02
4.308733e-03
4.120785e-02
4.376650e-02
4.300436e-02
3.430566e-02
-2.577701e-02
-4.975721e-02
7.174262e-03
-8.776548e-02
-8.339698e-02
2.106364e-02
3.201416e-02
2.814368e-02
8.283286e-03
1.068104e-02
3.800396e-02
2.870333e-02
1.775168e-03
6.634214e-02
2.927106e-02
-1.576988e-01
2.083628e-02
1.065179e-01
-7.481214e-02
1.183652e-01
2.982245e-02
-4.055360e-02
2.023644e-02
-3.354843e-02
-3.476639e-02
2.094004e-02
2.190618e-02
7.591721e-03
4.077967e-03
1.475314e-02
-4.876800e-02
-1.455149e-02
-7.201257e-02
-4.563378e-02
-5.221866e-02
-2.875401e-02
-2.840276e-02
2.270416e-03
-1.079609e-02
-3.699421e-03
4.453682e-02
-1.500781e-02
-1.657834e-02
-1.767094e-02
-1.377481e-02
-4.240260e-03
-3.094886e-02
-2.496753e-02
-4.205091e-02
-5.075743e-02
2.001764e-02
7.588313e-02
3.393782e-02
3.640027e-02
8.043078e-03
-9.221169e-02
8.695943e-03
-4.621942e-02
-1.198200e-01
5.815818e-02
3.340147e-02
2.330101e-02
3.618973e-02
-8.673351e-03
-1.187254e-02
2.613397e-02
-1.899462e-02
-2.798316e-02
-4.196655e-02
-1.613408e-01
1.981672e-02
-9.986087e-02
-8.893981e-02
-1.713946e-02
-6.714204e-02
-2.818518e-04
3.666532e-02
-1.478543e-02
-9.383003e-03
-1.551166e-03
1.327139e-02
2.623634e-02
2.611804e-02
5.104250e-02
1.656033e-02
2.658304e-02
-3.381308e-02
1.765360e-02
5.100178e-02
-4.890668e-02
2.256257e-03
-2.647684e-02
-3.272251e-02
-2.809342e-02
-5.191632e-02
9.910133e-04
2.979197e-03
1.310897e-03
-1.224093e-03
1.915803e-03
-3.467931e-03
4.988595e-04
3.143152e-03
2.077241e-04
-1.620703e-02
-1.027807e-02
-3.321679e-02
-6.559582e-02
3.917042e-02
-7.307824e-02
-9.426077e-02
-3.182684e-02
-4.233266e-02
-6.955071e-02
-3.172069e-02
2.098621e-02
-6.464227e-02
-5.895358e-02
-3.652963e-02
-2.735709e-02
3.983229e-03
-2.023581e-02
-1.287071e-01
1.241552e-01
-9.647102e-02
-1.516595e-01
2.103735e-01
-9.648211e-02
-2.859237e-02
1.343585e-01
1.421499e-01
-2.943042e-02
-6.280202e-03
1.997559e-02
-3.425315e-02
-2.987404e-02
5.819029e-03
-3.720224e-02
-1.306971e-02
-9.903364e-03
-7.097370e-03
1.819483e-02
1.474773e-03
3.999133e-02
2.269646e-02
9.216741e-03
6.147806e-02
-4.567965e-03
-1.655673e-02
-5.749773e-02
-1.421648e-02
-3.143349e-02
-2.576493e-02
-2.603462e-02
-1.271374e-02
-4.414655e-02
1.535933e-02
-1.295627e-02
-7.675541e-02
1.173688e-01
1.474618e-01
-5.562000e-02
1.439813e-01
2.117754e-01
-1.833650e-02
1.161420e-02
1.210566e-01
-1.893541e-02
1.025863e-02
-2.998950e-03
2.664675e-02
3.534782e-02
1.049415e-01
-2.242357e-02
8.202706e-02
1.606208e-01
-3.043892e-02
1.788829e-01
1.864403e-01
3.618035e-02
2.504926e-01
2.550533e-01
7.586966e-02
2.558430e-01
2.542499e-01
8.167170e-03
-2.139785e-02
-3.003767e-03
3.025665e-02
2.236130e-02
4.794289e-03
1.021418e-02
1.574326e-02
3.670224e-02
9.631543e-03
3.132198e-02
-3.943872e-02
3.654173e-02
6.488132e-02
1.476979e-02
5.021327e-02
5.904267e-02
-2.774777e-02
-1.907898e-02
-3.882343e-02
-6.128708e-02
-3.022915e-02
-7.311491e-02
-6.821788e-02
1.811540e-02
-3.320778e-03
-6.072998e-03
-5.483112e-02
9.648415e-02
9.570331e-02
4.519096e-02
2.358087e-02
6.119743e-02
1.483295e-01
-3.015753e-02
-2.240002e-02
-2.335001e-02
-3.270840e-02
1.478844e-02
-2.151119e-03
-4.334068e-03
1.294326e-02
1.518795e-02
2.398651e-02
4.780163e-02
-9.608769e-02
2.119138e-03
-1.969635e-02
-3.635012e-02
2.741824e-02
1.954718e-02
-1.691464e-02
8.113069e-02
1.548491e-02
-5.480831e-04
-1.879673e-03
1.752462e-03
-6.327034e-04
-1.313929e-03
3.495273e-03
2.264415e-03
2.517450e-03
2.370205e-03
3.444529e-02
-2.772364e-02
-4.875457e-02
6.878049e-02
-2.104188e-02
-1.092730e-01
8.874270e-02
1.265914e-02
-8.385118e-02
7.945615e-02
-5.997318e-02
-4.698581e-02
2.586629e-02
-1.330346e-02
-4.216892e-02
8.293551e-02
4.349953e-02
3.985541e-02
-3.736690e-02
-1.437223e-01
-9.195665e-02
7.728486e-03
-1.137118e-01
-7.226830e-02
-7.969567e-02
-1.690534e-01
-1.087242e-01
-9.415315e-03
-1.656307e-02
8.603088e-03
-1.098452e-02
-3.200214e-02
-2.785604e-02
2.143615e-02
1.794916e-02
1.126710e-02
6.135408e-02
3.181917e-02
1.552717e-02
3.401205e-03
-1.966366e-02
-3.083515e-02
-4.758894e-03
-3.609430e-02
-3.098661e-02
1.782825e-02
2.991642e-02
1.129553e-02
3.413999e-02
3.500460e-02
2.180214e-02
3.539048e-02
3.198399e-02
2.530410e-02
-5.058971e-02
-1.100989e-03
3.599678e-02
-4.999049e-02
-5.570099e-02
4.297398e-02
-3.669039e-02
-1.182611e-01
-1.433773e-02
3.571111e-02
3.830809e-02
-3.038726e-02
1.765491e-03
-4.138479e-02
-1.041118e-01
-1.992518e-03
-1.034246e-01
-1.171193e-01
1.347746e-02
-3.007108e-02
-2.113445e-02
-1.021435e-02
-8.151827e-03
-1.401880e-02
4.214514e-02
6.750308e-03
-1.039414e-02
1.483520e-03
-2.344894e-02
-1.149154e-02
-8.244526e-03
-1.879890e-02
-1.559584e-02
-1.846898e-02
-3.359438e-02
-3.664006e-02
-3.960342e-03
-2.640153e-02
1.794664e-02
-5.835027e-02
-8.619418e-03
7.068161e-02
-2.081246e-02
6.996972e-03
8.393934e-02
-3.265932e-02
-4.067326e-02
-3.288233e-02
-1.933071e-02
-3.143327e-02
-1.358642e-02
1.731158e-02
2.568959e-02
3.104390e-02
1.284955e-02
8.631109e-02
6.713638e-02
-2.328688e-02
2.375839e-02
9.494287e-03
-1.094323e-01
-1.295861e-01
-7.588918e-02
2.528935e-02
1.064844e-02
4.772684e-03
3.414666e-02
1.631462e-02
-1.660280e-02
2.639567e-02
1.748808e-02
-1.757893e-02
4.069786e-03
-1.884145e-02
5.052476e-03
-6.467033e-03
5.899309e-03
4.740650e-02
-2.768110e-02
3.875231e-02
7.195161e-02
-7.381412e-04
-1.368670e-03
9.054929e-04
1.666794e-03
2.038351e-03
-2.647376e-04
3.479650e-03
-1.915557e-04
-2.273184e-03
3.336211e-02
-5.594046e-02
-2.477911e-02
5.710997e-02
-3.710780e-03
-2.228489e-02
2.654700e-02
-6.185563e-03
-3.499001e-02
5.947150e-02
2.633843e-02
1.359825e-02
3.580408e-02
1.257579e-02
-1.018363e-02
5.531159e-03
1.945750e-03
6.728540e-03
-2.050247e-02
1.666275e-02
1.294154e-01
-3.456142e-02
-6.070085e-02
6.392805e-02
-2.120982e-02
-8.746553e-02
-1.047554e-01
2.313493e-02
2.743095e-02
1.666208e-02
1.929423e-02
1.072166e-02
-1.723047e-03
4.566660e-02
3.954419e-02
5.408018e-02
