7.276922e-02
4.793928e-03
-6.209343e-02
1.511670e-01
4.239341e-03
-4.747438e-02
1.223790e-02
1.007774e-01
-5.599494e-02
7.815459e-02
1.185391e-01
1.541752e-01
-3.859397e-02
-7.336516e-02
-4.274346e-02
1.227599e-01
1.339457e-01
1.389315e-01
-6.343940e-02
1.176623e-02
2.909592e-02
9.375531e-02
3.982077e-03
4.015903e-02
-1.197177e-02
6.547679e-02
3.751019e-02
-3.567021e-02
-1.262872e-01
-3.112260e-01
2.869739e-02
1.657998e-01
1.589188e-01
6.041736e-03
1.210044e-02
-4.573505e-02
6.435435e-02
2.568883e-02
-1.603379e-02
5.660518e-02
-3.106774e-02
-5.598065e-02
4.166611e-02
1.839735e-01
2.141991e-01
1.384463e-01
1.648304e-01
7.329476e-02
9.168349e-02
7.532344e-02
1.209603e-03
-4.337584e-03
6.814985e-03
5.231647e-03
-8.183104e-02
-7.351094e-02
9.271032e-02
5.589283e-03
5.510749e-02
8.742277e-02
1.291817e-02
5.699176e-02
4.081366e-03
9.661322e-03
7.438933e-02
8.913560e-02
-1.788838e-02
5.106456e-03
-3.194346e-02
-3.697899e-03
1.483936e-02
2.316307e-02
-2.497975e-03
-5.220601e-02
-1.425740e-01
9.149420e-02
5.443191e-02
-1.338901e-02
-1.459717e-02
-5.384783e-02
-9.851886e-02
2.058503e-02
1.098869e-01
4.746836e-02
-6.975934e-02
-1.607619e-01
-1.928865e-01
6.374238e-02
1.866115e-02
2.036459e-02
1.214395e-01
6.849094e-02
6.185206e-02
7.455514e-02
6.983092e-02
4.720226e-02
-5.193064e-02
-5.453333e-02
-2.795022e-02
-1.432675e-02
1.338725e-02
2.748737e-02
4.889878e-05
-4.559394e-02
2.310413e-02
3.965625e-02
7.418822e-03
-6.108591e-02
-8.573201e-03
1.316474e-01
7.159536e-02
-1.625810e-01
-1.354707e-01
1.374127e-02
5.164855e-02
3.936420e-02
-5.644301e-02
-1.103863e-02
3.769226e-02
2.446370e-02
-4.041880e-02
1.850381e-01
1.554620e-01
-1.510019e-01
-1.303473e-01
-1.599946e-01
-4.723563e-02
-1.931226e-02
4.457503e-03
-1.369591e-01
-1.486697e-01
-9.543435e-02
-4.068193e-02
-5.301580e-02
-5.353010e-02
-8.558837e-02
-2.095965e-02
-5.824722e-02
-3.433289e-02
-1.309471e-01
-1.360907e-01
-5.290657e-03
-9.317062e-02
1.136452e-02
7.312363e-02
1.247961e-01
6.074414e-02
5.309740e-02
-2.864448e-02
-2.700522e-02
-2.702376e-02
1.447519e-02
7.993731e-02
-2.881347e-02
-1.594081e-03
2.757723e-02
9.987225e-02
5.426728e-02
-9.715030e-02
-3.221869e-03
-4.100617e-02
-7.690711e-02
-4.481431e-02
-4.929571e-03
3.205408e-02
5.229154e-02
1.680307e-02
-7.224814e-02
1.140662e-02
-4.480398e-02
-6.214749e-02
-3.808657e-02
-8.062302e-02
-9.443313e-03
-6.064044e-02
-7.213856e-02
1.074177e-01
6.609081e-02
1.427744e-01
1.006620e-01
-4.854533e-02
-5.435318e-02
-4.465012e-02
-4.361680e-02
-3.830273e-02
-1.113262e-01
-3.291609e-02
-2.504068e-03
-2.532388e-02
-1.134063e-01
-7.963374e-02
6.855973e-03
-6.176019e-02
-1.814536e-02
1.573966e-02
-7.493336e-02
-9.946309e-02
-5.495982e-02
2.119331e-02
1.049867e-01
9.242108e-02
1.363362e-01
8.511755e-02
1.212523e-01
1.304551e-01
2.001581e-01
1.626798e-01
3.211312e-02
-6.895731e-02
-5.144187e-02
-3.083286e-02
-1.384369e-01
-4.790220e-02
-5.761097e-02
-1.214569e-01
1.689063e-06
-1.477464e-02
5.769240e-02
-1.288235e-02
-1.839638e-02
3.101129e-02
-2.672692e-02
-9.613885e-02
2.617267e-02
5.458554e-02
1.318682e-01
1.287288e-02
9.383655e-02
6.938299e-02
-8.021804e-02
-8.500646e-02
-8.950838e-02
-1.397369e-01
-3.249035e-02
5.441686e-02
-3.899368e-02
-5.523568e-03
-9.090538e-02
-4.667535e-02
-3.665607e-02
-4.975656e-02
-4.961144e-02
-2.032000e-02
3.290593e-04
-2.835850e-02
-1.687793e-02
-1.108421e-02
-3.499373e-02
-7.832501e-03
-1.895066e-02
-8.063841e-03
1.997194e-02
2.054704e-02
2.261979e-02
7.380908e-02
4.630318e-02
4.247792e-02
-3.576667e-02
-6.754911e-03
-5.247135e-04
3.062532e-02
-1.223393e-01
-1.597410e-01
1.382434e-01
-1.795133e-01
5.221498e-02
2.767652e-01
5.283529e-02
9.249412e-02
7.940363e-02
-2.536593e-02
-7.058417e-02
1.005178e-01
-5.930061e-02
-1.185651e-01
-1.467376e-02
6.970913e-02
-5.675763e-02
1.075443e-02
3.959636e-02
7.106429e-02
-1.449054e-02
7.396135e-02
1.208373e-02
-6.278354e-02
5.472012e-02
-2.894203e-02
-5.200859e-02
-3.270509e-02
-1.885379e-02
-2.814337e-04
2.762584e-04
-2.047752e-02
-1.145894e-02
1.338774e-02
-6.326794e-02
-8.231310e-02
4.199829e-02
-1.994087e-02
2.163551e-02
7.559166e-03
1.217345e-02
7.628845e-02
-3.228210e-03
1.077497e-02
6.987388e-03
5.072716e-02
4.413176e-02
1.383700e-02
-1.554396e-02
5.341957e-02
3.180882e-02
-3.016918e-02
-4.298255e-02
1.088280e-02
-4.022828e-02
-9.267986e-03
-4.162617e-02
-1.094133e-02
3.205403e-03
-4.489508e-02
-1.106112e-02
3.680777e-02
2.335547e-02
7.644369e-02
1.540858e-01
1.181409e-01
1.701615e-02
9.479423e-02
1.461579e-01
-2.640680e-02
-3.859085e-04
4.160911e-02
-9.557806e-02
-5.661183e-02
2.503177e-02
-5.034103e-02
-6.936219e-02
-2.445260e-02
-6.814563e-02
-9.586260e-02
-1.018482e-01
1.163145e-01
4.400428e-02
-2.607528e-03
9.455278e-02
7.083956e-03
-3.091454e-02
5.718563e-02
-1.091962e-02
6.938199e-02
-1.993013e-02
-2.888595e-02
-3.011734e-02
3.762452e-02
1.032843e-02
2.960480e-02
2.865001e-02
2.893850e-03
1.847222e-02
2.195572e-02
2.151137e-02
-2.516566e-02
1.920372e-02
-1.532651e-02
4.042264e-03
6.876356e-03
9.403087e-03
-2.462801e-02
1.381325e-02
-1.531148e-02
-6.033377e-04
-1.403164e-02
1.971776e-03
1.966217e-02
-4.856787e-02
-1.713102e-02
-2.475893e-02
-5.078169e-02
-1.016715e-01
-3.424964e-02
-1.416376e-02
-8.211688e-02
-8.363132e-02
-1.254212e-02
-2.318522e-02
-4.634229e-02
-9.582257e-03
-8.486839e-03
-1.488092e-02
-7.520284e-03
-7.002869e-03
-3.463233e-03
6.425486e-03
-1.209979e-02
8.918914e-03
-6.067067e-02
-5.702265e-02
1.945692e-02
-9.350047e-03
-3.089937e-03
4.511403e-02
4.312460e-02
4.569826e-03
1.430436e-02
-4.309269e-02
-6.969328e-02
-4.419543e-02
-2.740661e-02
-5.293409e-02
-1.136424e-01
9.109304e-02
1.235704e-01
8.703437e-02
3.649597e-02
4.482021e-02
1.454136e-02
5.544275e-02
1.131828e-01
9.207966e-02
9.343141e-02
1.464779e-01
1.299445e-01
8.321762e-03
-3.989345e-02
-3.380788e-02
-4.252239e-02
-6.066534e-02
-9.322179e-02
-6.475744e-02
-6.407302e-02
-6.883065e-02
5.811220e-02
4.572794e-02
-1.614861e-02
-1.093971e-02
3.842825e-02
1.501852e-02
1.688500e-02
-2.908347e-03
5.563823e-03
-5.361823e-04
3.015982e-02
-6.451251e-03
-1.701256e-02
-5.899548e-03
8.647244e-04
-2.785365e-02
-9.411590e-04
-3.767565e-02
7.573422e-03
1.725679e-02
1.266523e-02
1.154675e-02
-1.120007e-02
-1.144827e-02
1.866784e-02
1.393444e-02
-7.132528e-03
-1.029430e-02
-9.932326e-03
-3.023433e-02
1.215146e-02
9.066798e-03
1.203582e-02
5.953632e-03
-8.683332e-03
-3.204251e-02
-6.033988e-03
2.857366e-02
3.508629e-02
-8.939403e-03
9.564949e-05
-1.129798e-02
-6.348753e-03
6.066205e-03
-4.230983e-03
-2.369103e-03
1.504269e-02
-4.416222e-04
-1.773356e-02
8.427901e-03
-1.694435e-03
9.390538e-03
1.026578e-02
6.922691e-03
-4.575671e-02
-3.014580e-02
-1.697260e-02
1.706295e-02
1.762325e-02
-1.342981e-02
1.505865e-02
1.791768e-02
9.072373e-03
2.937303e-02
3.637380e-02
4.957019e-02
-6.857648e-02
-8.317122e-02
-5.550495e-02
1.777817e-02
1.314064e-02
2.613362e-02
9.266593e-03
-7.634087e-03
6.715919e-03
-1.288677e-02
-2.605629e-03
-1.116986e-02
-4.914530e-03
-2.480496e-02
-1.136101e-02
2.961562e-02
2.920568e-02
4.142662e-02
-1.158435e-02
-8.165249e-03
4.134809e-03
7.637338e-03
-1.318950e-03
1.524222e-03
-1.228820e-03
1.597014e-02
1.621729e-02
-8.075367e-05
7.648979e-03
-2.809633e-03
3.673495e-02
3.264261e-02
4.944858e-02
-6.226746e-03
-4.134643e-03
-4.947172e-03
5.657110e-03
3.357600e-03
1.810200e-03
-1.168690e-02
-4.405490e-04
-4.851158e-03
2.290972e-02
4.698514e-02
-5.055493e-03
-1.860855e-02
-4.724616e-02
-4.217049e-02
1.022566e-02
4.332152e-02
1.982513e-02
2.517051e-02
2.288482e-02
-1.708138e-03
3.530859e-02
5.192895e-02
1.861783e-02
-4.667315e-02
-5.367061e-02
-5.372126e-02
1.459751e-02
-1.450987e-03
3.745002e-02
-5.453799e-02
-6.375559e-02
-2.317391e-02
-4.453481e-02
-4.481954e-02
-4.129967e-03
1.049016e-02
-1.419230e-02
2.880787e-03
2.442852e-02
-3.017162e-03
-1.665226e-02
-1.904837e-02
1.082082e-02
-2.622022e-02
-1.023717e-01
-1.259082e-01
-8.268142e-03
-8.225944e-02
-6.577937e-02
-2.249538e-02
1.023180e-02
-4.521896e-02
-1.007815e-01
-2.077340e-02
1.749968e-02
-7.533416e-02
-1.124337e-03
8.311351e-02
-1.169600e-01
-1.336302e-02
1.483287e-01
-7.989708e-02
-6.168735e-02
6.853152e-03
-3.268409e-02
-3.241204e-02
2.182308e-02
-9.602414e-02
2.010355e-02
1.561212e-02
-7.454146e-02
4.654427e-02
-4.022077e-02
-8.562521e-03
1.884184e-02
-1.262968e-01
-1.618389e-02
4.023865e-02
-4.038410e-03
-2.462726e-02
3.055051e-02
-6.109338e-02
-5.359408e-02
5.481393e-02
-2.272888e-02
-7.113349e-02
5.358671e-02
2.637600e-02
-4.167666e-02
2.415406e-02
1.167910e-02
1.749629e-02
1.839829e-02
2.470444e-02
2.784977e-02
-4.386995e-02
-5.180555e-02
-4.968761e-02
3.494253e-02
-1.033603e-02
-1.725844e-01
1.228256e-01
-1.288141e-02
-8.782490e-02
1.188126e-02
6.205858e-03
1.333784e-02
4.487175e-02
4.500490e-02
3.087799e-02
6.674271e-03
1.052740e-02
-1.973657e-02
-1.499619e-02
-8.908866e-03
4.638198e-03
-2.724054e-02
-9.104768e-03
-3.845075e-03
1.189961e-02
2.140784e-02
1.516019e-02
1.313998e-03
7.874016e-02
5.373055e-02
1.006799e-01
-1.300621e-01
9.768766e-02
6.659925e-02
-1.557896e-01
-6.525457e-02
9.917791e-02
-1.233155e-01
-3.911313e-02
6.409445e-02
-7.419609e-03
-9.781202e-03
-1.820395e-02
2.502605e-02
-1.908894e-02
-3.570876e-02
4.234424e-02
2.015946e-02
1.227337e-02
-1.010675e-02
-1.580539e-02
3.264334e-03
-3.551303e-03
4.257178e-03
-7.069472e-03
-2.527799e-03
1.892917e-03
-1.657501e-02
7.583273e-03
-3.691013e-02
-5.053130e-02
1.016289e-01
-7.551096e-03
-2.342803e-03
-1.946327e-02
-4.091840e-02
1.210077e-01
-1.724905e-01
9.869924e-02
2.879398e-02
-1.636393e-01
1.457743e-01
-4.224294e-02
-1.483149e-01
9.639814e-03
1.776540e-02
-2.287954e-02
4.581343e-02
1.276653e-02
-3.818869e-02
6.364781e-03
-3.861244e-03
-8.619968e-02
-5.012202e-02
-1.310252e-01
1.279565e-01
5.411460e-02
-2.747077e-02
1.314147e-01
2.080071e-02
2.285382e-03
8.953986e-02
-1.085579e-02
8.459232e-02
-6.781220e-02
-5.496673e-02
1.496387e-01
2.815888e-02
-5.414598e-02
1.117095e-01
1.246220e-02
6.302775e-02
-4.530102e-02
4.923585e-02
1.394238e-02
1.157539e-02
4.163551e-02
-7.175045e-03
5.936154e-02
3.251792e-02
3.458374e-02
-1.792137e-02
7.205056e-03
-3.948102e-03
1.536256e-02
2.405134e-03
-1.694165e-02
-4.261309e-02
-1.902765e-02
1.675440e-02
8.323140e-02
5.630001e-02
1.435974e-02
1.212084e-02
7.521739e-02
4.423518e-02
-3.622707e-02
1.064570e-02
-8.861563e-03
-3.013097e-02
-5.156628e-02
-4.040070e-02
-3.044050e-03
-4.768555e-02
-1.917310e-02
-1.934920e-02
-6.279802e-02
-5.259074e-02
3.788355e-02
1.554967e-02
-1.863828e-02
3.717948e-02
-4.920520e-02
-2.999569e-02
-2.321971e-03
-5.705914e-02
-1.084925e-02
7.340969e-02
9.502861e-03
-6.262417e-02
8.184544e-02
-3.376019e-02
-1.299515e-01
4.875243e-02
-4.657530e-02
-1.486363e-02
2.301773e-02
-3.227221e-02
-6.206834e-02
6.262088e-03
-6.210741e-02
-8.123685e-02
2.290059e-02
-6.385559e-02
-5.684127e-02
1.189149e-01
3.799360e-02
-7.015313e-03
1.022168e-01
5.257619e-02
2.395139e-02
7.023698e-02
6.863511e-02
-8.216848e-03
6.472721e-03
-4.750476e-02
8.969215e-03
1.660448e-02
7.466032e-02
1.014337e-01
5.042708e-02
7.066359e-02
7.229217e-02
-5.031703e-02
-6.923903e-02
-3.365988e-02
-6.658447e-02
-7.840147e-02
-1.179165e-01
-5.580879e-02
-7.586619e-02
-1.102069e-01
7.095826e-03
1.339368e-02
1.814557e-02
1.483262e-02
5.723458e-03
4.239814e-03
2.561370e-02
-8.672195e-05
9.272410e-03
5.636758e-02
6.841085e-02
1.052725e-02
4.651704e-02
-6.427765e-03
2.767052e-02
3.014200e-02
1.161031e-02
4.149582e-02
9.192269e-02
-6.639400e-03
2.804393e-02
5.806825e-02
2.185141e-02
1.961936e-02
1.606720e-02
3.929473e-02
-7.751160e-02
7.144660e-02
4.641752e-02
-2.409344e-02
2.678423e-02
1.103228e-02
-3.128306e-02
-4.711243e-03
-2.333821e-02
-7.404940e-03
9.697785e-02
9.301691e-02
5.963451e-02
1.459009e-01
1.621396e-01
1.523331e-01
2.498412e-01
1.468098e-01
1.796751e-01
3.767765e-02
5.712735e-02
1.821674e-02
-1.802056e-02
6.121319e-02
7.345285e-02
-5.074379e-02
4.117597e-02
1.332648e-01
9.207098e-02
-5.549868e-03
-5.898711e-02
9.726746e-02
5.293211e-02
-2.657938e-02
-8.254179e-04
8.067825e-02
3.973169e-02
1.196455e-01
1.468116e-01
1.215915e-01
-3.465462e-02
3.131633e-02
1.351910e-02
-7.422473e-02
-8.555374e-02
-4.457715e-02
9.310792e-02
4.843384e-02
-9.993145e-03
1.601533e-03
-2.935082e-02
-3.527847e-02
-1.867485e-02
-5.986778e-02
-2.580902e-02
-1.809154e-02
8.398185e-02
8.857206e-02
-3.744905e-02
5.803742e-02
1.662534e-01
-1.020929e-01
-9.264054e-02
-1.193405e-02
-1.979327e-02
3.417025e-02
8.020219e-02
-5.042096e-02
-6.054717e-02
5.695095e-02
9.990878e-03
-7.859171e-02
-3.467517e-02
-1.996138e-02
-7.394939e-02
-6.180739e-02
-7.686945e-02
-1.133894e-01
-1.528567e-01
-1.116910e-01
-1.668261e-01
-1.304489e-01
6.385365e-02
5.784556e-02
5.892588e-02
-2.997196e-02
-5.695270e-03
-1.503580e-02
-6.792185e-02
9.272926e-03
-7.950771e-03
-2.058553e-02
1.434373e-02
1.166036e-02
-9.282985e-02
-3.705145e-02
3.642626e-02
-1.987515e-02
-6.753471e-02
1.387739e-03
6.183591e-02
6.101794e-02
-4.952750e-02
6.898321e-02
1.472002e-02
-3.730787e-02
-2.052195e-02
3.434670e-02
-1.162006e-02
9.741600e-03
-2.696990e-03
-6.125469e-02
-2.466375e-02
1.029642e-02
-6.394542e-02
-1.116847e-02
3.617612e-02
2.891627e-02
-1.022499e-02
-1.140546e-02
4.241200e-02
-2.425099e-02
-1.567516e-02
1.132186e-02
-4.474669e-02
-1.578628e-02
2.196500e-02
8.526312e-03
-8.851630e-02
-6.771626e-02
-3.054150e-02
4.333486e-04
-9.284624e-02
-7.194203e-02
1.791968e-02
2.742148e-02
-2.320986e-02
-6.547125e-02
-9.897056e-02
-4.093184e-02
-1.365859e-01
-2.093812e-02
5.496405e-03
-1.150408e-01
-1.059108e-01
2.954828e-02
5.228181e-02
1.876532e-01
-7.738268e-02
-1.722276e-02
1.042363e-01
-5.311857e-02
8.625639e-03
1.053292e-01
-8.110902e-02
-4.072007e-04
7.353255e-02
-6.229799e-02
2.691287e-02
3.859516e-02
-1.479953e-02
2.974304e-02
-8.682021e-03
-5.299810e-02
1.905856e-01
1.328133e-01
-1.168738e-01
4.921881e-02
2.698672e-02
1.900869e-02
-1.236113e-01
9.547170e-03
-6.089184e-02
-2.658874e-01
-5.472551e-02
-3.525347e-02
1.229296e-02
8.582388e-02
6.992099e-02
1.127553e-01
4.072748e-02
9.637323e-02
9.841048e-02
1.112871e-01
5.743676e-02
1.086823e-01
1.498542e-01
5.169205e-02
3.382704e-02
-3.050119e-02
-6.761339e-02
1.845961e-02
3.436461e-02
5.777878e-02
-3.291106e-02
-6.379485e-02
3.290600e-02
3.370371e-02
6.362358e-02
-3.849469e-02
6.829801e-03
-3.171935e-02
-2.729858e-02
3.834047e-05
1.271957e-02
-5.847423e-02
-5.857565e-02
-7.775661e-02
1.323399e-01
1.457514e-01
9.312783e-02
-2.596079e-02
-5.744627e-03
4.718674e-03
-7.595221e-02
-1.339724e-01
-9.466578e-02
9.874133e-03
1.290056e-01
1.179792e-01
1.028570e-01
1.079512e-01
1.201098e-01
6.159429e-04
-7.503367e-03
1.050174e-01
6.213035e-02
3.149729e-02
-2.838464e-02
-5.335813e-02
-1.188247e-01
-1.261842e-01
-3.085553e-02
-4.157298e-02
-5.497595e-02
-2.224977e-02
2.803945e-02
2.772878e-02
-4.588392e-03
2.023248e-02
4.359270e-02
-2.001452e-02
2.929527e-02
5.605259e-02
-1.254795e-01
-1.930674e-01
-5.391325e-02
-2.335474e-03
4.942416e-03
7.256649e-02
1.593767e-01
8.280852e-02
-1.612419e-02
8.643460e-02
1.307449e-01
-6.519916e-02
5.726487e-02
9.374796e-02
-2.338542e-02
7.875842e-02
6.246946e-02
-7.677611e-02
7.030616e-02
4.439303e-02
5.060780e-02
1.364200e-02
4.144695e-02
1.553346e-02
-4.794268e-02
-7.285178e-03
-1.098321e-03
1.668228e-02
-1.405908e-02
-5.191213e-02
-5.917890e-02
8.548746e-02
1.733918e-02
-6.147098e-02
-6.590212e-02
-9.847001e-02
9.050149e-02
2.971784e-01
-1.185802e-01
8.410036e-02
-1.849922e-01
-5.446515e-02
-1.326712e-01
1.545105e-02
-3.875187e-02
-1.738215e-02
5.767823e-02
-4.480898e-02
9.728997e-03
8.018012e-02
-2.062242e-02
-1.170143e-02
8.577296e-02
3.962605e-02
1.469185e-01
-1.152991e-01
-3.554802e-03
8.201540e-02
9.740217e-02
1.231258e-01
-1.038861e-02
-2.243351e-02
-1.626682e-01
-5.009210e-02
-3.041181e-02
4.815370e-02
6.308854e-02
6.846412e-02
-2.263867e-02
3.207404e-02
-3.469789e-02
2.017832e-02
3.693407e-02
-1.744645e-02
-2.184601e-02
-4.814988e-02
6.767542e-02
3.820738e-02
-1.285428e-01
-1.192682e-01
-6.592387e-02
3.407233e-03
-4.472009e-02
2.902450e-02
-1.168533e-02
4.189933e-02
1.004972e-01
-3.385126e-02
-4.358112e-02
2.414534e-02
1.445913e-02
-2.827380e-02
1.009064e-02
4.798219e-02
-2.414425e-02
-3.506232e-02
-1.192343e-04
3.270749e-02
8.817643e-02
2.856029e-02
-5.428588e-02
-6.574952e-02
7.448173e-02
-7.595170e-03
-1.777839e-02
3.645162e-02
-8.319009e-03
-2.531265e-02
-3.599919e-02
-6.070650e-02
-7.536477e-02
-2.186026e-03
8.695545e-03
-2.976375e-02
-6.089581e-04
9.083351e-03
1.667122e-02
6.782047e-02
-3.652040e-03
-5.176263e-02
4.198724e-02
6.584382e-02
5.544879e-02
2.127639e-02
1.259211e-02
3.035202e-02
8.080339e-02
7.955579e-02
9.156182e-02
1.619004e-02
1.863558e-02
3.801387e-02
6.370930e-02
-1.271020e-02
-1.439958e-02
1.885737e-02
-6.801777e-02
-1.785677e-02
2.090859e-02
-6.380057e-02
-1.811547e-02
-2.249187e-02
-5.400915e-02
-3.168445e-02
1.107548e-02
-8.690719e-02
4.810666e-04
9.768637e-02
9.667135e-02
8.669433e-02
-2.485283e-02
-5.695264e-02
9.237961e-05
-2.632907e-02
2.889967e-02
-1.583681e-02
-1.794645e-02
-3.344714e-02
-4.405310e-02
1.236434e-02
-3.593810e-02
-1.818691e-02
7.768129e-03
4.169573e-03
-8.772150e-03
-7.398108e-03
-2.386349e-02
-2.697103e-02
-2.618591e-02
-3.863098e-02
-3.637529e-02
2.934192e-02
3.033129e-02
1.411588e-02
1.145480e-02
7.834712e-02
4.441692e-02
6.143750e-02
4.488758e-03
8.214938e-02
9.383501e-03
-1.157473e-01
-7.427533e-02
1.160333e-01
-2.594507e-02
-1.254772e-02
1.221183e-02
1.187376e-01
5.835390e-02
1.237465e-01
-3.967440e-02
-7.882340e-02
9.251291e-02
-2.283034e-02
-7.478634e-02
7.069767e-02
-4.201259e-02
-5.148273e-02
-1.072537e-02
2.532587e-02
5.063412e-02
-5.686921e-02
-5.380026e-02
-1.808149e-02
-5.549831e-02
-4.245993e-02
-1.083783e-02
2.943945e-02
8.550929e-02
8.412517e-02
1.647198e-03
2.184088e-02
2.918806e-02
-5.726089e-02
-3.083927e-02
2.662377e-02
3.361381e-02
-1.447061e-02
-2.374703e-02
2.065697e-02
-2.208835e-02
-9.072334e-02
-2.858720e-02
-6.278600e-02
-7.473201e-02
-3.386104e-02
1.606314e-02
2.737372e-02
4.135915e-02
1.223951e-01
1.537119e-01
4.386886e-02
5.679549e-02
1.063393e-01
1.986867e-02
6.346924e-03
7.804770e-03
1.080133e-02
-1.031067e-02
-8.782706e-02
1.284347e-02
2.869968e-02
-4.588301e-02
-3.086315e-02
-2.231889e-02
-3.164623e-03
-4.194431e-02
-2.325292e-02
-2.345746e-02
-5.176915e-03
-4.536257e-02
2.068524e-02
-8.240941e-02
-6.750251e-02
3.848397e-02
8.050237e-02
9.441061e-02
7.553604e-02
1.290053e-01
1.618519e-02
1.784206e-02
-5.566982e-02
1.354664e-01
9.037585e-02
1.125520e-01
2.301902e-01
2.246425e-01
1.810217e-01
2.435320e-01
2.184127e-01
7.434432e-02
1.074542e-01
8.412682e-02
2.687111e-02
2.872221e-02
2.274765e-02
-1.240008e-02
-1.124436e-02
3.238872e-02
2.761059e-02
4.266414e-02
1.726045e-02
9.733204e-04
-9.628908e-03
-3.192539e-02
-6.007042e-03
-4.202736e-02
-3.112845e-02
9.610673e-03
3.016957e-03
-1.781235e-02
-2.732028e-03
-8.021843e-04
1.533644e-02
-3.130886e-02
5.362162e-02
1.348643e-03
-1.180543e-02
2.205700e-02
2.529007e-02
-1.963837e-02
8.327572e-02
7.652434e-02
4.012593e-02
1.236248e-01
1.445901e-01
2.748860e-02
4.205630e-02
3.353960e-02
1.719799e-02
-2.179368e-03
1.824597e-02
4.845453e-03
-4.862638e-03
-1.034954e-02
-2.665445e-02
-2.237250e-03
-5.727577e-02
-4.563028e-03
-1.743500e-03
4.744439e-02
-9.930939e-04
6.914528e-02
5.626899e-02
-3.797962e-02
3.685236e-03
-2.176444e-02
1.022139e-02
-8.891339e-02
-1.100086e-01
-2.301635e-03
4.669424e-02
3.094357e-02
-1.147008e-02
-1.478329e-03
-3.077288e-02
1.924799e-02
2.553495e-02
2.540552e-03
-1.050307e-01
-6.863164e-02
-5.564490e-02
1.884964e-02
3.980754e-02
2.197788e-02
-6.851595e-02
-9.603360e-03
-3.830099e-02
-4.492986e-02
-1.126785e-01
6.911170e-04
1.565305e-01
1.410864e-01
1.518581e-01
1.186400e-01
1.227289e-01
1.987673e-01
1.652922e-01
1.301025e-01
1.510067e-01
-5.142707e-02
-3.909414e-02
-8.219206e-02
-4.889023e-02
1.328428e-01
-4.650485e-02
-8.781878e-02
6.817500e-02
-8.012358e-03
6.779271e-02
-1.333371e-02
-1.080851e-03
-5.044996e-02
1.343313e-02
-1.114658e-01
-1.337389e-03
-7.082098e-02
-5.638582e-02
-1.765510e-03
-4.728974e-02
9.178703e-03
1.342908e-02
-4.274061e-02
-1.085890e-02
4.505502e-03
1.539023e-01
9.673532e-02
-4.445881e-02
2.519379e-02
7.142002e-02
1.273866e-01
7.274020e-02
3.859490e-02
9.251300e-02
2.213649e-02
7.119404e-02
7.387328e-02
3.679490e-02
4.556080e-02
-1.204932e-02
2.126207e-02
-1.295567e-02
1.734713e-02
3.233907e-02
-2.374852e-02
1.922378e-02
-8.252955e-02
-1.858713e-02
4.474453e-02
-2.158859e-02
1.114281e-02
-1.128793e-01
-5.012997e-02
1.716914e-02
-4.614023e-02
-5.805881e-02
-3.420786e-03
-4.362277e-02
-1.892909e-02
-8.935546e-02
3.143657e-02
1.627669e-02
-2.527287e-02
4.415039e-03
1.097382e-01
7.938210e-02
1.077313e-03
5.480028e-02
1.387775e-01
6.689107e-03
2.548315e-02
-1.032128e-01
4.454379e-02
-1.348032e-01
3.327382e-02
1.503408e-01
-4.851240e-03
-4.638479e-02
-2.815095e-02
-8.449044e-02
-1.910864e-02
4.769130e-02
5.069694e-02
5.562729e-02
-3.910632e-02
4.517834e-02
-2.229167e-02
-5.188662e-02
-3.235723e-03
7.692222e-03
2.471704e-02
-3.800313e-03
2.047274e-02
1.696186e-02
4.378589e-02
1.196257e-02
-9.989860e-03
4.920726e-02
5.318103e-02
1.684215e-01
5.804941e-02
-5.681127e-02
-6.008001e-02
8.264904e-02
5.181614e-04
-3.102981e-02
8.726313e-02
9.661554e-02
8.082364e-02
-4.879912e-02
8.474725e-02
9.581349e-02
-1.649694e-01
1.244047e-01
1.034132e-01
3.160940e-02
2.783436e-02
-4.223397e-02
-1.020774e-01
4.827631e-03
-8.722092e-02
-1.312700e-01
-6.292101e-02
-1.093473e-02
-9.687454e-02
-2.448204e-02
5.640388e-02
1.790233e-01
1.115512e-01
2.375797e-02
1.346733e-01
7.286350e-02
-3.440311e-02
1.015481e-01
8.411582e-02
1.200747e-01
6.851764e-02
-2.758148e-02
1.124670e-01
2.112339e-01
-1.499454e-02
1.458422e-02
1.862274e-01
1.987567e-01
-3.279582e-02
6.672531e-02
-4.119801e-03
3.993648e-02
1.533018e-01
1.772554e-01
-8.907048e-02
-1.585269e-02
1.438805e-01
1.116904e-01
-1.023717e-02
-6.131060e-02
8.063325e-02
5.327569e-02
-5.281944e-02
5.315536e-02
-6.255119e-02
-2.693286e-02
-1.203732e-01
-3.030832e-02
3.478688e-02
6.313978e-02
-2.999398e-02
-1.676624e-01
2.581978e-02
1.542943e-01
1.112363e-01
-6.522975e-02
-6.693043e-02
-1.044705e-01
6.975310e-02
7.748518e-02
-6.081432e-02
1.173505e-01
6.810226e-02
2.913651e-02
1.158754e-01
1.235925e-01
9.183269e-03
6.987672e-02
1.010060e-01
-2.622364e-02
3.892328e-02
1.245827e-01
-1.453216e-03
1.425174e-02
-1.184971e-01
-6.889005e-02
-8.515099e-02
-5.806827e-02
5.712045e-04
-8.810678e-02
-4.578777e-03
-7.807447e-02
5.192025e-02
1.063941e-01
9.063394e-02
-3.007014e-02
1.352321e-01
6.616956e-02
8.974284e-02
-3.718086e-02
-6.411338e-04
-6.300096e-02
-2.439126e-02
1.101160e-01
4.519154e-02
1.023705e-01
3.370498e-02
1.264770e-01
1.637724e-01
-1.096372e-01
5.453214e-02
-6.725559e-02
3.101131e-02
5.138176e-02
1.122614e-01
-1.917645e-02
-2.610908e-01
-7.187003e-02
-1.786435e-02
6.955732e-02
2.352071e-01
9.165908e-02
7.379299e-02
4.507387e-02
1.680919e-01
9.740814e-02
1.123635e-01
4.516961e-02
1.973791e-02
-1.793391e-02
-2.920232e-02
1.682353e-02
7.301299e-02
3.980830e-02
-4.311065e-03
2.949059e-02
6.299868e-02
-1.138181e-01
7.444633e-02
-7.018355e-02
-1.233089e-01
-1.524942e-02
-5.330942e-02
5.738648e-03
-1.180984e-01
-9.285869e-03
1.091017e-01
-3.962062e-02
-2.066740e-02
1.801435e-01
1.008736e-01
-3.516187e-02
-3.131592e-03
1.978271e-01
2.789665e-03
-1.425635e-02
-3.613407e-02
-3.621322e-02
-9.942599e-02
-1.423751e-01
-1.558050e-01
-6.448179e-02
-1.283858e-01
-1.113380e-01
-2.927723e-02
7.687449e-02
7.320478e-02
2.792601e-02
8.153073e-02
1.717616e-01
8.077266e-02
6.897081e-02
3.727779e-02
-6.127105e-02
-8.389767e-02
-1.215330e-01
-1.063846e-01
-1.755605e-01
-2.184714e-01
-5.395218e-02
-1.279124e-01
-1.506153e-01
5.046147e-03
-4.561958e-02
4.551790e-02
-3.745076e-02
2.892790e-02
6.023366e-02
1.350444e-02
3.009364e-02
1.183723e-01
7.621657e-02
1.592018e-02
6.143437e-02
3.668455e-02
-1.874501e-02
-3.197901e-02
-2.229450e-02
-2.592264e-03
2.020020e-02
-1.635873e-02
1.714163e-02
4.570656e-02
-9.579679e-04
-5.380166e-02
4.669611e-04
1.523068e-02
-5.212247e-02
-2.082650e-02
-5.171686e-02
-2.235449e-02
6.291724e-02
-1.909356e-02
-1.105144e-02
5.557823e-02
-2.429475e-02
-4.122294e-02
4.896408e-02
4.700540e-02
1.068992e-02
-1.900482e-02
6.075881e-02
1.064386e-01
7.260220e-02
1.024166e-01
8.807217e-02
6.781540e-02
-8.288233e-03
-5.620564e-02
-3.672496e-02
-9.673170e-03
-1.421706e-01
-1.265611e-01
-8.875322e-03
-4.045746e-02
1.956086e-02
5.944828e-03
-3.790538e-02
-5.029890e-02
6.013526e-03
-2.157982e-02
-7.627670e-02
-1.912849e-02
-1.047245e-02
-3.286025e-02
-5.702834e-02
-6.573156e-02
-5.768801e-02
-4.369016e-02
-7.130849e-02
-9.599902e-02
-3.969373e-02
-5.456060e-02
-1.199568e-01
-4.705283e-02
-8.413668e-03
2.350439e-02
-2.681373e-02
-6.099966e-02
-2.533700e-02
3.132322e-04
3.087348e-02
5.393537e-02
6.173451e-03
-1.508019e-02
5.733431e-03
-4.255913e-02
-7.843215e-02
1.708765e-03
6.031774e-03
-2.468807e-02
1.595129e-03
-9.743004e-03
2.266997e-02
2.730467e-02
3.943701e-03
6.100934e-03
1.119376e-03
-7.338645e-03
3.499925e-03
-2.184601e-02
6.253096e-03
-3.630227e-02
-3.454710e-02
-2.898510e-02
-5.797945e-02
-7.830114e-02
-6.955582e-03
-7.836434e-02
-5.772457e-02
-5.381302e-02
-4.574113e-02
7.556303e-03
-7.552291e-02
-1.010752e-01
-1.118288e-01
-4.180571e-02
-1.712240e-02
-4.064722e-02
-2.035770e-02
-1.747066e-02
-1.987857e-02
-6.760928e-02
-5.787136e-02
-5.537447e-02
-9.009267e-02
-6.987353e-02
-4.767594e-02
1.695027e-02
-1.218471e-01
-6.922410e-02
-6.934630e-02
-5.034570e-02
-4.883602e-02
-1.269243e-01
-1.525017e-01
-5.906131e-02
5.962484e-03
-1.991609e-02
2.193649e-02
5.568102e-02
-3.378583e-02
1.804169e-01
1.352207e-01
2.047082e-01
5.730126e-02
7.727421e-02
1.727374e-02
5.884914e-02
5.054305e-02
-1.582513e-01
6.420085e-02
2.955776e-02
6.487849e-02
4.225535e-02
-2.379793e-02
1.431635e-02
-7.784364e-02
6.587487e-02
-3.166702e-02
7.035738e-02
-3.181557e-02
5.728016e-02
-4.617418e-02
2.100670e-02
2.101310e-02
1.341148e-02
-8.817971e-02
1.413643e-01
6.321137e-02
2.351295e-02
-6.127116e-02
-5.468804e-02
-2.680512e-02
6.061107e-02
9.146727e-02
-5.097235e-02
-6.605411e-02
-2.147942e-02
1.930069e-02
1.501933e-02
1.020808e-03
3.912736e-02
-1.608643e-02
1.937479e-02
9.158315e-02
1.234476e-03
-3.579790e-02
-9.242067e-02
-4.731572e-02
-5.057227e-02
-6.298645e-02
3.900553e-02
-4.363650e-02
-4.835746e-02
-2.394838e-02
-3.104113e-02
1.712289e-03
-1.136549e-01
-8.653364e-02
-9.854253e-02
-4.279083e-02
7.411530e-04
7.785547e-03
4.736369e-02
5.821589e-02
-7.664724e-02
3.547358e-03
3.880790e-02
9.073280e-02
1.473815e-02
-1.176141e-01
7.140473e-02
-7.492700e-03
-8.477161e-02
1.436581e-02
-7.123804e-02
1.026334e-01
-6.182575e-03
1.666147e-01
-6.726759e-02
-8.476939e-03
-3.364058e-03
1.758677e-01
6.325576e-02
7.153612e-02
4.238185e-02
-8.334563e-03
-2.539995e-02
5.820094e-03
-1.596187e-02
-5.691256e-02
7.647172e-02
-1.293059e-02
-2.745315e-02
-4.093676e-02
1.316949e-02
2.639822e-02
4.924693e-02
2.509203e-04
2.741769e-03
1.772988e-02
5.748212e-02
2.649264e-02
-2.199178e-02
7.634410e-02
-2.335480e-02
8.440362e-02
1.157793e-01
-1.392495e-03
1.330159e-01
-7.937039e-02
1.093197e-01
-4.612324e-02
-1.307273e-01
1.318071e-01
-5.674300e-02
1.601135e-02
1.863794e-01
-9.400083e-02
3.817001e-02
-2.150056e-01
-5.099077e-03
-3.025275e-02
-4.902896e-02
-8.318391e-02
7.906835e-03
-3.258478e-02
-9.122855e-03
-8.253591e-02
-1.291015e-01
-1.445633e-01
1.934138e-01
1.815815e-01
1.354862e-01
1.034913e-01
6.960956e-02
7.534695e-02
1.011564e-01
1.505160e-01
6.139342e-02
-8.404180e-02
9.281165e-03
-3.886568e-03
-2.091810e-02
4.102173e-02
-4.024803e-02
-5.130108e-02
-1.266795e-02
-6.770825e-02
1.376202e-02
-6.232413e-03
2.411159e-02
-1.158725e-01
-7.572860e-03
5.839380e-02
-8.772326e-02
-3.129181e-02
1.254037e-02
-3.453129e-02
-3.494211e-02
-5.016100e-03
-1.032713e-03
3.152753e-02
2.093756e-02
1.267529e-02
1.155796e-02
1.634168e-02
9.572599e-03
-3.318933e-02
-3.431116e-02
3.743547e-02
1.845031e-02
-3.351748e-02
-7.464851e-02
-6.352803e-03
8.499682e-03
4.167048e-02
9.588710e-03
-1.060056e-02
2.812619e-02
1.241135e-02
-1.575281e-02
2.956195e-02
4.044526e-02
-3.445089e-03
-4.998589e-02
-6.048218e-02
-6.337274e-02
-3.896384e-02
-1.743295e-02
-2.523389e-02
-6.007142e-02
-3.022757e-02
-8.539941e-03
4.557093e-02
-2.107741e-03
-6.005358e-02
1.509111e-02
3.306663e-02
4.205700e-02
-2.471713e-02
-1.168520e-02
1.841678e-02
-4.029518e-03
2.928639e-02
5.472381e-02
-2.882613e-02
-1.089155e-02
-9.985036e-03
3.847698e-03
-7.187314e-03
-4.419478e-02
1.686450e-02
2.078118e-02
2.779578e-02
-1.321952e-03
6.737168e-03
4.375274e-02
-2.349628e-02
1.895258e-02
8.859638e-03
3.547851e-02
3.680421e-02
-6.181185e-02
8.029620e-02
1.392408e-01
-4.867827e-02
-2.233638e-03
7.051310e-02
-8.266980e-02
-6.468130e-02
-2.252458e-02
-1.089391e-02
-5.917013e-02
-8.080691e-02
-3.686084e-02
2.362034e-02
-3.090209e-02
-2.579648e-03
-6.883972e-04
2.379338e-03
-1.076874e-02
-1.124632e-02
-2.851973e-03
-2.476435e-03
-1.464724e-02
-1.356410e-02
-1.245534e-02
-5.041494e-02
-2.046481e-02
2.761279e-02
-6.250155e-02
-2.614054e-03
1.922922e-02
5.034672e-03
-3.486976e-02
-1.372216e-02
2.272335e-02
-9.767666e-02
-6.978048e-02
7.677981e-02
-4.859418e-02
-8.123602e-02
-5.654503e-02
7.385336e-03
-1.062928e-02
5.284016e-02
6.978183e-03
3.960249e-03
1.058887e-02
-1.926056e-02
5.057759e-04
6.087013e-03
-1.992478e-02
-4.192756e-03
-5.354593e-02
-2.464575e-02
-1.871982e-02
-3.678587e-02
-5.260316e-02
-5.611108e-02
-9.762208e-03
-4.349057e-02
-3.464812e-02
-4.659852e-02
-2.259449e-02
2.860518e-02
-6.813922e-02
-5.254165e-02
5.497582e-02
8.111553e-02
1.523226e-01
-4.259964e-02
6.550101e-02
-6.313391e-02
-8.312839e-02
-4.615950e-02
-3.538007e-02
4.971905e-02
5.471632e-02
1.044306e-01
1.040354e-01
7.104336e-02
6.958042e-02
4.546800e-02
3.220951e-02
2.517438e-02
5.290817e-02
3.431791e-02
1.402559e-01
1.253329e-01
6.338648e-02
4.650755e-02
-3.540864e-02
-3.982570e-02
4.928553e-02
2.572033e-02
-5.659220e-02
-8.802645e-02
-5.864379e-02
-5.788489e-02
-4.047275e-02
1.127184e-02
-1.568091e-02
-4.587348e-03
-2.407308e-02
-9.948479e-03
2.325251e-03
2.242662e-02
-2.372696e-02
4.783209e-03
-1.915316e-02
1.100289e-01
1.782589e-01
1.322545e-01
-7.928854e-03
6.794063e-02
9.768304e-02
7.106660e-02
1.735065e-02
-1.391691e-02
7.534370e-02
1.211312e-01
4.057966e-02
1.646835e-01
2.014029e-01
9.869923e-02
-5.676136e-02
-2.487478e-02
8.845663e-02
-7.810064e-02
1.440435e-02
6.120027e-02
-1.191608e-01
-5.389677e-02
-2.602257e-02
-2.209810e-03
3.188462e-03
-9.233838e-02
4.941346e-02
6.439842e-02
7.792082e-02
-3.648074e-02
1.126389e-01
4.227830e-02
-1.001873e-02
6.471042e-02
-9.838163e-03
8.298426e-02
-4.150415e-02
3.727115e-03
1.213825e-01
1.003210e-01
-3.385427e-02
3.046786e-03
1.543931e-01
4.980937e-02
1.278780e-01
1.148984e-01
-6.748973e-04
6.397286e-02
1.794082e-02
-4.568745e-02
-2.704753e-03
-1.053973e-02
1.081340e-02
6.663153e-03
2.403208e-04
-2.790269e-02
2.228726e-02
2.645635e-02
-1.433243e-03
-3.446464e-02
-3.480250e-02
-6.324291e-02
-8.008954e-02
4.050697e-02
4.912475e-03
2.198873e-03
1.492257e-02
-7.047239e-02
2.925869e-02
1.666946e-01
-3.601631e-03
-6.378566e-02
-4.677406e-02
-4.423593e-02
-1.190444e-01
-1.241270e-01
3.037759e-02
3.013907e-02
6.220074e-03
6.239808e-02
-6.689579e-02
-8.712114e-02
-2.286295e-02
-1.270523e-01
-1.239000e-01
-7.280323e-02
-6.915594e-03
4.706961e-02
4.883134e-02
-7.192594e-02
-1.035182e-01
5.997858e-02
8.800063e-02
-1.307476e-02
-6.336662e-02
