2.575990e-02
-5.112494e-02
-7.979175e-03
6.360519e-02
1.394075e-01
1.962838e-01
9.215291e-03
-1.842497e-02
-5.205637e-02
4.062170e-03
-4.979128e-02
-3.830840e-02
8.656639e-02
1.254572e-01
7.229102e-02
3.955770e-02
-7.519031e-02
-9.795108e-02
5.822182e-02
3.153623e-02
-6.249839e-02
-1.912167e-01
-1.808404e-01
-5.617438e-02
1.275502e-01
3.656296e-02
6.215428e-02
-3.819665e-02
7.045897e-02
4.571323e-02
-6.372863e-02
-1.297330e-02
-8.376250e-02
-5.831134e-02
-7.774889e-03
7.041643e-02
-4.525926e-03
2.080397e-03
4.568019e-02
-1.668114e-02
1.337893e-02
7.378343e-02
-4.809371e-02
-2.600277e-02
-7.828529e-03
1.581720e-01
5.585889e-02
1.740180e-02
1.293454e-01
1.479594e-01
1.628462e-01
-3.353008e-02
-1.952366e-01
-1.526335e-01
-1.759683e-02
4.549377e-02
4.515861e-02
3.476056e-02
1.738542e-02
1.121224e-02
-1.887080e-02
-9.068564e-02
-5.972721e-02
-2.227917e-02
-5.429619e-03
-5.683717e-04
8.016949e-03
5.622653e-02
4.694998e-02
-2.088446e-02
-9.135832e-02
-7.679488e-02
-3.280840e-02
6.603048e-02
1.088831e-01
-4.142806e-02
-2.811255e-02
-1.441746e-02
1.900626e-01
1.902853e-01
1.715869e-01
-5.838206e-02
-2.226803e-02
2.219568e-02
-2.343189e-04
5.047690e-04
3.335265e-02
-4.104054e-02
-3.020567e-02
-4.595300e-02
1.454270e-03
-1.723592e-04
-4.007825e-04
-1.816212e-03
-2.436610e-03
-5.405586e-04
1.121613e-03
1.328708e-03
2.320178e-03
1.157191e-03
-3.223802e-03
-1.795823e-03
2.237021e-04
-6.602150e-04
3.228655e-03
-1.417764e-03
-1.697586e-03
1.218397e-03
7.902753e-02
7.020692e-02
6.219666e-02
-3.143566e-02
-3.882568e-03
3.125027e-02
2.540792e-03
-3.867385e-02
-3.976387e-02
4.090455e-02
-4.465590e-02
1.654674e-02
-5.892685e-02
-5.826605e-02
-7.230759e-02
1.988948e-02
2.244049e-02
-3.694730e-02
1.684138e-03
2.392314e-03
-9.713870e-04
-7.347931e-04
-2.536715e-04
1.441779e-03
1.136722e-03
-2.561078e-03
4.014152e-03
6.068405e-02
8.028984e-02
1.022288e-01
-1.428825e-01
-7.251982e-02
-2.431427e-02
-1.342497e-03
2.458659e-02
3.421399e-03
3.299451e-02
-3.451814e-02
-3.179413e-02
-1.267089e-01
-1.376359e-01
8.342847e-02
-4.423861e-02
8.068571e-03
9.429082e-02
4.488283e-02
3.376022e-02
-4.712906e-02
3.261973e-02
1.075706e-02
-3.412224e-02
5.981914e-02
-3.447178e-02
-2.572511e-02
-6.197739e-02
-8.805887e-02
-3.643113e-02
-5.659820e-02
4.711941e-02
-1.217704e-02
-3.222010e-02
7.905290e-02
-1.058686e-02
-4.575875e-02
-1.774181e-03
2.900507e-02
2.373932e-02
4.980468e-02
-1.924842e-02
3.731909e-02
2.048788e-02
-3.691895e-02
2.503341e-02
-2.437714e-02
-3.674573e-02
-2.269378e-02
-5.597834e-02
-4.765780e-02
4.113702e-02
1.572224e-03
7.549224e-03
1.133333e-01
-3.489348e-02
1.483652e-02
-2.669302e-02
-1.155310e-01
4.423744e-02
3.891968e-04
5.472647e-02
7.513208e-02
-3.344299e-03
-1.573226e-02
4.298477e-03
8.917945e-03
-4.324446e-02
-6.589293e-03
1.747634e-02
4.609516e-02
4.695233e-02
5.691202e-02
-1.014581e-02
1.987890e-02
-2.336958e-02
-1.483857e-01
1.575893e-02
-5.317780e-02
-3.338079e-02
7.138396e-03
3.755151e-02
-4.647812e-02
3.028114e-02
1.395112e-02
-5.239556e-03
-4.206168e-02
1.414391e-02
-1.274165e-02
5.618656e-02
5.862823e-02
8.433188e-02
7.314414e-02
8.175410e-02
8.393361e-02
3.996494e-02
7.737371e-02
8.522964e-02
2.257349e-02
-1.660612e-03
-4.880338e-04
-2.484187e-03
-7.059239e-04
-1.395597e-03
-1.118127e-03
1.815422e-03
-7.151096e-04
2.924018e-03
-2.863607e-03
-1.810761e-03
-1.920023e-03
2.361130e-04
1.588087e-03
2.322311e-03
2.529204e-03
1.252769e-03
-6.896932e-04
-4.406431e-03
8.655761e-03
-1.248030e-02
-2.487291e-03
1.817662e-02
-5.238184e-03
-1.696480e-02
-2.483006e-02
-1.612236e-02
-5.030888e-02
-8.924136e-02
-5.774740e-02
-6.175689e-02
-5.297006e-02
-4.476627e-02
-4.118340e-02
3.200065e-02
1.623622e-02
1.687564e-03
-3.318313e-03
1.139693e-03
2.843306e-04
9.927413e-04
1.632827e-03
4.515686e-05
2.610660e-03
-4.629331e-05
1.384364e-01
6.726360e-02
-2.265537e-02
3.299691e-02
-1.848657e-01
-1.192725e-01
-5.955104e-02
-9.398060e-02
1.778422e-02
-2.502585e-02
4.107665e-02
1.083383e-01
3.308448e-03
1.523688e-02
1.048422e-01
1.287492e-02
-2.786214e-02
-6.167950e-03
-1.828233e-02
-3.473010e-02
-8.888985e-02
7.735351e-03
3.673022e-02
-6.514107e-02
6.038818e-02
9.717530e-02
-5.207486e-03
-1.034724e-01
-8.234768e-02
-7.509337e-02
7.594163e-03
-2.088155e-02
1.466084e-02
6.191558e-02
8.059471e-02
8.312894e-02
-4.608884e-02
-6.231871e-03
2.846344e-02
-6.506814e-02
-2.079549e-02
-2.221552e-02
-7.431192e-02
2.500728e-02
-1.615354e-02
2.107093e-02
-7.227191e-03
5.366046e-03
-1.708518e-02
-5.566793e-02
-5.810726e-02
-1.334915e-02
-5.304200e-02
-7.900751e-02
-2.030770e-02
3.756513e-02
5.859059e-02
-4.424821e-02
-2.426852e-02
6.926324e-02
5.441389e-03
-6.417652e-02
-3.469995e-02
-1.267959e-02
1.987610e-02
3.122831e-02
4.570485e-03
1.031930e-02
-4.857121e-03
-1.643579e-02
3.807560e-02
2.275176e-02
8.982248e-03
-1.147224e-02
2.725508e-02
-5.274711e-02
-1.225914e-02
5.574752e-02
6.329115e-03
-2.701832e-02
5.138114e-02
-3.277567e-02
8.303140e-03
-3.938537e-02
-8.991245e-02
-7.129914e-02
-1.389362e-01
-3.162591e-02
-3.545902e-02
-8.081913e-02
5.181743e-02
9.180726e-03
-5.238184e-02
1.415555e-02
-4.992149e-02
-8.917659e-02
-3.392718e-02
-1.031902e-01
-1.319207e-01
-2.502901e-03
2.462387e-03
3.168522e-03
-4.011567e-03
9.626963e-04
2.102411e-03
1.103487e-03
3.150597e-03
2.205384e-03
-1.711500e-03
4.464564e-05
8.271534e-04
2.085140e-03
4.253639e-03
-7.913205e-04
-3.266015e-03
2.073540e-03
4.276952e-04
-3.535281e-02
-6.231055e-02
-5.207246e-02
-4.287964e-03
-2.287527e-02
-1.653978e-02
6.206359e-02
5.923238e-02
4.522814e-02
-6.812549e-03
3.010208e-03
5.732528e-02
-2.974357e-02
-2.531218e-02
1.635115e-02
-1.134990e-02
-3.500273e-02
-2.461069e-02
-7.025848e-04
3.028992e-03
1.556350e-03
-4.849783e-04
-4.698828e-04
-2.679148e-03
-1.017551e-03
-1.452980e-03
-2.449761e-03
-3.132120e-03
-8.572068e-03
-2.771646e-02
-1.177151e-02
7.311569e-03
-3.561400e-02
7.279173e-02
6.192774e-02
1.868325e-02
-2.124249e-02
3.644846e-02
2.239268e-02
4.761031e-02
1.513845e-01
8.095159e-02
8.379911e-02
8.654523e-02
7.248022e-02
-4.015386e-02
-5.262226e-02
-8.203347e-03
-2.647696e-02
1.914988e-02
5.317116e-02
4.375749e-02
9.132929e-02
2.957482e-02
-3.562134e-02
1.678924e-02
-1.794081e-02
1.646285e-03
6.783789e-02
2.314036e-02
3.517579e-02
4.375166e-02
4.471108e-02
-1.997983e-02
2.474908e-02
2.065989e-02
-3.689833e-02
-8.749457e-02
-1.001466e-02
-4.125892e-02
-3.637617e-02
6.720073e-03
1.186861e-02
6.681824e-04
-6.171992e-02
-5.942028e-03
-2.557176e-02
-9.676921e-02
-1.664816e-02
-5.364392e-02
-1.026127e-01
-4.892799e-02
1.927292e-02
5.174556e-02
-7.361148e-03
1.008524e-01
6.077442e-02
2.313592e-02
9.954188e-02
-3.254701e-04
4.426979e-02
1.135162e-02
2.408391e-02
-2.333291e-02
-1.760332e-02
-1.704880e-02
3.679058e-02
-8.307107e-03
-4.911732e-02
-2.924340e-02
-2.616973e-02
-2.187012e-03
-1.629983e-02
2.043941e-02
9.532928e-03
1.521991e-02
1.730111e-03
2.435810e-02
-2.200372e-02
-3.833185e-02
-9.250373e-02
-1.493011e-01
-1.359101e-01
-1.007839e-01
-1.023946e-01
-1.283084e-01
-5.960552e-02
3.192931e-02
3.801985e-02
6.348638e-02
-2.502517e-02
-4.706335e-03
2.248826e-02
-2.532650e-02
-2.616831e-02
-2.488037e-02
-1.128338e-03
6.700042e-04
-2.575969e-03
1.482392e-03
2.004416e-03
4.249355e-03
1.636430e-04
3.728204e-03
-1.161028e-03
1.857280e-03
-1.359881e-03
-1.528093e-03
-1.113758e-03
2.616449e-03
3.977570e-03
-6.638897e-03
1.089206e-03
9.631901e-04
-6.279803e-02
-2.923433e-02
-2.567751e-02
-9.933619e-03
5.904921e-02
3.135692e-02
4.185257e-02
5.295746e-02
6.118154e-02
-2.545847e-02
-7.848515e-02
-1.018902e-01
2.097305e-03
-2.194600e-02
-6.369818e-02
3.302025e-02
-2.804583e-02
-1.537584e-02
2.292890e-03
2.149642e-03
1.283774e-03
1.347903e-03
-5.301010e-04
4.778350e-04
-3.137168e-03
-1.197997e-03
1.904920e-03
-5.362339e-02
-6.753458e-02
-5.717947e-04
-3.626777e-02
1.559687e-02
1.157514e-01
7.280585e-02
7.655568e-02
7.908928e-02
1.881626e-02
-1.862369e-02
9.993251e-02
5.370707e-03
-1.722901e-01
4.559930e-02
3.048422e-02
-1.062766e-01
4.548365e-02
-2.349388e-02
8.034845e-02
-2.364277e-02
-4.083075e-02
1.217450e-01
-4.634362e-02
2.096880e-02
5.636243e-02
-2.471737e-02
-1.108200e-01
-6.690795e-02
-6.244915e-02
-5.237542e-02
-4.443039e-02
7.879216e-02
-1.249267e-02
9.157496e-02
1.249623e-01
-1.295387e-02
-9.003197e-03
-2.586358e-02
-9.485002e-02
1.479191e-01
-6.063462e-02
-7.890031e-02
1.142625e-01
-9.457543e-02
9.385630e-02
8.644839e-02
4.957429e-02
-1.147504e-02
2.883247e-02
-1.243019e-02
8.294336e-02
7.109811e-02
2.645618e-02
3.453117e-02
-7.918661e-02
2.361502e-02
5.549691e-02
-8.767947e-02
2.549464e-02
-1.518838e-03
-3.870931e-02
-1.065974e-02
-1.464688e-02
-5.315198e-03
-1.057913e-01
4.523373e-02
1.706480e-02
-2.511621e-02
-2.112196e-02
1.795539e-02
-4.550181e-02
3.294824e-02
-4.060265e-02
4.554433e-02
1.481720e-01
-2.212570e-01
1.289197e-01
9.277830e-02
-1.627918e-01
1.209883e-01
1.520453e-02
-1.017324e-01
-5.904717e-02
-8.589392e-02
-1.054126e-01
-1.097170e-01
3.602032e-03
-6.332505e-03
6.713489e-03
1.014064e-01
4.048636e-02
-4.576372e-03
5.038660e-02
1.208382e-02
-5.653762e-02
-6.539831e-03
-3.114392e-03
-7.856620e-02
3.375605e-03
-3.777980e-03
-1.499398e-03
-2.394883e-03
-5.102528e-03
3.320635e-04
1.443237e-03
9.651447e-05
-2.036508e-04
-2.245703e-03
-1.670435e-03
1.100188e-03
-2.001844e-03
1.949620e-03
2.574766e-03
-1.643187e-04
1.945089e-05
2.223535e-04
-1.498524e-02
-5.720541e-02
4.639940e-02
-4.588178e-03
-8.729618e-02
7.039245e-02
-1.438385e-02
-6.830302e-02
5.875396e-02
-5.439213e-02
-1.238359e-01
-3.227543e-02
-5.094663e-02
-3.256665e-02
5.642257e-02
7.665614e-03
6.434523e-02
-1.743404e-02
4.333308e-03
2.309551e-03
-7.203866e-04
1.469343e-03
9.609994e-04
-3.571937e-03
-3.244875e-03
1.351383e-03
7.826310e-04
7.659145e-02
5.534926e-02
6.142579e-03
2.783046e-02
-5.797676e-02
-1.113004e-01
-3.400740e-02
-9.723916e-02
-1.046294e-01
-2.416077e-02
7.433301e-03
-2.770198e-02
1.329520e-02
2.133543e-02
3.303047e-03
-2.761367e-02
2.724968e-02
-3.608178e-02
-7.919032e-03
2.146548e-03
3.744585e-02
-1.783980e-02
2.454915e-02
3.251914e-02
-1.463308e-03
-3.152128e-02
2.233933e-02
3.033062e-02
-9.559402e-03
-9.902085e-03
-4.669567e-03
1.578508e-02
6.104340e-03
5.376926e-03
1.934176e-02
4.299567e-02
-3.918023e-02
1.169365e-01
4.083749e-02
-2.431007e-02
7.518445e-02
2.997955e-04
-1.546617e-02
2.603530e-02
3.897201e-02
1.294990e-02
-2.736030e-02
-2.796833e-02
5.470038e-03
-1.888796e-02
-2.506289e-02
2.875243e-02
-1.444847e-02
-8.012801e-03
9.963965e-03
-2.470630e-02
-2.383248e-02
-1.659201e-03
4.012330e-02
8.679997e-03
-3.973135e-02
2.381793e-02
-1.476474e-02
7.300489e-03
5.022134e-03
-9.275618e-04
2.916276e-02
-3.587374e-02
-2.945782e-02
-1.998280e-02
-2.217075e-02
-1.689181e-02
1.458202e-02
-8.592779e-02
6.488106e-02
4.100505e-02
-5.973101e-02
3.185408e-02
-1.379373e-03
1.932522e-02
-9.082562e-03
4.405173e-02
3.079711e-02
-4.762812e-02
9.318530e-03
1.308792e-02
-4.894268e-02
1.665646e-02
2.960337e-02
2.698460e-02
-2.347054e-02
-4.499945e-02
-3.344778e-02
-3.980812e-02
-2.799555e-02
-3.141915e-02
-1.399200e-03
3.757091e-03
-6.327136e-03
1.954573e-06
2.284092e-03
-1.447516e-03
-4.008984e-03
-2.256174e-03
-1.175163e-03
2.197877e-04
-1.215617e-03
3.702196e-03
-4.173920e-03
1.162603e-03
1.974780e-03
7.223924e-04
3.189622e-03
8.145322e-04
2.155422e-03
-4.502369e-03
-2.578249e-03
2.271802e-02
-6.187130e-03
7.797122e-03
2.344796e-02
1.660740e-02
3.169484e-02
-8.875800e-03
1.720504e-02
2.923144e-02
3.782770e-02
1.418478e-02
-3.210678e-02
2.040833e-02
5.735098e-02
-5.206406e-02
5.782664e-02
-7.449626e-03
-2.816367e-02
3.156156e-04
-9.096054e-04
1.254062e-03
8.360499e-04
7.027578e-05
-1.737739e-03
-1.392227e-03
2.863243e-03
-1.293227e-04
-3.799804e-02
-5.135522e-02
-8.217985e-03
-4.579514e-02
-2.895017e-02
1.292337e-03
-1.601542e-02
-4.007963e-02
-3.216458e-03
-2.999030e-02
-5.821493e-02
-2.106831e-02
5.773884e-02
2.888868e-02
3.920057e-02
8.469825e-03
5.594284e-02
-3.975156e-03
-5.403312e-02
-9.653688e-02
-3.173791e-02
1.564135e-02
-2.719173e-02
1.593563e-02
4.987098e-02
2.624709e-04
3.368808e-02
3.732415e-02
1.560144e-02
4.875989e-02
-2.904879e-02
1.376269e-02
-2.706101e-02
-7.141384e-02
-5.077692e-02
-3.924762e-02
8.109891e-02
9.024841e-02
9.958576e-02
2.562018e-03
-7.534034e-02
7.132354e-02
2.014943e-02
-7.831130e-02
2.297510e-02
-2.494791e-02
-2.052377e-02
9.782489e-03
1.624782e-02
2.297642e-02
4.246118e-02
-1.458071e-02
5.241663e-03
3.724684e-02
-5.108378e-02
-1.446994e-02
1.730753e-02
-2.530192e-02
5.473940e-02
4.325691e-02
-2.445301e-02
3.028481e-02
4.583116e-02
2.852680e-02
3.002673e-02
3.011147e-02
5.346775e-03
1.678978e-03
2.651125e-02
1.458359e-02
5.304030e-03
1.228780e-02
1.392641e-02
-8.393439e-03
4.470632e-02
5.926612e-02
-1.824735e-03
-1.229649e-02
1.338634e-02
2.665633e-02
-3.503915e-02
3.773521e-02
7.417717e-02
3.687665e-02
-1.886351e-02
-5.675205e-03
5.504237e-02
-2.872284e-02
-8.946266e-02
-8.700519e-02
6.609435e-02
1.755948e-02
-4.898925e-02
7.114119e-02
2.653247e-02
-3.156675e-02
4.595913e-02
1.695024e-02
-1.033515e-02
1.161708e-04
1.924694e-03
2.724831e-03
2.005921e-03
3.180888e-03
-3.235555e-04
1.795901e-03
1.320833e-03
1.371081e-03
3.038101e-03
-8.251362e-04
-2.543446e-03
-2.257204e-04
4.117971e-03
-6.510171e-04
-2.003316e-03
2.891213e-04
-1.508261e-03
2.571919e-02
1.850781e-02
1.053305e-02
3.641819e-02
1.650091e-02
-2.855544e-02
3.252902e-03
-1.078158e-03
-1.227522e-02
4.777462e-03
-4.250699e-02
-8.485438e-02
1.691608e-02
4.769822e-02
-6.184366e-02
-3.416269e-02
-1.810373e-02
-2.643986e-03
3.382424e-04
-2.951200e-03
2.570939e-03
8.409251e-04
-6.509156e-04
2.028634e-03
-1.766413e-05
-7.580610e-04
-1.317501e-03
-1.277772e-02
-2.473905e-03
3.090460e-02
-3.371097e-02
1.897158e-02
2.361102e-02
9.826302e-03
-5.196272e-03
4.904313e-02
9.523140e-03
1.045179e-01
7.070440e-02
1.508178e-01
3.032370e-02
-2.780620e-02
-4.411493e-03
-1.033316e-01
-8.166682e-02
6.890440e-02
1.005211e-01
9.432723e-02
1.343062e-01
3.176693e-02
1.576154e-02
-3.358407e-02
-5.780048e-02
3.296139e-02
-6.595744e-02
-4.069730e-02
-1.007881e-01
1.024101e-01
5.373802e-02
-2.550728e-02
5.521442e-02
3.633658e-02
5.807118e-02
3.670568e-02
-1.357096e-01
-9.824353e-02
-7.200058e-02
-6.277660e-02
-1.167252e-02
-1.179065e-02
3.961502e-02
-8.036938e-03
1.727437e-02
4.579788e-02
2.621155e-02
-4.758330e-02
-3.563412e-02
-5.309647e-02
-3.031721e-02
5.211383e-03
-4.259916e-02
4.043629e-02
1.253551e-01
1.205223e-02
1.045659e-01
-6.517415e-02
-5.593145e-02
-1.669753e-03
-2.091814e-02
-2.344568e-02
3.759553e-02
3.717908e-02
-3.787505e-02
-2.435264e-02
1.199902e-02
6.087479e-02
-5.580522e-02
-5.507661e-02
3.990036e-03
-6.024729e-02
-2.697301e-02
-1.783719e-02
8.252529e-03
1.822357e-03
-3.687535e-02
-4.212871e-03
-1.892437e-02
3.991470e-02
6.161790e-02
-2.263225e-02
-2.131697e-02
-7.688611e-02
1.413531e-02
-8.773265e-03
3.209011e-02
8.631269e-02
1.576402e-04
3.192785e-02
6.022694e-02
1.992639e-02
2.534039e-02
7.631643e-03
3.012352e-03
-1.519256e-02
-2.158434e-02
4.015149e-02
2.423951e-03
-4.309289e-03
-5.595781e-04
4.089996e-05
4.565259e-03
-4.811144e-04
-8.388396e-04
-6.463420e-04
1.908068e-03
1.039796e-03
-1.681835e-04
-2.039954e-04
-1.502677e-03
3.684833e-04
1.810219e-04
1.823666e-03
3.447917e-04
1.265904e-03
-1.454781e-02
6.333742e-03
-9.827355e-02
1.130970e-03
-4.748013e-02
-4.031494e-02
3.157841e-02
5.867673e-02
1.938152e-02
-3.440921e-02
4.768802e-02
4.119721e-02
-3.019678e-02
-2.267735e-02
-3.393536e-02
-6.165436e-03
-5.124223e-03
-4.636683e-02
-5.945033e-04
4.741911e-04
1.848703e-03
3.220716e-03
-1.991118e-03
2.105719e-03
3.723114e-03
-1.427812e-03
3.253484e-03
-1.028793e-01
2.078417e-02
1.844987e-02
1.291900e-03
-1.110257e-02
-4.202866e-02
5.297806e-02
2.131749e-02
-1.047846e-01
5.959759e-02
-7.995110e-02
-1.326454e-01
9.902058e-02
-1.255600e-01
-1.925402e-01
8.406007e-02
-4.301554e-02
-3.165360e-02
-8.239708e-02
8.881861e-03
3.997052e-02
-3.793652e-02
-2.462539e-02
2.798041e-02
6.767480e-03
-3.109970e-02
2.828439e-02
8.230574e-02
3.242358e-02
8.569200e-02
1.509799e-03
1.924181e-03
7.131366e-02
-5.139900e-02
-1.787424e-02
-3.810648e-04
6.519569e-03
9.599734e-03
-9.405380e-02
-1.389968e-01
4.873076e-02
-2.932198e-02
1.489432e-02
-6.202494e-03
-6.361514e-02
5.194375e-02
-2.743039e-02
-8.038823e-03
4.297062e-02
-4.762948e-02
-1.599540e-02
6.592599e-02
7.848691e-03
4.633109e-02
2.245942e-02
-5.603060e-02
-6.168513e-02
6.058045e-02
-2.544558e-02
-7.328657e-02
-1.362255e-02
6.117205e-02
3.615480e-02
2.827688e-02
6.159907e-02
-1.905928e-02
-2.544650e-02
-1.210614e-02
-5.461183e-03
-3.921311e-02
-5.301446e-02
-5.748446e-02
-1.632972e-02
-7.395357e-02
-2.081229e-02
4.501621e-02
-1.131636e-01
-3.708257e-02
-1.070792e-02
8.640026e-03
2.901272e-02
5.515883e-02
2.062825e-03
4.858483e-03
4.162529e-03
5.007828e-02
2.322167e-02
4.376515e-02
7.027313e-02
1.035114e-01
8.809540e-02
-1.530529e-02
-8.451262e-02
7.713616e-02
2.636047e-02
-4.054049e-02
3.866231e-02
1.259612e-02
-3.766048e-02
2.642561e-03
-1.987821e-04
1.793900e-03
-1.295849e-03
2.871993e-03
1.855141e-03
1.432321e-03
2.312538e-03
-2.706940e-03
-1.403325e-03
1.579112e-03
-3.055947e-04
-1.357832e-03
-1.150733e-03
-4.278892e-04
-8.045735e-04
-3.264982e-03
3.261714e-03
1.125207e-02
-9.634743e-03
1.934830e-02
-3.188694e-02
-5.073209e-02
-4.153864e-02
-1.550884e-03
-3.341006e-02
-1.672688e-02
-9.877416e-03
-7.864510e-02
-2.352723e-02
4.997597e-02
-2.612665e-02
-8.786322e-02
6.308869e-03
6.196511e-03
-2.653425e-02
-9.760859e-04
8.698633e-04
-1.202479e-03
-9.014373e-04
-1.934037e-04
8.074974e-04
2.391584e-04
-2.963943e-03
-1.597233e-04
-3.565121e-02
-1.019725e-02
-9.916462e-02
9.693088e-02
4.346336e-02
-1.003721e-01
1.640419e-02
5.278464e-03
-8.136410e-02
-5.632880e-03
2.100855e-02
1.560614e-03
7.178439e-03
-1.963245e-02
-4.711609e-02
2.945289e-02
-5.715040e-03
-5.311980e-02
-1.611841e-02
-2.700828e-02
3.704817e-03
-1.594724e-02
-3.564007e-02
3.209810e-02
1.561305e-02
-6.257472e-03
2.265562e-02
-3.194409e-02
2.097654e-02
-1.773889e-02
1.939007e-04
1.992183e-02
-2.322324e-02
-3.813610e-02
1.191051e-03
6.963508e-03
2.476246e-02
-3.130297e-02
-5.783888e-02
4.924376e-02
1.448414e-02
2.454106e-04
4.667336e-02
3.050639e-02
4.041180e-03
2.805758e-02
3.498836e-02
5.029040e-02
7.522750e-03
1.551479e-02
3.137510e-02
5.906494e-02
6.744277e-02
8.371841e-02
-3.665235e-02
2.340752e-02
4.286002e-03
-9.015828e-04
-8.716977e-03
-5.761712e-02
5.223332e-02
3.046175e-02
-2.040591e-02
1.228303e-03
2.948490e-02
-7.296095e-03
-5.356386e-03
1.366069e-02
7.950719e-03
-1.420563e-02
-2.543096e-03
-2.065928e-02
-3.545730e-02
2.299094e-02
2.284960e-03
-4.126830e-02
-2.886999e-03
-4.153172e-03
-1.446441e-02
3.914435e-02
-4.939653e-02
5.024775e-02
-5.544601e-03
-7.864119e-03
2.340715e-02
-5.745370e-02
-6.769430e-02
-5.853161e-03
1.619967e-02
5.342152e-02
-2.650268e-03
-1.641963e-02
-1.047328e-02
-2.773876e-02
-8.001605e-03
2.860733e-02
1.542068e-02
3.819194e-02
7.262927e-02
-3.325872e-04
-1.142817e-03
2.012524e-03
-5.864694e-04
1.005272e-03
1.744036e-03
3.960017e-03
-5.886123e-04
-1.093446e-03
-1.728558e-03
-7.453990e-04
-1.274924e-03
-1.727034e-04
2.414417e-03
9.438731e-04
1.697156e-03
3.075122e-03
1.642993e-03
-4.056024e-02
-1.804978e-02
-1.657467e-02
7.920973e-03
1.274720e-03
-1.938374e-02
-7.456555e-03
1.426601e-03
-2.350885e-02
-1.551744e-02
6.021411e-03
-1.303434e-03
5.200114e-03
-4.480451e-02
-4.654902e-02
2.435104e-02
-1.270569e-02
-1.717619e-02
-3.346973e-03
1.119056e-03
3.032120e-03
5.781311e-04
-1.334763e-03
5.703226e-04
-3.581856e-04
3.392141e-04
-1.023962e-03
-3.969594e-02
-1.034985e-02
-4.022756e-04
-9.866206e-03
-1.472235e-02
-4.053115e-02
1.814171e-02
4.780109e-02
-1.027063e-03
-8.491827e-02
-4.997862e-03
-3.030320e-02
-2.401395e-02
-8.865972e-02
-2.358591e-02
-3.020061e-02
2.898075e-02
-2.428727e-02
-3.187846e-02
3.483381e-02
-3.459873e-02
-4.993226e-02
-2.895961e-02
-2.378525e-02
-5.117168e-02
-5.365956e-02
-2.082258e-02
1.045274e-02
-2.661816e-02
-4.261728e-02
2.359842e-02
-5.392574e-02
-2.608724e-02
5.906702e-03
-3.662337e-02
7.693287e-03
3.003515e-02
-3.234621e-03
-4.229805e-02
-1.442475e-01
1.310151e-01
6.923315e-03
-9.239525e-02
9.648423e-02
3.823075e-02
-2.783502e-02
-6.298906e-02
-3.392511e-02
-5.926456e-02
-8.841188e-02
-5.832899e-02
-8.030971e-03
-2.961192e-02
9.846271e-03
-1.978823e-03
-1.859355e-02
-1.754258e-02
1.816217e-02
-5.508656e-02
-6.460631e-03
-1.755203e-02
7.084705e-02
3.236160e-02
-2.922127e-03
-7.151018e-04
-3.209796e-02
2.805296e-03
-7.741060e-03
-3.330598e-02
-2.837225e-02
2.626927e-02
2.205078e-02
3.456928e-02
1.927676e-02
2.516122e-02
6.886740e-02
-1.535454e-01
9.005123e-02
9.672466e-02
-3.027991e-02
4.046930e-02
2.763591e-02
-1.785739e-03
-3.175231e-02
-3.859657e-02
3.104633e-02
-2.758477e-02
-1.425384e-02
4.039850e-02
1.899649e-04
-1.098739e-02
-7.257063e-02
-3.217000e-02
-1.759375e-02
-5.377096e-02
-1.719248e-02
-5.015599e-02
-2.206560e-02
-6.038692e-04
-1.491212e-03
3.846867e-03
2.836303e-03
-1.564070e-03
2.836644e-03
-6.280403e-04
-2.213854e-03
2.217987e-03
2.003708e-03
-2.644197e-04
-5.101084e-04
4.358880e-04
3.198623e-03
-1.580146e-03
-1.754999e-03
-1.773608e-03
-3.139229e-03
2.680541e-03
-6.306075e-03
-2.923900e-02
-2.668326e-02
3.970721e-02
-4.575704e-02
2.518314e-02
-2.108550e-03
-6.337738e-02
-1.103499e-02
-4.041639e-02
8.909578e-03
3.362688e-02
-4.150437e-02
-2.382756e-02
-4.963853e-03
-2.577308e-02
4.337650e-02
-6.041125e-03
-2.640943e-03
3.292069e-03
-2.536528e-03
1.143942e-03
3.403029e-03
1.001354e-03
-2.181059e-03
-2.579547e-03
1.793207e-03
-1.731380e-02
4.480398e-02
3.088480e-03
9.662071e-03
-1.495137e-02
-9.627541e-02
-3.157169e-04
-2.444524e-02
-9.992862e-02
-1.479430e-01
-6.193317e-02
7.221518e-02
1.572296e-02
-8.036020e-02
-4.858560e-02
1.197812e-01
1.544700e-01
-1.762068e-02
1.197779e-02
1.282595e-01
1.292165e-01
-1.164590e-02
-1.223133e-01
4.043022e-02
4.588793e-02
-9.456336e-02
-2.763960e-02
2.296811e-02
3.459629e-02
3.275792e-02
1.320198e-01
3.332065e-02
3.158348e-03
-9.483227e-02
-3.326623e-02
1.278460e-02
-4.218356e-02
3.735298e-02
-5.077076e-02
-1.528733e-01
7.814051e-02
3.373745e-02
-8.046680e-02
-1.205914e-01
2.795946e-02
2.921204e-02
4.081242e-03
-5.218580e-02
-2.596220e-02
-3.662732e-02
-1.089280e-01
1.898798e-02
8.251440e-02
1.290344e-02
-8.493358e-03
-5.847384e-02
5.770307e-02
5.006984e-02
4.518802e-02
-5.490194e-02
3.074250e-02
1.491784e-01
1.016974e-01
-3.410034e-02
-9.186682e-03
-1.561207e-02
-5.027523e-02
1.219138e-01
9.360404e-02
-9.993698e-02
-3.719564e-02
3.354984e-02
-4.002068e-02
-1.250835e-01
-1.405106e-02
9.148939e-02
-6.808338e-02
1.452659e-02
1.577154e-01
5.693918e-02
-6.924385e-02
-4.469796e-02
1.653643e-02
-3.445695e-02
-6.775907e-02
1.644966e-02
-3.039053e-02
-7.506088e-02
-4.028463e-02
7.630420e-02
-2.913428e-02
-9.995842e-02
-1.214609e-01
-8.950540e-02
-6.024753e-02
-1.228942e-01
-1.320842e-01
-5.433105e-02
-9.903336e-02
-7.852425e-04
9.582536e-04
-3.891210e-03
6.166642e-04
1.839341e-05
-6.862640e-04
-3.479406e-03
-2.026054e-03
1.788019e-03
-7.637052e-04
1.939777e-03
4.168860e-04
-2.911937e-03
1.398320e-04
-5.020106e-04
-1.796603e-03
9.164183e-04
1.671468e-03
2.748342e-02
2.455655e-02
2.134022e-02
-5.604131e-02
-2.423192e-02
-1.920926e-02
-5.274732e-02
2.490800e-02
-1.616561e-02
8.129796e-02
6.284830e-02
-1.421035e-02
1.207656e-01
2.522897e-01
1.461839e-01
1.054413e-02
2.149087e-01
1.136431e-01
1.972836e-04
2.842149e-03
-2.067297e-03
1.675997e-03
-4.361291e-03
2.030099e-03
1.239929e-03
-3.402613e-03
1.527166e-04
-3.889365e-02
-4.486204e-03
4.602522e-03
3.252631e-02
3.703799e-02
-9.932991e-03
-1.942976e-02
1.038465e-01
1.306624e-01
-4.050559e-02
-8.100905e-03
7.131957e-02
2.181459e-02
4.009859e-02
4.092330e-02
2.817913e-02
5.597307e-02
8.120289e-02
-3.283524e-02
-5.308716e-04
-4.253957e-02
-2.659290e-02
-3.915242e-02
5.194287e-03
7.603182e-04
2.476204e-02
4.056601e-02
1.153214e-03
1.199580e-02
-3.415648e-02
1.864147e-02
2.459269e-02
3.118053e-03
7.846455e-03
-2.409951e-03
-1.538030e-02
2.662369e-02
2.460476e-02
-3.061680e-02
-3.603217e-03
7.643629e-03
3.970480e-02
2.049516e-02
4.167528e-02
2.396748e-02
-4.471195e-02
-3.881818e-02
-1.650899e-02
-4.308088e-02
-4.202050e-02
-3.992891e-02
-3.357999e-02
-3.474213e-02
-2.919053e-02
-2.672978e-02
-5.470556e-02
1.536349e-02
1.117116e-02
3.247249e-02
2.994742e-02
3.443888e-02
5.136273e-02
7.998195e-02
-1.812925e-02
-2.252116e-02
-3.824338e-03
-2.748200e-02
-3.672346e-02
-3.063599e-02
-1.896618e-03
-6.034105e-02
-1.625082e-02
-4.043631e-02
1.216219e-03
2.524037e-02
-6.960191e-03
-3.292648e-02
-4.015224e-02
1.164829e-02
-3.315538e-03
-1.252773e-02
1.160009e-02
-7.197652e-03
-1.185323e-02
3.022162e-03
-4.857865e-02
-8.266935e-02
1.627611e-02
2.569045e-02
3.010526e-02
3.234057e-02
-2.043898e-02
-4.873095e-02
6.340659e-03
-2.984417e-02
-8.102775e-02
8.330234e-03
-2.944724e-02
-1.719286e-02
6.684400e-04
-2.598450e-04
1.541806e-03
-8.158025e-04
-2.509890e-03
-4.542242e-04
-6.754549e-04
-2.222497e-03
1.800597e-04
-1.627125e-03
1.649188e-03
-8.737080e-04
3.016374e-03
2.163195e-03
-2.795516e-05
-2.256918e-04
4.793180e-04
-2.321266e-03
-7.087222e-03
7.521755e-03
-7.311625e-03
2.075119e-02
3.344077e-02
3.532188e-02
-9.869271e-03
3.544902e-02
3.997286e-02
-4.844587e-02
-1.069196e-01
-7.223351e-02
-4.829872e-02
-7.552197e-02
-6.806558e-02
1.227511e-02
4.128192e-03
-8.634964e-03
-3.917588e-03
-1.203993e-03
-2.627465e-03
-1.383922e-03
-2.987978e-03
-2.513289e-03
1.280641e-03
-1.294199e-03
-6.492595e-04
1.547155e-02
1.757852e-02
2.714940e-02
1.500482e-02
4.191405e-02
4.882880e-02
7.096358e-02
8.664906e-02
1.143390e-01
3.736117e-04
8.666405e-02
-3.646715e-02
7.279215e-02
2.142115e-01
-6.525493e-02
-2.030214e-02
-1.059041e-01
-9.680278e-02
3.498904e-02
-2.666131e-01
5.786951e-02
2.628568e-02
1.528899e-02
-6.071355e-02
-2.970766e-02
1.750605e-02
-1.483408e-01
-1.492804e-01
4.026337e-02
-8.587006e-02
-2.943298e-02
-2.821429e-02
-8.878960e-02
1.347972e-01
6.190496e-02
-7.772905e-02
7.170218e-02
-1.056818e-04
1.233409e-01
2.352618e-01
-3.202155e-01
2.648897e-01
-1.535396e-01
8.406197e-02
-1.050345e-01
1.315701e-03
9.824236e-02
-4.844426e-02
2.474555e-02
5.692919e-02
-4.562318e-02
2.256660e-02
-2.929797e-02
-8.911527e-02
-1.089459e-01
1.245148e-01
2.527143e-02
-5.989015e-02
8.729946e-02
4.014060e-02
2.114336e-02
-2.005262e-01
6.536897e-02
-1.461823e-01
1.001589e-02
1.000929e-01
-4.653570e-02
-7.450318e-02
4.742056e-02
6.520022e-02
3.501482e-02
-2.202696e-02
-5.393053e-02
-4.977584e-02
7.359831e-02
-1.356963e-01
4.637090e-01
-4.023792e-02
-4.453962e-02
-1.523486e-01
3.441517e-02
-5.223033e-02
7.240295e-02
-5.712157e-02
-4.795371e-03
-9.168801e-02
-5.115433e-02
5.955078e-02
8.993214e-02
-7.314286e-02
-3.058670e-02
8.139858e-02
3.833782e-02
-3.112570e-02
6.198360e-03
-1.228088e-02
-3.848931e-02
-5.593399e-02
1.757197e-02
1.999633e-03
1.666197e-03
-5.444586e-03
-2.264673e-03
-8.373348e-05
3.510131e-04
8.947746e-04
-1.204911e-03
2.244773e-03
2.117241e-04
1.088436e-04
-2.827491e-03
2.528578e-04
-1.023269e-03
-2.208295e-04
-3.092182e-03
-3.910703e-05
-1.545878e-03
-3.884935e-02
6.669186e-02
1.668609e-02
2.587136e-02
6.368235e-02
-5.414955e-03
-5.441054e-02
-3.560930e-02
-6.526460e-02
-1.726003e-02
2.880832e-02
5.523404e-03
7.247110e-02
-1.756315e-03
2.269084e-02
1.727287e-01
5.365640e-03
8.560930e-02
1.537139e-03
-8.032958e-04
1.554818e-04
-4.387489e-04
-9.776206e-04
-1.210685e-03
-3.312779e-04
-8.109498e-04
2.366177e-03
-1.136123e-02
-4.324361e-02
2.204859e-01
-8.217074e-02
1.983437e-01
1.097331e-01
3.610028e-02
-7.274396e-02
-9.578539e-03
1.165437e-01
-2.253008e-02
-1.027583e-01
2.284125e-01
5.679467e-02
-1.797767e-01
1.623333e-01
7.785932e-02
-2.540494e-02
-1.358741e-01
-4.508929e-02
-3.744787e-02
-6.184764e-02
8.665765e-03
2.296395e-02
8.362565e-02
-1.602754e-02
-3.955982e-02
1.552119e-02
1.762021e-02
-6.002100e-02
5.135619e-02
6.523352e-04
-2.904356e-02
-6.620186e-02
-4.116362e-02
-9.714787e-02
-6.294079e-02
-3.140236e-03
-3.129366e-02
-2.437665e-01
-1.687111e-02
1.197803e-01
-1.260365e-01
-8.521675e-02
1.713023e-01
6.851740e-02
-3.985465e-02
-9.412961e-02
5.429197e-03
-5.091832e-02
-1.293426e-01
7.534953e-02
-4.606638e-03
1.481739e-02
3.878843e-02
3.129834e-02
7.901380e-03
7.408793e-02
6.467941e-02
-4.109234e-02
-5.438151e-02
-4.675998e-02
-3.776943e-04
2.750159e-02
-1.482250e-02
7.457890e-02
-6.170700e-02
-4.542918e-02
2.135330e-02
-3.437197e-02
-9.322052e-02
-8.237510e-02
3.139748e-02
-2.257041e-02
-7.064815e-02
1.308797e-01
7.680171e-03
-1.376326e-01
8.898275e-02
7.321368e-02
-1.204097e-01
-3.919228e-02
-4.975987e-02
3.374985e-02
-1.025852e-01
-1.554521e-02
5.487132e-02
-1.259353e-02
-5.954660e-03
5.380930e-02
1.301986e-01
3.550327e-02
-3.913356e-02
5.495841e-02
4.959292e-03
-3.958115e-02
3.941458e-02
8.078211e-02
-3.043025e-03
-7.118536e-04
-9.490516e-04
-1.854660e-03
8.324957e-04
-9.193572e-05
9.174710e-04
1.337598e-03
5.133901e-04
2.897317e-04
2.808029e-04
1.429784e-03
1.472685e-03
1.075970e-03
3.062641e-04
1.320726e-04
9.539441e-04
9.503281e-04
-2.176537e-03
-3.246780e-02
-4.540960e-03
-5.003517e-02
-5.695484e-03
-3.832218e-02
-8.074439e-02
-4.609213e-03
-5.392352e-02
-1.213047e-01
-8.011388e-03
-8.732640e-02
1.129100e-02
8.152333e-04
5.867556e-02
-1.921049e-02
-2.170085e-02
5.425399e-02
1.400108e-02
-1.855686e-03
-1.096849e-03
2.751553e-04
-1.671975e-03
-2.881199e-04
-4.974292e-04
-1.151107e-03
-4.786113e-04
2.396020e-04
7.473276e-02
7.385767e-02
-4.768114e-03
2.230554e-01
1.039500e-01
-6.074538e-02
8.795877e-02
6.478681e-02
-5.668173e-02
2.212304e-02
7.425194e-02
1.053439e-01
2.320410e-02
8.349081e-02
7.352558e-02
-8.174546e-02
-1.562199e-01
-6.627348e-02
8.655846e-03
5.610220e-02
9.453610e-02
6.475601e-02
6.094812e-02
-5.585494e-03
-6.246388e-02
-2.317183e-01
-1.936055e-01
-5.375412e-02
-2.179419e-02
-1.961944e-03
1.661761e-02
3.908474e-02
-8.504057e-03
9.355608e-02
5.344418e-02
-3.582623e-02
-4.845573e-02
-8.240129e-02
-3.970500e-02
4.866935e-02
-5.501653e-02
8.525836e-02
-1.869061e-02
2.477365e-03
1.483463e-01
-3.623205e-03
3.226913e-02
2.807803e-02
-6.702849e-02
-1.993452e-02
-5.556001e-02
-1.776451e-01
-2.041554e-01
-2.135334e-01
2.229917e-02
1.280761e-01
4.146642e-02
4.330296e-02
1.010561e-02
-4.676514e-02
-1.164906e-01
-3.098380e-01
-1.380091e-01
-9.092209e-02
-1.339068e-01
3.203435e-02
-9.983169e-03
3.462149e-02
7.058411e-02
-8.865730e-03
-1.642244e-02
6.443541e-02
-2.978941e-02
-7.580625e-02
2.500454e-02
-4.694806e-02
2.673178e-02
-5.203672e-02
1.462317e-02
1.056071e-02
-4.126806e-03
-2.992354e-02
-2.147581e-02
-8.655237e-02
7.690997e-02
2.869458e-01
2.993940e-01
3.995654e-02
1.659867e-01
8.585779e-02
-8.537361e-03
7.695840e-03
-3.387541e-02
1.999208e-01
1.068873e-01
-1.897143e-02
5.781145e-03
-5.453036e-02
-7.636962e-02
-1.402059e-03
3.108170e-03
-1.910463e-05
1.591369e-04
9.160968e-04
4.044398e-03
-7.848258e-05
-1.139464e-03
-8.991832e-04
-3.462327e-04
-5.990087e-04
-3.557795e-03
-2.232017e-03
7.452401e-04
-2.011735e-03
1.825742e-03
2.433964e-04
3.856982e-04
6.338780e-02
8.245797e-02
-2.584620e-02
4.140227e-02
-7.025639e-03
-3.705437e-02
1.188233e-02
-3.016282e-02
-1.207430e-01
1.585816e-02
2.025239e-02
-6.644059e-03
-1.506466e-02
-1.190307e-01
-1.114444e-02
4.800478e-02
9.478016e-02
3.483538e-02
2.709465e-03
2.067252e-03
-3.041758e-03
-5.168814e-04
3.668000e-05
-2.282623e-03
3.344390e-03
-2.870362e-06
-3.112669e-03
-3.851793e-03
-2.139669e-02
-1.363262e-02
1.531022e-02
6.600251e-02
7.362771e-02
-6.096544e-03
-5.265448e-02
-3.793843e-02
