-2.043100e-02
4.839781e-02
1.200801e-01
-1.716862e-02
7.121164e-02
1.616723e-01
4.075374e-02
7.875466e-02
1.349461e-01
-8.407160e-04
-7.421327e-04
-9.533534e-04
-5.578122e-04
-4.142354e-07
-2.790793e-03
2.241899e-03
-1.414740e-03
-3.399471e-03
3.377150e-02
1.948243e-01
1.000126e-01
4.545252e-02
2.453501e-01
1.334967e-01
-5.951299e-02
9.130076e-02
3.209828e-02
-1.421309e-01
-5.266196e-02
-4.956442e-02
-1.186784e-01
1.269219e-01
9.230494e-02
-7.452786e-02
5.946041e-02
1.419306e-02
-5.221061e-02
7.616020e-02
6.312630e-02
3.558551e-03
1.096729e-01
5.354205e-02
-5.514599e-02
4.310779e-02
1.377845e-03
5.704635e-04
6.670596e-04
1.700886e-03
8.582707e-04
-1.215110e-03
1.956287e-05
4.899340e-03
-5.825110e-04
-2.242574e-04
-4.142525e-02
-1.356758e-01
-1.119084e-01
1.116052e-02
-9.279330e-02
-6.996401e-02
5.316179e-02
-1.560008e-02
1.301160e-02
3.165556e-02
-9.988262e-02
-8.120167e-02
2.366712e-02
-1.374829e-01
4.189809e-03
-4.436364e-02
-1.191513e-01
1.730049e-02
1.247620e-02
-8.518358e-02
-2.866899e-03
9.731368e-03
-9.192721e-02
4.112875e-02
-6.498981e-03
-8.834559e-02
-4.259919e-02
-1.728814e-02
-6.744136e-02
-7.659507e-02
-2.561081e-02
-7.106958e-02
-5.455381e-02
-1.932180e-02
-3.064609e-02
-3.165943e-02
-2.774831e-02
2.838611e-02
5.279718e-02
1.653493e-02
9.289199e-02
1.052022e-01
-6.885268e-03
1.232227e-01
1.194635e-01
-1.512124e-01
2.368598e-02
-2.426879e-03
-4.054769e-02
-2.502518e-02
-4.294875e-02
-5.324735e-02
-9.900162e-02
-1.434754e-01
-2.697681e-02
-9.646589e-02
-8.609090e-02
1.724708e-02
-6.954409e-02
-7.302199e-02
2.564807e-02
-8.374933e-02
-8.630534e-02
2.706556e-02
2.842831e-02
1.033728e-01
-1.070347e-02
1.318196e-01
1.464523e-01
-5.119483e-02
4.050508e-02
-1.293153e-02
-5.492805e-02
-6.912002e-03
2.451219e-02
-3.031923e-02
7.841486e-03
3.986145e-02
-3.009084e-02
1.955690e-03
2.998078e-02
-4.393832e-02
-5.687319e-02
1.156040e-02
-4.856765e-02
1.049258e-01
7.041363e-02
-4.462308e-02
3.456361e-02
3.970646e-02
7.497257e-02
1.048471e-01
1.363179e-01
1.139136e-01
1.441654e-01
1.534001e-01
1.425587e-01
1.556208e-01
1.421798e-01
-1.032642e-03
-8.719217e-04
-4.109984e-04
7.495941e-04
-8.752243e-04
-9.879190e-04
-6.902747e-04
-3.509801e-03
-1.833104e-03
7.602963e-02
5.085280e-02
1.907991e-02
1.242280e-03
-1.392971e-02
-1.900254e-02
-5.569932e-02
-7.095865e-02
-4.998463e-02
1.695349e-02
1.634730e-02
3.305632e-03
-3.357329e-02
-9.110889e-02
-1.018827e-01
-8.169747e-02
-1.891625e-01
-1.740635e-01
2.335988e-02
-3.473134e-02
1.524264e-02
-5.487477e-02
-4.637016e-02
-8.481652e-03
6.399657e-04
5.066381e-02
9.080344e-02
2.908204e-03
-3.754298e-04
3.629634e-03
8.381752e-04
3.290563e-04
1.956868e-03
-1.591285e-03
2.567067e-03
4.772256e-03
-6.500442e-02
-9.620282e-02
-1.235090e-03
-5.124599e-02
-1.160100e-01
-4.090840e-02
3.217188e-02
-2.375596e-02
-8.676644e-03
-1.018624e-01
-8.076278e-02
-3.953270e-02
-5.534588e-02
1.657251e-02
2.531698e-02
3.914176e-02
7.882565e-02
1.103706e-01
-1.027196e-02
-2.493019e-02
5.027578e-02
6.747359e-04
-4.306823e-02
-1.282776e-03
1.343289e-02
1.996583e-02
2.419221e-02
-9.355564e-02
-1.000153e-01
-5.672879e-02
-1.012468e-01
-1.152297e-01
-1.022160e-01
-8.641736e-02
-1.104713e-01
-1.086628e-01
8.404491e-02
2.868943e-02
-3.504013e-02
3.431518e-02
-3.840568e-03
-4.326073e-02
4.998280e-03
-1.517881e-02
-3.121928e-02
6.390512e-02
2.770226e-02
7.811220e-02
1.024506e-02
-3.969794e-02
-4.279891e-03
-3.408829e-02
1.898426e-02
4.287462e-02
1.455749e-02
4.201944e-03
1.576048e-02
6.313375e-03
-7.659563e-04
2.491461e-02
3.701623e-02
1.330127e-02
2.306459e-02
-2.159706e-02
9.484634e-03
3.880276e-02
-4.266828e-02
-4.278562e-02
1.261903e-02
7.090674e-02
3.656867e-02
9.705824e-02
1.709750e-02
9.795922e-03
9.305133e-03
1.050304e-02
4.414386e-03
1.611475e-02
8.650632e-03
1.554837e-02
2.904431e-02
-4.458215e-02
-2.379577e-02
2.101994e-02
-7.552939e-03
-2.017663e-02
2.212212e-02
2.578783e-02
-8.615929e-02
-2.442596e-02
6.927796e-02
1.434845e-02
-9.669663e-02
3.706408e-02
-4.579871e-03
-9.079941e-02
9.752597e-02
-3.515831e-02
-4.973011e-02
1.058308e-03
9.772616e-04
-2.241313e-04
-1.847079e-03
4.761653e-04
9.544723e-04
2.975647e-04
-3.385795e-03
6.454703e-04
-3.095393e-02
-9.022411e-03
-4.017254e-03
-2.526900e-02
1.479233e-01
3.900335e-03
-1.018993e-01
3.998924e-02
-2.968351e-02
-2.942586e-01
-5.645772e-02
5.256971e-02
-5.011078e-01
2.693388e-01
1.926703e-01
-1.606470e-01
9.120263e-02
7.383674e-02
8.162835e-02
-2.973013e-02
-4.427077e-02
1.795562e-01
-3.679415e-01
-4.674486e-02
1.646417e-02
-1.563957e-01
1.762942e-02
9.867552e-04
-1.457968e-03
-1.994565e-03
3.348681e-03
-9.493122e-04
7.255233e-04
2.189926e-03
7.296724e-04
1.339568e-03
2.953494e-03
8.130039e-02
2.621009e-01
-2.693314e-02
-2.630571e-01
1.350057e-01
-2.221643e-01
-1.006924e-01
1.686077e-01
1.749359e-01
-2.317123e-01
-6.884053e-02
3.744593e-02
-3.971883e-01
5.281340e-02
5.803205e-02
-1.161401e-01
4.077188e-02
-5.246345e-03
-1.457236e-01
1.824597e-02
-8.664377e-02
-2.466394e-01
1.113237e-01
-7.626796e-02
-1.183891e-01
-2.573916e-03
-1.386884e-01
-9.348805e-02
3.415586e-02
-1.531476e-01
-1.715255e-01
4.838451e-02
-8.825348e-02
-2.393054e-02
7.388376e-02
-1.912055e-01
-7.884951e-02
1.396959e-02
-4.320147e-02
-5.335704e-02
3.089230e-02
-8.882631e-02
1.260841e-01
1.659841e-01
-1.601423e-01
1.892177e-01
-6.241343e-04
1.139767e-01
-1.328414e-02
-1.169295e-01
4.054471e-02
2.714399e-02
2.173467e-02
1.458340e-01
-5.119086e-02
-1.291246e-02
1.109700e-01
-1.995458e-02
-3.352039e-02
1.328845e-01
-9.087028e-02
-1.244470e-01
6.955850e-02
-3.155530e-02
-1.006694e-01
-1.249575e-01
1.509137e-01
-1.441823e-01
9.275350e-02
8.979461e-02
-1.603291e-01
6.875843e-02
5.402316e-02
1.912395e-02
9.194930e-02
-4.447104e-02
-5.971476e-02
1.171770e-01
-9.106039e-02
-1.071774e-01
2.210547e-03
-1.680925e-01
6.285293e-02
-2.717837e-01
2.564680e-01
1.619577e-01
-7.792032e-02
-7.360192e-02
2.303018e-02
-1.561898e-03
-1.594724e-03
-1.864193e-03
3.794341e-04
-1.429266e-03
-2.569180e-03
1.979721e-03
4.245163e-04
1.250813e-03
-1.545131e-03
4.218762e-04
9.563924e-04
-1.081770e-04
5.401379e-04
-6.892795e-04
-4.948392e-04
8.023210e-04
7.867679e-04
6.338502e-04
-1.650385e-03
2.047831e-03
-1.267127e-03
-1.115986e-03
3.263011e-03
1.440147e-03
8.015694e-04
-1.497697e-03
-2.199429e-03
-4.622232e-04
2.106094e-03
-2.658372e-04
-1.227453e-03
6.024060e-04
3.541218e-05
2.632117e-04
1.602167e-04
2.487698e-03
2.348713e-03
-9.413311e-05
4.009053e-04
-1.527914e-04
2.644790e-03
-6.718442e-04
1.221291e-04
4.788006e-04
5.361871e-04
-2.493521e-03
3.423257e-03
-1.697175e-03
2.304087e-03
7.105316e-05
1.964699e-03
6.719597e-04
1.249090e-03
-1.907969e-03
-1.277556e-03
2.769041e-04
-2.875440e-03
1.591152e-03
-6.513696e-04
-1.962844e-05
-2.831457e-03
-1.675508e-04
1.144462e-03
1.686958e-03
3.273665e-03
1.519240e-03
-1.745087e-03
2.564370e-03
-2.341574e-03
-2.151956e-04
-2.002075e-03
-1.166141e-03
2.965507e-03
-2.068429e-03
2.424694e-04
1.726610e-04
3.024895e-03
-2.084000e-03
3.754676e-03
-1.011801e-03
-9.120830e-04
-1.778457e-04
3.642719e-03
-6.741248e-04
-2.300033e-03
2.379507e-04
6.666180e-04
1.268144e-03
3.081748e-03
1.955632e-03
-1.108375e-03
-5.390342e-03
2.845452e-04
1.550255e-03
-2.960920e-03
1.365026e-03
3.932902e-04
-2.320467e-03
1.605382e-03
-4.757764e-04
1.791778e-03
-1.102384e-03
7.646662e-04
-6.026670e-04
-3.111034e-03
6.653409e-03
-1.628775e-03
1.842785e-03
6.958765e-04
3.626244e-03
2.813563e-03
1.071460e-03
-1.808591e-04
-9.807944e-04
2.342081e-03
3.737719e-03
-6.118531e-04
1.992894e-03
2.493455e-03
-2.055313e-03
-2.502323e-04
-4.173390e-04
-8.307766e-04
2.646553e-03
4.584427e-03
-2.807454e-03
-4.789670e-04
-1.147590e-03
-1.478953e-03
2.934677e-03
-5.873140e-04
8.970935e-04
1.086877e-04
4.755766e-04
3.557488e-03
1.543504e-03
-1.541936e-03
3.513023e-03
1.139716e-03
2.136156e-03
1.620016e-03
-4.531782e-04
-1.094504e-03
-1.748749e-02
1.901101e-02
4.177503e-02
-7.336441e-02
1.436827e-02
2.516244e-02
-8.506387e-03
5.195625e-02
3.136281e-02
3.199562e-04
3.800919e-03
8.747920e-04
6.034817e-04
-2.401285e-03
1.083941e-03
4.428247e-04
1.506857e-03
-2.825214e-03
8.009727e-02
2.577049e-02
2.742679e-02
-4.284838e-02
-1.000205e-01
-7.041559e-02
-9.716514e-02
-9.074932e-02
-5.859484e-02
8.605871e-02
6.584187e-02
3.689122e-02
-4.047149e-02
9.577678e-02
-9.253639e-02
-2.970091e-02
1.306017e-02
-1.297531e-01
-1.573500e-01
-8.837418e-02
-4.719780e-02
-2.899506e-02
-1.085516e-01
6.662271e-02
7.700569e-02
8.670652e-02
7.774578e-02
8.680131e-04
-1.968368e-04
1.522265e-03
2.040828e-03
-1.658239e-03
1.633186e-03
-9.040341e-04
3.028311e-03
2.392160e-03
-2.356653e-01
-2.339215e-01
-2.224738e-01
4.719099e-03
-1.030281e-01
-7.313624e-02
4.839931e-02
2.310405e-01
1.329143e-01
-7.804547e-02
-8.395705e-02
4.968888e-02
-1.777617e-02
-1.159789e-01
5.247198e-02
-2.106522e-02
-7.362556e-04
5.668504e-02
-6.059329e-02
-7.552028e-04
8.967222e-02
-4.424687e-02
-1.354812e-01
9.344073e-02
1.047289e-01
-6.583612e-02
1.078133e-01
-4.221646e-02
-2.758059e-02
-2.401057e-02
6.018383e-02
5.262621e-02
3.385402e-02
4.207478e-02
6.001190e-02
-2.921083e-04
7.375670e-02
9.804111e-02
2.798500e-02
3.401853e-02
-2.164203e-02
2.759603e-03
-7.648670e-02
-1.712277e-01
-1.549617e-01
-1.324106e-01
-1.038579e-01
-1.659342e-01
-1.332245e-01
-1.745739e-01
-1.642443e-01
-1.245708e-02
-4.298119e-02
-1.713255e-02
7.779669e-03
-6.062333e-02
-1.795295e-02
1.343571e-03
-5.344662e-02
-2.224034e-02
1.594619e-02
-4.809972e-03
3.918303e-02
1.604860e-01
1.442366e-03
1.255190e-01
-1.226645e-01
-4.178824e-02
-1.569279e-01
-2.090907e-01
1.238109e-02
-3.950410e-02
-7.269415e-02
-4.304269e-02
-3.217233e-02
-1.569444e-02
-4.433600e-02
2.883558e-02
3.604608e-02
8.839901e-03
6.049372e-02
8.920642e-02
-7.027794e-02
6.705628e-02
-7.136527e-02
2.248037e-02
-1.107590e-01
-2.700124e-02
2.120605e-02
-6.373928e-02
-1.233773e-01
2.416767e-02
1.771899e-01
-2.115817e-01
-8.782876e-02
1.028837e-01
-2.112068e-01
-1.264626e-01
3.861661e-02
4.409563e-03
2.621795e-03
-7.808025e-04
4.004194e-05
1.013511e-03
-9.178843e-04
-2.788873e-03
1.887423e-03
-4.608398e-03
-3.060562e-02
-1.179846e-01
-2.060016e-01
-2.021471e-02
-1.222735e-01
-2.083917e-01
-3.595164e-02
-1.208511e-01
-2.020150e-01
7.086042e-03
-4.285144e-02
-1.653242e-01
1.578483e-01
4.171748e-02
-3.990570e-02
2.173135e-01
1.006218e-01
2.775140e-02
-3.303150e-02
-7.217373e-02
1.218203e-03
-6.218807e-02
-1.287799e-01
-9.029138e-02
-5.527475e-02
-1.625819e-01
-8.316874e-02
1.889953e-03
-5.650774e-04
-9.831589e-04
-2.481780e-03
2.527199e-03
-7.473942e-04
2.445717e-03
8.402600e-04
8.214954e-04
1.014925e-01
3.807827e-02
-3.971488e-02
-1.534256e-01
-6.021217e-02
-9.727325e-03
-1.417293e-01
-1.285114e-01
-3.431027e-03
2.734745e-02
-1.247086e-02
-4.973620e-02
-3.483006e-02
2.906869e-02
3.101822e-02
1.646401e-02
4.298274e-02
6.323346e-02
-1.361491e-02
-3.316732e-02
-3.377115e-02
-7.769606e-02
-1.903099e-02
-8.514591e-02
-6.023108e-02
-1.878901e-02
-2.259958e-02
-3.960667e-02
-5.771464e-02
-9.517384e-02
6.853879e-02
3.759693e-02
-4.258065e-02
2.045342e-01
1.285943e-01
9.432158e-03
-7.113029e-02
-1.417928e-01
-1.934201e-01
1.554798e-01
-1.126075e-02
-1.667597e-01
2.591048e-01
9.935103e-02
-1.199251e-01
7.475257e-04
-4.863581e-02
-1.597902e-02
3.992100e-03
-3.135496e-02
-1.425648e-02
-3.093505e-02
-2.809898e-02
5.858616e-02
6.975731e-03
6.782843e-02
5.196180e-02
3.419081e-03
5.946045e-02
6.119205e-02
3.047674e-03
6.902678e-02
5.264638e-02
1.302544e-01
2.157781e-01
1.421208e-01
-6.663926e-02
6.642281e-02
1.598624e-01
-2.128009e-01
-5.889009e-02
2.053487e-01
-2.197548e-02
-2.014019e-02
-2.011752e-02
-5.368488e-02
-4.288102e-02
-4.806818e-02
-6.604955e-02
-4.793431e-02
-5.018811e-02
7.799706e-02
9.377749e-02
-6.245814e-02
6.416600e-02
3.240477e-02
-3.916924e-03
3.643000e-02
-2.420577e-02
-4.162580e-02
-1.548793e-01
-1.183897e-01
2.417771e-02
-1.567278e-01
-1.058798e-01
7.127640e-02
-3.506728e-02
2.436463e-02
1.403180e-01
5.309940e-03
-1.142504e-03
-1.292228e-03
-1.419838e-03
1.330809e-03
3.342440e-04
-1.691249e-03
-4.891627e-04
-1.808210e-03
2.623388e-02
-1.581397e-01
-2.467656e-01
5.086656e-02
-1.834992e-01
-2.187222e-01
-9.480575e-02
-1.832549e-01
-7.016397e-02
-1.664646e-01
-2.781137e-02
1.937565e-02
5.531142e-02
6.343101e-02
9.124106e-02
2.342751e-02
3.088912e-02
1.690498e-01
-8.788017e-03
-7.142816e-02
-5.543396e-02
-3.213651e-02
-2.492603e-02
-2.422288e-03
5.728101e-02
1.230042e-02
-2.047071e-02
6.962939e-05
-4.588153e-04
-3.508847e-03
-2.247514e-03
-9.104296e-04
-2.503953e-04
4.821748e-04
-1.452378e-03
-3.136584e-03
-6.936013e-02
1.108340e-01
2.125777e-01
-5.712570e-01
-2.588165e-01
3.126982e-01
-3.212871e-01
-9.367402e-02
2.309660e-01
4.744392e-02
2.610947e-03
-3.924314e-02
2.639287e-03
3.391699e-02
-1.158263e-02
7.805108e-03
-2.000277e-02
-2.972165e-02
6.439646e-02
-4.107476e-02
-9.532335e-02
-5.074981e-02
-5.666974e-02
-8.705014e-02
-2.804473e-03
-9.466636e-02
-5.195956e-02
-1.981122e-01
-9.125055e-02
-4.403443e-02
-7.362590e-02
3.806921e-02
2.714152e-02
7.426754e-02
6.595334e-02
-2.791237e-02
-1.073948e-02
-6.980347e-02
-1.581459e-01
2.391101e-01
1.521847e-01
-7.460237e-02
2.176610e-01
1.519318e-01
-7.713943e-02
1.223109e-01
-4.791321e-02
-1.935696e-01
7.796896e-02
-7.428700e-02
-5.876783e-02
8.009998e-02
-2.209199e-04
2.030222e-02
-6.687400e-02
1.143564e-02
4.209608e-02
-6.191767e-02
2.709614e-02
3.364838e-02
-5.391299e-02
3.481387e-02
4.714366e-02
2.135209e-01
1.692207e-01
4.798099e-03
-6.466422e-02
-7.560793e-02
4.203633e-03
-2.708627e-01
-3.538343e-01
8.133198e-02
-1.790126e-02
-4.007443e-02
-4.012738e-02
-6.992517e-02
-5.135005e-02
-1.954022e-02
-5.367061e-02
-2.807895e-02
-3.539889e-02
-5.667238e-02
1.427168e-01
1.884832e-02
-5.760631e-02
-1.991450e-02
-9.384679e-02
-5.515086e-02
-4.491835e-02
1.143960e-01
1.539953e-02
8.788285e-02
5.765494e-02
1.267507e-01
2.034066e-01
1.418262e-01
1.259861e-01
1.711098e-01
9.591448e-02
-5.759765e-04
3.572216e-03
9.752656e-04
3.214707e-03
-1.930965e-03
2.345218e-03
5.108333e-03
1.336061e-04
-3.513008e-03
9.468070e-02
4.970297e-02
4.192838e-02
9.284275e-02
5.261484e-02
3.929079e-02
-7.550362e-03
3.590547e-03
1.376067e-02
1.966087e-04
4.575131e-02
-1.447692e-03
8.822622e-02
9.946717e-02
1.629880e-02
1.032843e-02
1.165144e-02
-2.837546e-02
-9.316158e-02
-1.906759e-01
-1.319591e-01
-6.526485e-02
-1.127922e-01
-5.556288e-02
-3.676453e-02
-9.687555e-02
-4.255551e-02
4.588933e-03
-4.425790e-04
-8.661587e-04
2.030295e-03
1.631878e-03
8.700175e-06
1.264411e-04
4.547583e-04
-3.054872e-03
7.264532e-02
1.059384e-03
-2.707315e-02
1.622382e-01
1.519037e-01
1.818589e-01
1.908093e-01
2.092190e-01
1.747352e-01
-9.896605e-02
-1.705737e-01
-8.111403e-02
-6.607191e-02
-6.621381e-02
2.177332e-02
1.794928e-02
-2.137472e-02
1.040945e-01
-2.231280e-01
-1.066284e-01
7.969008e-02
-8.165431e-02
-1.792966e-02
1.519841e-01
-1.060305e-01
-5.083705e-02
9.878115e-02
-1.138370e-01
-5.631458e-02
-2.509877e-02
-1.079850e-01
-6.494633e-02
-2.891288e-02
-7.262807e-02
-4.921137e-02
-3.380064e-02
3.406707e-02
5.402604e-03
1.602407e-02
-4.272016e-02
-6.358679e-02
-3.818785e-02
-1.165097e-01
-9.782764e-02
-8.968181e-02
2.382137e-02
2.239090e-02
-4.909927e-02
2.070774e-04
1.448062e-02
-4.216920e-02
-1.132808e-01
-4.528794e-02
-7.660805e-02
1.267554e-02
-6.737319e-02
-1.013661e-01
1.881662e-02
-6.672897e-02
-7.805094e-02
4.986600e-03
-1.080669e-01
-8.723757e-02
1.771314e-02
3.871199e-02
-4.487658e-02
2.012805e-02
9.144557e-02
-2.194559e-02
3.187439e-02
7.833617e-02
-4.891827e-02
-3.336884e-02
-6.847082e-02
-6.485961e-02
-5.855170e-03
-4.109157e-02
-4.198910e-02
7.008512e-03
-3.688931e-02
-2.839209e-02
-1.296139e-01
-7.084942e-02
-5.051254e-02
3.991905e-02
8.951068e-02
8.799174e-02
-9.155754e-03
1.729491e-02
4.819151e-02
1.748530e-01
2.782551e-02
-5.377409e-02
1.210015e-01
-1.373753e-02
-8.687970e-02
7.071342e-02
-9.263560e-02
-1.758169e-01
-9.986673e-04
5.527003e-04
-7.046090e-06
7.170928e-04
2.056005e-03
-2.265721e-03
2.978799e-03
-5.948658e-04
2.103396e-03
3.607656e-02
-8.098572e-02
-5.403595e-02
3.992027e-02
-1.135818e-01
-5.253696e-02
-4.632543e-03
-6.081879e-02
7.996292e-02
-1.750990e-01
-1.908154e-01
5.391637e-02
-3.972808e-02
-1.702785e-01
1.396606e-01
-4.501150e-02
5.588173e-02
1.344917e-01
-7.869077e-02
-3.814951e-02
-1.360572e-02
-1.800511e-01
8.076028e-02
-5.005365e-03
-9.929100e-02
-4.266490e-02
1.763510e-02
-2.823123e-03
1.698529e-03
3.607911e-04
-9.693412e-05
1.364723e-03
-1.466899e-03
1.035031e-03
-9.658863e-05
-1.295094e-03
-2.599372e-02
-1.012726e-01
3.093666e-01
-4.535315e-01
-2.038501e-01
1.818969e-01
-8.814801e-03
-2.396713e-02
4.845039e-01
6.738868e-02
1.025255e-01
-9.978542e-02
-8.039539e-02
-8.067742e-03
-1.788225e-01
7.051892e-02
3.870033e-03
-2.309805e-02
1.517012e-01
3.895757e-02
-3.966456e-02
6.027164e-02
2.761920e-03
-4.308317e-02
5.667212e-02
-1.105644e-01
-3.569796e-02
-2.905540e-01
-2.188664e-01
-5.546249e-03
-2.891103e-01
-1.360137e-01
5.969555e-02
-7.468878e-02
-5.800506e-02
1.494973e-01
2.133831e-02
3.451340e-02
1.260389e-01
-3.030066e-02
1.289167e-01
1.054228e-01
6.540002e-03
1.553635e-02
1.020872e-01
2.482036e-01
4.584954e-02
-1.596367e-02
8.862931e-02
-3.341302e-03
-1.376858e-01
1.182548e-01
-2.939619e-02
-1.646169e-02
-7.990040e-03
4.123935e-02
-4.834875e-02
-3.049847e-02
-1.108979e-02
-4.295884e-02
-3.236097e-02
-8.199693e-03
-7.897596e-02
2.319140e-01
1.127622e-01
-1.395357e-01
2.999366e-01
-1.993885e-01
-1.164179e-01
1.660064e-01
-7.901440e-02
-2.627570e-01
-2.668320e-02
-1.075691e-02
-5.348137e-02
-8.255515e-02
3.008066e-02
-1.070060e-02
-8.410481e-02
-2.565929e-04
-3.172960e-04
-1.370660e-01
8.721759e-02
2.155734e-02
1.699956e-01
-8.402184e-02
1.557195e-01
1.840005e-03
5.761961e-02
-1.833362e-02
2.468295e-01
1.666802e-01
5.556826e-03
9.882580e-02
-3.912660e-02
-1.762336e-01
-1.319762e-01
-2.327864e-01
-3.360851e-01
-6.678535e-04
2.988306e-03
1.649481e-03
3.205640e-03
-2.813135e-03
-7.020631e-04
-3.206128e-04
-2.577945e-03
1.774676e-03
-7.142693e-02
-5.149464e-02
6.695446e-02
-7.978589e-02
-3.089017e-02
8.121996e-02
6.398791e-02
9.809296e-02
1.471521e-01
-7.949419e-02
-8.628918e-02
-3.049423e-02
-1.215002e-01
-1.270966e-01
-7.355328e-02
1.326683e-01
1.579095e-01
1.792348e-01
-4.901830e-02
-1.499390e-01
-1.245546e-01
5.241307e-02
4.755820e-03
3.482584e-02
1.565758e-01
1.667676e-01
1.121606e-01
4.529098e-04
-6.224661e-04
-6.951694e-04
-3.659280e-03
-1.039276e-03
2.239320e-03
-1.246993e-03
-1.591878e-03
3.798953e-03
-1.883916e-01
-2.101955e-01
-3.761027e-02
3.106970e-02
1.844198e-02
-6.817289e-02
2.228839e-01
2.647518e-01
1.471773e-01
2.187212e-02
6.939024e-04
-3.256450e-02
2.818329e-02
2.178195e-02
-2.313885e-02
-4.638824e-02
-9.090936e-02
-1.018275e-01
2.784454e-02
4.828442e-02
7.669661e-02
7.223494e-02
-1.379376e-02
-8.001505e-02
6.742945e-02
-3.301402e-02
-1.112111e-01
-1.005270e-01
-1.593449e-01
-1.156882e-01
-4.046154e-02
-7.762454e-02
-2.503755e-02
1.025974e-01
9.415840e-02
1.685707e-01
-1.867105e-01
-2.184957e-01
-1.611349e-01
-2.697427e-01
-2.492792e-01
-1.148370e-01
-1.156085e-01
-8.407857e-02
4.508922e-02
4.631744e-02
2.845092e-02
2.765030e-02
-3.110128e-02
-2.979101e-02
-5.810618e-02
-6.659676e-02
-2.143551e-03
-3.501715e-02
4.542705e-02
1.002402e-02
-2.726913e-02
-1.313886e-02
-4.208717e-02
-5.556726e-02
-4.838929e-02
-5.280042e-02
-4.878044e-02
7.426575e-02
1.408789e-01
6.079401e-02
1.320200e-01
1.225335e-01
-5.041765e-02
-4.122647e-02
-3.096631e-04
-1.923411e-01
-9.374100e-03
-2.206062e-02
-3.777260e-02
4.269372e-02
9.835886e-03
-1.435387e-02
6.136679e-02
2.785047e-02
2.219768e-02
-7.573058e-02
-5.928189e-02
3.392048e-02
-6.654970e-02
-6.766415e-02
-1.552140e-03
4.252940e-02
5.359671e-02
2.352484e-02
6.113608e-02
-5.783412e-02
-8.688810e-02
2.536132e-02
-6.639662e-02
-9.482094e-02
-1.859829e-02
-6.088666e-02
1.055390e-02
-2.056929e-05
9.497291e-04
-1.360687e-03
1.487214e-07
-1.730158e-03
-1.252867e-03
2.105402e-03
2.525906e-03
-3.836510e-03
-2.358018e-01
1.229965e-01
2.996181e-01
-8.298630e-02
1.868706e-01
1.073627e-01
-1.718831e-02
8.866955e-02
1.545454e-02
-7.250409e-02
-1.654021e-01
-1.967646e-03
-1.818931e-01
1.570110e-01
2.414060e-02
-1.567299e-01
-1.535409e-01
7.794660e-02
-5.742887e-02
2.243367e-01
-6.918005e-02
-6.039360e-02
-2.034303e-01
8.602065e-04
3.580915e-02
6.821204e-02
-1.197444e-01
1.770414e-03
-1.893251e-04
-4.522308e-03
1.280525e-03
2.871620e-03
1.750068e-03
-2.248202e-03
-6.049069e-05
-2.415369e-03
1.199643e-01
2.112336e-01
-2.986513e-01
5.931534e-01
-4.912204e-02
-4.291629e-01
1.060566e-01
2.081846e-01
-3.689190e-01
7.703356e-02
-3.964370e-02
8.470954e-02
3.815069e-02
-1.970825e-01
-4.351470e-02
8.257951e-02
6.634849e-02
4.521349e-02
-1.289580e-02
-8.238357e-02
-5.246343e-03
3.002907e-02
-1.628931e-01
4.375590e-02
5.129679e-02
-7.830693e-02
-6.069476e-02
1.496493e-01
5.768735e-02
-4.191402e-02
3.271415e-02
-8.859813e-02
-8.626191e-03
-7.401572e-02
-1.085789e-02
-3.141190e-02
-1.885397e-01
1.266695e-01
1.268184e-01
-3.562049e-01
-1.024609e-01
2.287266e-01
-1.788766e-01
3.956402e-02
9.767267e-02
-1.940213e-01
1.371646e-01
1.564157e-01
-7.161461e-02
-1.291761e-01
6.832732e-02
-2.829134e-02
9.633952e-02
1.669800e-02
3.440817e-02
-1.491939e-01
-3.043266e-02
3.859786e-02
9.677973e-03
-4.292463e-03
3.218004e-04
-1.138717e-01
-5.245272e-02
-7.550155e-02
-1.893383e-01
6.291272e-02
-4.215181e-02
1.081081e-01
-1.207812e-01
2.650263e-01
5.943029e-02
3.304548e-02
-2.999957e-02
5.357308e-02
2.326475e-02
1.546914e-02
-4.993511e-02
1.143738e-03
4.567206e-02
-6.022819e-02
-5.805151e-02
-1.241075e-01
-4.021812e-01
9.831745e-02
3.318209e-02
1.811220e-01
-8.613671e-02
-1.145356e-01
-1.251879e-01
8.325471e-02
-6.408821e-02
-1.229180e-01
-1.806687e-02
-5.185209e-02
-1.537148e-01
-6.552996e-02
-4.106245e-03
-1.167988e-01
-6.597324e-02
-6.864735e-05
1.125544e-03
-2.831991e-04
2.075212e-03
1.811323e-03
-1.332138e-03
1.633261e-03
8.078781e-05
1.832817e-03
-9.999358e-02
1.321747e-01
1.321801e-01
-1.164748e-01
1.178928e-01
1.470283e-01
-7.238593e-02
4.611993e-02
1.049779e-01
-3.828344e-02
4.001068e-02
1.341153e-01
-3.245152e-02
-5.342469e-02
2.104240e-01
-4.140996e-02
-1.062138e-01
1.044599e-01
1.303592e-01
8.064087e-02
-8.631909e-03
1.209729e-01
1.548510e-01
-1.196010e-01
5.586338e-02
1.946713e-01
-2.766501e-02
1.019850e-03
-1.736955e-03
-8.559101e-04
-1.454560e-04
-1.981797e-05
2.634536e-04
6.362564e-07
1.890781e-04
4.122756e-03
2.284049e-02
-2.159262e-02
-5.611663e-03
1.228813e-01
-2.735469e-02
-1.861481e-01
1.390191e-01
3.386629e-02
-1.262970e-01
-1.894983e-02
-2.792322e-02
-8.840656e-02
2.614514e-02
2.513477e-02
-1.036036e-01
7.439266e-02
5.805886e-02
-4.999569e-02
-9.062583e-02
-8.485930e-02
-7.310282e-02
-4.293931e-02
-1.452719e-01
-2.052279e-01
9.714606e-02
-6.651200e-02
-2.151600e-01
8.102351e-02
-2.613168e-02
-4.830698e-02
1.213660e-01
1.492019e-02
-6.565911e-02
2.166116e-02
-1.811059e-02
-9.171097e-02
-2.854119e-02
5.628210e-02
2.308718e-02
-2.910343e-02
1.208422e-01
1.133767e-01
-1.055840e-01
2.259992e-02
2.476268e-02
-8.820277e-02
-1.283607e-01
7.628613e-02
-2.012648e-02
-1.066869e-01
-2.532706e-02
8.192775e-02
-4.558766e-03
-9.083366e-03
-2.369609e-02
2.736112e-02
2.755148e-02
-5.236772e-02
3.404451e-02
5.433488e-02
-4.382852e-02
4.475098e-02
8.065769e-02
-9.524447e-02
-1.115153e-01
5.278888e-02
-1.000063e-01
-2.666287e-01
1.571982e-02
5.840079e-02
-1.875851e-01
3.836514e-02
4.527433e-02
4.860295e-02
3.924181e-02
3.261391e-02
8.332027e-02
6.264318e-03
-8.533613e-03
1.031449e-01
3.385645e-02
-3.647492e-02
6.837410e-02
5.773406e-02
-7.877047e-02
-4.602217e-02
3.922833e-02
-1.202909e-02
-6.634646e-02
6.627094e-04
4.354444e-02
5.995968e-02
4.528602e-02
8.512862e-02
8.306535e-02
2.967302e-02
7.437530e-02
6.706315e-02
-1.103685e-02
8.865819e-04
2.675853e-03
-7.227933e-04
-3.408014e-04
-1.326003e-04
-4.066108e-04
2.733899e-03
-1.899755e-03
1.684818e-03
-9.292988e-02
-2.471484e-02
-1.426524e-02
-7.787961e-02
-9.580508e-03
2.777022e-03
-4.483258e-02
-1.535946e-02
-7.457167e-03
-1.111836e-01
-9.413064e-02
-1.534000e-01
-8.127582e-02
-2.101154e-01
-1.470276e-01
-6.450822e-02
-1.381042e-01
-6.938185e-02
3.394359e-03
9.641127e-02
1.074443e-01
2.109936e-01
3.966391e-01
2.328857e-01
2.977876e-02
1.337784e-01
-3.476125e-03
4.438686e-06
3.945341e-03
8.473265e-04
1.722651e-03
1.486981e-04
7.667530e-04
3.228133e-03
1.935226e-04
-1.156562e-03
-1.946078e-02
1.170948e-02
-8.037364e-02
2.802026e-02
2.183427e-01
-7.740808e-02
5.441000e-02
9.017927e-02
-9.663822e-03
-2.373960e-02
2.283151e-02
-3.138238e-02
1.366606e-01
2.128078e-01
9.972078e-02
-7.979237e-03
-1.223273e-02
-3.151787e-02
4.661907e-02
-1.740452e-02
4.641172e-03
1.365124e-01
6.597876e-02
-3.421749e-02
1.529096e-01
1.296740e-01
1.876399e-03
-1.224820e-02
-4.550328e-02
-8.451920e-02
4.047703e-02
1.899128e-02
-3.211093e-02
-1.919403e-04
-3.400563e-02
-3.939312e-02
-9.489450e-02
-1.466801e-01
-1.001671e-01
-7.512435e-02
-7.415780e-02
-6.528760e-02
-7.384101e-02
-8.935478e-02
-9.759516e-02
8.874399e-03
-1.206442e-01
-1.230446e-02
9.317999e-02
9.452383e-02
1.312784e-01
-5.540980e-02
2.173133e-04
-6.170881e-03
-3.534392e-03
4.954482e-03
2.206640e-02
-5.681188e-02
-1.043965e-02
2.796839e-02
-3.916728e-02
2.953357e-02
6.752538e-02
-7.691403e-02
5.223548e-02
-6.406587e-02
5.389332e-02
1.564717e-02
1.080440e-01
6.864148e-02
3.232081e-02
8.594181e-02
2.146642e-03
2.547275e-02
4.966584e-02
3.187053e-02
9.708408e-02
8.612682e-02
2.050797e-03
1.105818e-01
6.438166e-02
4.358410e-02
1.501769e-01
3.941198e-02
-1.318905e-03
-6.185030e-02
-3.580088e-02
1.012081e-01
3.178431e-02
1.135420e-01
-7.520538e-03
-3.489068e-02
-5.690656e-02
4.105507e-04
-1.316154e-02
-4.464108e-02
8.259866e-03
-1.282195e-03
-3.223968e-02
5.732700e-04
-2.896281e-03
-1.360373e-03
-1.412694e-03
-2.957510e-03
-2.025435e-03
1.820795e-03
2.018073e-03
6.085800e-05
3.785550e-02
3.091611e-02
3.542265e-02
3.598096e-02
3.295009e-02
3.168472e-02
5.152864e-02
4.868306e-02
5.958708e-03
1.013925e-01
1.152087e-01
3.694521e-02
9.389643e-02
1.402689e-01
6.261982e-02
3.451847e-02
8.825427e-02
5.945406e-03
5.253735e-02
-2.980191e-02
-1.921474e-03
1.112942e-01
3.003072e-02
7.342596e-02
1.239965e-01
3.215636e-02
8.968687e-02
1.492784e-04
5.914668e-04
2.491363e-03
1.514974e-03
1.349346e-03
1.851727e-04
-4.053096e-03
2.611684e-03
3.032546e-03
6.809518e-02
1.677770e-01
4.883413e-02
1.640006e-01
2.455112e-01
1.016557e-01
9.399050e-02
1.511389e-01
2.823671e-02
5.747484e-02
1.832193e-02
5.575229e-02
3.011180e-02
-1.715037e-02
4.797924e-02
2.130629e-02
-1.937994e-02
5.950209e-02
-6.387651e-03
5.559054e-02
5.977914e-02
-6.109192e-03
3.682485e-02
4.856424e-02
-5.379661e-03
9.935039e-03
2.701472e-02
8.313867e-02
7.467498e-02
2.067276e-02
1.161022e-01
1.012522e-01
6.892492e-02
5.770082e-02
6.671820e-02
6.698367e-02
1.165184e-01
7.930848e-02
3.231174e-02
1.365812e-01
9.639505e-02
5.604341e-02
1.067259e-01
7.976001e-02
3.095033e-02
-8.345482e-02
-2.150767e-02
-4.239089e-02
-9.466409e-03
1.385360e-02
-1.565507e-02
-1.050203e-02
-2.684899e-02
-8.343828e-02
-5.958097e-05
-1.518714e-02
-4.899417e-02
1.310767e-02
-2.366446e-04
-4.713781e-02
7.269397e-03
-6.750255e-03
-4.733339e-02
-6.200961e-02
3.784974e-02
-7.325301e-02
-1.377902e-01
-2.395887e-02
-8.773399e-02
-1.699177e-01
-7.210495e-02
-1.439100e-01
6.172006e-02
-1.800026e-02
-3.987028e-02
5.958088e-02
-1.236386e-02
-4.162683e-02
7.098678e-02
7.539590e-05
-2.397833e-02
2.525052e-02
3.128231e-02
2.890906e-02
2.885874e-02
6.703491e-02
4.501065e-02
-8.744784e-03
4.876003e-02
5.007686e-02
-5.259979e-02
-7.865211e-02
-7.809738e-02
-7.161089e-03
-2.887221e-02
-8.343061e-03
2.819643e-02
1.971379e-02
4.031675e-02
-9.088799e-04
2.567648e-03
-1.637578e-03
3.597860e-03
3.746555e-03
-3.927383e-03
-4.158025e-04
1.305795e-04
-2.043312e-03
9.774983e-03
-7.632199e-03
-1.688369e-02
-1.213167e-02
-2.154983e-02
-2.916080e-02
-6.380601e-02
-8.117352e-02
-5.102187e-02
4.068855e-02
8.103562e-02
7.658879e-02
1.991790e-04
4.371677e-02
2.936297e-02
-6.152251e-02
-1.418875e-01
-5.600993e-02
-3.736222e-02
-1.273888e-01
-9.087165e-02
5.899993e-03
-6.746977e-02
-1.294105e-02
1.149389e-01
1.730849e-01
3.504651e-02
3.673514e-03
4.135701e-03
-1.191478e-03
-8.631636e-04
-5.055889e-04
1.759828e-03
-9.890758e-05
-9.854691e-04
1.808532e-03
-7.389180e-02
-3.276153e-02
-7.283389e-03
-8.010894e-02
-1.605784e-01
-1.338488e-01
-5.355200e-02
-4.798939e-02
-6.260820e-02
4.079178e-02
-3.513937e-02
1.740812e-02
6.143219e-02
4.839724e-02
1.806244e-02
6.738327e-02
5.446516e-02
-7.625911e-02
-4.863690e-02
-6.173048e-02
4.020875e-02
1.023937e-02
-9.263746e-02
2.570613e-02
1.379032e-01
-1.172758e-02
-5.027676e-02
-1.027021e-02
-3.308337e-03
2.565713e-02
3.306475e-02
1.936011e-03
1.981066e-02
3.367958e-02
4.213186e-02
2.202121e-02
-3.745516e-02
-3.284883e-02
-6.576555e-02
3.755597e-02
1.498495e-02
2.613594e-02
5.904588e-03
5.441283e-02
-8.540434e-04
-2.981707e-02
-5.809710e-03
-9.817754e-03
-7.884934e-02
-1.588027e-01
-8.121645e-02
-2.955902e-02
-4.928995e-02
-1.675630e-02
2.236518e-02
1.355371e-02
-2.939014e-02
1.276845e-02
1.403582e-02
-1.827386e-02
2.242669e-02
1.884034e-02
1.685392e-02
-4.598029e-02
3.566867e-02
2.039369e-02
-1.591699e-01
-6.512932e-03
-7.309941e-02
-3.863661e-02
-9.711094e-02
-6.110056e-02
-3.605848e-03
-2.335176e-02
-3.085782e-02
1.500549e-02
-3.956480e-02
-3.420309e-02
2.020847e-02
9.810576e-04
7.236598e-03
-3.023664e-02
-6.729401e-02
-1.748707e-03
-7.129548e-02
5.167253e-02
-5.510861e-02
-7.079881e-02
-1.459881e-01
-4.180060e-02
-4.692150e-02
-1.326420e-02
9.387757e-03
-1.060734e-01
-7.358395e-02
-2.491763e-02
-8.530514e-02
-7.036943e-02
-1.259720e-02
2.127982e-04
2.092530e-04
4.761417e-04
9.919682e-04
-1.960532e-04
1.490343e-03
2.050980e-04
-1.895055e-03
2.211476e-03
3.207613e-02
2.719489e-02
-1.040109e-01
-1.663540e-02
-2.381340e-02
-1.398420e-01
-1.135385e-01
-9.509882e-02
-1.464881e-01
7.859058e-02
1.552329e-01
5.859889e-02
3.680195e-02
1.703485e-01
4.396598e-02
-4.922104e-02
2.039571e-02
-4.207436e-02
-1.233987e-02
-6.478271e-02
-8.583460e-02
-1.747946e-02
-9.312519e-02
-1.149181e-01
1.086915e-01
5.658605e-02
-3.681891e-02
-1.147898e-04
-1.345702e-03
-3.419950e-05
4.708109e-04
-3.352780e-04
5.093768e-04
1.523721e-03
-2.010369e-03
3.248813e-03
-6.391402e-02
-6.445383e-02
-3.826042e-02
-1.606945e-01
-2.207725e-01
-1.454703e-01
-2.903686e-02
-1.170911e-01
-9.521049e-02
-2.347837e-02
-4.775470e-02
3.608012e-02
5.083702e-02
-2.683219e-02
5.775212e-02
1.038665e-01
3.149217e-02
7.613512e-02
1.959405e-02
9.993491e-03
5.879221e-02
-2.633013e-02
-8.960479e-02
-3.275501e-03
-1.206545e-02
-1.171005e-01
-3.572496e-02
-2.367081e-02
-5.027473e-02
-3.449031e-02
2.873082e-02
-2.224362e-03
8.006557e-04
7.594545e-02
3.793165e-02
1.323691e-03
-4.302111e-03
-1.112918e-02
-8.240633e-02
1.536858e-01
1.074704e-01
-6.874039e-03
1.325622e-01
1.093225e-01
-2.099107e-02
-9.432472e-02
-3.920132e-02
-5.651024e-02
-1.495953e-01
-1.180330e-01
-5.506065e-02
-9.198648e-02
-7.054641e-02
-6.806096e-02
6.470665e-02
4.750773e-02
2.049961e-02
3.786913e-02
2.259884e-02
-7.262773e-03
5.182400e-02
3.594872e-02
1.065255e-02
2.278518e-02
1.139911e-01
1.107510e-01
-1.477745e-01
-3.754718e-02
-4.572824e-02
-1.794634e-01
-1.032413e-01
-4.229076e-02
-7.483070e-03
1.791970e-03
-2.370712e-02
6.491955e-03
-2.761714e-02
-3.987765e-02
3.093021e-02
-1.563462e-02
-2.376930e-02
7.167479e-02
4.835433e-02
1.354810e-02
-3.866107e-02
4.170722e-02
-4.885774e-02
-6.649324e-02
-1.892969e-02
1.798601e-02
