1.527730e-02
-6.748825e-03
-6.692029e-03
1.567269e-03
2.203142e-02
3.912021e-02
-9.137281e-03
2.816398e-02
3.238468e-02
-1.470972e-02
7.405119e-03
1.050833e-02
3.323911e-03
-9.616391e-03
-1.826338e-02
2.809310e-02
-7.017656e-03
-2.887948e-03
-1.806454e-02
-4.044049e-03
6.841829e-03
7.821281e-02
6.586891e-02
4.322109e-02
4.036076e-02
5.577897e-02
-3.361778e-02
2.059264e-02
-5.919728e-02
-4.502419e-02
8.656668e-02
6.287131e-02
6.236435e-02
7.065536e-02
1.253472e-01
1.983679e-02
-8.527561e-02
-6.067523e-02
-4.317939e-02
-2.922350e-02
-5.481267e-03
-3.036194e-02
-2.607041e-02
-8.923456e-03
-4.299524e-02
-1.076716e-03
-7.035821e-04
-9.060131e-04
-1.638183e-03
-4.382909e-04
-1.706901e-03
5.057775e-04
1.403567e-03
7.748976e-04
6.827383e-02
7.688706e-02
1.075361e-02
3.507288e-02
1.890895e-02
-3.114205e-02
3.331248e-02
-7.690194e-02
1.429126e-02
-5.619240e-02
-7.188056e-02
-5.300027e-02
-5.748476e-02
-5.681229e-02
-3.284009e-02
-5.110867e-02
-2.996362e-02
9.707436e-03
1.861205e-02
5.995147e-02
-2.210194e-02
-2.437574e-02
1.048794e-02
-1.407663e-02
-1.264561e-02
-1.332798e-02
4.992665e-02
-3.111448e-02
-3.478248e-02
-3.536453e-02
-4.459172e-02
-3.322538e-02
-2.297394e-02
-4.015630e-02
-2.388330e-02
-3.946621e-03
-3.071704e-02
-9.151893e-03
-1.626361e-02
-3.734491e-02
-1.287608e-02
-2.518626e-02
2.868951e-02
3.186232e-03
2.059703e-02
4.015899e-02
6.664709e-02
8.890266e-02
-1.449698e-02
4.954007e-02
-2.242286e-02
2.106903e-02
6.262881e-02
3.542449e-02
-8.280032e-03
1.288016e-02
2.957864e-02
-1.471035e-02
6.547298e-06
1.615704e-02
-1.957648e-02
-1.000406e-02
-1.239979e-02
4.217079e-02
7.246036e-02
8.318573e-03
6.020854e-02
-3.362932e-03
5.498070e-02
3.246032e-02
1.041946e-01
8.367149e-02
-1.026961e-02
-9.618509e-03
-7.409302e-03
-1.185244e-02
-4.382586e-03
-9.137450e-03
-1.217362e-02
-8.581032e-03
-5.291303e-03
-2.976548e-02
-2.861066e-02
-2.829428e-02
2.888382e-02
2.242474e-02
6.098588e-02
-3.014819e-02
-3.460439e-02
-7.651249e-02
6.605588e-02
6.262789e-02
1.756649e-02
7.562213e-02
7.413774e-02
3.613906e-02
7.458536e-02
8.131517e-02
3.799897e-02
-1.191926e-02
-7.078357e-03
2.392424e-02
-3.286555e-02
4.970717e-02
1.704827e-02
-1.840681e-02
7.819351e-03
-4.314195e-02
-1.167424e-01
-6.290848e-02
-1.752031e-02
-1.566906e-01
-1.169270e-01
-1.953582e-02
-1.558765e-01
-1.559732e-01
-6.633224e-02
-2.084189e-02
-1.026458e-01
-1.069661e-01
-3.386980e-02
-1.804258e-01
-1.069300e-01
-1.423158e-01
-1.575136e-01
-1.114089e-01
-3.876023e-02
-1.766534e-02
-4.418718e-02
-1.182635e-01
-1.907965e-02
-5.223852e-02
-1.058146e-01
-9.887230e-02
-1.171335e-01
-1.126702e-03
-3.162045e-04
9.397445e-04
2.295605e-03
-3.349100e-03
1.184840e-03
-3.206952e-03
-9.220905e-04
-3.802093e-03
6.362686e-03
8.398427e-03
1.330195e-01
-3.802686e-02
1.662020e-01
1.432569e-01
1.591993e-01
7.735277e-02
1.207798e-01
-9.791671e-02
-4.493581e-02
-5.890267e-02
-2.989016e-02
1.189156e-02
-2.559423e-02
6.227278e-02
-4.490894e-03
1.864349e-02
5.623952e-02
8.483602e-02
2.743705e-02
4.651696e-02
1.061041e-01
1.299486e-02
1.957533e-02
3.264419e-02
7.477108e-03
-1.910934e-02
9.150300e-03
3.621173e-02
-1.298005e-02
2.570719e-02
2.981233e-02
3.475564e-02
2.187999e-02
6.580843e-02
-6.437620e-02
-8.042724e-02
-9.573250e-02
-8.708462e-02
-3.801872e-03
-5.987502e-02
-6.071595e-02
-5.046020e-02
-3.761134e-02
3.434649e-02
-3.694341e-02
-2.492462e-02
-5.824785e-02
-1.706994e-02
-2.776575e-02
-5.838478e-02
-6.991332e-02
-9.738537e-02
-1.766031e-02
4.273027e-03
1.259865e-02
-1.336362e-02
-2.249666e-02
-7.773675e-03
-4.970041e-02
-1.043455e-02
3.233093e-03
-4.646176e-02
-4.626951e-02
-7.878137e-02
1.109794e-01
-8.468720e-02
-1.924865e-02
-2.615755e-03
-7.270042e-02
-4.116981e-02
-3.239256e-02
-4.500018e-03
1.501061e-02
-6.840379e-02
-5.085573e-02
-2.528390e-02
-7.654064e-02
-5.542596e-02
-5.349972e-02
-1.797319e-02
4.718730e-02
-3.262342e-02
5.654100e-02
-8.362084e-02
-3.276622e-02
4.085907e-02
9.661591e-02
5.988894e-02
-2.768718e-03
4.746012e-02
1.233604e-02
-5.379161e-02
-4.101229e-02
-6.464297e-02
-1.025895e-01
-1.077131e-01
-1.274066e-01
5.269803e-02
4.420894e-02
1.695838e-02
4.915433e-02
4.612016e-02
2.191764e-02
3.435361e-02
4.831412e-02
2.715894e-02
3.335671e-02
-8.511157e-03
-5.927518e-02
2.005674e-02
-4.835565e-02
-6.014571e-02
7.757834e-02
2.003870e-02
-4.288961e-03
-8.059129e-03
2.196391e-02
-4.447262e-02
-1.002214e-01
-9.602800e-02
-7.680623e-02
-7.087036e-02
-7.300030e-02
-5.050093e-02
-4.809844e-02
-9.253958e-02
-1.874472e-02
4.746250e-02
3.337567e-02
6.219374e-02
4.636051e-02
5.052607e-02
8.059933e-02
2.007541e-03
-2.097984e-03
-1.547479e-03
4.977101e-04
1.682983e-03
2.229241e-03
-2.356135e-03
-1.191538e-03
-1.182379e-03
-1.097061e-01
-8.822471e-02
-1.505669e-01
-1.308409e-01
-7.112692e-02
-1.108830e-01
-7.221696e-02
-3.388726e-03
3.034415e-02
5.257244e-02
2.404349e-02
2.748483e-02
1.208811e-01
1.279997e-01
4.676775e-02
5.536886e-02
4.352443e-02
1.047330e-02
-3.656097e-02
-1.414979e-03
1.086875e-01
-1.983636e-02
-2.527311e-02
-1.543893e-02
6.188590e-02
2.343731e-02
-4.127321e-02
-3.096542e-02
-4.214656e-02
-5.644858e-02
-3.088446e-02
-3.070456e-02
-3.076765e-02
-1.471593e-03
-1.738793e-02
-2.805212e-02
-6.768977e-03
-8.847053e-02
-6.016673e-02
-2.129757e-02
-5.655539e-02
-6.453072e-02
2.475653e-02
-2.892447e-02
-2.901951e-02
-6.420507e-02
-8.101723e-02
-3.088516e-02
-7.390383e-02
-8.060118e-02
-4.502520e-02
-5.921204e-02
-3.584240e-02
-3.754170e-02
8.204624e-02
9.839318e-02
5.779814e-03
4.852374e-02
6.947608e-02
2.353053e-03
2.641669e-02
6.674491e-02
3.411934e-02
-5.483246e-02
1.737919e-01
2.440730e-02
6.946800e-02
1.555131e-01
4.326158e-02
4.091282e-02
6.478822e-02
-1.977410e-02
4.419327e-02
-4.245979e-03
-4.278646e-02
3.959285e-02
1.955392e-02
-2.791744e-02
4.383527e-02
4.295390e-02
2.174840e-02
9.585587e-02
1.581755e-01
4.896982e-02
5.978558e-03
2.665289e-02
3.848828e-02
2.794503e-02
-8.899438e-03
3.242230e-02
1.275917e-04
-1.458493e-03
-8.498458e-04
9.744912e-04
1.302288e-03
-1.080717e-03
1.129019e-04
-8.951592e-05
-4.350006e-03
1.143485e-04
-3.234623e-03
-1.297272e-03
-2.960432e-04
6.685357e-04
-5.860458e-04
-2.699352e-03
1.829277e-03
-9.492525e-04
2.491141e-04
1.926989e-03
6.806778e-04
8.985139e-04
-1.778002e-03
2.376000e-03
1.609808e-03
-8.969117e-04
-9.730474e-04
1.005881e-03
-1.812025e-03
1.133747e-03
1.493716e-03
-1.836538e-03
-1.996472e-03
2.319992e-03
-3.403400e-04
3.344299e-03
1.194705e-03
-8.355317e-04
6.862734e-04
-3.504320e-03
3.882542e-03
6.966670e-04
-2.317679e-03
1.473138e-03
4.572708e-03
2.881923e-03
-8.339367e-04
-2.127933e-03
-1.251149e-03
-2.114024e-03
-1.309726e-03
-3.048779e-03
-1.507871e-03
3.536765e-04
2.744325e-04
-2.083455e-04
-9.708048e-05
-1.991319e-03
1.229884e-03
1.810444e-03
-2.730309e-04
1.133566e-04
1.354959e-04
-1.947971e-03
1.664203e-03
2.041062e-03
1.953184e-03
-1.197637e-03
5.135353e-04
7.023064e-05
1.526370e-03
-4.226801e-03
-1.893652e-03
-1.111333e-03
-2.745370e-03
6.139239e-04
1.875633e-03
-5.339838e-05
-2.516922e-03
-1.486585e-03
-3.889291e-03
-1.810015e-03
-6.615407e-04
7.980280e-04
5.709176e-04
1.590927e-03
2.313502e-05
-2.931952e-03
-1.222237e-03
1.322420e-03
-5.542152e-04
-2.680060e-03
7.608272e-04
4.709732e-03
-2.117389e-04
1.665630e-03
1.088835e-03
-9.686743e-04
-2.339483e-03
-2.560875e-03
2.400854e-03
8.410088e-04
2.514368e-03
-9.346625e-04
-8.311482e-04
-1.550084e-03
2.286921e-03
1.825534e-03
-1.418494e-03
7.133296e-05
4.442572e-04
-5.107266e-05
-2.425441e-03
-4.036499e-04
-1.381255e-03
-3.421303e-04
-4.779636e-04
-4.343811e-04
1.030927e-04
-2.046520e-03
3.088016e-03
-7.676184e-04
-2.475396e-03
-6.608198e-04
9.938467e-04
-4.613741e-04
5.337998e-04
-1.524598e-03
-5.781201e-04
-1.079013e-03
-2.222501e-03
-2.130455e-04
2.185018e-03
1.070504e-05
2.350731e-03
2.333485e-03
2.405215e-03
1.607464e-03
-2.285363e-03
-2.892136e-03
1.023210e-03
-1.001908e-03
3.657394e-04
-2.987803e-03
2.723375e-02
4.390035e-02
2.824543e-02
2.135230e-03
2.037900e-02
8.279056e-03
-7.035412e-02
-5.218585e-03
1.300567e-02
-4.448361e-02
-2.496374e-02
-6.918115e-02
-5.424154e-02
2.797204e-02
-6.409693e-02
-3.924200e-02
4.663660e-02
-8.599436e-02
-8.529934e-02
-1.638664e-01
-8.088268e-02
1.948436e-02
-5.351759e-02
-3.981474e-02
9.248306e-02
5.166005e-02
9.421288e-02
4.071568e-02
2.026638e-02
5.097124e-02
-3.712635e-02
-6.638524e-02
1.561807e-02
-4.541960e-02
4.747370e-02
-1.355174e-02
1.282868e-01
2.475728e-01
-7.271224e-02
2.699940e-01
4.518888e-01
9.108128e-02
6.497315e-02
1.752747e-01
4.376921e-02
1.763168e-03
4.504256e-04
5.905612e-04
-4.228660e-04
-7.630653e-05
1.554944e-04
2.200049e-03
-1.491623e-03
-7.361233e-04
-3.537841e-03
-9.432870e-02
-1.109837e-01
-4.155497e-03
2.776679e-03
-2.349358e-02
-1.174120e-02
-1.389499e-01
4.511384e-02
-5.514855e-02
1.664770e-01
-5.792443e-03
8.452866e-02
2.165841e-01
4.462626e-02
-1.298259e-01
-8.850983e-02
-8.247215e-02
6.574556e-03
-3.774680e-03
-5.860197e-02
1.061753e-01
5.681222e-02
-2.910536e-02
-7.456886e-02
7.033196e-02
4.056382e-02
-7.296824e-02
-1.007722e-01
-7.522707e-02
2.155521e-03
-4.645396e-03
-1.816598e-02
-1.532835e-02
-1.993004e-02
-6.049218e-03
-6.713507e-02
-2.023096e-02
-4.623573e-02
6.264679e-03
3.588301e-02
-6.239284e-02
-2.993629e-02
-6.839961e-02
-7.469934e-02
-6.524487e-02
-7.932612e-02
-1.065344e-01
-3.034103e-02
5.816928e-02
-6.435873e-02
-7.231682e-02
-2.298083e-02
-9.490713e-02
1.483580e-02
9.779044e-02
5.988244e-02
-9.231547e-03
6.070446e-02
5.541733e-02
1.065260e-02
7.595729e-02
3.380791e-02
8.130819e-02
-1.131566e-01
1.272171e-01
1.998651e-01
-1.234819e-01
2.029144e-01
-3.323330e-02
-1.134980e-01
2.951411e-02
-1.161570e-02
1.686917e-01
-3.832537e-02
-2.134880e-02
2.067810e-01
3.555432e-03
-3.268667e-02
1.493589e-01
-8.065155e-02
7.948885e-02
3.760995e-02
2.576251e-02
-5.047284e-02
-1.422456e-01
-1.834813e-03
3.492190e-02
8.448991e-03
2.093762e-02
3.087283e-02
1.364511e-01
1.243534e-01
4.838180e-02
1.456648e-01
1.034048e-01
3.982927e-03
2.158248e-02
-8.586363e-03
3.709397e-03
-1.065061e-02
1.948868e-02
-3.679767e-02
1.110436e-02
1.960893e-02
6.150225e-03
7.126163e-03
2.593740e-02
-6.176700e-03
9.417006e-02
-7.183916e-02
-8.306809e-03
6.018180e-02
3.394377e-02
-6.897142e-02
4.261715e-02
6.172526e-02
7.623558e-02
2.757525e-01
1.439181e-01
1.445910e-01
2.482949e-01
1.598917e-01
4.260766e-02
8.863997e-02
7.461548e-02
1.180615e-01
1.445917e-01
1.167908e-01
8.577732e-02
1.476693e-01
6.865705e-02
3.158174e-02
9.074020e-02
-1.254572e-03
5.229884e-04
1.362647e-03
3.485520e-03
2.520952e-03
-5.725992e-04
1.977658e-03
2.226148e-03
-3.826842e-04
1.142632e-03
-1.650622e-01
-1.743593e-01
-8.027561e-02
-1.133026e-01
-1.133728e-01
-8.545284e-02
6.600836e-02
3.016258e-02
-2.613486e-02
-2.980026e-02
-2.203386e-02
2.143998e-02
-4.426713e-02
-2.917262e-02
7.345140e-03
-4.630798e-02
1.268016e-02
-1.015750e-02
-3.963871e-02
-8.251616e-02
1.562145e-02
-2.700849e-02
-1.093804e-01
-1.287264e-02
-7.031150e-02
-7.555912e-02
-1.437884e-01
-7.807782e-02
-2.706099e-02
-1.615700e-02
-3.868168e-02
-6.636443e-03
-3.471129e-03
-1.401495e-02
-4.024007e-02
8.404905e-03
-2.314716e-02
-4.571780e-02
-6.594662e-02
-2.897367e-02
-5.533259e-03
-1.684037e-02
8.017151e-03
-2.800333e-02
-3.898834e-02
-1.782411e-01
-7.532099e-02
-1.328871e-01
-1.346043e-01
-1.465779e-01
-1.076132e-01
-6.595007e-02
-6.141232e-02
-9.277071e-02
3.402070e-02
2.643489e-03
7.430612e-03
8.992893e-02
1.551030e-02
-1.426341e-02
3.143305e-02
8.778646e-03
1.086077e-03
-5.506894e-02
4.467627e-02
-4.178259e-02
2.460407e-02
1.464064e-01
1.422912e-02
-3.524759e-02
1.075683e-01
-3.309584e-02
1.770561e-02
4.394095e-02
4.396404e-02
2.984065e-02
3.330570e-02
5.098606e-02
-8.839781e-04
2.292641e-02
3.726279e-02
-6.774012e-02
2.249358e-02
-1.071460e-01
5.394415e-03
7.742725e-02
-2.999184e-02
-1.248613e-01
5.117903e-02
4.457762e-02
-7.287419e-02
-1.027902e-01
-1.012955e-01
1.706607e-02
-1.409469e-02
-3.607031e-02
3.717724e-02
2.526557e-02
8.658022e-04
2.082314e-03
4.422308e-02
4.343487e-02
2.190191e-02
3.721077e-02
9.739364e-03
4.894955e-02
4.781360e-02
1.072502e-02
1.404617e-01
1.528343e-01
8.424915e-02
1.579192e-01
1.330454e-01
7.228155e-02
7.656098e-02
7.337102e-02
4.516443e-02
1.136667e-01
6.942219e-02
7.723536e-02
1.721931e-01
1.771904e-01
1.392820e-01
1.100229e-01
1.028881e-01
9.880016e-02
5.686443e-02
5.390107e-02
4.282577e-02
9.764114e-02
5.140361e-02
6.911798e-02
4.988194e-02
3.288088e-02
3.400209e-02
2.067737e-03
1.542488e-03
-2.386125e-03
-3.937691e-04
5.599440e-04
1.202913e-03
-4.729725e-04
7.458040e-04
8.597376e-04
7.937757e-02
1.180587e-01
1.440853e-01
1.915675e-01
1.281738e-01
6.821245e-02
1.014043e-01
6.808936e-02
-3.634086e-02
-4.817588e-02
-3.793434e-02
-5.365044e-02
-1.200949e-01
-1.079553e-01
-6.470674e-02
2.415868e-02
3.483800e-02
1.481107e-02
2.530671e-02
1.396513e-02
-3.273957e-03
-2.873818e-02
1.335002e-02
3.395138e-02
-6.937261e-02
2.166079e-02
5.974423e-02
9.674187e-02
1.025430e-01
8.277488e-02
1.201603e-01
9.438735e-02
4.940317e-02
2.356697e-02
1.881587e-02
-1.086065e-02
1.002919e-01
1.700166e-01
8.049400e-02
7.564633e-02
1.217575e-01
8.937522e-02
6.562983e-02
1.151055e-01
7.659419e-02
-4.974905e-02
-4.546377e-02
-1.074651e-01
8.772793e-03
2.316678e-02
5.456141e-02
1.282009e-02
3.799913e-02
4.606299e-02
-5.413335e-02
-3.660329e-02
-2.776931e-02
-2.167981e-02
1.484947e-03
-2.618283e-03
4.264566e-02
2.078134e-02
1.308843e-02
-1.316099e-02
-3.372584e-02
-5.519221e-02
-1.185642e-01
-1.645389e-01
-7.442110e-02
-2.724668e-02
-8.896167e-02
-8.089030e-02
4.416522e-02
1.136839e-02
2.302977e-02
2.794934e-02
5.149966e-03
5.388864e-03
1.173896e-02
-1.646909e-02
-2.143749e-02
-1.245101e-01
-9.870098e-02
-1.696319e-02
5.034102e-02
6.411132e-02
1.403067e-02
-5.130387e-02
-2.807788e-02
4.124880e-03
9.663600e-02
6.655661e-02
4.461806e-02
6.799134e-02
3.209512e-02
-1.413565e-02
5.915189e-02
-2.672092e-03
-5.368803e-02
-1.655287e-02
-8.447261e-03
7.321904e-03
-2.413701e-02
-1.343272e-03
-1.553802e-03
-5.052664e-02
4.355754e-03
-2.639799e-03
-2.419793e-02
-8.990908e-02
-6.970632e-02
7.488010e-03
-7.324647e-02
-3.218050e-02
-4.880039e-02
-7.095090e-02
-3.826539e-03
-1.073003e-01
-9.035843e-02
2.323607e-02
-1.205166e-01
-8.033887e-02
1.866041e-02
-4.792967e-02
-3.167400e-02
6.234833e-02
9.974412e-03
4.771182e-03
1.825807e-02
1.020865e-01
1.045619e-01
8.866596e-02
-7.467835e-02
-5.683476e-02
-7.941497e-02
-9.467573e-04
-1.833887e-04
8.215278e-04
-1.604822e-03
3.374137e-04
-2.072836e-03
3.192470e-04
-2.119928e-03
-1.830312e-03
-1.289944e-01
-1.388626e-01
-6.986213e-02
-2.016467e-01
-1.801236e-01
3.297338e-02
-1.594387e-01
-4.960868e-02
7.051434e-02
1.679110e-02
3.654320e-02
-4.027928e-02
2.664478e-02
7.280165e-02
1.098657e-02
1.903635e-02
2.671112e-02
1.362120e-02
1.176885e-02
2.841736e-03
-4.299096e-02
1.745209e-02
-7.358304e-04
-4.316780e-02
-5.116105e-03
-3.072688e-02
-2.900129e-02
-3.045769e-02
-6.850993e-02
-7.169261e-02
1.125148e-03
-3.561597e-02
-3.453112e-02
9.925863e-03
-2.039467e-02
-5.960083e-02
-4.668119e-02
-5.769720e-02
-9.067337e-02
-3.679374e-02
-4.975392e-02
-6.276114e-02
-4.991963e-02
-1.630575e-02
-6.063779e-02
-4.587775e-02
-3.907460e-02
-2.129231e-02
7.889609e-02
4.278882e-02
1.667204e-02
4.834741e-02
5.909529e-02
5.798791e-02
2.265179e-02
1.849348e-02
1.057120e-02
-1.539046e-02
-2.214119e-02
-1.083277e-02
2.723995e-03
-1.550637e-02
-7.170944e-03
1.431016e-01
6.492417e-02
9.581228e-02
1.341343e-01
5.527885e-02
1.139299e-02
5.212443e-02
-3.783705e-02
-4.442193e-02
1.140473e-02
4.419320e-03
5.372958e-03
1.545932e-02
4.436633e-03
6.499310e-03
-3.939933e-03
-2.606639e-03
8.970735e-03
4.907290e-02
7.190092e-02
1.306442e-01
-6.841164e-03
2.486951e-02
8.659340e-02
6.263167e-03
-4.518325e-03
5.275929e-02
-7.267201e-03
-1.617156e-02
-6.680264e-03
-2.766271e-02
-2.433500e-02
-2.320871e-02
-3.561473e-02
-4.143166e-02
-4.381081e-02
-2.092007e-02
-1.981454e-02
-1.664421e-02
-1.143741e-02
4.821252e-03
-1.922027e-02
1.240734e-03
-1.533420e-02
-3.320564e-02
8.608848e-02
5.481905e-02
-2.370951e-02
1.171800e-01
9.488369e-02
2.570715e-02
8.742461e-02
8.629286e-02
5.002801e-02
1.247916e-01
1.050675e-01
7.808655e-02
9.851298e-02
9.639519e-02
5.059820e-02
7.333928e-04
3.043593e-02
-1.127804e-02
1.644796e-02
1.474119e-02
3.434646e-02
3.952175e-02
2.635172e-02
3.721963e-02
6.198765e-02
6.150068e-02
8.722241e-02
-1.544841e-04
2.240703e-03
-8.571685e-04
5.758908e-04
-4.097627e-04
1.695474e-03
-1.487602e-05
-1.800272e-03
-1.610868e-04
1.216119e-01
9.606726e-02
-4.015999e-03
1.233078e-01
7.337452e-02
4.468842e-02
8.583818e-02
2.140224e-03
-7.450855e-03
1.408035e-02
-1.102886e-02
-2.429010e-02
2.687783e-02
3.427680e-02
7.418621e-02
7.451613e-02
1.114080e-01
1.484492e-01
2.095432e-02
3.892321e-02
2.726286e-02
-3.735358e-02
2.481899e-02
4.693925e-02
-5.011911e-02
1.575763e-02
4.422130e-02
7.024627e-02
7.993734e-02
5.410044e-02
7.769389e-02
9.040064e-02
8.605295e-02
6.980890e-02
1.082987e-01
1.104746e-01
2.983432e-02
4.689717e-02
-8.043209e-03
5.324447e-03
3.107143e-02
-1.185676e-02
-4.293187e-03
2.108802e-02
-1.255619e-02
-6.926851e-02
-5.386214e-02
-7.993697e-02
-6.388293e-02
-5.459227e-02
-8.307195e-02
-3.124083e-02
-4.376042e-02
-1.015794e-01
-1.895199e-02
-2.025418e-02
8.848920e-03
1.009839e-02
-8.274482e-03
6.036488e-03
1.612752e-02
-9.921516e-03
1.942556e-03
3.110548e-02
2.110029e-04
-3.610009e-02
1.569237e-02
1.389471e-02
3.452052e-02
3.976982e-02
3.306522e-03
-2.487040e-03
-8.910631e-03
-2.624960e-03
2.293978e-02
-3.096325e-03
5.136443e-03
1.093214e-02
-8.776909e-03
7.167782e-03
2.619607e-02
-1.874654e-02
-3.386406e-03
1.661490e-02
7.672210e-02
7.747590e-02
6.892762e-02
-1.231103e-02
2.365525e-02
2.046865e-02
-9.010480e-02
-6.018981e-02
-5.344189e-02
-1.182631e-01
-5.167314e-02
-5.338728e-02
-1.200394e-01
-8.113663e-02
-8.300883e-02
3.582615e-02
1.836281e-02
5.346881e-02
5.044074e-02
-1.974981e-03
2.029785e-02
3.419824e-02
3.038885e-02
7.458527e-02
4.979615e-02
-1.841246e-02
-3.636764e-02
-5.049168e-02
-7.524507e-02
-7.082777e-02
3.572726e-02
-1.830481e-02
2.834773e-02
4.876964e-02
1.175182e-03
-3.456157e-02
-1.404655e-01
-1.013986e-01
-1.419102e-01
-4.562925e-02
-9.343101e-02
-9.053036e-02
6.200475e-02
8.557303e-03
-4.390706e-02
4.469635e-02
-4.848437e-02
-4.110061e-03
3.255427e-04
-5.329717e-02
-5.816796e-03
-3.410953e-03
2.815418e-03
-1.853532e-03
5.399766e-04
-5.315609e-04
1.505855e-04
2.487675e-04
-1.157825e-03
2.462401e-03
7.711991e-02
3.384113e-02
7.474815e-02
-6.831525e-03
-1.612384e-01
-4.647373e-02
-1.209565e-01
-1.012425e-01
-7.691765e-02
1.121533e-01
6.726189e-02
1.210780e-01
2.399467e-02
-2.994349e-02
1.781953e-03
-3.415297e-02
-6.278647e-02
-4.451934e-02
3.932798e-02
-1.073487e-02
-1.010615e-02
-4.717411e-02
-3.132092e-02
1.438687e-02
8.758461e-02
-5.557883e-03
-1.578814e-03
-8.199161e-02
-8.809955e-02
-6.159181e-02
-1.230073e-01
-1.549718e-01
-1.253634e-01
-1.236099e-01
-1.389514e-01
-1.195757e-01
-2.092177e-02
-4.805134e-02
-4.914763e-02
-1.138998e-01
-2.088276e-01
-1.412890e-01
-6.873443e-02
-9.384900e-02
-8.919503e-02
-5.872397e-02
5.327485e-02
-1.358144e-03
-5.167130e-02
-5.627493e-02
-5.880005e-02
-5.573212e-03
3.936172e-04
1.414861e-02
3.019529e-02
-6.850319e-03
-2.729536e-02
2.906551e-02
1.946172e-02
-2.474249e-02
3.038958e-02
-1.103549e-02
-4.681200e-02
-1.710241e-01
-1.256755e-01
-1.172715e-01
-4.863217e-02
7.582981e-02
-5.654373e-03
9.564588e-02
1.964980e-01
4.236829e-02
7.684750e-02
3.654705e-02
3.317831e-02
6.659488e-02
-7.712054e-03
-9.831144e-03
7.790212e-02
-2.740644e-02
-2.848177e-02
-4.510396e-02
-1.163296e-01
-4.024056e-02
-4.932085e-02
2.329417e-02
3.176822e-03
-2.109683e-02
-3.066169e-02
1.511794e-02
4.213934e-02
4.765988e-02
2.103510e-02
2.997411e-02
3.916874e-02
1.567650e-02
-2.269824e-03
-2.799594e-03
-8.643176e-03
3.461422e-02
2.721575e-02
3.494599e-02
1.188540e-02
-6.947343e-03
3.113342e-02
4.137511e-03
-1.075293e-02
1.618652e-02
-4.340038e-02
-1.975035e-02
-4.176792e-02
-3.284648e-02
-2.169898e-02
-5.336159e-02
2.185413e-02
2.204640e-02
-5.769543e-03
6.867608e-02
1.138937e-01
1.126626e-01
7.517236e-02
1.675309e-01
1.197516e-02
-2.175059e-02
-1.040488e-02
-7.451313e-02
-5.237288e-02
-6.464932e-03
-1.927043e-02
-6.567340e-02
-5.221916e-02
3.930264e-02
8.793436e-02
1.077367e-01
1.236402e-01
1.036897e-03
-2.636316e-03
1.717915e-04
-2.171356e-03
3.356553e-03
-3.341143e-03
1.775045e-03
4.683361e-04
1.009269e-03
1.240773e-02
2.111719e-02
1.141176e-01
-8.853202e-03
-2.316722e-02
3.721780e-02
-7.848912e-03
1.697284e-02
-1.105196e-01
-4.331123e-03
-1.340956e-02
1.972497e-02
4.005035e-02
-1.446297e-02
7.258356e-02
9.655472e-02
7.571053e-02
3.290624e-02
3.436303e-02
2.675992e-02
8.145618e-02
1.311603e-02
9.030609e-03
1.567423e-01
7.618799e-02
-2.377771e-03
6.516705e-02
-3.966478e-02
-7.325185e-03
2.214758e-02
3.065907e-02
2.516150e-02
4.454144e-03
3.933783e-02
4.572658e-02
6.602393e-04
4.662238e-02
4.043170e-03
-4.875435e-03
1.542789e-02
-2.293459e-02
2.141275e-02
1.822954e-02
-1.900407e-03
-5.414971e-03
-5.499319e-02
-1.474669e-02
-1.170954e-01
-1.637647e-01
-2.096935e-01
-1.330653e-01
-5.117888e-02
-5.317386e-02
-1.475449e-02
-1.747450e-02
-3.419020e-02
-3.524993e-02
-7.214954e-03
-2.151493e-02
-1.797215e-02
-1.910710e-02
-2.463445e-02
1.467880e-02
-6.455423e-03
-1.288716e-02
8.988804e-03
-8.442364e-02
9.763906e-02
1.319007e-02
-6.416608e-03
3.560029e-02
-8.053708e-02
-5.605737e-02
-3.720317e-02
-3.393509e-02
-4.574291e-02
-4.160488e-02
3.810647e-03
-1.967726e-02
4.126366e-04
5.565422e-02
-6.363501e-02
-1.023520e-01
1.494075e-02
9.556481e-02
1.076682e-01
-6.166473e-02
-2.895894e-02
-3.671151e-02
-4.578766e-02
-1.298850e-01
-6.488255e-02
5.648607e-02
-1.615961e-01
-4.342434e-02
9.948082e-02
-1.035143e-01
-2.143580e-02
7.945443e-02
-3.636762e-02
-6.282791e-02
-9.171966e-02
-3.768681e-02
-6.828050e-02
-8.892146e-03
-8.599586e-02
-4.743226e-02
3.741005e-02
-1.102628e-02
-2.338285e-02
-2.070916e-02
3.322924e-02
2.621901e-03
-5.329464e-03
-2.854493e-02
-4.444382e-02
-3.904355e-02
-1.315029e-01
-9.249200e-02
3.389352e-02
-1.523166e-01
-5.339078e-02
9.434375e-02
-7.616215e-04
-1.182211e-01
3.594719e-02
3.052581e-03
-5.222988e-02
-7.200234e-02
1.493117e-01
1.193188e-02
-1.077241e-01
1.467947e-01
1.883719e-01
-2.643446e-02
-2.956592e-04
-3.037801e-03
1.808491e-03
-9.850791e-04
9.450751e-04
1.673969e-03
8.621578e-04
2.340898e-03
-1.179507e-03
-4.517237e-02
-1.164724e-02
-5.493094e-03
9.900771e-02
-6.852923e-02
-1.469064e-02
-5.662675e-02
8.618474e-02
6.085270e-02
1.610705e-02
-3.738238e-02
-1.875580e-01
3.022539e-02
-6.175098e-03
-1.529619e-01
-1.830158e-02
5.354468e-02
-1.041274e-01
-1.360998e-01
-1.320512e-01
-1.078450e-01
-1.749995e-01
-2.596643e-01
-2.667032e-01
-7.075415e-02
-1.155346e-01
-2.969307e-01
-6.038957e-02
-2.015448e-02
-1.895238e-02
1.578730e-02
-2.866379e-02
-2.582431e-02
2.499743e-04
2.487868e-02
-3.226618e-02
-5.835238e-02
9.781390e-02
-1.459585e-02
3.325546e-03
8.416750e-03
-4.338162e-03
-3.558417e-02
5.601580e-02
-1.695561e-02
-3.175581e-02
4.455626e-02
2.026232e-01
-6.792965e-03
-1.954648e-01
-7.851317e-02
2.763409e-02
-2.607361e-02
-4.635453e-02
9.076723e-02
3.005698e-02
-2.839551e-02
3.667397e-02
6.769643e-02
1.175858e-02
4.468233e-02
2.212726e-02
1.096166e-02
1.132766e-02
-3.176735e-02
6.984332e-02
-7.401674e-02
-2.904215e-02
1.172320e-01
-2.413489e-02
-1.343836e-01
1.517653e-01
2.324313e-02
-2.067983e-02
-3.860298e-02
5.038907e-02
1.996847e-02
-4.745651e-02
3.841560e-02
6.317391e-02
1.502257e-02
3.077706e-02
-6.952021e-02
1.189048e-02
-1.229054e-01
1.321683e-01
6.402131e-02
-1.068730e-02
-1.411930e-01
3.489629e-02
-3.623191e-03
2.317969e-02
4.836589e-02
-1.487849e-03
6.418870e-03
3.113818e-02
-1.897966e-02
-9.173292e-03
6.180267e-03
2.450819e-02
-3.402395e-03
-1.819643e-02
2.467611e-03
1.249532e-02
-9.871439e-05
2.738078e-02
7.252557e-03
8.891418e-03
2.856084e-02
6.596747e-02
-3.557329e-02
5.240908e-03
3.824562e-02
2.502623e-03
-2.052344e-02
6.465778e-03
1.344733e-02
-1.827901e-02
3.932846e-02
3.025581e-02
-1.504585e-02
-1.469592e-02
1.247099e-02
-4.107398e-02
-2.570339e-03
2.604889e-02
2.385940e-02
-5.548996e-03
-1.448610e-02
6.738104e-03
-1.829018e-02
1.986817e-03
1.353478e-02
-9.746288e-03
5.947683e-03
-3.142278e-03
1.810790e-03
-8.607272e-04
-1.122300e-03
5.444965e-04
4.027986e-03
5.722094e-04
-1.245688e-03
4.358906e-04
-3.638513e-02
-2.232667e-02
-2.211450e-03
-7.737269e-02
-5.277025e-02
-4.292854e-02
2.033023e-02
-7.762562e-02
-3.545099e-02
2.994923e-02
-1.871994e-03
1.577117e-02
1.192090e-03
-2.507129e-02
-9.450852e-03
-2.341225e-02
-6.188786e-02
-5.474760e-02
2.472706e-02
-1.708565e-02
-3.643334e-02
-5.520352e-03
-1.443205e-02
-2.329951e-02
-3.293343e-02
-2.283362e-02
-6.177376e-03
-2.464223e-02
-1.869211e-02
-2.572999e-02
-3.708762e-02
-2.265694e-02
-2.119729e-02
-2.668695e-02
-2.585717e-02
-8.958885e-03
2.051647e-02
-2.766463e-04
-3.557459e-02
9.161072e-03
3.294009e-02
-1.773579e-02
-1.066064e-02
-1.082264e-02
-9.466253e-03
-1.132555e-02
-3.057414e-02
-2.190329e-02
-3.985372e-02
-2.419755e-02
-3.693357e-03
-1.620691e-02
5.240714e-03
2.919086e-02
1.051269e-02
1.251845e-02
6.941606e-03
2.701820e-02
4.945458e-03
-6.138456e-03
1.738783e-02
2.648891e-02
8.440950e-04
-4.756829e-02
6.133274e-02
5.971225e-02
-8.896682e-04
5.496247e-02
7.227665e-02
-1.618201e-02
-8.849818e-03
4.272651e-02
2.478962e-02
-2.159204e-02
-1.454218e-03
2.783024e-02
-5.977219e-03
-4.734028e-04
1.569747e-02
-4.018105e-03
-1.977568e-03
3.105316e-03
6.564090e-02
4.327846e-02
1.177649e-03
-6.089178e-03
1.624454e-02
-2.132499e-03
1.235378e-02
1.872228e-02
1.157171e-02
3.968260e-02
5.726549e-02
2.601788e-02
5.326588e-02
8.232573e-02
4.811649e-02
5.530849e-02
6.812142e-02
-1.447419e-02
-1.378382e-02
2.111134e-03
2.807313e-03
-5.140338e-03
3.273872e-04
1.709533e-02
1.084880e-02
2.406323e-03
1.653346e-02
8.044430e-03
-3.634038e-03
-2.460865e-03
-4.342650e-03
-7.912305e-03
-4.005773e-02
-2.476260e-02
-3.430884e-03
-6.848659e-02
-2.593645e-02
-5.681298e-02
-5.151042e-02
-2.997250e-03
-4.118574e-02
-2.527963e-02
-5.741763e-02
-3.970904e-02
5.820805e-03
-2.971503e-03
-2.242270e-02
1.464031e-02
-6.637616e-03
1.850734e-02
-1.110628e-02
-1.429858e-02
-1.985367e-02
2.595585e-03
-2.038801e-03
-6.247282e-04
-5.883839e-04
7.714679e-04
1.104859e-05
-1.276980e-03
1.415554e-03
-8.892407e-04
-2.155073e-02
1.228598e-02
4.469093e-02
-1.179713e-03
-3.458951e-05
4.020984e-02
-5.175382e-02
7.523949e-03
6.232744e-04
-6.602287e-02
-8.448025e-02
-5.099774e-02
-6.653897e-02
-5.300763e-02
-3.537277e-02
-4.284002e-02
-4.606541e-03
-1.723021e-02
-5.614628e-02
-1.293693e-02
1.379730e-02
-5.984581e-02
-1.141702e-02
3.286541e-02
-5.477776e-02
2.017046e-03
1.044947e-02
-3.449405e-02
8.147115e-03
-2.735984e-03
-1.646343e-02
1.763992e-03
-2.073713e-03
-2.167800e-02
-1.169507e-03
-8.214299e-03
1.958372e-02
1.832757e-02
-1.114927e-02
4.030930e-02
1.224687e-02
2.842934e-03
2.164464e-02
3.667105e-02
1.656914e-02
2.582954e-02
4.931315e-02
1.809646e-02
4.184387e-02
-3.436305e-03
9.066709e-04
2.834277e-02
3.304150e-02
3.530839e-02
2.130700e-02
5.727051e-03
7.692656e-03
1.490513e-02
7.122215e-03
3.942399e-03
1.270238e-02
-2.397319e-03
-2.940990e-03
-1.018269e-02
-4.903945e-03
-2.515067e-02
-1.387908e-02
5.075821e-02
6.469147e-03
2.173113e-02
-1.882339e-02
1.071984e-02
4.618137e-04
1.015304e-02
4.270660e-03
3.600317e-03
-5.941483e-04
-1.332799e-03
8.341112e-03
-1.055973e-02
-1.000832e-02
-4.135180e-03
-6.951494e-03
-1.390381e-02
-4.966525e-03
6.713788e-02
2.829306e-04
-1.280140e-02
-3.575280e-02
-7.076831e-03
9.621318e-02
6.546139e-02
2.457746e-02
9.320962e-02
6.597743e-02
-1.971192e-02
4.710557e-02
2.022451e-02
-4.262316e-02
-2.347739e-02
2.109937e-02
-1.662554e-02
-9.303327e-03
1.858876e-02
-3.426573e-02
-1.024325e-02
1.979836e-03
-3.598329e-02
2.875564e-02
1.669742e-02
-3.167174e-02
-2.124525e-02
-2.962851e-02
-3.333660e-02
-2.385040e-03
8.525080e-03
5.626076e-02
7.734760e-02
1.740751e-02
-2.232652e-02
-4.549253e-02
-1.089074e-01
-1.327549e-01
7.591172e-02
1.653488e-02
-1.951763e-02
-3.270502e-02
8.438187e-02
1.820752e-01
9.978059e-02
1.342685e-01
2.129690e-01
-1.245181e-01
-8.832088e-02
-3.401151e-02
3.130068e-03
3.776353e-04
1.532904e-03
2.074947e-03
1.066972e-03
1.718560e-03
2.607871e-04
1.476624e-03
7.646150e-04
-6.934384e-02
-7.628352e-02
-8.891261e-02
-1.733002e-02
-4.924558e-02
-6.901804e-02
2.930469e-02
9.684124e-02
1.792487e-02
-2.629458e-02
4.570479e-02
6.079437e-02
-5.016572e-02
3.691566e-02
4.491234e-02
-1.049392e-01
-9.979727e-03
5.872305e-02
1.012628e-01
1.881192e-01
1.268229e-01
2.465978e-02
1.354422e-01
7.366555e-02
2.432527e-02
1.510392e-01
5.505739e-02
1.522664e-02
4.165072e-02
4.756026e-02
-1.119412e-02
-7.258368e-03
-1.228441e-02
-4.493154e-02
-3.226344e-02
-5.250762e-02
1.897451e-02
1.914260e-02
-2.892043e-02
-3.692390e-02
-3.727194e-02
-4.419598e-02
-6.633244e-02
-7.302174e-02
-1.053913e-01
-6.967723e-02
-8.568780e-03
-2.082379e-02
6.074016e-02
1.315665e-01
1.523498e-01
6.271493e-02
7.898930e-02
-1.659075e-02
-2.400648e-02
3.068376e-02
2.255342e-02
-2.713761e-02
3.736463e-02
1.821887e-02
2.274813e-02
7.553431e-02
5.505969e-02
-2.308252e-02
-6.835753e-02
-1.660612e-01
6.025980e-02
1.181169e-01
-1.367823e-02
7.735166e-02
1.354162e-01
-2.532712e-02
2.595147e-02
5.025893e-02
2.225523e-02
3.528183e-02
4.492825e-02
5.259526e-04
-9.580526e-03
2.533808e-03
-3.303295e-02
-7.692172e-02
-7.119866e-02
-5.582070e-02
1.635211e-02
2.801946e-02
-6.629554e-03
-4.383360e-02
2.346018e-02
8.997308e-02
5.451810e-02
1.186221e-02
-4.246028e-02
6.304400e-02
7.358981e-03
-2.703943e-02
4.583056e-02
-1.344100e-02
-3.632209e-02
-1.980911e-03
4.319556e-02
5.174284e-02
2.300699e-02
3.722122e-02
3.459904e-02
3.337052e-02
3.065674e-02
2.890224e-02
-1.152722e-02
-2.509218e-02
-3.432290e-02
7.411309e-03
1.063076e-02
-3.215954e-03
-3.159851e-03
-3.896725e-03
-1.459055e-02
4.225717e-02
4.541589e-02
2.850187e-02
-4.319886e-02
-1.170760e-02
4.698534e-02
-4.527838e-02
-5.222472e-02
6.229045e-03
-2.620727e-02
-2.437963e-02
7.937241e-03
-4.983961e-02
-7.426643e-02
-5.579163e-02
-2.161130e-02
-3.322562e-02
-4.123321e-02
8.190307e-04
-2.239950e-03
-3.384548e-03
-2.613993e-04
1.305943e-03
2.464653e-03
2.403896e-04
4.973546e-04
1.833109e-03
-7.369522e-03
6.839254e-02
1.541682e-01
-3.164676e-02
1.268725e-02
6.628127e-02
-1.368822e-01
-1.205076e-01
-5.403336e-03
-5.567897e-03
-5.268798e-02
-3.744654e-02
1.556619e-02
-3.404937e-02
-7.388868e-02
1.801637e-02
4.540476e-02
-1.412650e-03
1.300176e-01
6.447992e-02
1.069540e-01
1.277323e-01
6.357883e-02
9.407350e-02
8.043522e-02
5.581668e-02
5.644093e-02
-5.820594e-02
-5.517999e-02
-8.390165e-03
-7.013526e-02
-7.200436e-02
-3.533953e-02
-7.860254e-02
-7.422851e-02
-1.120969e-02
1.152299e-02
-3.108041e-02
-9.322751e-03
3.590948e-02
-1.338989e-02
-2.350530e-02
3.290610e-02
3.943746e-02
3.700930e-02
-2.557659e-02
-5.985422e-03
7.727459e-03
7.405082e-03
-6.153291e-03
-3.314386e-03
-1.570086e-02
-1.687888e-03
3.805393e-02
-1.751116e-02
-9.349335e-03
-1.896272e-02
-5.037199e-02
-2.639230e-02
-2.228657e-02
-8.738706e-03
-9.684999e-03
-2.762629e-02
-5.396878e-02
1.853745e-02
-5.252510e-02
2.028960e-02
6.400061e-02
6.413560e-03
8.447044e-02
1.030367e-01
5.325789e-02
-4.180769e-03
-1.908092e-03
-2.968358e-02
1.507928e-03
-1.854601e-02
-4.356959e-02
8.495757e-03
-1.944595e-02
-4.468191e-02
-1.402058e-02
-3.097193e-02
-6.172670e-02
-6.350314e-03
6.031830e-02
6.632064e-02
1.642179e-02
-4.629004e-03
5.705840e-03
