2.167537e-02
1.861365e-03
-2.602236e-02
2.419752e-02
3.757495e-03
-4.226458e-03
-1.822943e-02
-3.061335e-02
-2.126217e-02
-1.085349e-02
-4.656347e-03
1.048858e-02
-8.980046e-02
-5.843901e-02
-3.120529e-03
1.108071e-02
-7.024660e-02
-1.160623e-01
-5.472967e-02
-4.176354e-02
-4.448404e-02
-1.753542e-01
-1.215031e-01
-1.466308e-01
-1.289760e-01
-1.967179e-01
-1.664831e-01
-2.285740e-02
-8.112264e-02
-3.329080e-02
-2.591021e-02
-5.993279e-02
-1.361281e-02
3.030814e-02
-1.003292e-01
-1.637431e-02
1.632928e-02
-1.215231e-01
-6.878085e-02
-1.066513e-01
-6.325070e-02
-4.674540e-02
-2.789873e-02
-1.235203e-01
-1.199625e-01
3.020706e-02
1.366041e-01
2.930823e-02
5.978538e-02
-8.259720e-03
-1.204670e-02
-7.814371e-02
-8.208432e-02
2.733178e-02
-3.311956e-02
-1.765978e-02
-2.769785e-03
-1.338411e-02
3.582972e-03
1.372480e-02
-4.777074e-02
-2.138239e-02
-1.887967e-02
-7.359252e-03
-6.593872e-02
-3.068839e-03
1.693076e-02
-8.945477e-03
7.877755e-02
1.001434e-01
6.144644e-02
5.112221e-02
-3.168660e-04
1.663929e-03
1.285974e-03
1.364995e-03
6.974333e-04
-5.420592e-04
2.049782e-03
-2.088690e-03
-1.127704e-03
-9.057227e-02
-1.998690e-02
4.725871e-03
-3.346141e-02
-1.728927e-02
7.188963e-03
-3.393279e-02
2.199081e-02
-5.544307e-02
-6.410793e-02
-9.797166e-02
-3.336089e-02
-1.296045e-01
-2.243399e-01
-1.332657e-02
-8.560147e-02
-1.230948e-01
-4.175279e-02
-1.150744e-02
-6.819317e-02
-6.522715e-02
1.345700e-01
2.126325e-01
1.662968e-01
8.071970e-02
2.196442e-01
2.249454e-01
-4.213530e-02
-5.413662e-02
-1.212944e-01
-5.708251e-02
-1.552588e-01
-9.786377e-02
-1.393050e-01
-1.160756e-01
-1.440682e-01
-1.966436e-02
-1.173183e-02
4.942756e-02
-5.060269e-02
-1.007149e-01
-6.802559e-02
-1.061332e-01
-2.194736e-01
-2.389762e-01
1.682103e-01
1.376112e-01
1.136220e-01
-3.200572e-02
-7.427321e-02
1.540206e-01
1.444095e-01
1.561394e-01
1.322384e-01
6.629864e-04
-1.723167e-03
9.064484e-04
1.399608e-04
-1.827669e-03
8.068980e-04
-1.274413e-03
-2.754657e-04
-3.724417e-04
-1.354559e-02
4.768110e-03
-2.594399e-02
4.401018e-02
3.506955e-02
2.874888e-02
3.133507e-02
1.814429e-02
2.561187e-02
-2.783223e-03
9.086945e-02
6.087254e-02
1.074785e-01
6.037450e-02
-2.710419e-02
2.941155e-03
-6.704661e-02
-3.650500e-03
3.375176e-02
1.430474e-04
9.693656e-04
-3.614299e-02
2.385987e-02
6.343045e-02
2.116601e-02
-8.466502e-03
-3.761116e-03
-4.824787e-03
-7.535678e-04
-5.165327e-02
-2.714479e-02
-1.555143e-02
-2.735756e-02
2.665883e-02
3.695135e-02
-2.372476e-02
1.110348e-01
7.168716e-02
5.494817e-02
9.655259e-02
-6.166228e-02
-1.048421e-01
6.553704e-02
4.272680e-02
7.491268e-02
-6.413956e-02
3.917251e-02
-7.881780e-02
-1.204739e-01
-8.602270e-02
2.928132e-02
-5.925515e-02
2.864684e-02
4.707656e-02
2.239540e-03
2.300733e-03
-1.468704e-02
1.461173e-02
2.937778e-02
1.216365e-02
3.321579e-03
1.329626e-02
4.814745e-03
3.305223e-02
5.611688e-03
-3.917295e-02
-4.396059e-02
-4.383192e-02
-1.983554e-02
-6.144711e-02
-4.189337e-02
1.042898e-02
-4.013375e-04
4.517355e-04
-1.877998e-04
-1.876182e-04
2.121297e-03
1.375802e-03
-6.761648e-04
-1.239830e-03
-1.835779e-03
-4.768302e-02
-1.096978e-02
-2.828935e-02
-7.810402e-02
6.094269e-02
6.826658e-02
-1.297541e-01
5.906492e-02
3.323639e-02
5.413694e-03
2.383022e-01
2.419830e-02
3.095632e-01
1.050760e-01
1.008074e-01
1.038466e-01
2.000116e-01
2.316367e-02
-1.228511e-02
-3.375907e-02
7.661350e-03
-7.866930e-02
-6.219524e-02
1.062775e-02
2.300832e-03
-4.461556e-02
-1.508605e-02
-7.362156e-02
-4.906094e-02
-6.889077e-02
1.343670e-02
-9.681702e-02
-1.322574e-02
2.037285e-02
-2.695019e-02
1.278871e-03
4.998033e-02
1.211173e-01
7.880057e-03
1.480590e-01
2.012528e-01
-1.069402e-01
5.282198e-02
-5.858573e-02
-8.318099e-02
6.566101e-03
-6.135580e-02
-1.893850e-02
-2.436442e-02
-1.292447e-01
-9.483615e-02
-5.001289e-02
-2.434842e-02
3.408093e-03
-1.067662e-03
4.311298e-04
-2.396785e-03
1.733832e-03
1.855862e-05
9.425508e-04
2.082791e-03
-7.360629e-04
-1.999320e-03
-9.222096e-03
-6.880346e-04
-1.848545e-02
2.248870e-03
5.366124e-04
-6.425707e-03
-7.934684e-03
-6.932740e-03
-1.074677e-02
6.972311e-03
-1.079224e-02
-3.291677e-02
-8.840913e-03
-7.528044e-03
-4.555840e-02
-1.345167e-02
-3.918371e-02
-3.098759e-02
-7.532695e-03
4.957737e-02
2.513234e-02
-2.166096e-02
1.097979e-02
-1.577475e-03
2.752772e-02
-1.197532e-02
-2.411520e-02
-2.463121e-02
2.358894e-02
1.614605e-02
-1.520105e-02
-2.161972e-02
6.047015e-03
3.226569e-02
7.431361e-03
-3.803107e-02
3.723392e-02
-4.747806e-02
1.618487e-02
3.385862e-02
4.172745e-02
-1.154179e-02
3.465893e-02
4.031652e-02
1.222328e-02
-8.812794e-02
5.835504e-03
5.319211e-02
-3.150905e-03
-7.590739e-02
8.481412e-03
4.763338e-02
1.710920e-02
-5.246404e-02
-6.021488e-03
-1.596691e-02
-2.234539e-02
3.364401e-04
-3.514844e-03
-1.216016e-02
-1.599725e-03
1.988275e-03
-2.455599e-03
-2.446501e-02
-3.489238e-02
-5.207062e-02
-1.587103e-03
-2.003488e-02
-6.203601e-02
4.473756e-02
2.286136e-03
-4.213324e-02
-3.455104e-04
1.419529e-03
7.207973e-04
-2.164824e-03
-1.967633e-03
7.227554e-04
-1.136663e-03
-1.118727e-03
8.479310e-04
-1.025849e-02
-1.231135e-02
-2.241837e-02
-1.515090e-02
-4.114696e-02
-1.767147e-02
2.984444e-02
-5.480291e-02
-3.536363e-02
5.070292e-02
-3.383323e-02
-2.317244e-02
2.778623e-02
6.286982e-03
-1.458672e-02
3.467905e-02
8.613866e-03
2.312301e-02
-2.580034e-02
-4.280001e-03
-2.323311e-03
5.968723e-02
9.712680e-02
7.364292e-02
-3.301198e-02
-5.580688e-02
-5.098728e-02
6.013263e-04
-1.065210e-02
-6.220009e-03
-9.463814e-03
2.993598e-03
-9.413615e-04
-5.747633e-02
-9.303792e-03
-5.118654e-02
-3.278371e-02
5.730554e-02
4.191666e-02
6.378166e-03
5.500507e-02
3.020630e-02
7.420639e-03
2.151819e-03
-4.249433e-02
5.140438e-02
4.371934e-02
4.553314e-02
1.117646e-02
2.438884e-02
-2.551122e-03
5.919157e-02
5.896862e-02
4.465021e-02
-1.382815e-03
-2.041137e-03
3.056234e-03
-2.646099e-03
-3.926294e-04
-4.965428e-04
-2.317339e-03
-3.812836e-03
-4.321523e-04
-4.999965e-03
-9.155756e-03
-3.159374e-03
-2.686243e-03
-6.066609e-03
4.609626e-03
1.584381e-03
-6.506830e-03
3.344663e-03
-3.945048e-03
-7.631169e-03
-1.207481e-02
-1.665857e-02
1.739570e-02
7.146485e-04
8.660650e-03
-5.961186e-03
-1.108011e-02
2.056391e-02
2.269537e-02
-6.080138e-03
-1.482116e-03
3.607669e-02
6.102882e-03
1.259875e-02
1.711414e-02
3.687157e-02
8.616748e-03
1.240782e-02
-1.865057e-02
-2.154117e-02
2.391499e-02
8.737673e-03
3.120690e-03
-3.814527e-02
5.665732e-02
8.990939e-03
-2.579916e-03
2.351052e-02
-2.896963e-03
8.402329e-03
-2.634485e-02
2.566158e-03
6.418731e-03
6.149823e-03
-3.331746e-03
2.177652e-02
-3.401705e-02
-4.283971e-02
-1.302988e-02
5.045359e-02
-4.195611e-02
-8.031012e-02
3.986290e-02
8.456935e-03
7.703992e-03
5.714464e-03
9.910872e-03
9.198276e-03
1.056391e-02
8.048931e-03
3.551442e-03
-2.108617e-03
-5.279424e-03
-3.915992e-03
-1.087170e-02
6.474853e-04
4.860313e-03
-6.541184e-03
-2.130982e-02
-1.633894e-02
4.152259e-04
-1.298134e-03
2.268205e-03
-1.557041e-03
1.234922e-03
-2.446558e-03
-2.338664e-03
2.093077e-03
-8.359625e-04
-3.028932e-03
4.354669e-02
-1.271061e-03
-2.025589e-02
3.633809e-03
3.151655e-02
-1.109511e-02
-1.146606e-02
1.019102e-02
6.751892e-03
6.930009e-02
-6.877894e-02
-1.775956e-02
2.237605e-02
-1.686658e-02
-3.187688e-02
-1.322421e-02
1.657583e-02
2.902183e-02
2.658812e-02
6.858263e-03
1.721073e-03
-1.891308e-02
3.415191e-03
-1.578450e-02
-2.495223e-02
-2.619140e-03
5.856256e-03
-3.511862e-02
-2.568536e-02
1.749546e-02
1.215335e-02
-2.850646e-02
-6.186276e-02
5.590102e-02
1.416919e-02
-1.232855e-03
-2.289212e-02
1.596124e-03
-1.032959e-02
-2.239637e-02
1.981317e-02
3.667688e-02
1.334225e-02
-7.232905e-03
1.242854e-03
-1.268375e-02
-6.798129e-03
3.008826e-02
6.212194e-03
-2.061679e-02
-1.141740e-02
-1.713404e-02
-1.109892e-02
-2.249136e-02
-1.757822e-03
-6.667506e-04
-8.944692e-05
5.828149e-04
-1.941335e-03
1.346693e-03
1.073589e-03
1.685068e-03
2.899925e-03
2.796075e-02
2.050160e-02
-1.260571e-03
3.689291e-02
5.307233e-02
1.770999e-02
2.258507e-02
4.280236e-02
1.553424e-02
-7.587760e-02
1.476524e-02
-5.763843e-02
-6.891835e-02
-9.902160e-02
-8.244008e-02
-7.258846e-02
-1.159586e-01
-8.239260e-02
-5.993363e-02
6.460507e-02
-2.858596e-02
-2.629562e-03
5.412977e-02
8.824020e-02
1.755370e-02
-1.712045e-02
6.928457e-02
-1.246570e-02
-2.696859e-03
3.738389e-02
-1.659451e-03
1.893344e-02
3.642450e-02
-1.565160e-02
2.115095e-02
-1.434221e-02
-7.812780e-02
2.599398e-02
-9.486351e-02
-3.386907e-02
7.652240e-02
-2.006371e-01
-3.636078e-02
-8.561683e-02
-1.675442e-01
-1.097054e-01
1.340282e-02
-4.876280e-02
-5.627459e-02
-8.935364e-02
6.369629e-03
-1.276593e-01
-3.437488e-02
-8.377136e-02
6.242467e-03
-1.625620e-03
7.383334e-04
-1.315632e-02
-1.293890e-03
-8.913826e-03
-8.256497e-03
-1.476653e-02
1.605782e-02
-8.887066e-03
4.873124e-02
4.589425e-02
-5.540121e-02
9.968597e-03
1.487824e-02
-4.640404e-03
-1.900921e-02
1.898271e-02
-2.330374e-03
1.225590e-03
-2.744764e-03
-2.555699e-03
-2.253738e-03
-1.502566e-04
-1.299725e-03
-2.762041e-03
-2.780021e-03
-1.553069e-02
1.691028e-01
1.361566e-01
-4.840098e-03
3.054842e-01
1.648286e-01
2.420950e-02
2.288091e-01
1.286183e-01
3.737143e-03
8.644548e-02
6.245899e-03
5.651719e-02
2.147671e-01
1.421833e-01
1.233762e-01
1.191819e-01
7.349893e-02
3.312204e-02
-4.911486e-03
2.766100e-02
-6.671047e-02
-1.246814e-02
3.979614e-03
5.468206e-02
-9.970417e-03
-3.552008e-02
-8.907340e-02
-8.382428e-02
-3.792773e-02
3.222387e-02
2.828783e-02
-3.802690e-02
-1.758096e-02
-4.150679e-02
-5.126925e-02
-9.801746e-03
-1.458351e-02
-1.379266e-02
7.482661e-02
8.620656e-02
-8.897121e-02
6.465167e-02
-2.535754e-02
-1.295649e-01
5.971607e-02
5.035956e-03
1.507246e-02
1.280316e-03
-8.131541e-02
-1.580327e-02
8.698756e-02
3.991892e-03
-4.944655e-04
4.441622e-03
6.528847e-04
-5.066167e-04
-2.656645e-03
1.644707e-03
-2.179030e-03
-7.656815e-04
3.061275e-03
-2.253815e-03
3.966894e-03
1.245986e-02
1.278544e-02
-6.394329e-04
1.149857e-02
2.028150e-02
1.425336e-02
1.418902e-02
2.103616e-02
3.664731e-02
3.452518e-02
6.288069e-02
6.344201e-02
4.469531e-02
8.668358e-03
5.773365e-02
-7.315523e-03
-2.553517e-02
-6.725738e-03
-2.469043e-03
-3.256966e-02
-1.733184e-02
2.546243e-02
-4.257841e-02
-4.692677e-02
-4.644123e-03
-8.642676e-03
-1.903477e-03
1.458698e-02
1.498148e-02
-3.923029e-02
-2.309084e-02
1.513101e-02
-7.707477e-02
-3.109886e-02
4.657347e-03
-2.582542e-02
-6.865982e-02
3.105831e-05
-6.620958e-02
-9.139813e-02
-5.931092e-03
-3.266539e-02
-5.212926e-02
-3.210832e-02
-1.724168e-02
4.689498e-02
6.209930e-03
4.471563e-03
3.378404e-02
7.563394e-02
9.151384e-03
3.317314e-02
2.373741e-02
2.410673e-02
1.203496e-02
1.363837e-02
2.006431e-02
1.902729e-02
1.271391e-02
2.526136e-02
1.530923e-02
-5.021228e-03
5.731969e-02
2.921368e-02
3.131726e-02
4.787111e-02
5.956082e-02
1.226620e-02
4.256486e-02
4.727370e-02
7.423108e-02
-3.348198e-03
-2.037542e-03
1.714971e-03
-2.057362e-04
-2.230503e-04
-2.009922e-03
1.521563e-03
-2.494202e-03
2.212138e-04
2.631789e-02
-5.903148e-02
-2.019101e-02
8.532641e-03
-5.781429e-02
-6.339998e-03
-2.370611e-02
-3.338892e-02
4.108177e-04
4.520353e-02
-3.559318e-02
2.915240e-02
-3.474147e-02
-7.293944e-02
-3.047905e-02
-5.370635e-02
-5.504196e-02
1.762487e-02
-1.623882e-02
-3.640056e-02
-2.565668e-02
-2.487069e-02
-3.775410e-02
-2.611768e-02
4.395026e-03
2.034519e-02
2.113562e-02
-8.999032e-02
-1.549970e-02
6.850491e-02
-4.990892e-03
-3.156551e-02
2.670918e-02
-9.173341e-03
3.809503e-02
-6.723471e-02
-5.759917e-02
1.796338e-02
4.053313e-02
-3.136881e-02
3.266321e-02
1.631920e-02
-8.195172e-03
-1.048624e-02
-2.873759e-02
-2.518070e-02
7.849172e-03
1.431729e-03
-3.877780e-03
-6.992898e-03
-4.168630e-03
-3.514405e-02
-5.077038e-03
-8.876845e-03
1.006583e-04
2.493392e-04
-2.596242e-03
-1.866432e-03
-3.351259e-03
2.361179e-03
6.393318e-04
3.124146e-03
-1.452843e-03
5.113168e-03
-1.180562e-02
-5.458177e-04
-1.245283e-02
-1.666101e-02
-1.681609e-02
-1.619103e-02
-4.218829e-02
-3.224268e-02
-5.302986e-02
-2.331398e-02
2.196010e-02
-4.809440e-02
-2.524074e-02
-1.162151e-02
-1.840139e-02
-7.018976e-04
5.275917e-02
-4.403313e-02
1.655466e-02
-3.395661e-02
-4.247573e-02
-3.887571e-04
2.745645e-02
-5.402965e-02
-6.538215e-02
1.376178e-02
-4.689589e-02
2.679722e-02
4.078362e-02
-2.822529e-02
-1.618385e-02
6.082868e-02
-8.365060e-03
-8.974005e-02
-9.584273e-02
-6.019496e-02
-1.663110e-02
3.536969e-02
-3.239933e-02
-3.087375e-02
-6.141816e-02
-2.913751e-02
-4.491625e-02
-5.950920e-02
-2.264623e-02
6.840201e-02
8.309287e-02
5.694377e-02
2.629055e-02
6.060317e-02
1.528423e-01
3.498094e-02
-2.053234e-02
3.094345e-03
1.355519e-02
2.793112e-02
1.258090e-03
1.085946e-02
2.498534e-02
1.043873e-02
1.361587e-02
2.032129e-02
2.942554e-02
7.420335e-02
4.924871e-02
5.117166e-03
9.048244e-02
1.287619e-01
-3.612622e-02
1.041379e-02
6.551406e-02
1.186463e-03
-1.067920e-03
2.141451e-04
3.940127e-04
-3.005414e-04
-3.483298e-03
1.291651e-04
-4.057368e-04
-3.201254e-03
-6.944446e-02
1.838680e-03
-1.668699e-02
-7.609285e-02
2.674147e-02
2.974542e-02
7.449165e-03
-7.152124e-03
-8.503650e-03
5.479066e-02
2.060195e-02
-6.674834e-02
2.269042e-02
3.500702e-02
-1.700344e-02
-9.023970e-03
-1.689948e-02
-8.094528e-02
7.517041e-03
1.619021e-02
4.537256e-03
3.747763e-02
-2.201538e-03
1.688733e-02
-1.687673e-02
-4.226767e-02
-8.218234e-02
8.192423e-02
5.137450e-02
4.764829e-02
1.193443e-01
1.759737e-01
5.062849e-02
-2.922263e-02
5.985507e-02
1.559137e-01
-7.516525e-03
-1.189304e-02
5.747380e-02
-3.945875e-03
-7.702612e-02
-8.932810e-02
-9.470920e-03
-1.060306e-01
-1.015724e-01
-1.415522e-02
-5.389427e-03
-3.322131e-03
-1.693273e-02
-2.145352e-02
2.260526e-03
1.075658e-02
8.028548e-03
6.774139e-03
-7.237661e-04
2.247263e-03
-2.522137e-03
8.466316e-05
-1.842349e-03
-3.110185e-04
-5.325744e-04
-1.444927e-03
-1.901014e-03
4.796292e-03
2.522204e-02
-7.936059e-03
1.022695e-02
1.109081e-03
1.366140e-03
-3.863050e-03
-3.716752e-02
-2.577035e-02
-2.159153e-02
-2.760023e-02
9.282592e-02
6.556521e-02
1.553196e-01
1.209342e-01
2.478790e-02
8.747052e-02
5.203193e-02
2.627360e-02
4.975553e-02
3.692735e-02
4.569566e-02
-3.396185e-02
-6.917021e-02
6.079704e-03
-5.358777e-02
-7.803155e-02
7.609109e-02
4.324390e-02
2.180309e-03
-8.301418e-02
1.583779e-02
4.227798e-03
-4.315609e-02
1.176260e-02
-4.697703e-03
-1.574979e-03
-6.006294e-02
3.479322e-03
9.851913e-02
-8.713544e-03
-5.947382e-02
7.367757e-03
1.485683e-02
-9.717705e-02
-2.200302e-03
-4.293530e-02
-8.847743e-02
-1.502379e-01
-2.586605e-02
-1.041989e-02
-4.806677e-02
4.711897e-02
-1.773066e-03
-8.345593e-04
2.760309e-02
5.824415e-02
-7.418277e-03
4.184428e-02
6.860024e-02
-2.874973e-02
1.713820e-02
7.326568e-03
-8.564346e-02
-1.089578e-01
-1.419753e-01
-4.566489e-03
2.440808e-02
-4.832089e-02
-6.976219e-02
-6.071917e-02
-7.416256e-02
1.409776e-03
2.566485e-03
-1.655704e-03
7.063188e-04
-2.660858e-03
2.432781e-03
-2.736630e-03
-2.965534e-03
-1.683779e-03
-1.791062e-02
-1.150263e-02
-5.025248e-02
5.308321e-02
-6.506855e-02
-2.129243e-02
1.122024e-02
-5.024594e-04
3.909741e-02
-4.220769e-02
-1.490609e-02
-4.975462e-02
9.820752e-02
1.938293e-02
6.798535e-02
1.100604e-02
9.720883e-02
7.207904e-02
-1.605367e-02
1.141975e-02
-7.821310e-03
-9.707971e-03
4.514764e-02
5.746496e-02
-6.492754e-02
-5.167711e-02
-1.096286e-01
4.649287e-02
2.842011e-02
1.168187e-01
-6.791528e-02
1.256744e-01
7.318858e-02
-5.998934e-02
-3.205252e-02
-1.421660e-02
-4.680623e-02
1.833539e-01
2.095399e-01
8.425950e-02
3.031723e-01
2.674663e-01
1.063952e-01
2.592477e-01
1.061391e-01
-5.095434e-02
-1.145583e-01
-7.563690e-02
7.737274e-02
7.690039e-02
-2.215871e-02
-5.895738e-02
-1.830128e-02
-4.680838e-02
-1.886026e-03
1.330133e-04
-1.600962e-04
9.502759e-04
2.022253e-03
5.742051e-04
-2.847088e-03
2.542135e-03
2.656425e-03
2.350082e-02
-2.209797e-02
9.107830e-03
-6.887785e-04
-4.669435e-02
-7.433158e-03
-8.256255e-03
-2.919077e-02
-6.082686e-03
-4.012991e-02
-3.784476e-02
9.208766e-02
1.966654e-02
1.031435e-01
5.503854e-02
6.615727e-02
1.886289e-03
-1.497217e-02
2.262310e-03
-1.577314e-02
-7.473109e-04
2.388255e-02
-2.789994e-02
-3.799679e-03
-5.153134e-03
-1.044137e-02
-7.694938e-03
-1.274897e-02
-1.189800e-01
1.872499e-02
-5.731285e-02
-6.633407e-02
-1.249372e-01
1.661703e-03
-5.644384e-02
-7.419602e-02
1.812608e-01
8.235858e-02
-2.705481e-02
8.573843e-02
1.978067e-02
-2.939049e-02
5.399003e-02
-1.473206e-02
-8.612701e-03
-5.091892e-02
-1.244494e-01
-7.171971e-02
-2.709936e-02
-6.749542e-02
-1.735790e-01
-5.989264e-02
-5.380943e-02
-1.467911e-01
-2.935950e-02
5.866676e-03
1.885742e-02
-2.719935e-02
2.648109e-03
1.369692e-02
-1.423371e-02
7.603076e-03
2.883616e-02
4.093470e-02
8.783054e-02
6.697349e-02
9.068022e-02
2.817849e-02
-1.602168e-02
8.462366e-02
1.354771e-03
6.058837e-03
-1.402386e-03
-1.222343e-03
2.399682e-03
-1.225208e-03
-2.196197e-03
-1.315633e-03
7.337511e-04
-3.588924e-03
3.835816e-04
-9.246636e-02
-7.839808e-02
-7.480643e-02
-1.220168e-01
-1.690269e-01
-1.574287e-01
-1.751637e-01
-1.826961e-01
-2.109481e-01
-3.792136e-02
9.135023e-03
6.890334e-02
-1.042597e-01
-1.379060e-01
-5.063450e-02
-1.089910e-01
-1.155099e-01
-1.342577e-01
5.033651e-02
3.068822e-02
-5.938254e-02
1.792446e-02
-7.756984e-02
-9.278237e-02
3.953860e-02
-2.204456e-02
-3.490206e-02
-7.570685e-02
-8.673887e-02
-1.014778e-01
-7.587485e-02
-1.389552e-01
-1.809359e-01
-2.728370e-02
-1.012838e-01
-8.560889e-02
-1.419770e-01
-1.911464e-03
1.295537e-02
7.539660e-03
8.833621e-02
5.739504e-02
6.494623e-02
2.224642e-02
1.548985e-02
3.072887e-02
-2.592816e-02
-7.775734e-02
3.620183e-02
-3.909790e-02
-1.293868e-01
2.455983e-02
1.891648e-02
-5.687007e-02
2.220528e-03
4.392297e-04
-7.887894e-04
1.447667e-03
1.242295e-03
-2.254817e-05
1.695899e-03
-1.326723e-03
1.841813e-03
-2.447104e-03
8.541835e-03
1.463558e-02
-2.743968e-03
1.173293e-02
1.161310e-02
1.313259e-02
6.856800e-03
1.093388e-02
-7.876880e-03
-3.699000e-02
-5.331332e-03
-2.893136e-02
-1.055937e-02
6.226301e-03
-9.941118e-03
-2.511345e-02
1.097199e-02
1.792389e-02
2.549735e-02
4.823938e-02
1.488407e-02
-1.983714e-02
7.834728e-03
1.087505e-02
-2.853439e-02
-2.376546e-02
1.177965e-02
-3.430047e-02
-8.812687e-03
-2.048177e-02
-4.585465e-02
-5.733750e-02
1.177666e-02
-2.374367e-02
-1.456535e-02
3.261713e-02
-2.831464e-02
-6.230857e-03
-3.772799e-02
2.683648e-03
-1.610291e-02
3.288477e-02
1.943749e-02
5.491081e-03
-9.076706e-03
-3.746247e-02
-1.037651e-01
-2.447318e-04
-6.254397e-02
-1.149381e-01
-8.664232e-03
-4.380468e-02
-8.090398e-02
-1.744848e-02
-1.392221e-02
-1.928380e-02
-2.790575e-02
-2.567285e-02
-1.853511e-02
-2.285808e-02
-1.314724e-02
-1.498125e-02
8.219548e-03
1.057923e-02
4.047171e-02
1.639101e-02
-1.358353e-02
-2.629953e-03
4.227467e-02
2.606375e-02
4.703528e-02
-2.447257e-03
-2.019789e-03
-1.149210e-03
4.523272e-05
9.616093e-04
-4.587632e-03
-1.591661e-03
-2.390718e-03
-2.141263e-03
-2.943183e-02
-3.080007e-02
-3.956598e-03
2.581481e-03
-6.124607e-02
-4.435677e-02
1.187677e-02
-6.092741e-02
-2.784178e-02
-2.588637e-02
-1.255747e-02
2.051474e-02
-3.548617e-02
-9.422557e-02
-3.667755e-02
-6.455299e-03
-6.851225e-02
-3.152550e-02
-4.156522e-03
-2.305425e-02
-2.092279e-02
-1.801788e-02
-3.908696e-02
-3.354228e-02
3.666161e-02
9.834391e-03
-5.449290e-03
-1.239522e-02
2.801130e-02
3.205432e-02
-9.398194e-02
-2.594940e-02
-3.949466e-02
-5.219008e-02
-8.088193e-02
-1.302313e-02
-5.524827e-03
2.388297e-02
1.736346e-02
-2.534206e-02
2.042267e-02
1.880605e-02
-1.257877e-02
-7.302705e-03
1.853768e-02
1.194615e-02
-4.723819e-03
-2.316540e-02
8.116363e-03
1.107455e-02
-2.639775e-02
1.094690e-02
-2.997150e-02
-3.544064e-02
2.159361e-03
1.862767e-03
-2.704073e-03
-1.756500e-03
2.642771e-03
-2.636365e-03
-2.724129e-03
-8.633434e-04
1.617537e-03
6.455913e-03
-1.065899e-02
2.537984e-03
4.068885e-03
-7.839414e-03
-2.311461e-04
4.934702e-04
-5.049229e-03
-3.731704e-03
-2.490248e-02
1.240633e-02
1.427719e-02
1.052528e-02
3.856815e-02
-8.350493e-03
1.413254e-02
8.470813e-04
1.693835e-02
-4.076929e-02
-2.608959e-03
-1.322998e-02
6.491194e-03
-4.377216e-02
1.058417e-02
3.313357e-02
-3.831645e-02
8.683492e-03
-2.137772e-03
4.021218e-02
2.976878e-02
3.069612e-02
-6.390680e-03
8.901757e-03
1.616779e-02
4.533087e-02
-1.683040e-02
1.256510e-02
4.476215e-03
-1.017270e-01
1.957156e-02
1.157393e-02
-7.436431e-02
-3.214398e-02
1.575362e-03
2.230280e-02
-6.925158e-03
2.254406e-02
-3.642114e-02
4.462526e-02
-1.505667e-02
-2.184179e-02
2.939825e-03
2.600007e-02
-5.246068e-02
-1.058198e-02
7.316131e-03
1.442202e-02
-2.388853e-02
-8.537173e-03
-5.939456e-03
-1.933204e-02
-1.723920e-02
-9.153323e-03
1.382192e-03
1.675355e-02
1.632453e-02
-1.484075e-02
-1.193313e-02
4.937862e-03
-1.467986e-03
-2.167119e-02
-2.269444e-02
1.953574e-03
-9.302207e-04
1.868062e-03
-2.497942e-03
-1.016339e-03
-4.207649e-04
-4.424759e-04
4.970299e-04
1.289229e-03
-1.697492e-02
2.250044e-02
1.594276e-02
-5.339280e-02
5.205652e-02
1.602014e-02
-3.883747e-02
1.661676e-02
-7.497174e-03
-5.821445e-02
8.820276e-03
-4.154607e-02
-1.258552e-02
2.765813e-02
2.429417e-02
1.727310e-02
-1.247676e-02
-1.163638e-02
-2.000196e-03
9.645936e-03
1.495130e-02
-4.715843e-02
-4.511559e-02
-2.419673e-02
3.661561e-02
-5.770275e-03
-1.838017e-02
5.172964e-02
2.664351e-02
-3.568826e-02
1.621579e-02
3.242883e-02
-4.643681e-02
2.805822e-02
2.708185e-02
5.722497e-02
-2.408917e-02
3.838329e-02
1.985721e-02
4.975206e-02
4.289233e-02
-3.625515e-02
4.792946e-02
5.126607e-03
4.709375e-03
1.146148e-02
-2.018529e-02
-1.826345e-02
1.013526e-02
5.727597e-03
2.211813e-02
6.226844e-03
-5.872129e-03
-1.067859e-02
-1.379947e-03
4.006689e-03
-2.366774e-04
-1.785170e-03
-2.245521e-04
7.517336e-04
4.568631e-04
-5.280029e-04
4.982246e-03
-3.920599e-02
-2.284366e-02
-4.136039e-02
-5.186817e-02
-1.719609e-02
-3.158700e-02
-2.301746e-02
-1.304073e-02
-1.944751e-02
1.217240e-02
-5.146505e-02
-5.628842e-02
-7.431848e-03
-1.000467e-01
-9.633254e-02
-1.948009e-02
-9.465060e-02
-6.721161e-02
5.091142e-04
2.406887e-02
3.453692e-02
1.677650e-01
5.872376e-02
4.571288e-02
1.416836e-01
8.473587e-02
-2.833086e-02
3.921799e-02
1.009237e-01
9.452128e-02
2.146550e-01
1.633956e-01
1.005582e-01
1.916893e-01
2.538660e-01
6.776316e-02
6.429990e-02
1.410931e-01
-5.159594e-02
-1.254350e-01
1.659513e-01
9.680277e-02
-1.040797e-01
7.885556e-02
1.696694e-01
1.311499e-01
1.268220e-01
1.894664e-01
2.891907e-01
2.459151e-01
1.958381e-01
2.595090e-01
3.331897e-01
1.637085e-01
6.934555e-02
8.151289e-02
9.425937e-02
1.721856e-02
1.551696e-02
4.140313e-02
2.458181e-02
9.758355e-03
2.545993e-02
3.225180e-02
3.108937e-02
3.896337e-02
9.138083e-02
8.367585e-02
-7.190022e-04
1.223604e-01
1.033918e-01
2.468142e-02
2.412120e-04
1.732749e-03
1.876000e-04
1.298441e-04
-7.752240e-04
2.563526e-03
2.063225e-03
-1.641388e-03
-1.118675e-03
-1.143410e-01
-1.130491e-02
-5.827745e-02
6.468204e-02
1.660367e-02
1.275214e-01
9.090599e-02
-1.342131e-02
-1.052797e-03
-2.750725e-02
-2.554232e-02
-2.969847e-02
2.613147e-03
4.558576e-02
-2.170227e-02
1.427953e-01
1.111194e-02
-3.220236e-02
4.448226e-02
7.735047e-02
3.320518e-02
-1.313188e-02
-6.784489e-03
-4.415109e-02
6.496519e-02
8.540119e-02
-2.477125e-02
1.074729e-01
1.599200e-01
-4.022983e-02
1.191417e-01
3.474094e-01
1.550259e-01
6.681723e-02
2.657046e-01
2.460218e-01
2.568249e-02
4.333900e-02
4.386582e-02
-9.305928e-03
-6.764551e-02
-4.169255e-03
-2.374865e-02
-5.852742e-02
-2.751911e-03
-7.414129e-02
-8.611554e-02
-3.277817e-02
8.359415e-02
1.310011e-01
1.645496e-01
-1.061342e-02
1.855164e-02
7.535049e-02
-1.322822e-04
-1.280738e-03
-1.658501e-03
7.377572e-04
-1.742367e-03
2.243241e-03
1.949004e-03
-1.568374e-03
-9.121729e-04
-1.299463e-02
-2.732969e-02
-1.616781e-02
-1.243293e-02
-3.607441e-02
-1.755778e-02
-1.261296e-02
-9.802517e-03
-1.668039e-02
1.710820e-02
5.355752e-02
5.535040e-02
4.951506e-02
4.958477e-02
7.766297e-02
4.495599e-02
7.399553e-02
5.482733e-02
-7.218864e-02
1.269604e-02
9.111982e-02
-8.339252e-03
-3.248965e-02
2.461330e-02
1.303828e-02
-4.317915e-02
1.819836e-02
-3.063512e-02
-9.202708e-02
1.872938e-02
-3.535356e-02
-1.051452e-01
-4.566508e-02
-4.450843e-02
-1.011004e-01
-6.360716e-02
3.684180e-02
8.754984e-03
-1.188781e-01
1.875504e-02
-1.579414e-02
3.176849e-02
5.206609e-02
-1.637304e-03
-1.989575e-02
-9.718740e-03
-1.057594e-01
-3.771629e-02
-6.827116e-02
-1.028458e-01
-1.125048e-01
2.606562e-02
-1.040211e-01
-9.056491e-02
2.348350e-02
4.429219e-02
3.300620e-02
3.969605e-02
4.744674e-02
4.218912e-02
3.413720e-02
5.025799e-02
3.690225e-02
7.945900e-03
-2.039414e-02
-1.527846e-02
-1.257350e-02
-6.347438e-02
-7.509524e-02
-5.522998e-02
-4.215671e-02
-5.294630e-02
-5.519504e-04
3.875609e-05
4.393398e-04
1.248699e-04
-7.896388e-04
2.364288e-04
1.200375e-03
2.241950e-04
5.286773e-04
1.507646e-02
-1.253826e-02
-2.096412e-02
-1.344813e-02
-4.244777e-02
-1.167375e-01
3.617103e-02
-2.469538e-02
-8.795577e-02
3.208220e-02
-6.164188e-02
-3.370946e-03
-2.785859e-02
-1.475016e-01
-8.921063e-02
-4.140224e-02
-7.677237e-02
-8.910424e-02
1.301299e-02
2.154944e-02
5.987120e-02
1.070447e-02
2.642721e-03
-5.755708e-03
-8.574222e-02
-6.448462e-02
-4.964627e-02
-5.282201e-02
-1.140302e-01
-2.075042e-02
-1.585332e-01
-9.626159e-02
-1.171519e-01
-1.039848e-01
-1.521350e-01
-1.189910e-01
1.184521e-01
7.030881e-03
1.416241e-02
8.648152e-02
1.734509e-02
-7.044249e-03
1.845219e-02
-2.712768e-02
6.272893e-02
-9.750821e-02
-3.896038e-02
-4.194403e-02
-6.120401e-02
-6.076015e-03
-1.338018e-02
-6.408312e-02
-1.051947e-02
-1.738873e-02
-3.191753e-03
-6.219820e-03
1.968646e-05
3.604816e-03
1.588966e-04
-1.100518e-03
-9.135202e-04
2.172206e-03
1.423195e-03
-1.229866e-02
2.135119e-03
-3.928720e-02
-2.003005e-02
-1.369883e-02
-1.630424e-02
-3.715824e-02
-2.527956e-02
-2.572292e-02
1.235000e-02
-1.113037e-01
-6.571500e-02
-5.822090e-02
-3.774312e-02
-2.404247e-02
-8.124948e-03
-4.958354e-02
-2.253594e-02
2.897876e-02
3.158072e-02
5.436489e-02
6.383826e-02
1.553490e-01
-5.193501e-02
-4.655030e-02
4.750768e-02
-3.303173e-02
-7.575648e-03
1.129594e-01
-1.497722e-04
7.581352e-02
1.985576e-03
7.792640e-02
-2.599107e-02
1.610550e-02
4.143605e-02
-6.189677e-02
-8.298495e-02
2.956449e-01
5.625355e-02
-8.086550e-02
1.410923e-01
1.271961e-02
-2.096234e-02
-4.420073e-02
-2.622744e-02
4.309880e-02
1.330472e-01
4.082959e-03
-2.880551e-02
6.703116e-02
-4.007342e-02
-4.191099e-02
7.045205e-02
9.271702e-03
-3.761397e-02
-1.409567e-02
2.657982e-02
-8.461269e-03
4.961668e-03
1.033326e-02
1.288613e-02
-7.491383e-03
1.960131e-02
3.703650e-02
7.780761e-02
2.584435e-02
5.089662e-02
5.365519e-02
1.141205e-01
1.215974e-01
4.378958e-02
3.379322e-04
1.869904e-03
6.162208e-04
1.083592e-03
1.099351e-03
-4.836854e-04
2.776747e-03
-9.163382e-04
-2.107150e-03
-5.177845e-02
-4.761833e-02
2.328465e-02
-4.267301e-02
-8.737744e-02
9.681708e-03
-1.341745e-01
-4.158009e-02
-7.200089e-03
-6.289271e-02
-5.476160e-02
-4.805404e-03
-1.353389e-01
1.184990e-01
-4.646792e-02
-1.174938e-01
2.865435e-02
-9.295388e-03
6.838636e-02
3.982207e-02
1.955333e-02
1.572381e-02
1.059445e-03
-8.331223e-02
-1.502691e-02
4.336644e-02
1.523702e-02
-7.333335e-02
1.816088e-02
7.271790e-03
-1.198008e-02
-5.189484e-02
8.049102e-02
-3.625567e-02
1.630924e-02
-9.805404e-03
-1.572746e-02
-5.472603e-02
-6.463218e-02
-1.000280e-01
-1.223118e-02
4.958088e-02
1.672178e-02
5.217908e-02
6.633744e-02
1.111745e-02
3.777875e-02
2.745364e-02
-5.057962e-02
-1.979065e-03
3.214641e-02
-3.150658e-02
2.473197e-02
-3.661889e-02
2.306407e-04
-3.664142e-04
-2.569306e-04
-2.129377e-03
-7.571297e-04
-2.710689e-03
6.760944e-04
-1.272058e-03
1.611902e-03
1.902833e-02
1.354552e-02
-5.562511e-03
3.351955e-02
-7.318197e-03
-2.724368e-02
2.801985e-02
-2.092399e-02
-4.541781e-02
-1.476761e-01
-3.426127e-02
6.892310e-03
-8.724857e-02
-3.853442e-02
4.318830e-02
-2.572331e-02
-1.616361e-03
5.704878e-02
-8.339514e-02
-4.192241e-02
-3.960375e-02
-7.268460e-03
-3.536921e-02
-4.414001e-02
2.417587e-02
-1.641370e-02
-4.164698e-02
2.843626e-02
-9.864873e-02
-8.178598e-02
8.748271e-02
-2.512285e-03
-1.413930e-02
4.410438e-02
2.818951e-02
-1.235836e-02
1.058457e-02
3.114323e-02
-1.009130e-01
1.973497e-03
6.072349e-02
-3.951076e-02
-1.450751e-01
-9.558133e-03
3.681624e-02
-3.283117e-02
-1.042932e-01
-2.872448e-02
7.763062e-03
5.140953e-02
5.529014e-02
-2.589385e-02
6.381421e-02
7.110318e-02
-5.002726e-02
-4.593419e-02
-2.124453e-02
-6.207218e-02
-6.901830e-02
-1.880629e-02
-5.175350e-02
-7.757532e-02
-1.400928e-03
-1.704057e-02
1.701154e-02
1.444259e-01
1.982887e-02
1.547109e-03
1.717844e-02
7.380329e-02
5.808633e-02
1.370421e-02
4.191213e-03
-2.143597e-03
1.440071e-03
1.926664e-03
1.347828e-03
-3.645197e-04
-3.819873e-04
1.590722e-03
1.353377e-03
2.661578e-02
3.649932e-03
1.855248e-01
1.432490e-01
-2.201373e-02
1.365812e-01
1.383788e-01
5.710661e-02
7.123777e-02
7.967574e-02
2.470042e-01
2.190374e-01
1.437251e-01
2.124300e-01
3.154884e-01
1.723055e-01
3.639293e-01
2.875844e-01
-5.250775e-02
-3.738103e-02
1.204181e-02
7.607038e-02
1.921053e-02
4.123763e-02
1.281290e-01
6.370875e-02
4.203216e-03
-4.193448e-02
3.651758e-03
-5.962760e-02
3.711596e-02
1.104852e-01
-1.611817e-05
-2.531249e-02
1.114381e-02
1.991699e-02
-2.287048e-02
-2.346470e-02
-7.097809e-02
1.028621e-01
1.520867e-01
-2.901542e-02
8.174114e-02
9.030086e-02
-3.484921e-02
6.989720e-02
-3.615385e-02
-7.167467e-02
-1.703003e-02
3.145063e-02
-5.293981e-02
2.612364e-02
-2.385645e-03
8.383180e-04
-3.867890e-04
-2.810274e-04
-3.595803e-04
-1.110515e-03
3.477839e-03
-5.131943e-04
-5.143865e-04
4.855831e-04
2.163883e-03
1.010168e-02
-1.052109e-02
1.082518e-02
-1.003103e-02
2.661775e-04
2.414191e-03
3.667376e-03
7.177614e-04
-1.591000e-03
6.737589e-03
3.133642e-02
-2.182946e-03
1.158813e-02
-3.487132e-03
3.835161e-03
2.261463e-02
3.069964e-02
5.973173e-02
2.074295e-02
-2.686371e-02
-1.610740e-03
3.489704e-02
2.644480e-02
4.237028e-02
-5.274392e-03
3.717094e-02
6.443170e-02
8.689172e-03
-3.607634e-02
-2.852125e-02
1.408364e-02
-7.562994e-03
-3.720206e-02
-4.095989e-02
1.027453e-02
-1.069357e-02
-3.158445e-02
7.738429e-02
2.958190e-02
-5.675677e-02
2.191829e-02
8.342929e-02
-6.753463e-02
6.548477e-03
5.765494e-02
5.709518e-02
-1.929596e-02
1.301669e-03
5.697727e-02
-7.625744e-03
-5.541628e-02
-8.837225e-02
-3.990338e-02
-2.561638e-02
9.005550e-03
1.895482e-02
-2.968745e-04
1.266734e-02
1.418890e-02
-3.764321e-03
2.376315e-02
2.256834e-02
1.763615e-02
2.470073e-02
3.201843e-02
5.078429e-02
-2.327821e-02
-2.086622e-02
4.129479e-04
-1.790822e-02
-2.587765e-02
3.153963e-03
-9.579329e-05
1.077066e-03
3.288680e-04
2.171925e-03
-2.524429e-03
2.054039e-03
1.817040e-03
-1.776313e-03
2.613813e-03
1.254376e-02
-2.487673e-02
3.223626e-02
1.241514e-02
-4.112232e-02
-1.117006e-02
2.125575e-02
-3.322643e-02
-2.213486e-02
4.519711e-02
4.758116e-02
5.391075e-02
2.648324e-02
-6.138756e-02
3.722342e-02
5.526554e-02
-6.873734e-02
2.972482e-02
2.018729e-02
2.321797e-02
3.829554e-02
-3.515172e-02
-4.505125e-02
-4.736096e-02
4.707060e-03
-1.685381e-02
-1.029831e-02
5.492635e-02
4.064310e-02
-3.918249e-02
-5.550233e-03
1.376669e-02
-1.227542e-02
4.340580e-03
-6.767625e-02
5.328798e-03
3.520520e-02
-2.256230e-02
-2.704961e-02
4.811043e-02
-4.674473e-02
-3.131322e-02
-1.004026e-02
-3.121476e-02
-4.733710e-03
6.202176e-02
3.959717e-02
3.277127e-02
-2.211888e-03
3.475777e-02
6.331989e-02
-2.671576e-02
-7.297964e-02
-2.671975e-02
2.390294e-03
2.550291e-03
-2.184068e-04
-1.331128e-03
3.073315e-03
1.287774e-03
5.626787e-04
4.281685e-04
4.073703e-04
