-2.809604e-02
-3.029675e-04
2.838313e-02
5.889110e-02
2.319041e-02
-1.374228e-02
-2.709553e-02
2.677163e-02
2.605555e-02
3.168021e-02
5.689862e-02
9.460403e-03
-9.089474e-03
-7.277558e-02
-4.361616e-03
9.045773e-02
3.915226e-02
-4.148318e-02
-1.088259e-01
-6.115058e-02
-6.438656e-02
7.020753e-02
1.151606e-01
6.751107e-03
-7.243420e-03
2.826603e-03
-4.918607e-02
2.530409e-02
-7.308099e-02
-1.525800e-01
-7.994837e-03
7.271120e-02
9.307287e-02
3.354386e-02
-1.953053e-02
-5.613549e-02
2.683019e-02
5.276562e-02
7.288280e-02
-1.691372e-01
-1.516740e-01
-1.741802e-01
3.027547e-02
2.361675e-02
1.481649e-02
-3.532840e-02
3.426067e-02
1.537615e-02
-1.248586e-02
6.601469e-02
4.294822e-02
-7.918326e-02
-7.068790e-02
-8.797941e-02
-2.728264e-02
-5.131285e-02
-4.076093e-02
9.783502e-02
1.263370e-01
1.159430e-01
-6.605345e-02
-4.150368e-02
-1.695056e-02
-2.501703e-03
-1.132995e-03
-2.014718e-03
-1.110549e-03
-6.760317e-04
-9.509591e-04
8.168762e-04
-2.180177e-03
-8.527331e-04
1.467651e-02
2.343497e-02
1.525172e-02
1.346235e-01
1.010332e-01
1.250559e-01
-3.773573e-02
-5.871059e-02
-2.963914e-02
-1.952493e-03
-3.367953e-02
-2.230532e-02
-7.162485e-02
4.526446e-02
5.392071e-02
3.443040e-02
7.595089e-04
-4.093795e-02
8.787423e-02
9.991407e-02
5.110334e-02
1.078330e-03
9.831009e-03
3.286510e-02
3.062939e-02
7.219433e-02
1.965187e-02
7.204694e-02
9.323483e-02
-2.027521e-02
-6.948649e-02
-1.224588e-01
1.167533e-01
1.087527e-01
6.299191e-03
-1.882932e-01
-1.319236e-02
8.505886e-02
7.068349e-03
1.626064e-02
3.734133e-02
3.044217e-02
-1.116176e-02
1.089658e-02
-3.966893e-02
9.524726e-02
5.151665e-02
5.490149e-02
7.745054e-02
1.051946e-01
1.189778e-01
-3.852831e-02
8.253437e-03
-1.049545e-01
1.068178e-01
3.049409e-02
-7.783458e-02
-1.195519e-02
1.090639e-01
8.904522e-02
5.952086e-02
-4.457381e-02
-4.110058e-02
7.298895e-02
8.923680e-02
2.738841e-02
-2.418178e-02
-4.880879e-02
1.735875e-03
4.540439e-02
-3.854359e-02
-6.080203e-02
8.680743e-03
-8.207567e-04
-2.876998e-02
3.565381e-02
1.217088e-01
5.883468e-02
-1.416343e-02
2.794751e-02
-9.265959e-03
4.995861e-02
-3.336754e-02
-6.053274e-03
5.616162e-02
-9.291342e-02
-4.327291e-02
-5.261018e-02
-1.973321e-01
-4.366930e-03
-8.887397e-02
-3.102563e-02
2.005367e-02
5.567250e-03
2.073145e-01
1.932917e-01
5.014006e-02
1.291194e-01
1.019478e-01
3.285952e-02
6.880487e-03
-2.509271e-02
2.168805e-02
-1.191183e-01
-2.037103e-02
-5.834635e-02
2.700007e-03
6.817739e-02
-5.257989e-02
-4.348287e-02
2.515765e-02
-4.498647e-02
-1.343478e-02
1.466141e-02
-2.195534e-02
-4.657382e-02
-6.769160e-02
-7.933022e-03
5.311688e-02
2.076076e-01
3.535477e-02
1.114127e-01
8.384867e-02
8.261680e-02
8.931389e-02
-7.037380e-02
-1.893427e-02
-2.494902e-02
1.635752e-02
-4.129935e-02
-2.748655e-02
-2.393801e-02
-7.809732e-03
-3.279457e-02
-4.725630e-02
3.551764e-04
-3.861215e-03
1.894499e-03
-3.523303e-05
3.057027e-03
2.227649e-03
1.948822e-03
-9.375733e-04
6.999014e-04
1.792441e-02
-8.571880e-02
-3.499642e-02
-3.484868e-02
-7.320715e-02
-6.774781e-02
-7.532399e-02
-7.955384e-02
-3.003730e-02
-1.504342e-02
6.894080e-02
1.272844e-01
-1.159104e-01
2.375671e-02
1.563998e-01
8.208212e-02
1.116066e-01
-6.515092e-02
1.041843e-02
3.457256e-02
-4.593601e-02
8.894534e-02
-2.664274e-02
-7.543521e-03
-8.643509e-05
3.346008e-02
6.258813e-02
4.704595e-02
1.136535e-01
-4.155926e-02
9.185837e-02
-9.152117e-02
-3.066626e-01
-1.235834e-02
-8.612659e-02
-3.866395e-02
2.422972e-02
3.166195e-02
3.214851e-02
9.261793e-02
1.631254e-01
2.589538e-02
5.703445e-02
-1.965081e-02
-4.823603e-02
-3.317875e-02
-3.025366e-02
-3.180994e-02
-1.672226e-02
-1.440337e-01
-8.967455e-02
-4.339818e-02
-6.207437e-02
-5.799754e-02
-1.798667e-02
-2.951086e-02
2.613188e-03
-9.888998e-02
-2.070505e-01
1.373972e-01
-1.016981e-01
7.022715e-03
1.501891e-01
-5.015137e-02
-1.436329e-02
6.856733e-02
-8.963340e-05
-9.414637e-03
2.061564e-03
-1.967683e-02
-1.395964e-01
-8.481824e-02
2.834627e-02
-2.602604e-02
-9.803738e-02
8.318718e-02
1.354178e-01
4.885344e-02
3.521079e-02
1.338403e-01
8.501527e-02
-1.866337e-02
3.641924e-02
2.999756e-02
1.296529e-02
6.302927e-02
-4.892513e-03
4.762698e-02
5.517614e-02
-1.911060e-02
6.492411e-02
4.666860e-02
-3.667371e-02
1.313024e-01
1.296252e-01
6.730295e-02
4.113670e-02
9.312139e-02
4.918372e-02
3.384653e-02
5.937358e-02
8.592313e-02
-4.770001e-02
2.166360e-02
8.478601e-02
-8.150163e-02
-2.675293e-02
2.817545e-02
-6.023537e-02
3.064819e-02
7.066619e-02
-1.662913e-02
2.148490e-02
5.709498e-02
5.728645e-02
-6.166005e-03
6.518818e-02
-5.356101e-02
1.658175e-02
-3.186025e-03
-9.507190e-02
-6.753989e-02
-6.488428e-02
-8.735766e-02
-7.712661e-02
-7.210861e-02
7.676210e-02
5.320603e-02
-9.235364e-02
1.766798e-01
1.565918e-01
-9.331351e-03
1.244037e-01
1.582528e-01
6.586741e-02
2.672481e-03
-2.529314e-03
-2.266682e-03
-1.549805e-03
2.230466e-03
2.825319e-03
2.516838e-03
3.021122e-05
1.697727e-03
-4.816633e-02
-2.460906e-01
-2.827799e-01
4.455425e-02
-2.634735e-02
-1.276097e-01
1.159057e-01
2.076158e-01
1.139507e-01
-4.782815e-02
6.302006e-02
-9.851062e-03
6.135727e-02
1.099670e-01
9.165047e-02
1.021710e-01
-5.323251e-03
3.305167e-02
3.728433e-02
5.570312e-02
6.285095e-02
-3.514503e-02
-8.090132e-02
-9.611204e-02
-1.094847e-01
-1.587269e-01
-1.513497e-01
-4.461376e-02
-1.608171e-03
-3.415403e-02
-9.242465e-02
2.621811e-02
6.564943e-03
-6.264314e-02
2.459208e-02
2.502753e-02
-2.161736e-02
-5.130750e-02
-9.042327e-02
7.405382e-02
1.233892e-01
7.879376e-02
1.019600e-01
1.752263e-01
1.589173e-01
-4.053221e-02
1.129558e-01
1.920726e-01
-1.099365e-01
-1.704522e-02
7.635712e-02
-1.214900e-01
-1.481831e-01
-1.460737e-01
-2.523007e-02
-4.315974e-02
1.876847e-02
4.800905e-02
-1.656738e-02
1.252093e-02
3.454428e-03
-9.766190e-03
2.773064e-02
-6.227116e-02
-5.501336e-02
-1.799918e-01
1.208945e-01
1.070155e-01
-2.317836e-02
2.712623e-01
2.718419e-01
1.276476e-01
-2.055509e-02
-5.041318e-02
-4.519603e-02
4.837944e-02
3.048850e-02
-2.382318e-02
6.306782e-02
3.959952e-02
-6.203195e-03
-1.390730e-02
8.421944e-04
-1.780938e-02
-9.359644e-02
-2.104337e-02
-7.151538e-03
-5.554360e-02
-1.673186e-02
-2.070095e-02
-1.277324e-02
-2.360104e-02
2.407176e-02
2.751917e-02
6.119616e-02
1.823886e-02
-1.494579e-03
8.796418e-02
5.139946e-02
-5.237067e-02
-4.060875e-02
4.881961e-03
-4.422998e-02
2.945950e-02
7.190092e-02
-2.423272e-02
-1.567140e-03
-1.115071e-03
2.777055e-02
1.449280e-02
4.954464e-02
-3.556498e-04
-3.832518e-02
3.859216e-02
1.734039e-02
-3.610051e-02
4.182024e-02
-1.094222e-02
2.605821e-03
-5.632920e-02
-5.529739e-02
-3.134399e-02
-1.133442e-01
-8.193641e-03
-8.446491e-02
-3.695247e-02
-3.477415e-02
-4.963867e-02
-2.032519e-02
-1.876370e-02
-1.392850e-02
-1.266865e-02
-8.030337e-02
-7.696703e-02
-2.876987e-02
-1.446348e-04
-8.994158e-05
1.033077e-04
5.606106e-04
3.749976e-03
-1.399010e-03
-2.705184e-04
3.023397e-03
2.173357e-03
-7.022773e-02
-8.847208e-02
-4.393043e-02
-3.821130e-02
-8.399474e-03
4.215984e-02
-2.527491e-03
4.436036e-02
9.599958e-02
4.615082e-03
-6.576144e-02
-2.617032e-02
-1.224674e-02
-2.926352e-02
1.103673e-03
-4.324811e-02
-8.495258e-02
-7.450969e-02
-1.515439e-02
-2.236492e-02
-9.517105e-03
-6.891941e-02
-5.194159e-02
-2.422227e-02
-3.745664e-02
-5.047167e-02
-4.866507e-02
-8.704112e-02
5.012840e-02
-3.289659e-02
-1.577196e-01
1.375116e-02
6.457774e-02
-1.138314e-01
3.838044e-02
1.276844e-02
-6.776620e-02
-1.584242e-02
-6.761122e-02
-2.850522e-02
-3.197090e-02
-6.515317e-02
1.703552e-02
1.237484e-03
-1.573493e-02
9.664944e-03
-9.147594e-03
2.784785e-02
-4.844007e-02
-7.098334e-02
-4.652391e-02
-4.095441e-02
-7.880589e-02
-6.838141e-02
9.256141e-02
-1.417679e-03
1.754761e-02
7.158648e-02
3.660116e-02
7.044011e-02
6.717210e-02
-3.002613e-02
-2.005250e-02
4.525772e-02
3.918658e-02
-5.126102e-02
-1.024890e-02
-5.033914e-03
-2.773817e-02
-8.178081e-02
-7.789408e-02
-4.569235e-02
-1.208462e-01
-3.523381e-03
2.779150e-02
-9.120094e-02
6.549587e-02
1.153338e-01
-1.264198e-01
-2.058107e-02
3.859308e-02
-2.968047e-02
-9.242237e-02
-4.121359e-02
-4.904194e-03
-6.608846e-02
-5.978488e-02
3.537359e-02
-9.796368e-02
-2.197403e-02
-8.364069e-02
6.515606e-02
1.414988e-01
-1.029415e-01
2.255252e-01
2.267029e-01
-4.657866e-02
1.545218e-01
1.104444e-01
2.577427e-02
1.925281e-02
3.362959e-02
3.974104e-02
-4.188994e-02
-7.172678e-02
9.297305e-02
-2.706836e-02
-2.721683e-02
6.725650e-02
-1.174640e-02
1.543939e-02
2.970747e-02
-5.449684e-02
3.317266e-02
-1.952921e-02
-2.750105e-02
1.438374e-02
1.342206e-02
-1.945084e-01
2.779008e-02
-7.312158e-02
-7.814444e-02
-9.308505e-02
-6.378973e-02
-2.871848e-02
-1.472870e-01
3.198520e-02
-1.911260e-02
2.668518e-02
2.829779e-02
2.462709e-02
5.533868e-02
1.440600e-02
-2.238735e-02
2.489586e-03
-4.028928e-04
3.449788e-03
-1.605182e-04
8.718925e-04
6.705715e-04
-9.306008e-04
-2.897181e-04
-1.254646e-04
-1.711848e-03
9.439799e-02
3.704563e-02
8.984075e-02
1.896842e-02
2.094521e-02
8.134054e-02
-3.509121e-03
-7.323116e-02
2.715897e-02
-1.593735e-02
-6.064903e-02
9.598873e-03
-5.965975e-02
-7.862382e-02
1.431217e-01
-1.025866e-01
9.845420e-03
5.115633e-02
4.971496e-02
5.875875e-02
1.344064e-02
4.962716e-02
-9.691894e-03
-4.020667e-02
3.469478e-03
-4.172095e-02
-2.382677e-02
-9.573278e-02
5.787380e-02
-1.549971e-01
-1.640369e-01
1.836718e-01
-2.104953e-01
-1.874086e-02
8.603874e-02
-5.700747e-02
-3.768797e-02
1.644615e-02
-1.018922e-03
-6.021710e-02
1.768139e-01
5.537640e-02
-4.533987e-02
7.094541e-02
-4.874278e-02
1.007532e-01
7.195537e-02
1.024904e-01
2.461487e-02
3.892818e-02
5.603536e-02
-4.891364e-02
-8.949909e-02
-8.285746e-02
3.356762e-02
-1.544530e-01
1.170694e-01
6.916193e-02
-2.317051e-01
1.579622e-01
5.440052e-02
-1.384313e-01
6.479349e-02
-1.123995e-01
-1.440774e-02
8.476122e-02
-3.036368e-02
7.704125e-02
1.101228e-01
-6.563737e-02
9.426755e-03
6.209137e-02
-5.715415e-04
-6.918713e-02
-5.929589e-02
1.822094e-02
-7.489150e-02
-8.389183e-02
6.370270e-02
-6.000947e-02
-8.978150e-02
6.756198e-02
2.638215e-02
-5.984446e-02
9.971479e-03
-1.403385e-02
-1.338455e-02
5.016312e-02
1.494374e-02
-3.027495e-03
2.125379e-02
1.177175e-01
8.784835e-02
-1.318463e-02
1.178619e-01
1.629465e-01
-4.314508e-02
6.111222e-02
1.255349e-01
1.596984e-03
6.027592e-03
-2.024575e-02
4.453352e-02
7.317153e-02
3.474271e-02
9.665864e-02
7.454285e-02
1.459551e-02
4.595279e-02
-9.252248e-04
2.051083e-03
5.495080e-02
-4.507529e-04
-2.663895e-02
3.171671e-02
5.788599e-02
-1.980075e-02
-5.607018e-03
-4.201442e-04
-6.005180e-02
1.195040e-02
-1.083872e-02
-1.486387e-01
3.831489e-02
-4.913126e-02
-1.373009e-01
6.054199e-02
4.809216e-02
1.092162e-01
1.593574e-03
-3.940728e-02
2.968388e-02
2.846334e-02
-2.863537e-02
3.156675e-02
-7.903194e-04
2.868411e-03
2.579181e-04
-9.944843e-04
1.770473e-05
-4.153279e-04
4.551913e-04
2.379938e-03
-7.601821e-04
-1.771636e-02
3.559002e-02
4.794009e-02
-1.796959e-02
1.199009e-02
6.500622e-02
-6.911129e-02
-1.791343e-02
4.345530e-02
1.923511e-01
7.852188e-02
6.890488e-02
1.833227e-01
8.822607e-02
6.277758e-02
1.203554e-01
1.708043e-01
1.078242e-01
-9.578976e-03
-1.057613e-01
-9.316851e-02
-5.791655e-02
-1.182365e-01
-6.492240e-02
-3.933491e-02
-2.092209e-02
1.507814e-04
8.096235e-02
7.770910e-02
-9.303247e-02
6.673190e-02
6.166223e-02
-5.631194e-03
1.450512e-01
1.182091e-01
9.789434e-02
1.571837e-02
8.011425e-02
5.975061e-02
3.949680e-02
4.555864e-02
4.739159e-02
1.639837e-02
6.593078e-02
8.833293e-02
1.404874e-02
-4.032888e-02
-8.509768e-02
4.744297e-02
-3.094652e-02
-1.044252e-01
3.587441e-02
-3.634726e-02
-6.781168e-02
1.072025e-01
2.573890e-02
6.643485e-02
6.145294e-02
1.243936e-02
4.946999e-02
7.920370e-02
3.961897e-02
4.986493e-02
6.541400e-02
-7.768743e-02
-1.376241e-01
4.307098e-02
-1.271091e-01
-1.040711e-01
3.496179e-02
-9.186928e-02
-1.774838e-02
5.704683e-02
1.488462e-01
1.161123e-01
6.808242e-02
1.201560e-01
1.014381e-01
1.954121e-02
6.989872e-02
-1.885347e-03
-4.852403e-02
2.269362e-02
4.512065e-02
-2.658031e-02
4.645346e-02
4.719568e-02
7.829454e-03
7.771785e-02
4.027355e-02
-7.932032e-02
-3.108471e-02
5.523370e-02
-1.061455e-01
-7.436545e-02
4.010106e-02
-3.373425e-02
-1.131819e-02
-1.334390e-02
6.004272e-03
4.046117e-03
-3.344748e-03
5.786718e-02
4.315706e-02
-6.304511e-02
-2.353800e-02
-3.510776e-03
-1.126989e-02
-6.697211e-02
-1.279442e-01
-1.167891e-01
-9.903861e-03
-4.499771e-02
1.121735e-02
3.324856e-02
6.024245e-02
1.024656e-01
-4.174943e-02
-1.378109e-01
-2.026112e-02
-2.617263e-03
-8.861002e-02
-2.390697e-02
2.722199e-02
2.747553e-02
-1.259243e-02
-3.611568e-02
-8.272775e-02
-8.094245e-03
-1.185487e-02
-5.845176e-02
-2.036676e-02
8.048586e-02
7.757223e-02
1.560725e-02
-2.354119e-03
-6.859074e-05
-6.957690e-04
3.492458e-03
-8.968852e-04
-2.248425e-03
4.352335e-04
-6.314111e-04
2.922690e-03
4.206486e-02
9.794585e-02
1.094476e-01
-2.259260e-02
-1.549159e-02
7.958330e-03
4.635940e-02
-2.163747e-02
-7.841395e-02
-1.057010e-02
-4.031750e-02
4.673801e-02
-2.570372e-02
-8.882432e-02
2.076491e-02
-6.665194e-02
-4.749544e-02
5.716908e-02
-8.776756e-02
-7.601731e-02
-6.511603e-02
-8.199069e-02
-8.889371e-02
-8.913655e-02
-3.013215e-02
-3.119470e-02
-6.016001e-02
-1.220694e-01
3.176295e-02
-2.201652e-02
-6.608979e-02
1.331584e-01
-3.830185e-02
-7.635123e-02
1.185227e-01
2.473104e-02
4.124368e-02
-1.863609e-02
-2.318466e-02
4.015994e-02
4.800774e-02
-5.687607e-03
4.528854e-02
7.182016e-02
-6.664701e-02
5.656349e-02
7.435201e-02
7.581381e-02
-1.976028e-02
3.948769e-02
3.686710e-02
-8.941551e-02
-4.940515e-02
2.199608e-02
-2.278999e-02
-3.061260e-02
-4.683619e-02
6.094507e-03
-7.904257e-02
-6.040153e-02
4.198952e-02
-6.488118e-02
2.166377e-02
-6.766130e-02
-6.577431e-02
-6.573635e-03
-4.013467e-02
-1.693928e-02
5.195851e-03
1.191413e-02
6.846979e-02
5.053781e-02
6.827634e-02
4.368937e-02
-3.702078e-02
-5.229862e-02
6.466815e-02
5.341412e-02
-4.398982e-02
-1.110672e-02
-9.576134e-02
-1.126633e-02
-2.817680e-03
-2.440316e-02
1.348200e-01
1.332941e-01
7.409389e-03
1.842377e-02
1.169049e-01
5.834039e-02
2.444598e-01
1.459550e-01
-7.326710e-02
-1.536734e-02
1.037270e-02
-4.116561e-02
8.480553e-03
9.566404e-02
-5.949242e-02
-9.347316e-02
1.062130e-01
1.267399e-01
3.673474e-02
1.623103e-02
-6.345679e-02
2.761845e-03
-3.134628e-02
-7.715028e-03
-7.476117e-02
-1.196676e-01
-1.086312e-01
1.073188e-02
3.559648e-02
2.002584e-02
4.249550e-02
4.359864e-02
5.721516e-02
1.230092e-01
8.183035e-02
5.149495e-02
3.293969e-02
1.516795e-02
5.140843e-02
3.018507e-02
1.214608e-02
2.203663e-02
6.016923e-04
4.777220e-02
1.059353e-02
-9.250884e-02
-5.134752e-02
-2.326903e-02
-3.262261e-02
3.009702e-02
8.126098e-03
-1.101655e-03
-7.457659e-05
-1.333612e-03
1.915493e-03
-8.480343e-04
2.281929e-03
2.525941e-03
2.276602e-03
3.318795e-03
1.158996e-01
9.257837e-02
5.610521e-02
-5.148511e-02
-5.226891e-02
-3.525630e-02
-2.367323e-02
-2.840275e-02
-9.967002e-02
5.054578e-02
8.698175e-02
4.170128e-02
6.327570e-02
-4.186499e-02
7.425068e-02
-9.275935e-02
-5.991688e-02
-3.600626e-02
9.938844e-03
3.825194e-02
5.553483e-02
2.041380e-02
2.976921e-02
-7.691242e-02
-8.134419e-02
-7.691541e-02
-3.471766e-02
-9.612045e-02
-9.928744e-02
1.051803e-01
2.108489e-01
1.539426e-01
-5.512604e-02
-1.012622e-02
9.007581e-02
9.009119e-02
2.171744e-02
-1.042273e-01
-3.831017e-02
-5.765662e-02
3.042037e-02
1.939065e-02
3.136514e-02
8.828498e-02
-1.211223e-02
-2.349197e-02
5.748673e-02
7.600956e-02
-7.134113e-02
-5.454507e-02
-1.337184e-01
-4.875234e-02
-5.602745e-02
-1.139209e-01
-1.294643e-01
9.609939e-02
9.231195e-02
8.152830e-02
-1.081272e-02
-9.360918e-02
2.975565e-02
-3.073304e-02
2.281382e-03
-3.033258e-02
-7.763337e-02
-4.791678e-02
3.473201e-02
-4.975338e-02
-4.765929e-02
5.320571e-02
1.731416e-02
6.954625e-02
-2.143704e-02
-2.362914e-03
1.126951e-01
-8.421197e-02
-9.819935e-02
2.550334e-03
2.996492e-03
-4.500203e-02
-1.776260e-02
3.325147e-02
4.276500e-02
1.161623e-02
1.602374e-02
6.279486e-02
5.831647e-02
-2.452464e-02
-1.390408e-03
-1.746619e-02
-5.388618e-02
-4.520462e-02
-1.947790e-02
-1.390260e-01
-1.613193e-01
-1.396930e-01
-1.069870e-01
-1.032815e-01
-1.417994e-01
-1.132874e-02
1.044171e-02
1.600164e-02
2.632567e-02
8.933486e-03
6.043755e-02
-3.251966e-02
8.779469e-03
8.838015e-02
-3.071936e-02
1.783202e-02
3.109978e-02
-3.394853e-02
4.250564e-02
4.921611e-02
-6.634937e-02
-1.450167e-02
-4.285652e-02
8.418376e-02
-3.792716e-02
-4.483892e-02
3.720180e-02
1.178741e-01
8.153804e-02
3.114163e-02
1.534490e-01
1.014176e-01
-4.020392e-02
-2.685795e-02
2.532690e-02
-7.728915e-03
-1.873459e-02
-4.773373e-02
6.111160e-02
5.493519e-02
3.921582e-03
-4.726217e-04
1.373329e-03
-1.753846e-03
1.448941e-03
7.318483e-04
-1.011158e-03
-9.166095e-05
-1.399109e-03
2.565501e-03
-1.138105e-01
-5.442018e-02
-3.560661e-02
-4.971052e-02
-8.801987e-02
-7.345530e-02
4.050948e-02
-1.569788e-02
-2.802325e-02
3.907773e-02
3.365533e-02
8.770688e-03
7.740927e-02
2.518408e-02
5.810602e-02
7.003284e-02
1.257014e-01
2.653742e-02
6.753052e-02
6.469202e-02
1.511336e-02
7.154097e-02
6.966811e-02
4.744112e-02
-7.389103e-03
1.587700e-02
1.881547e-02
1.972521e-02
-5.121769e-02
-7.318991e-02
6.013565e-02
3.040464e-02
-5.301240e-03
1.092611e-03
-6.701427e-02
-2.072333e-03
-2.639632e-02
-7.613685e-03
7.009304e-02
-1.174018e-01
7.574500e-03
-4.116834e-02
-1.538030e-01
-9.151700e-02
-4.873921e-02
-1.474504e-01
-1.149704e-01
-9.926526e-02
-1.126363e-01
-1.275441e-01
-1.132055e-01
-5.984128e-02
-1.373085e-01
-8.585449e-02
-3.051302e-02
-6.893072e-02
-2.539844e-02
9.581385e-02
7.570897e-03
-7.781039e-02
-4.632592e-02
2.658760e-02
2.039239e-02
9.542114e-02
6.768442e-02
1.057728e-01
1.125752e-01
1.626451e-01
1.616574e-01
6.037691e-02
9.296539e-02
9.507864e-02
9.088423e-02
1.222164e-04
-7.008777e-03
8.140858e-02
3.392795e-02
-8.313419e-03
7.301994e-02
-1.287940e-03
4.265707e-03
-5.824761e-02
-6.602325e-02
-2.618096e-03
-1.141753e-02
-1.094122e-02
2.754351e-02
5.170290e-02
6.157411e-02
7.237823e-02
1.317809e-02
-1.274840e-02
-4.377297e-02
4.303864e-02
4.020705e-02
3.027734e-03
6.245369e-02
5.818417e-02
3.275955e-02
2.260957e-02
-1.207347e-02
-2.391843e-02
-8.114677e-03
-4.557325e-02
-1.413713e-02
-3.680187e-02
-6.555388e-02
-2.395784e-02
-5.303233e-02
-3.803984e-02
-1.045148e-02
1.180037e-02
5.128261e-02
6.312939e-02
6.178520e-02
1.001383e-01
8.273008e-02
4.277335e-02
-2.018996e-03
4.443860e-02
-1.581578e-02
2.871463e-03
-1.046077e-02
-1.544424e-02
8.459066e-04
-1.775579e-03
-1.087764e-01
-3.648337e-02
1.096613e-02
-8.515091e-02
2.429018e-02
5.524272e-02
-6.911479e-02
1.409615e-02
5.323248e-02
-1.900956e-03
-7.325076e-04
-1.869747e-04
-6.107528e-03
-3.400487e-05
-1.888014e-03
-5.008159e-04
-1.876607e-03
-7.775024e-04
-1.722231e-02
-4.414683e-02
-4.162636e-02
-6.314111e-03
-6.319260e-03
-3.154977e-02
-3.539189e-02
9.070948e-03
3.419880e-02
-2.625935e-02
-6.129553e-02
-5.372880e-02
-6.839181e-02
-7.644197e-04
-3.917064e-04
3.953994e-02
2.783132e-02
-6.087788e-03
-4.675802e-02
-4.373728e-02
-3.726681e-02
-1.532463e-02
-5.680816e-02
-1.115207e-01
-2.608167e-03
-9.267362e-02
-1.245874e-01
2.338296e-02
-4.290380e-02
-8.120919e-03
8.555933e-03
-6.198320e-02
5.570972e-02
-3.371618e-02
-5.402665e-02
-1.201438e-02
2.719544e-02
-5.491529e-03
-2.171867e-02
2.542151e-02
-4.494244e-03
9.182352e-03
5.096963e-02
-2.726092e-03
-6.229716e-03
9.817464e-03
-2.433230e-02
-6.645723e-02
3.771236e-02
4.446481e-02
1.037623e-02
2.749377e-02
2.044733e-02
-3.504082e-02
-2.304903e-02
6.687377e-03
4.561110e-03
-1.880394e-02
4.329374e-02
5.977176e-02
2.570826e-02
-1.334723e-04
4.876021e-02
-1.767615e-01
-1.446443e-01
-6.942976e-02
-1.789693e-01
-1.309328e-01
-4.754033e-02
-9.892321e-02
-1.777269e-02
4.041248e-02
-2.427840e-02
-4.828539e-02
-7.718829e-03
-3.041747e-02
4.692563e-02
9.212525e-02
2.004572e-02
-3.359604e-02
5.892780e-02
-9.438639e-02
-7.092024e-02
-1.004217e-01
-1.812051e-02
-7.986339e-02
-6.078879e-02
2.288935e-02
-5.556960e-02
-8.188231e-02
-9.024564e-02
-1.002429e-01
-3.055068e-02
-1.482748e-01
1.265403e-01
4.335561e-02
-5.958559e-02
1.069035e-02
2.782960e-02
-5.385878e-02
3.497822e-02
-9.660178e-03
3.590754e-02
-6.542538e-03
-3.208854e-03
-5.853064e-02
1.549751e-01
7.950522e-02
-1.849806e-02
2.602327e-02
9.072070e-03
5.594113e-02
-1.137339e-01
-2.829310e-02
-6.661285e-02
-3.118491e-02
-1.564414e-01
-1.732985e-02
7.544692e-02
1.435147e-01
2.086438e-02
4.158030e-02
4.096152e-02
6.613544e-02
1.325747e-01
4.865339e-02
1.073107e-02
-9.567083e-02
-5.774798e-02
-4.067701e-02
-1.160769e-01
-1.635149e-01
-6.484558e-02
-9.819523e-02
-9.399477e-02
-7.344793e-04
-5.002386e-04
3.818400e-03
1.596792e-04
-1.847522e-03
-1.177173e-03
-1.895612e-03
1.434274e-03
4.768065e-04
1.904374e-02
-5.607640e-02
-4.223413e-02
-3.785377e-02
-4.046027e-02
-9.921676e-03
1.471631e-02
-7.297321e-02
-1.209927e-01
-3.137871e-02
1.311552e-01
1.627222e-01
1.718760e-01
-7.184294e-02
5.958387e-02
1.282255e-01
8.232408e-02
-1.246989e-05
-3.497245e-02
-9.343032e-02
-8.659787e-02
-5.836768e-02
-1.233722e-01
-6.348713e-02
-5.567360e-02
-5.214839e-02
7.957760e-02
-8.408850e-02
4.028390e-02
1.747128e-02
-3.041444e-01
2.561388e-01
-2.291862e-01
-7.164270e-03
-9.989765e-02
-2.274992e-02
5.781079e-02
-5.605210e-02
8.447638e-02
-9.172415e-02
2.152056e-01
-6.738024e-03
-9.869820e-02
6.504523e-02
1.091651e-01
8.371020e-02
1.299418e-01
5.170612e-02
1.260454e-01
1.902211e-01
4.460019e-02
1.484614e-01
1.144017e-01
8.908133e-02
1.008321e-02
-1.715713e-01
1.497726e-01
1.214750e-01
-1.856503e-01
1.046269e-01
-6.000842e-02
-2.554090e-02
5.319528e-02
-1.882485e-01
-2.588678e-01
-1.430005e-01
-6.100825e-02
-2.431936e-01
-1.618221e-01
-3.680175e-02
-1.987099e-01
-1.277645e-01
-2.203675e-02
2.559102e-02
8.731502e-02
-6.145260e-02
2.987262e-02
1.643878e-01
-3.456150e-02
-6.650234e-02
-1.747611e-03
6.299733e-02
6.774917e-02
1.469022e-02
4.516742e-02
1.520456e-01
6.977104e-02
-1.182470e-01
-6.802039e-02
-2.951635e-02
1.554978e-02
7.300995e-02
4.912754e-02
-4.794667e-02
7.341082e-02
1.196245e-01
8.568514e-02
4.433424e-02
-3.128755e-02
-2.635901e-02
-7.369920e-03
6.486485e-02
-3.285467e-02
-5.009518e-02
-9.951963e-02
-3.601688e-02
5.558112e-02
6.202294e-02
2.828879e-02
4.801410e-02
5.039083e-02
3.555202e-02
1.133612e-01
1.185511e-01
-8.063070e-02
-1.018259e-02
-4.467693e-02
8.722318e-02
1.431384e-02
-8.300661e-02
7.346672e-02
1.889989e-01
3.024271e-02
1.604870e-03
1.769090e-01
1.425049e-01
5.644035e-02
6.628371e-02
4.849004e-02
-1.737276e-02
2.425503e-02
-5.411867e-02
2.885444e-02
7.275087e-02
4.002967e-02
3.335843e-03
-4.540825e-04
-3.155740e-03
-1.428004e-03
3.793390e-04
-1.674535e-03
2.419600e-03
-2.058345e-04
1.937301e-03
-1.151813e-01
-5.416124e-02
-5.648898e-02
1.154499e-02
5.480541e-02
-2.576405e-02
8.460665e-02
1.985094e-01
1.163506e-01
4.797962e-02
-2.004171e-02
8.846565e-02
6.168780e-02
-7.810337e-04
-2.763353e-02
-3.667310e-03
1.382092e-01
-7.367918e-02
-3.721308e-02
1.663096e-02
-4.134606e-02
-1.211947e-02
2.625981e-03
-7.978225e-02
-1.000130e-01
-5.961731e-02
-3.995291e-02
-4.772926e-03
9.118497e-02
-1.683335e-01
-6.475811e-03
1.664062e-01
5.164920e-02
2.157578e-01
-2.930830e-02
2.039859e-01
8.476901e-03
5.712410e-02
9.741168e-02
1.026393e-02
2.240677e-01
1.018830e-01
-1.736690e-02
-6.882188e-03
8.616763e-02
-5.431890e-02
-3.955265e-02
-1.753531e-02
-2.509902e-02
6.288768e-02
-5.817907e-02
3.088025e-02
2.556592e-02
1.970591e-02
-1.127576e-01
-1.160245e-01
1.346219e-01
1.084289e-01
3.435365e-02
-1.242042e-01
-6.565977e-02
1.440735e-01
2.233035e-02
-1.965126e-02
-4.550360e-02
-2.639137e-02
4.587758e-02
1.149537e-01
1.141875e-01
-2.508191e-02
-3.361713e-02
4.699908e-02
-9.119387e-03
-4.341022e-02
-3.889931e-02
-6.577598e-03
-1.013390e-02
-1.981064e-02
-2.647264e-02
-6.122944e-02
-3.291077e-02
-8.300286e-03
-2.052759e-02
-3.417160e-02
-7.542004e-03
-4.974392e-02
-7.261294e-02
1.223991e-02
-1.738979e-02
-2.492617e-02
1.716158e-02
3.355518e-03
-5.825892e-03
5.050291e-02
2.769160e-02
5.109980e-02
2.646386e-02
1.242624e-02
4.381491e-02
-9.936573e-03
-5.292337e-03
-2.208558e-03
-1.191078e-02
-1.820731e-02
9.498812e-03
1.125628e-02
-5.702780e-03
2.111006e-02
-3.058992e-02
-3.273083e-02
-2.957639e-02
8.940966e-03
-1.203070e-02
-3.033847e-02
3.562621e-02
4.136445e-02
1.691603e-02
-1.572660e-02
-3.445673e-02
-5.036368e-02
-4.462684e-02
-7.083451e-02
-7.370543e-02
-2.199386e-02
-4.178323e-02
-7.031894e-02
-3.372242e-02
-1.390269e-03
7.217498e-03
-3.365663e-02
-2.332227e-03
3.011137e-02
1.857026e-03
-2.471492e-03
-1.672678e-02
-2.132198e-03
4.291797e-04
4.612566e-04
1.273122e-03
1.976334e-04
3.263689e-03
-9.835706e-04
-3.879326e-03
2.715012e-04
7.338247e-03
-9.406745e-03
5.887577e-03
1.783515e-03
-1.181896e-02
5.279820e-03
-1.511311e-02
4.354709e-03
-9.538222e-03
6.682018e-03
-9.614740e-03
-3.566846e-02
1.096433e-03
-1.049339e-02
-5.432304e-02
5.221993e-02
-4.061334e-02
-5.732970e-02
-6.222522e-03
-3.231174e-02
-4.580507e-02
-4.000446e-02
-7.040672e-02
-9.258308e-02
-1.493961e-03
-4.874916e-02
-4.573881e-02
1.120166e-02
-6.483219e-02
-6.258746e-02
1.207202e-02
-5.040058e-02
-5.239655e-02
-3.974101e-02
-6.642912e-02
-1.858987e-02
-3.861193e-02
-6.090153e-02
6.863209e-04
-2.520476e-02
-4.316321e-02
-1.099133e-02
-3.061458e-03
2.139148e-02
7.563680e-02
-2.495452e-02
-4.049225e-02
-3.620168e-02
-6.820180e-02
-3.842045e-02
-7.918517e-02
-3.513437e-02
-1.840943e-02
-2.768316e-02
-7.668020e-02
-2.906590e-02
-3.597547e-02
-9.564367e-02
-6.097034e-02
-5.508881e-02
-3.005449e-02
-1.660486e-02
-5.169434e-02
2.013146e-02
-1.088378e-02
-4.040542e-02
8.889351e-03
-4.729817e-02
-7.217876e-02
4.302878e-02
9.279919e-03
-7.052588e-02
-2.871283e-02
-4.192068e-02
-7.890071e-02
3.086046e-02
5.173510e-02
-5.243040e-02
-2.306909e-02
9.290125e-02
6.578266e-02
-5.146424e-02
-1.110069e-01
-6.880601e-03
-4.087862e-02
-1.151957e-01
4.800909e-03
-7.822227e-02
-4.810141e-02
-2.733446e-02
-8.589300e-03
-1.022461e-01
-8.311827e-02
7.145454e-02
-1.232421e-01
-4.140322e-02
-1.186366e-01
-5.904352e-02
-1.419300e-02
1.047624e-01
-6.377628e-02
-2.606135e-02
-1.370921e-01
5.668891e-02
2.047398e-02
-4.859313e-03
2.958259e-04
1.577710e-02
-1.065965e-01
-2.356156e-02
-1.365890e-01
6.253916e-02
2.990811e-02
-7.769070e-02
5.743480e-02
-5.531426e-02
3.786660e-02
-4.042644e-02
1.225572e-01
-2.590219e-02
-4.015196e-03
-4.155074e-02
-3.417354e-02
9.800365e-02
-2.795169e-02
1.119366e-01
-1.119139e-01
-1.320841e-02
-1.153310e-01
2.777762e-02
-2.371910e-02
1.065215e-02
6.069179e-02
4.926924e-02
1.820891e-02
-1.490842e-03
-2.035245e-03
-8.720743e-04
3.314920e-04
-6.146343e-04
-2.954662e-03
7.878976e-04
-4.308215e-04
-1.378376e-03
-1.730754e-01
-1.419898e-02
3.445773e-02
2.410689e-03
-3.827050e-02
-1.175773e-02
8.402736e-02
1.014476e-01
-5.060225e-02
-3.558822e-02
1.019736e-02
-1.184186e-02
-6.308607e-02
2.333371e-01
-2.124967e-02
5.337375e-02
-1.502581e-01
2.080185e-01
2.707822e-03
-4.003478e-02
7.548773e-03
-7.363272e-02
1.452196e-02
-5.526510e-02
-2.640174e-02
-1.284521e-02
-4.236756e-02
2.363023e-01
-1.410578e-01
1.678754e-01
1.021962e-01
-2.600937e-01
2.311545e-01
-1.277230e-02
-3.653281e-02
-2.046164e-01
-1.112237e-02
4.431452e-02
-9.486448e-02
1.619030e-01
-1.742636e-01
8.253988e-02
-7.473892e-02
8.463111e-02
-5.792125e-02
4.442557e-02
-3.048691e-03
6.544957e-04
2.692695e-02
5.716208e-02
1.195847e-01
-5.360873e-02
-8.490020e-02
-9.006658e-02
3.723302e-02
6.722067e-03
-1.058894e-01
-1.498836e-01
2.511464e-01
1.712205e-02
6.453813e-02
-1.213630e-01
2.228485e-02
-7.876395e-02
3.984017e-02
-1.136335e-01
-3.277507e-03
8.013894e-02
-3.521918e-02
-4.082178e-02
8.363532e-02
1.891823e-02
3.894341e-02
4.830185e-04
3.781607e-03
2.737447e-02
-1.356456e-02
-2.474342e-03
3.546384e-02
2.901649e-02
1.902161e-04
-8.210478e-02
-3.693021e-02
-3.224542e-02
-5.122938e-02
-2.273135e-02
1.143378e-02
-6.248039e-02
-3.196686e-02
-5.956602e-02
-1.033914e-01
-1.278590e-01
1.732829e-03
-1.657415e-01
-1.461779e-01
2.933101e-03
-8.384568e-02
-2.050741e-02
5.941273e-02
6.678046e-02
3.308924e-02
2.970739e-02
6.947045e-02
4.611482e-02
7.121953e-02
1.753687e-02
1.124624e-02
-2.157704e-03
-3.343834e-02
-5.666056e-02
-1.987819e-02
1.530577e-02
-2.903948e-03
3.324162e-02
-9.350206e-04
1.733838e-02
7.194727e-03
-2.728618e-02
-8.520296e-02
-7.406550e-02
-1.822342e-01
-3.647497e-02
5.166095e-02
-8.812110e-02
1.645514e-02
1.013609e-02
-1.079164e-02
-2.155420e-02
4.973663e-02
5.590824e-03
-1.277807e-02
5.694010e-03
3.982887e-02
-1.280502e-02
6.979456e-03
-2.702390e-03
1.108637e-03
3.139430e-04
-8.304547e-05
-1.809133e-03
-7.508383e-04
2.000977e-03
3.463653e-03
3.920872e-04
-8.200432e-02
4.621946e-02
1.044249e-03
3.149475e-03
3.800941e-02
-2.331448e-02
5.421893e-02
4.133496e-02
-3.369066e-02
4.243282e-02
-4.356245e-02
-9.571521e-02
3.967028e-02
-2.341108e-02
-8.322474e-03
-5.432912e-02
-5.021206e-04
-1.177763e-02
4.025337e-02
3.028904e-02
-2.944358e-02
2.670062e-03
1.954657e-02
-3.370006e-02
3.699368e-02
1.658262e-02
2.557085e-02
-6.542367e-02
8.900066e-02
8.809604e-02
-6.541175e-02
1.533707e-01
1.477015e-01
-4.722944e-02
-3.921704e-02
1.543958e-02
-3.950084e-02
-5.269936e-02
6.073659e-02
-1.532763e-01
-2.368899e-03
7.109371e-02
-7.598506e-02
-2.821453e-02
6.333842e-02
2.739270e-02
3.846502e-02
5.015240e-02
2.477957e-02
9.129537e-02
4.451505e-02
-9.470911e-05
9.303732e-02
2.566719e-02
1.366267e-01
2.311079e-02
-1.652367e-01
2.006258e-01
5.272049e-02
-1.420210e-01
4.539135e-02
7.845400e-03
-1.280959e-01
-8.454746e-02
-2.919439e-02
8.871261e-02
-6.456581e-02
-3.057049e-03
9.460542e-02
-8.803389e-02
-6.203484e-02
-2.065259e-04
-4.338880e-02
-1.427262e-02
-7.410628e-02
-1.230709e-02
-7.239880e-02
-6.525932e-02
-9.652557e-02
-4.109597e-02
-3.473901e-02
-8.651107e-02
-4.355019e-02
5.307127e-02
-9.010863e-03
8.992890e-02
8.904092e-02
1.244545e-01
1.800302e-01
5.436262e-02
4.149422e-02
1.553820e-01
2.612588e-02
4.678979e-02
-4.885302e-02
-4.129163e-02
9.318594e-03
-2.162577e-02
-1.045608e-01
-1.181368e-02
-6.556240e-03
-1.442112e-02
-4.294460e-02
2.270736e-02
4.174905e-02
-1.346491e-01
-1.686176e-01
-1.759309e-01
-7.800047e-02
-1.730026e-02
-3.723841e-03
6.357098e-03
6.368933e-02
1.043075e-01
1.060376e-01
1.040604e-01
1.327463e-01
-5.892771e-02
-2.086374e-03
-1.142602e-01
2.034580e-02
-5.471266e-03
1.402236e-01
-2.665401e-02
2.940853e-01
2.766789e-01
1.975161e-02
4.697621e-02
6.501581e-03
1.936824e-02
3.925297e-02
4.051141e-02
-4.724128e-02
-5.624151e-02
-7.187182e-02
-1.109121e-03
-3.930414e-03
-1.477595e-03
-7.092119e-04
1.349616e-03
4.393490e-04
-2.493067e-04
2.936521e-03
-3.804004e-06
-3.710813e-03
4.711328e-02
2.016667e-02
-2.290485e-02
2.919260e-02
4.103560e-02
-8.665591e-02
-5.304477e-02
-5.956174e-02
-2.091836e-02
6.446416e-02
-1.027930e-02
8.873539e-02
-5.779115e-02
-4.964501e-02
2.459530e-02
-1.767984e-02
3.492228e-02
-3.145745e-02
-4.278111e-03
-8.309049e-03
6.422380e-02
9.627710e-02
-5.700142e-03
4.254882e-02
2.818794e-02
-9.777647e-02
-1.062129e-02
-1.599949e-02
2.587766e-02
1.868646e-02
6.376731e-02
1.066643e-01
2.589414e-02
-1.075216e-02
-5.936488e-02
9.498303e-02
8.724324e-02
-7.434141e-03
-7.829966e-02
-5.468631e-02
8.566038e-02
1.569917e-02
9.685416e-02
-2.922749e-02
-2.789587e-04
-2.143480e-02
2.198219e-02
-2.426982e-02
-2.286831e-02
-1.742094e-02
1.142435e-01
1.267781e-01
-4.184670e-02
5.546257e-02
-8.052773e-02
3.769547e-02
2.278786e-02
6.921671e-02
1.484280e-01
7.135633e-02
2.440865e-02
-9.444271e-02
-5.056663e-02
-1.118911e-01
-1.248019e-01
-2.083167e-02
3.080612e-02
2.211521e-02
1.062283e-01
1.302474e-01
7.551846e-02
