-4.531953e-03
5.972265e-02
-5.798103e-02
2.762477e-03
-6.966911e-02
-5.855292e-02
6.506813e-02
6.444025e-02
-3.330748e-02
5.555634e-02
3.516750e-02
9.623465e-03
1.640097e-02
2.840566e-02
1.998831e-02
6.842418e-02
7.963778e-03
6.890856e-02
-1.248377e-02
4.219129e-02
-4.745457e-03
-5.015422e-02
-1.809479e-02
-2.544392e-02
3.056119e-02
2.465960e-02
1.246281e-01
4.855914e-02
1.996888e-01
2.742996e-02
1.736840e-02
-3.685529e-02
-7.847997e-02
2.922603e-02
-2.431163e-02
2.156077e-03
-2.874410e-02
-1.667283e-01
3.720133e-02
-3.128358e-02
-1.533212e-02
3.735363e-02
2.566740e-02
6.610145e-02
1.305959e-02
-1.648049e-02
-4.217822e-03
-7.450366e-03
7.985759e-03
-2.901180e-02
-1.203368e-02
-1.150779e-02
5.934702e-03
-3.826847e-02
-3.574359e-02
-1.216658e-01
1.514909e-02
-1.338057e-02
7.152764e-02
-3.666500e-02
9.011047e-02
1.998985e-02
-6.255316e-02
-2.481849e-02
-1.697935e-01
3.448766e-02
1.968524e-02
1.436725e-01
-5.053449e-02
-5.267630e-02
-1.242620e-01
-1.503786e-01
-1.199721e-01
-1.159483e-01
1.921603e-01
4.779659e-02
-1.348540e-02
4.761201e-02
1.019575e-01
1.387315e-01
1.742141e-02
-5.489216e-03
-3.647912e-02
-1.747432e-02
1.228482e-02
1.378823e-02
-4.088262e-02
-3.556689e-03
-6.352058e-02
-5.335065e-02
4.661545e-03
-1.639574e-02
1.571795e-01
-3.380093e-02
5.788740e-02
-1.443774e-02
-5.222618e-02
-4.950796e-03
8.673485e-02
-1.275737e-01
-2.774471e-01
-2.523917e-01
2.092311e-02
-1.260383e-01
2.771676e-02
-6.111662e-02
1.949763e-02
1.018696e-02
1.341375e-02
7.426455e-02
-3.487411e-02
1.751225e-02
4.100887e-03
-5.285779e-03
1.480463e-03
2.888916e-02
3.828948e-02
-1.787493e-01
2.143541e-01
-3.785602e-02
-2.471988e-02
1.841963e-01
-5.478817e-02
6.458467e-02
-9.070028e-02
-1.475914e-02
6.017012e-02
-1.088554e-01
-5.032358e-02
6.471492e-02
-6.934748e-02
-3.796554e-02
3.020970e-02
7.753948e-02
1.268707e-02
-6.590110e-02
1.410509e-01
-8.011730e-02
-1.298479e-01
-5.511422e-02
-1.183713e-01
2.775979e-02
-7.076620e-02
1.844397e-02
-5.576603e-03
2.987480e-02
4.106536e-03
-3.202620e-03
2.205627e-02
-8.727336e-03
-5.280054e-02
-3.602217e-02
-3.743351e-02
-3.694904e-02
-4.320788e-02
-2.738259e-02
-4.222314e-02
-1.743516e-02
-2.557450e-02
-4.585868e-02
-1.960811e-02
-3.653301e-02
-1.818775e-02
-2.852648e-02
-4.887787e-02
2.377741e-02
1.140706e-03
-4.571840e-02
5.248999e-02
8.743024e-03
-3.981374e-02
6.878050e-02
1.131397e-01
4.123150e-02
8.264113e-02
1.414501e-01
5.155646e-02
-2.258986e-02
-1.815874e-02
-1.078554e-02
3.299300e-02
-1.766767e-02
-4.751524e-02
6.617422e-02
1.746995e-02
-1.625019e-02
-2.644094e-02
-8.254399e-03
-5.917136e-02
-4.293654e-02
3.361997e-03
9.874046e-05
-3.341188e-02
-7.827675e-03
1.477249e-02
-2.949980e-02
-1.364788e-04
8.504365e-03
5.448048e-02
4.343174e-02
-2.128623e-02
3.336213e-03
2.628399e-02
1.217540e-03
-9.407410e-02
-2.310349e-02
-7.981870e-02
-8.643208e-03
-1.974968e-02
-4.956313e-02
-4.573287e-02
-1.856256e-02
-3.874432e-02
-2.610925e-02
-1.827967e-02
-3.754945e-02
-3.644244e-02
-4.918619e-03
2.066796e-02
-4.719105e-02
-4.546926e-03
1.094408e-01
-8.103959e-02
-4.642742e-02
-2.163319e-03
4.700093e-02
-1.468807e-03
-4.763053e-02
1.496943e-02
-1.771595e-02
-5.820760e-02
-5.257105e-03
-1.344619e-02
-5.732989e-02
-5.254563e-02
-8.899824e-02
-2.376232e-02
-7.564689e-02
-8.496743e-02
-3.968031e-02
-6.074951e-02
-4.349522e-02
-4.225607e-02
-3.071390e-02
8.166379e-02
-1.313281e-02
-2.987049e-02
-2.616277e-02
-3.227266e-02
-8.786456e-02
-8.488009e-02
-1.130653e-01
-2.395610e-02
-9.449079e-03
-2.720586e-02
8.065619e-03
2.496040e-03
-2.706309e-03
-2.818853e-03
-1.231008e-02
-1.272969e-02
-6.939687e-03
-3.077314e-02
-1.385064e-02
2.043684e-02
1.346697e-01
-1.797586e-02
2.013098e-02
6.282234e-02
-1.798906e-02
-6.443065e-02
-2.665413e-02
-3.438823e-02
-5.501563e-02
-9.545621e-03
4.231204e-03
-6.572867e-02
-1.213433e-02
-2.598019e-02
-6.945498e-02
-6.993846e-02
-6.243001e-02
1.469837e-02
5.019125e-02
-2.729369e-02
-9.253914e-03
4.947716e-02
6.418764e-02
2.234334e-04
-2.855915e-02
-7.216877e-02
-5.193924e-02
-5.863753e-02
-6.583590e-02
2.295319e-02
1.789106e-01
-1.037741e-01
-2.679341e-03
-1.316203e-01
-4.753692e-02
-4.168820e-02
-2.685064e-02
-2.101769e-02
-1.030938e-01
-1.557643e-01
-6.989444e-03
8.978083e-02
4.968546e-02
1.231757e-01
-4.774470e-03
-4.866427e-02
7.145602e-02
1.938335e-01
9.992777e-02
7.339016e-02
4.956705e-02
1.438811e-02
3.402917e-02
-5.075266e-02
-2.873061e-01
3.338953e-02
1.101020e-01
1.581379e-01
4.146134e-02
-1.250085e-01
-6.381625e-02
-1.338141e-01
5.866008e-02
2.729235e-01
-2.133339e-01
-4.939188e-02
-7.929412e-02
-1.798998e-02
-4.033261e-02
1.868851e-03
-5.122233e-03
3.082416e-03
3.259939e-02
-3.873809e-02
1.005107e-02
8.825241e-02
-3.624921e-02
2.608743e-02
-5.815485e-02
-1.350580e-01
2.969089e-02
2.703737e-01
-4.962621e-02
7.298324e-02
-8.834484e-02
1.779247e-01
-8.607499e-02
-1.531411e-01
-6.043883e-02
1.111990e-01
3.736502e-01
-1.790523e-01
-2.936452e-01
-4.208333e-01
-1.521876e-01
2.761759e-02
-4.209729e-02
-1.799680e-01
1.485036e-01
4.415185e-02
-3.807936e-01
-7.473212e-02
3.918792e-02
3.252675e-02
8.171315e-02
-2.473080e-02
-6.111314e-02
-6.815699e-03
3.201306e-02
-8.269814e-02
1.390636e-03
-1.359700e-01
-6.135465e-02
5.760015e-02
-1.211564e-01
9.983689e-02
-6.064447e-02
1.900652e-01
-1.521611e-01
-8.808205e-02
-2.343227e-01
3.352465e-02
-2.890816e-01
-5.042132e-01
-1.680539e-01
7.007722e-02
2.324222e-01
-3.158444e-02
6.322439e-04
1.588898e-01
3.651597e-04
-3.275834e-02
9.698611e-02
4.253712e-02
-2.396764e-02
4.347298e-02
1.060608e-01
2.105334e-02
1.081830e-01
5.688514e-02
7.242283e-02
6.136054e-02
1.534762e-02
2.482809e-01
-3.825119e-01
1.892485e-01
-1.503862e-01
-1.462865e-01
9.364102e-02
-2.925596e-03
-3.295777e-03
-9.855010e-02
2.129176e-02
1.457143e-01
2.182651e-02
-1.238458e-01
2.617067e-02
8.379907e-02
-1.065843e-02
2.635794e-01
-1.168857e-01
-2.736297e-01
-3.794985e-01
8.683394e-02
-8.962648e-02
-1.738611e-01
-5.160326e-02
-1.290654e-02
-3.874980e-02
-3.356281e-02
7.043400e-02
4.119560e-02
3.282105e-02
-1.373534e-02
4.826540e-03
7.416940e-03
-4.810538e-02
-1.586153e-02
9.202548e-03
-9.086046e-02
-4.542713e-02
-6.725020e-03
-6.290304e-02
-8.323200e-02
-9.157623e-02
2.083800e-02
2.462566e-02
-6.989290e-03
5.715076e-02
3.834900e-02
-1.261024e-02
2.801316e-02
2.587065e-04
-3.963076e-02
7.657067e-03
1.987030e-03
1.415816e-02
1.858971e-02
-4.632406e-03
7.178284e-03
-3.347081e-02
-1.319153e-02
3.039346e-03
1.016481e-01
7.441879e-02
1.061202e-01
-5.230446e-02
-2.445060e-02
-2.940204e-02
1.209675e-01
1.241283e-01
1.342975e-01
6.559445e-04
-5.340147e-03
-4.948229e-03
-1.117915e-02
3.942476e-03
-1.140608e-02
-5.384034e-03
2.992197e-02
2.812057e-02
3.137056e-03
-4.750344e-02
-2.239374e-02
-3.883583e-02
-3.648257e-02
-2.154418e-02
-8.019778e-02
-6.444582e-02
-4.296818e-02
3.989095e-02
2.189030e-02
3.082190e-02
2.470606e-02
5.560438e-02
1.157623e-03
1.803955e-01
1.114969e-01
8.836225e-02
1.407115e-02
3.148813e-03
6.162012e-03
1.881343e-02
-2.312352e-03
-1.905645e-02
-1.086165e-01
-1.042525e-01
-1.036230e-01
-2.166037e-02
-3.260138e-02
-1.172904e-02
-3.023342e-02
4.348993e-03
2.670710e-02
-5.023794e-02
-1.222434e-02
-1.329045e-02
-2.569930e-02
-7.759531e-03
1.113780e-02
2.644132e-02
3.252223e-02
5.376248e-03
-9.848472e-02
-6.483656e-02
-8.653053e-02
1.040281e-01
5.945249e-02
5.086529e-02
-2.584400e-02
3.821655e-03
2.811054e-02
-6.747921e-02
-4.797446e-02
-6.422284e-02
-3.430102e-02
-1.365042e-02
-1.716632e-02
-1.441075e-02
-1.672838e-02
-1.627040e-02
-1.433207e-02
-2.591465e-03
-1.511242e-03
-4.077901e-02
-2.813176e-03
2.083414e-02
-4.065652e-02
-8.874315e-02
-8.342117e-02
1.428475e-02
3.461316e-03
1.807761e-02
-3.377638e-02
-2.855256e-02
-2.528739e-02
3.506133e-03
-2.036994e-02
-3.166873e-02
-1.044019e-01
-1.071521e-01
-1.268805e-01
-2.099801e-02
1.281011e-02
2.919353e-02
1.458961e-01
9.850451e-02
9.271887e-02
6.559771e-02
-3.087528e-03
-2.141042e-02
-8.969737e-02
-7.587364e-02
-1.050489e-01
-1.067913e-01
-1.125309e-01
-6.807703e-02
-2.273163e-02
-5.613702e-03
-2.792769e-02
-5.182612e-02
-3.089405e-02
-8.148111e-02
-1.516880e-02
-7.785309e-03
-2.627997e-02
5.662547e-02
3.300577e-02
2.320826e-02
3.183148e-02
6.342469e-02
3.059492e-02
-4.760101e-02
-3.224634e-02
-4.015965e-02
-3.098208e-02
-4.116743e-02
-4.792733e-04
9.394940e-02
1.635052e-01
7.643551e-02
-2.942626e-02
-1.701334e-02
-9.115736e-02
-4.363341e-02
6.242876e-03
-2.795394e-02
-2.320545e-02
-5.202083e-02
2.298583e-02
-7.970960e-02
-1.498505e-02
2.739522e-02
-5.693112e-02
-6.614263e-02
-4.361705e-02
9.804011e-03
1.608623e-03
-3.237902e-02
-1.081726e-02
-3.028539e-03
-4.035017e-02
1.388675e-02
1.261732e-02
-9.861250e-03
4.483892e-02
6.429627e-02
5.262085e-02
8.735957e-03
1.580248e-02
-7.285893e-02
1.273175e-01
1.009484e-01
-1.982054e-02
6.576423e-02
-7.488796e-03
8.532544e-02
3.749513e-02
8.268894e-02
7.682302e-02
-1.090885e-01
-1.452779e-01
-5.192651e-02
3.036333e-02
3.813403e-03
1.763656e-01
2.487044e-02
1.414270e-02
1.212179e-01
-2.900666e-02
-6.970064e-04
7.265211e-02
3.002365e-02
8.885585e-03
-3.709694e-02
6.545181e-03
-1.724661e-03
-3.461520e-02
-1.823541e-03
-3.189489e-02
-6.390412e-02
8.086559e-02
9.461761e-02
7.118445e-02
5.998456e-02
7.029817e-02
7.733998e-02
-7.861090e-02
-3.265847e-02
1.181307e-03
-1.352018e-01
-1.812780e-01
-1.810289e-01
5.500158e-03
3.604851e-02
7.699869e-02
-1.522742e-01
-8.176828e-02
9.351631e-03
1.591330e-02
-2.423723e-03
-3.224733e-02
3.762285e-02
-2.892906e-03
-3.663334e-02
2.958323e-02
3.910087e-02
2.506887e-02
1.941617e-02
2.003452e-01
1.229454e-01
-2.056979e-02
3.513245e-02
-1.937843e-01
3.590441e-02
1.306598e-02
-7.036602e-02
-3.288487e-03
-7.786946e-02
1.750296e-02
6.525727e-03
-6.932381e-02
5.640093e-02
-2.863591e-02
-7.649582e-03
5.586430e-02
-1.554250e-02
3.931106e-02
-6.891977e-03
-1.275591e-01
-1.716567e-01
-1.775185e-01
7.708084e-02
-2.175101e-02
-1.501412e-01
3.813250e-02
-3.241111e-02
-1.122414e-01
-4.924393e-02
-7.138562e-02
-6.282786e-02
-1.171243e-01
-1.178741e-01
-5.440302e-02
-4.762805e-02
-4.579594e-02
-3.684200e-02
-5.156564e-02
-1.753679e-02
9.344877e-03
3.630882e-03
-2.903159e-02
1.039076e-02
-1.815154e-01
-9.389266e-02
5.407650e-02
-7.837100e-02
9.893579e-02
1.826940e-01
3.349324e-02
1.511931e-01
1.213234e-01
-1.973258e-02
1.364642e-02
3.831065e-02
-5.712055e-02
-1.106338e-02
1.608485e-02
-1.933587e-02
1.219215e-02
1.334256e-02
-3.082930e-02
1.140545e-02
-1.472512e-02
-6.529423e-03
6.108805e-02
4.079698e-02
-1.154885e-02
4.353146e-02
-9.975346e-03
6.301907e-02
2.397682e-02
-9.647677e-03
7.142198e-03
-3.504258e-02
-3.162236e-02
-3.083272e-02
-4.472678e-02
3.173311e-04
1.772464e-01
1.172403e-01
1.004172e-01
2.609019e-01
1.062533e-01
-5.536633e-02
7.110881e-02
-2.048661e-02
-5.319327e-02
-9.293603e-02
-7.266863e-02
-3.671490e-03
-1.879682e-02
-3.351795e-02
-5.577905e-02
-1.168678e-01
-5.592340e-02
-3.759117e-02
1.544772e-02
9.430920e-02
8.899307e-02
4.783948e-02
8.564266e-02
5.962152e-02
1.851206e-02
5.245132e-02
-2.229237e-02
-1.620087e-02
-1.172471e-01
-1.265689e-01
-1.331894e-01
-1.227308e-01
-6.180928e-02
-1.684297e-01
-4.776327e-02
1.667402e-02
-8.994285e-02
-7.441363e-02
1.000074e-01
-4.372199e-02
-1.818167e-02
7.872979e-02
4.094394e-02
6.452309e-02
9.773821e-02
6.054019e-02
9.529252e-02
7.653110e-02
4.053537e-02
2.459377e-02
5.946335e-02
7.164026e-02
2.845202e-04
-3.935548e-02
5.195610e-02
1.064515e-02
-1.512639e-02
1.491240e-02
-3.779524e-02
-4.141389e-02
-4.575785e-02
-7.898250e-02
-5.113142e-02
-8.187716e-03
4.263559e-02
7.342787e-02
6.874768e-02
7.926787e-02
-4.754773e-02
3.790738e-03
-9.042849e-02
-1.217235e-01
-2.663392e-02
2.594900e-02
-1.020928e-02
-2.312972e-02
-1.448658e-02
2.724807e-03
-5.674640e-02
-2.951779e-02
-1.664007e-02
4.081824e-02
4.502397e-02
6.797668e-02
7.528465e-02
7.984225e-02
6.742351e-02
1.383490e-02
6.237619e-02
5.929957e-02
-1.012663e-02
-1.296445e-02
-7.648424e-03
3.542309e-04
-1.632708e-02
4.823300e-03
2.716220e-02
-2.912377e-03
-3.448811e-02
5.106090e-02
8.623069e-02
1.681792e-02
4.655863e-02
2.101873e-02
-4.896439e-03
2.455838e-02
4.378437e-02
1.896941e-02
-3.639635e-02
5.156158e-02
5.034642e-02
-8.261318e-02
1.245776e-02
5.183781e-02
-1.080598e-01
-8.225545e-02
-1.143009e-02
2.060789e-03
2.808465e-02
3.474075e-02
-2.615063e-03
2.908795e-02
1.674130e-02
-2.222109e-02
-1.963123e-02
-3.008513e-02
6.059725e-02
-7.846533e-03
-2.146103e-02
7.862618e-02
9.555572e-02
5.469692e-02
-3.923975e-02
7.597903e-02
-3.297413e-02
1.675917e-02
-1.802715e-02
7.582129e-03
2.118632e-02
-1.289551e-02
-3.437827e-03
4.518906e-02
2.848084e-03
5.276911e-03
-6.942093e-02
-4.061124e-02
8.161354e-03
-8.163107e-02
-1.111893e-01
-1.061842e-01
9.560694e-02
-4.651834e-02
-1.239451e-01
1.291332e-01
1.321948e-01
1.091755e-01
3.723380e-02
1.178754e-01
8.678365e-02
-4.982512e-03
9.939010e-02
1.287303e-01
-4.379877e-02
-6.976084e-02
-2.382229e-02
-3.574140e-02
-4.469553e-02
-2.685540e-02
-3.062891e-02
-1.281408e-02
-1.433235e-02
-4.878725e-02
-3.597134e-02
2.340703e-03
6.684088e-03
-2.970506e-02
-3.878267e-02
4.476748e-02
-2.288444e-02
-3.333624e-02
8.051672e-03
-1.863906e-02
-3.789525e-02
-3.273105e-02
5.436944e-02
-5.456931e-03
-2.454408e-02
2.695981e-02
7.339731e-02
-5.195044e-03
-2.511956e-02
-2.234254e-02
8.218370e-02
2.562811e-02
-2.594823e-02
2.270829e-02
3.255459e-03
-1.832090e-02
-1.262803e-02
1.953858e-02
2.090590e-02
-1.162201e-02
2.310924e-02
2.713672e-02
-7.728467e-04
1.864558e-02
3.967066e-02
-6.391635e-02
1.382107e-03
9.211569e-02
-7.531808e-02
-8.288523e-02
5.591181e-02
-9.923488e-02
-1.406411e-01
-3.045795e-02
-6.240731e-02
-6.008118e-02
-1.057529e-01
-5.179173e-02
7.672829e-03
-7.276832e-02
-2.972787e-02
9.154300e-02
-3.725945e-03
-2.342426e-02
4.659830e-02
6.654955e-02
-2.470026e-02
4.205971e-02
1.115216e-01
-6.501918e-02
-2.909470e-02
-9.912839e-03
-4.618590e-02
-2.253472e-02
-4.486592e-02
-7.458258e-02
-3.203462e-02
-2.072413e-02
-1.878340e-01
-1.505347e-01
-1.088360e-01
1.913248e-04
-3.215743e-02
-4.830305e-03
-1.205466e-02
-6.004048e-02
-1.083189e-02
-4.920886e-02
-2.951057e-02
1.035816e-02
-1.192342e-01
-6.503338e-02
4.516922e-02
5.772267e-02
1.126897e-01
1.557207e-01
7.179070e-02
1.343034e-01
7.948965e-02
-1.677772e-01
-1.222460e-01
2.579616e-02
-6.558547e-02
6.155916e-02
1.667799e-01
4.741020e-02
1.613139e-01
1.590499e-01
4.181350e-02
1.586726e-01
1.526436e-02
2.031263e-02
1.174322e-01
-7.912448e-03
-3.148542e-02
2.441309e-02
-6.839869e-02
6.193789e-02
3.147068e-02
3.561966e-02
1.846713e-02
3.633726e-03
3.975256e-03
-1.660248e-02
-3.210415e-04
4.083708e-02
1.054078e-01
1.646479e-01
9.332182e-02
1.379257e-01
8.807188e-02
2.510743e-02
7.054440e-02
-3.526432e-02
1.562863e-02
-8.445659e-02
-1.469695e-01
-2.097587e-01
-2.652822e-01
-2.454659e-01
-2.842901e-01
-1.497640e-01
-8.249594e-02
-1.284076e-01
1.663188e-02
3.532087e-03
-1.151572e-01
-1.244645e-02
-2.136497e-02
-8.083788e-02
2.304621e-03
-2.377095e-02
2.329459e-02
3.923307e-02
7.661507e-03
-3.452964e-03
-1.815435e-02
-4.630649e-02
3.956415e-03
-6.036593e-02
-3.193329e-02
2.446260e-02
-7.491384e-02
-1.933636e-02
-7.025157e-02
-5.842651e-02
-2.235489e-03
-2.150378e-03
9.582760e-02
1.514863e-01
1.147815e-01
6.584764e-02
1.057632e-01
1.357106e-01
1.241344e-01
1.391538e-01
3.793618e-02
7.430061e-02
8.196764e-02
-2.454594e-02
1.189412e-01
1.172959e-01
7.570952e-02
1.066751e-01
1.013671e-01
5.143759e-02
4.729743e-02
1.076469e-02
-2.941104e-02
9.547388e-02
-1.046059e-02
3.313663e-02
7.851549e-02
-9.290484e-03
8.713621e-02
1.212812e-01
5.825625e-02
9.512050e-02
-8.495595e-03
1.013993e-01
5.857771e-02
-2.548065e-02
5.461035e-02
1.736069e-02
1.669975e-02
-1.275373e-02
1.935101e-02
-1.627408e-01
-1.233212e-01
-1.080777e-01
3.080812e-03
5.655561e-02
9.360146e-02
2.359929e-02
1.720375e-03
3.146087e-02
-7.285942e-03
-1.354564e-02
-3.178260e-02
-2.909518e-03
-4.958022e-02
-4.614617e-03
-4.213399e-02
-5.381811e-02
-9.046224e-02
1.069933e-02
-7.282752e-02
-3.256163e-02
2.687886e-02
-2.288962e-03
-3.279949e-02
3.979952e-02
-2.392497e-02
-7.421686e-03
-3.900264e-02
-5.795679e-02
-2.052265e-01
7.536265e-02
2.729934e-02
-8.642818e-02
3.018527e-02
1.161749e-02
-9.625509e-03
5.743773e-02
-3.648162e-02
-1.914953e-01
1.500516e-01
-3.066450e-02
-4.469699e-02
8.108959e-02
1.260007e-02
-4.742978e-03
9.815487e-03
-3.428796e-02
4.401617e-02
-2.031974e-02
-7.108881e-02
-1.289750e-01
7.808785e-03
-9.499490e-02
-7.724998e-02
1.032054e-02
1.085288e-02
2.526537e-02
2.748429e-02
1.673291e-03
2.132990e-02
5.469400e-02
3.837789e-02
-7.044228e-05
1.626790e-01
2.726762e-02
5.717264e-02
-8.579560e-02
-1.469469e-03
5.660332e-02
-4.901273e-02
-1.141477e-01
1.459452e-01
-9.458836e-02
-1.877487e-01
-1.385744e-01
-3.100770e-02
-9.675895e-03
-1.382888e-01
-4.309760e-02
-7.423586e-02
-1.410803e-02
6.201319e-02
1.584228e-01
1.642834e-01
1.593639e-01
2.066535e-01
7.105625e-02
6.888031e-02
6.050851e-02
-2.178976e-02
-1.172505e-01
-1.256332e-01
-2.572659e-02
-9.872594e-02
-2.189112e-02
1.023841e-02
1.121956e-02
-1.521417e-02
-9.509651e-03
-1.873084e-02
-1.370429e-01
-4.466904e-02
8.133934e-02
9.400661e-02
-2.023446e-02
6.530581e-02
3.483994e-02
1.042570e-01
6.603016e-02
-4.946857e-02
1.107244e-02
5.251607e-02
3.329134e-02
8.222665e-02
-1.060196e-01
-3.887511e-02
-1.571632e-02
7.141619e-03
6.896012e-02
2.130001e-02
8.468273e-03
2.068067e-02
1.608308e-02
1.764905e-02
1.817269e-02
-2.276886e-02
1.509557e-02
1.595531e-01
-6.315815e-02
6.553850e-02
-8.383410e-02
-1.473443e-02
-1.177131e-01
-1.982497e-01
-5.773024e-02
-3.885204e-02
-1.957019e-02
-4.917535e-02
9.265878e-03
-7.499737e-02
-5.889411e-02
2.324664e-02
-4.916822e-02
-1.111568e-01
3.528032e-02
1.217368e-01
-6.624722e-02
7.948367e-02
3.793416e-02
9.627721e-02
8.148485e-02
-3.474971e-02
-3.939775e-02
2.548619e-02
2.127244e-02
4.188204e-02
3.933812e-04
2.021758e-02
2.158892e-02
1.799285e-02
3.399403e-02
3.641800e-02
2.439361e-02
2.697713e-02
2.640154e-02
2.436867e-02
3.971625e-03
2.128617e-02
1.226965e-02
3.063804e-02
1.952828e-02
2.659415e-02
1.289403e-03
-1.674554e-02
2.711601e-02
-7.183599e-03
-2.580668e-02
-4.386211e-03
-1.658105e-02
-3.524978e-02
4.926031e-02
6.440050e-02
3.842670e-02
3.032555e-02
3.354155e-02
1.278832e-02
9.116989e-03
-1.508197e-02
2.309312e-03
2.386862e-02
2.443893e-02
2.587531e-03
-9.800178e-03
1.835337e-02
-2.070041e-02
2.741521e-02
3.467188e-02
-3.680768e-02
-1.325428e-02
-4.019436e-03
1.141675e-02
-2.127297e-02
-1.391832e-02
-3.374856e-03
-1.517012e-02
-2.011302e-02
-2.107381e-02
-1.573617e-03
-8.237632e-03
2.110951e-02
-3.636894e-02
-7.651590e-03
2.372202e-02
-3.343251e-02
-1.226498e-02
-2.105421e-02
-5.131835e-02
-2.365583e-03
1.312627e-02
-4.072212e-02
8.992376e-03
6.839933e-03
1.507631e-02
5.516435e-02
-1.960053e-02
4.603582e-03
2.663113e-02
-3.349429e-04
-2.440821e-02
1.615963e-02
5.826403e-03
-2.423193e-02
2.050027e-02
-3.509236e-03
-5.148306e-02
-3.263294e-03
1.934751e-03
6.964791e-03
1.320426e-02
-3.819203e-03
2.277105e-02
1.467508e-02
1.963485e-03
2.431661e-02
8.653122e-02
1.025099e-02
7.852618e-02
6.712488e-02
4.234373e-02
7.063638e-02
8.623996e-02
5.927288e-03
-1.137692e-02
-3.109294e-02
-4.217391e-02
-2.484742e-02
-6.486972e-02
-2.185736e-02
-2.217670e-02
-1.047746e-02
3.411228e-03
-2.408309e-02
3.199958e-03
5.846475e-03
-2.662683e-02
-1.037788e-02
1.127250e-02
-1.886634e-02
-4.699997e-03
1.965838e-02
2.854935e-02
1.539364e-03
1.813862e-02
-3.861737e-04
-8.164641e-03
3.410020e-02
2.911030e-02
-3.205196e-02
7.812697e-02
1.413212e-02
4.278180e-02
-1.546687e-02
4.771155e-03
4.719575e-02
-9.207010e-03
-1.907285e-02
4.707617e-02
-1.847937e-02
-3.707049e-03
-2.390388e-03
-8.999998e-03
5.634033e-03
2.371307e-02
-2.485729e-02
5.163728e-03
-2.001007e-02
9.308569e-03
-5.488062e-04
1.198299e-03
-1.027903e-03
4.490662e-03
-4.429409e-04
-3.670905e-05
1.945178e-03
-1.821265e-03
8.600875e-04
1.308694e-03
-9.867715e-04
-1.857810e-03
-7.328146e-04
-1.529815e-03
2.880499e-03
-1.364705e-03
1.450635e-03
-1.238946e-03
2.144019e-03
2.746095e-03
-1.701206e-03
-1.180597e-03
-1.682689e-05
-3.341668e-04
6.471485e-04
-1.982110e-05
3.493002e-03
-3.381981e-03
1.614198e-03
1.293315e-03
1.176267e-03
1.970721e-03
1.211670e-04
1.583503e-03
-8.399245e-04
3.260605e-03
-1.113989e-03
-2.426721e-03
1.202453e-03
2.208837e-03
3.545666e-04
4.083128e-03
7.691242e-04
-4.041265e-03
-9.085486e-04
-2.510944e-03
1.629077e-03
2.649445e-03
-3.227365e-03
-4.858570e-03
-1.846476e-03
1.052206e-03
-2.701798e-03
-1.839832e-03
-1.288417e-03
7.949315e-04
2.337695e-04
-2.676968e-03
-3.307008e-03
7.229464e-04
-2.851667e-04
1.895471e-03
-1.693696e-03
1.648918e-03
1.380403e-03
-2.303410e-03
-2.461707e-03
3.760522e-03
1.944368e-03
-8.441771e-04
-3.808378e-05
1.811554e-03
1.361929e-03
1.623464e-03
-9.643899e-04
-9.717835e-04
-7.774311e-04
-5.525823e-04
-9.479649e-04
-1.265480e-03
2.705109e-03
4.590173e-04
4.732278e-04
-1.150114e-03
4.649236e-04
-2.028134e-04
3.544905e-03
-3.233395e-03
-3.425717e-03
1.126909e-03
4.191082e-04
1.213459e-03
6.231443e-04
1.380354e-03
1.649648e-04
-5.325184e-05
-2.689661e-03
2.613566e-03
-1.294842e-03
-3.273256e-03
-2.619076e-03
-1.327435e-03
-1.000160e-03
1.040867e-03
-2.065418e-03
-1.487498e-03
-3.712113e-03
-1.359715e-03
-1.694615e-03
2.086739e-03
1.864920e-03
-3.789683e-03
4.531433e-03
6.285019e-04
1.959094e-03
-2.095164e-03
3.874726e-04
3.797938e-04
-2.698344e-03
-8.853221e-04
-2.342670e-03
-1.597827e-03
-9.433216e-05
2.587944e-03
-1.565843e-03
3.049139e-03
-2.414325e-03
-2.331354e-03
-1.523001e-03
-1.060775e-03
1.097377e-04
1.380012e-03
1.702610e-03
1.680384e-03
-5.228274e-03
-7.611790e-04
-4.980705e-05
-1.820338e-03
-9.823383e-04
2.459223e-03
-3.788697e-03
1.111855e-04
-2.380683e-03
-7.839354e-04
-9.901671e-02
1.474024e-02
6.688333e-02
-8.470726e-02
1.465803e-01
-1.333714e-03
-8.298867e-02
-1.072746e-01
1.537358e-03
-5.814029e-02
-1.059462e-01
-1.305949e-01
5.490832e-03
-8.483674e-02
-1.035042e-01
-6.068319e-02
7.408177e-02
-3.935584e-02
-3.584124e-02
-5.822932e-02
9.230469e-03
2.401820e-02
5.084800e-02
-7.455315e-02
1.390927e-02
7.346712e-02
-6.880707e-02
-2.556321e-02
-3.135429e-02
-8.065689e-02
-3.335540e-02
2.207379e-01
-2.397879e-02
-7.158735e-02
-6.051289e-02
-1.221566e-01
-1.147335e-01
-7.835943e-02
-1.156914e-01
8.573544e-02
-1.096618e-02
7.458707e-02
2.187340e-05
1.053712e-01
4.385632e-02
-4.185157e-02
-3.586074e-02
-4.669767e-02
-4.433345e-02
-2.871949e-02
2.020784e-02
-1.152420e-02
-5.165783e-02
1.771371e-02
8.367617e-02
1.714298e-01
6.196252e-03
2.042054e-01
-4.392521e-02
4.647012e-02
-7.070773e-02
6.646374e-02
-8.206537e-02
7.104065e-03
-7.592479e-03
-3.833835e-02
-1.401353e-01
-3.484672e-01
-7.429381e-02
-1.213563e-01
4.437226e-02
-7.202929e-02
-6.959394e-02
-4.679745e-02
1.034929e-02
-1.854567e-01
-7.462884e-02
2.975770e-01
-1.562673e-01
-4.788934e-02
1.325613e-01
-1.797948e-02
2.723567e-02
-1.754574e-02
2.349206e-02
-4.804656e-02
2.089774e-03
1.108415e-02
4.804698e-02
2.237447e-02
-4.343693e-03
9.415833e-02
-1.263319e-01
6.931858e-02
-1.905999e-01
8.980437e-02
-2.966110e-02
2.188554e-01
-6.129315e-02
-1.498630e-02
3.757395e-01
4.376080e-02
-1.032685e-01
-9.637349e-02
-1.511380e-01
-2.592142e-01
-3.137959e-01
-3.148581e-01
4.694419e-03
-5.437960e-02
-1.595515e-02
-1.968937e-02
2.023727e-02
-1.808217e-02
5.852955e-03
-4.000682e-02
-1.255458e-02
3.891759e-02
-1.873333e-01
4.233509e-02
-2.543546e-01
2.395342e-01
-2.399149e-02
-3.040294e-02
2.553820e-01
-1.847124e-02
-8.141848e-02
-6.457870e-02
1.267110e-02
-7.513806e-02
-6.099657e-02
1.108838e-01
3.675168e-02
-1.033550e-02
4.552373e-02
-6.097114e-02
-2.748991e-01
-4.908466e-02
9.910846e-03
2.733924e-01
-9.000783e-02
2.213641e-02
6.113424e-02
4.639990e-02
8.275797e-02
7.138131e-02
1.006730e-01
7.099287e-02
1.008471e-01
1.135711e-01
3.814299e-02
6.383394e-03
2.052559e-02
9.265630e-03
-1.503322e-02
-1.695159e-02
1.955345e-02
-1.172369e-02
-7.065012e-03
-2.071939e-02
-2.827317e-02
-5.380364e-02
-1.154744e-02
1.736788e-02
1.254216e-02
-4.420492e-02
-1.801378e-02
-9.792405e-03
-3.435141e-02
3.845853e-03
1.208557e-02
8.403489e-02
1.359758e-01
1.201518e-01
5.701619e-03
6.573546e-02
6.707323e-02
-9.070673e-02
-5.006618e-02
-3.213487e-02
4.940015e-04
6.808071e-02
-2.661569e-03
2.818098e-02
9.205306e-02
6.421143e-03
-1.118504e-02
9.181529e-02
-4.008727e-02
-2.473685e-02
-3.567411e-02
-2.360926e-02
-1.534657e-02
-4.504198e-03
1.247190e-03
-3.582899e-05
1.736181e-03
5.316112e-03
-1.672099e-01
-1.350407e-01
-7.665811e-02
-2.160414e-02
-2.758956e-02
1.724282e-02
1.288333e-01
1.183245e-01
9.420668e-02
-2.465681e-02
5.254198e-02
3.461661e-02
-4.316971e-02
4.332105e-03
-2.976230e-02
-2.265776e-02
3.687335e-02
-2.545883e-03
-9.193503e-02
2.329569e-02
-4.756756e-02
-9.335470e-02
2.106112e-03
-2.519550e-02
-6.518704e-02
4.834890e-02
8.365002e-04
1.621614e-02
5.254520e-02
7.128029e-02
4.734178e-02
5.511979e-02
5.460357e-02
-3.885662e-02
-1.646482e-02
-1.284153e-02
3.155441e-02
9.020530e-02
1.772914e-02
6.633604e-02
3.908720e-02
-2.220181e-02
2.656692e-02
1.729075e-02
-8.227628e-02
-6.797796e-02
-4.128606e-02
-5.807999e-02
-8.366968e-02
-9.211545e-02
-8.488918e-02
-8.269335e-02
-9.279428e-02
-1.343666e-01
-3.097090e-03
-2.346959e-02
-2.257769e-02
4.397283e-02
2.012421e-02
6.765191e-03
7.468333e-02
3.362285e-02
1.378302e-02
-6.227489e-02
-3.094102e-02
-1.911846e-02
-9.808425e-03
-1.916205e-02
-8.721135e-03
1.451169e-01
1.416466e-01
1.413850e-01
-1.832800e-02
-2.303695e-02
-1.861338e-03
2.268070e-02
3.440495e-02
3.105859e-02
-7.569843e-04
1.988029e-02
2.081848e-02
6.372483e-03
2.285445e-02
-1.060419e-02
-8.566763e-02
-8.417033e-02
-1.055286e-01
-5.118389e-02
-4.680055e-02
8.362273e-03
-7.627655e-02
1.733782e-02
9.680806e-02
-4.876989e-02
-3.561812e-04
1.025919e-01
-4.662848e-02
-2.169435e-02
5.236509e-02
3.346149e-02
-2.203675e-03
-7.696457e-02
1.113468e-01
-3.987156e-03
-2.353136e-02
7.821427e-02
2.190353e-02
2.748986e-02
1.892222e-01
-3.656556e-02
-1.753477e-01
1.913796e-01
3.224885e-02
-1.469819e-01
1.003463e-01
6.581044e-02
-8.909628e-02
-4.984054e-02
4.684327e-03
8.452954e-03
-2.383507e-02
4.400609e-02
2.805839e-02
-1.877923e-02
1.796345e-02
-5.329770e-02
-6.067452e-02
-6.584065e-02
-1.779403e-02
1.136467e-02
-1.230471e-02
1.266621e-02
-5.522793e-02
-1.509948e-01
-6.689483e-02
-6.357326e-02
-4.824254e-03
1.349312e-02
-2.892650e-02
1.092686e-02
4.455759e-02
-1.837897e-02
8.349926e-03
2.340317e-02
7.070543e-02
1.262332e-01
-1.502907e-02
-1.330344e-01
9.027260e-02
2.097162e-01
-1.933549e-01
-3.439547e-02
2.357771e-01
5.589024e-02
-3.173767e-02
-3.384909e-02
8.537821e-02
7.695180e-02
7.741242e-02
-3.284395e-02
2.739158e-02
1.125514e-01
9.986772e-02
4.005334e-03
1.565842e-02
-4.615938e-02
-4.498577e-02
-6.455673e-02
-9.937028e-02
-7.315513e-02
-5.486922e-02
-7.498620e-02
3.433326e-02
-8.128797e-03
-7.487715e-02
4.783962e-02
-6.860807e-03
-1.251724e-02
2.410238e-02
-6.383668e-02
3.798189e-02
-1.232234e-01
-1.651143e-01
8.521345e-02
-8.615652e-02
-1.709352e-01
8.324202e-02
-1.286258e-02
-1.102178e-01
3.336731e-02
8.490414e-03
2.715723e-02
7.644996e-03
-3.397534e-02
-4.073357e-02
-8.694941e-03
-1.271377e-02
1.959284e-02
-1.177560e-01
-3.325245e-02
-7.473642e-03
-9.467010e-02
-3.547035e-02
2.099600e-03
-3.420298e-02
2.041013e-04
4.624359e-02
-9.322507e-03
2.298448e-02
5.605906e-03
-3.603840e-02
3.246215e-02
7.436969e-02
-5.528134e-02
3.659879e-02
1.048411e-01
1.406444e-02
-1.179819e-02
2.869009e-02
-8.628196e-02
-1.662818e-02
-3.928839e-02
-7.000808e-02
-8.234050e-03
-6.619781e-02
1.411048e-01
9.585694e-02
-3.393649e-02
2.264103e-02
6.649264e-02
2.731700e-02
1.105671e-01
2.611007e-02
2.817862e-03
-9.734717e-02
-5.988406e-03
5.032524e-02
-8.865023e-02
-5.265224e-02
3.556536e-02
-5.406755e-03
8.779321e-02
9.527895e-02
5.536285e-02
-1.615481e-02
1.561533e-02
-1.291686e-02
4.481459e-02
4.732511e-02
6.419455e-03
5.749565e-02
-1.198177e-02
1.072522e-01
1.102612e-01
6.086037e-02
2.525635e-02
-8.503307e-02
-6.948274e-02
-2.258363e-02
-1.679739e-01
-1.511446e-01
-3.802304e-02
5.297512e-02
3.944423e-02
-1.427731e-02
-5.863141e-02
2.946954e-02
-3.936368e-02
3.872278e-02
7.441105e-02
-5.553394e-02
8.191190e-03
3.613050e-02
-1.869920e-02
1.898649e-01
6.711283e-02
-1.801001e-02
1.463385e-02
-1.400224e-01
-4.371367e-02
-4.253250e-02
3.541032e-02
-3.107886e-02
4.233553e-03
1.467620e-02
6.845440e-03
8.391368e-02
5.927151e-02
1.781849e-02
-2.191692e-02
-4.083775e-02
-1.238493e-01
-3.615207e-02
-7.749348e-02
-4.272108e-02
-1.480228e-01
-6.987046e-02
3.140666e-02
-6.873974e-03
2.840181e-02
-1.954419e-02
4.683181e-02
-1.978381e-02
-1.946915e-02
-1.101061e-01
-1.283893e-01
-1.469008e-02
-2.887999e-02
1.150090e-02
5.525345e-05
-8.086330e-03
-2.437784e-02
-1.087225e-01
-1.468019e-01
-3.305095e-02
2.190713e-02
-3.360600e-02
-1.270332e-02
6.905846e-02
9.105396e-02
2.337193e-02
7.509457e-02
2.422155e-02
1.418520e-02
-2.362949e-02
-9.868352e-02
-5.458236e-03
-2.146873e-02
2.034411e-01
2.302232e-02
4.274690e-02
-5.100855e-02
-4.132264e-02
-1.004055e-02
-1.419839e-01
-4.141551e-02
1.537338e-01
1.596778e-01
1.557494e-01
3.196060e-02
1.295498e-01
1.815576e-01
-2.211999e-02
-8.132947e-03
-5.851741e-03
4.312348e-03
-1.525660e-02
9.002539e-03
5.567876e-02
7.577545e-02
4.074577e-02
-6.919999e-02
7.083657e-02
-3.762169e-03
3.735950e-03
-1.947148e-01
-5.557096e-02
-1.550435e-01
-2.152814e-01
-9.931842e-02
-2.887072e-02
-6.195621e-02
2.890991e-02
-1.356802e-02
3.282336e-02
6.756859e-02
-6.353166e-02
4.917220e-03
-1.737429e-02
-4.883045e-02
6.212365e-02
-7.228410e-02
-7.975938e-02
-1.882299e-01
-1.832754e-01
-2.380109e-02
-1.706092e-01
-2.531840e-01
-7.097982e-04
2.861144e-04
1.478832e-03
-1.725409e-04
2.082540e-04
1.423817e-03
-6.067172e-04
2.398150e-03
-7.278016e-04
-2.783310e-03
6.657593e-04
1.446926e-03
8.902686e-04
-2.088368e-03
-4.188375e-04
-4.465799e-04
5.024549e-04
-1.447422e-03
-2.365951e-04
1.372954e-03
1.709746e-03
-5.377757e-04
-2.664215e-03
-2.830181e-04
-7.716197e-06
-1.393024e-03
-5.988837e-04
5.059893e-03
3.652999e-05
-1.869758e-03
-2.489173e-03
2.922447e-03
-1.325455e-03
-3.441040e-03
-1.075498e-04
3.957986e-05
-8.065764e-05
2.626589e-03
-2.891856e-03
1.979589e-03
1.891044e-03
5.086469e-04
-2.377712e-03
-7.499861e-04
-3.034003e-03
-1.183421e-03
1.437773e-04
-1.251348e-03
3.966230e-03
2.071352e-03
-1.317759e-03
-3.112630e-03
5.387909e-04
2.790306e-04
-1.605331e-03
2.477994e-04
-1.095030e-03
-9.988346e-04
-3.814977e-04
4.279031e-03
-8.647622e-04
3.899578e-03
2.295472e-03
1.915741e-03
-4.272271e-06
-1.654334e-03
1.178122e-03
6.236374e-04
3.607803e-04
-1.304975e-03
-1.011083e-03
1.675874e-04
-2.778471e-03
3.317544e-03
-5.873234e-04
-8.812223e-05
1.292886e-03
3.005777e-03
6.333329e-04
5.926510e-04
3.407389e-03
-2.784471e-03
-2.641579e-03
-9.823258e-04
-7.760543e-04
-3.035487e-03
-2.238176e-03
-2.009726e-03
-1.050445e-03
1.803509e-03
2.847268e-03
-6.418827e-04
-1.245303e-03
3.015242e-03
1.417825e-03
6.995108e-04
1.246616e-04
-6.914936e-04
4.766845e-04
-5.258529e-05
-2.117090e-03
1.234789e-03
2.129103e-03
-1.249818e-03
8.302535e-04
2.433385e-03
3.430049e-03
-1.049108e-03
8.267871e-04
4.066933e-03
2.626435e-03
1.008159e-04
-8.224986e-04
-1.749873e-04
-2.328050e-03
1.538362e-03
-3.004335e-03
5.838996e-05
3.508863e-03
-2.706288e-03
-3.078797e-04
-2.451554e-03
-1.153161e-03
-1.969830e-03
2.162491e-03
2.581138e-03
1.425034e-03
4.225362e-03
4.024346e-03
5.730058e-04
1.502370e-03
-2.575605e-04
2.096799e-03
-4.672786e-03
8.329000e-04
3.220999e-03
2.082048e-03
2.755059e-03
-3.849983e-03
2.982955e-03
1.694746e-03
-4.408130e-04
-5.906301e-04
-2.260131e-03
