-1.297100e-02
-3.816785e-02
-7.542478e-02
-2.599125e-03
-2.328410e-02
-4.839966e-02
-2.088971e-03
4.177398e-02
1.228781e-02
1.270979e-02
-3.827822e-02
-5.862354e-02
-4.802187e-02
-6.306142e-02
-6.631450e-02
-5.482682e-02
-7.871237e-02
-8.459256e-02
6.225201e-02
7.402054e-02
2.332670e-02
3.196249e-02
3.697272e-02
2.854400e-03
-7.253265e-02
-3.947136e-02
-4.949074e-02
2.306237e-02
1.504537e-02
4.186209e-02
-2.809985e-02
-4.157593e-02
-1.385814e-02
-3.683963e-02
-6.192797e-02
-3.258840e-02
9.865207e-02
1.419308e-01
2.030877e-01
-9.913041e-02
-6.058690e-02
3.538994e-02
-1.257597e-01
-1.399861e-01
-5.829993e-02
1.840705e-02
-2.900585e-02
2.049009e-02
-2.000998e-02
-4.625003e-02
-1.146947e-02
-4.850284e-02
-6.886983e-02
-2.071914e-02
-1.176069e-01
-1.324396e-01
-1.045592e-01
-2.994691e-02
-9.848885e-02
-3.527483e-02
2.248219e-01
1.391008e-01
1.669127e-01
6.432889e-02
3.147130e-02
-1.376226e-02
2.069778e-02
5.169617e-03
-6.076108e-03
2.966925e-03
-9.061563e-03
-1.264898e-04
-5.409236e-02
-6.478081e-02
-8.124147e-02
6.382377e-02
5.961304e-02
9.350156e-03
5.358351e-02
6.126424e-03
-4.666388e-02
-3.549754e-02
-1.893817e-02
3.856175e-02
2.253379e-02
4.620410e-02
1.041572e-01
-2.765751e-02
-3.419099e-02
-1.003492e-02
9.279504e-02
8.390618e-02
6.692881e-02
5.995879e-02
3.748620e-02
4.091194e-02
-7.128648e-02
-8.949987e-02
-7.436133e-02
-4.892640e-03
2.172855e-02
-2.360955e-02
-7.726875e-02
-7.603201e-02
-1.349424e-01
-6.477092e-03
-3.128916e-02
-5.831485e-02
-5.008021e-02
-8.555414e-02
-7.855935e-02
7.749943e-02
5.430007e-02
2.728665e-02
1.418681e-02
-5.013299e-03
-3.622755e-02
5.430613e-02
3.830695e-02
2.848678e-02
-6.980157e-03
-2.446217e-02
-3.172510e-02
-1.949345e-02
-4.387238e-03
2.823533e-02
1.073397e-02
2.046399e-02
4.243589e-02
-8.191106e-02
-7.383023e-02
-4.893605e-02
-1.258945e-01
-1.314808e-01
-8.465464e-02
-1.703641e-02
-5.119019e-02
-9.469044e-02
2.762655e-02
7.920244e-04
-1.408856e-02
8.271094e-02
8.093083e-02
8.948252e-02
6.978452e-02
-1.499397e-02
4.034795e-02
1.122896e-01
-4.355322e-02
3.889761e-02
1.115031e-01
-2.477858e-02
4.981469e-03
-7.589653e-02
1.523957e-01
7.793868e-02
-3.799187e-02
3.556998e-01
3.568801e-02
-2.180891e-02
1.074556e-01
-6.528555e-02
-6.768054e-02
2.754696e-02
1.004334e-01
-1.345903e-01
3.211216e-02
2.058025e-01
-1.490043e-01
-1.102997e-02
1.484381e-01
-1.052597e-01
-6.571545e-02
5.864044e-02
-1.014238e-01
-4.840643e-02
1.600769e-01
-9.287203e-02
-3.733685e-02
8.742048e-02
-2.040863e-02
8.606251e-02
-1.398686e-01
-7.804006e-03
2.608763e-01
-9.529491e-02
-1.301017e-01
2.411377e-02
-1.453002e-01
-7.411423e-03
-5.015280e-02
1.853917e-02
-5.067077e-03
-5.475997e-03
3.261723e-02
-1.741869e-03
1.617711e-02
-1.518074e-02
2.663999e-02
6.918484e-02
-1.002776e-01
6.339282e-02
1.115737e-01
-4.911276e-02
7.212240e-02
7.490309e-02
-1.657055e-02
6.368849e-03
-5.534953e-04
1.665143e-02
-7.692829e-02
-9.255037e-02
2.909529e-02
-1.453034e-01
-1.410838e-01
3.270804e-02
5.258607e-02
-8.052919e-02
-1.185216e-01
9.483980e-02
-7.699398e-02
-1.885184e-01
3.723171e-02
-1.114787e-01
-1.646197e-01
3.287654e-02
1.289757e-02
2.206556e-03
3.402396e-02
8.764998e-03
4.888186e-03
-5.559609e-02
-5.321244e-02
-2.473605e-02
4.018554e-03
2.164797e-02
-4.263782e-02
4.848159e-02
9.255855e-02
-4.483392e-02
-1.169548e-02
2.206370e-02
-3.292493e-02
-3.581846e-03
-5.327804e-03
-1.326047e-02
1.589640e-02
9.503520e-02
-6.081968e-02
5.081373e-03
2.016257e-01
-2.464532e-02
6.243680e-03
-4.382906e-02
3.132341e-02
2.028966e-02
-4.877060e-02
2.263138e-02
3.738233e-02
-1.627567e-02
4.711599e-02
-2.052010e-02
-4.563299e-02
-4.815642e-04
-2.219074e-02
-1.740540e-01
9.739290e-02
-1.024986e-01
-1.964180e-01
2.483688e-02
4.713722e-02
7.654336e-03
3.213959e-04
9.889254e-02
3.907369e-02
4.216604e-03
2.991683e-02
2.532135e-02
1.010054e-02
-2.810779e-03
-4.807442e-02
-6.195238e-02
-2.013204e-02
-7.639382e-02
3.266966e-02
-1.245108e-02
-2.961542e-02
1.257600e-01
-5.250549e-02
-3.877058e-02
-2.533732e-02
-2.654483e-02
4.824518e-02
3.688355e-02
6.537180e-03
5.079341e-02
3.963361e-02
3.348433e-02
1.017179e-01
1.933027e-02
2.746647e-03
2.323769e-04
-4.662013e-02
-1.097640e-01
-8.255801e-02
-6.064325e-02
1.693939e-03
5.073299e-02
5.660091e-02
1.475548e-02
5.847044e-02
6.099708e-02
-6.377114e-02
-9.998691e-03
-2.101665e-02
4.784518e-03
3.851391e-02
6.062701e-02
-5.383720e-02
-2.446860e-02
-1.802322e-02
-4.530293e-02
-3.246806e-02
-4.054100e-02
1.592518e-01
1.994027e-01
1.089055e-01
1.846031e-02
-2.702909e-02
-8.531079e-02
-1.260724e-01
-1.784805e-01
-1.754266e-01
3.682970e-02
6.880157e-02
2.276052e-02
6.775761e-03
3.274839e-02
-1.739875e-02
-7.972192e-02
-7.519495e-02
-9.003845e-02
-6.521537e-02
-1.251887e-02
-3.711383e-02
1.055674e-02
1.848164e-03
-2.705752e-02
4.470789e-02
1.357682e-02
-2.365102e-02
-1.011929e-01
-2.503458e-02
-1.847132e-02
1.309393e-02
1.107751e-01
9.079952e-02
9.622877e-03
6.442282e-02
-7.058943e-03
-7.433933e-02
-4.760795e-02
-3.754509e-02
1.133822e-02
3.301222e-02
3.561809e-02
6.897455e-02
8.173739e-02
5.124621e-02
2.557064e-02
2.366337e-02
2.340970e-03
-1.475635e-02
-2.164820e-02
-2.042094e-02
-1.821363e-02
-2.466983e-02
-2.685188e-02
-3.789611e-03
2.375372e-02
1.407827e-02
3.537486e-02
9.398889e-04
-3.058603e-02
-5.832405e-02
-7.554600e-02
-8.609610e-02
-3.912637e-02
3.687472e-02
-3.705892e-02
-3.909307e-02
-2.685894e-02
-1.142693e-01
2.569528e-02
1.689171e-02
-4.831927e-02
-1.502814e-01
-1.112801e-01
-1.407162e-02
-9.533130e-02
-2.108299e-02
7.023901e-02
1.802602e-02
9.897959e-02
1.395060e-01
7.867577e-02
1.906899e-02
-3.379378e-02
7.092121e-02
5.741383e-02
-2.313755e-02
-8.020736e-02
-3.930544e-02
-9.587823e-02
-2.995923e-02
1.532196e-02
-5.338012e-02
-4.343076e-02
-3.336829e-02
-7.617032e-02
-1.002704e-01
-8.235066e-02
-9.601516e-02
-5.748363e-02
-4.360826e-02
-6.807633e-02
6.664877e-02
1.165342e-01
9.119758e-02
-6.781153e-03
2.553371e-03
-7.277676e-03
-1.249022e-02
-7.443143e-02
1.073817e-01
-4.334009e-03
-1.295436e-01
4.700589e-02
3.306746e-02
-4.025429e-02
6.723633e-02
-2.114003e-01
-3.231298e-02
7.414620e-02
-2.079168e-01
1.331557e-01
2.088870e-01
-2.125099e-01
1.032446e-01
3.828871e-02
2.812936e-02
-7.103667e-02
3.425759e-02
-1.617973e-03
-8.863306e-02
7.815152e-02
-3.229682e-02
-7.868831e-02
8.825620e-02
7.314290e-02
2.951217e-03
-8.809109e-02
1.070840e-01
-1.273339e-02
-6.127786e-02
5.381719e-02
-4.478722e-02
-6.117386e-02
-2.870290e-01
8.513485e-02
8.685081e-02
-1.841232e-01
2.550180e-01
1.139062e-01
-1.907895e-01
1.348991e-01
-1.024846e-01
-8.449961e-03
2.878930e-02
-3.133136e-02
-7.849250e-03
3.903880e-02
-2.704543e-03
-6.337713e-02
3.207908e-03
-1.590936e-02
-1.762786e-01
1.254609e-01
1.068818e-02
-1.027180e-01
1.661384e-01
2.801321e-03
-4.688756e-03
1.244555e-01
-1.962021e-02
4.569277e-02
-9.769783e-02
-8.794881e-02
1.724431e-01
-7.018888e-02
-5.087071e-03
1.442196e-01
-1.135799e-01
7.170890e-03
4.537372e-02
8.633293e-02
-6.022009e-02
3.756163e-02
8.128414e-02
-1.254582e-01
3.163974e-02
5.239386e-02
-1.094359e-01
4.910799e-02
5.390679e-02
-6.996966e-02
5.000039e-02
2.164296e-02
-5.609830e-02
-1.114054e-02
-7.868353e-02
-1.172648e-01
-1.303137e-01
4.635482e-03
4.166956e-02
-1.156903e-01
6.276394e-02
8.670025e-02
-1.617867e-01
1.165612e-02
4.138370e-02
-1.859841e-02
2.930760e-02
7.878189e-02
-6.877208e-02
-2.034760e-02
7.332893e-02
-6.762917e-02
1.530477e-02
7.736759e-02
-8.004777e-03
-7.699735e-02
6.956176e-02
-8.342265e-02
-9.812392e-02
7.203333e-02
-2.919911e-02
-2.083361e-02
1.142348e-01
1.354556e-01
-7.416319e-03
-1.483846e-01
2.658769e-01
-7.625623e-02
-1.502345e-01
9.436351e-02
-1.153162e-01
-1.239597e-01
3.039676e-02
9.338451e-02
-1.144595e-01
1.092759e-01
1.661905e-01
-1.274773e-01
4.839202e-02
2.595950e-02
-2.277913e-01
-2.043811e-02
-1.023848e-01
-1.019820e-01
5.315307e-02
-2.201791e-02
-3.833102e-02
1.754241e-02
-3.169487e-02
2.469316e-04
-2.072595e-01
-2.732466e-01
-2.490730e-01
-2.134328e-01
-2.822393e-01
-2.357896e-01
-2.820505e-01
-2.822761e-01
-2.207435e-01
3.200280e-02
2.786517e-02
-9.981300e-03
4.131163e-03
2.709436e-02
1.716181e-02
7.552544e-02
6.340931e-02
4.966826e-02
4.318598e-02
7.363888e-02
5.259342e-02
2.633712e-03
9.813242e-03
2.130621e-03
-3.039697e-02
-4.004293e-02
-5.284117e-02
-7.684607e-03
8.100114e-02
8.663857e-02
2.457463e-02
1.156293e-01
1.126986e-01
-2.123924e-02
7.414585e-02
4.996717e-02
-3.704739e-02
-6.520174e-02
-4.849125e-02
-3.985562e-02
-5.622184e-02
-1.394209e-02
8.635268e-02
5.605744e-02
8.605768e-02
2.624674e-02
-2.415348e-02
-3.300223e-02
2.646457e-02
-1.609947e-03
-2.612624e-03
3.711412e-02
5.358188e-02
3.911952e-02
-8.583332e-02
-4.394366e-02
3.299734e-02
8.780289e-03
-3.006271e-02
-1.095638e-03
6.816618e-02
-4.158734e-04
-3.062728e-02
9.696374e-02
-4.426543e-02
-7.365312e-02
-1.429307e-02
-1.101354e-01
-4.868391e-02
-1.203685e-01
-1.480624e-01
-3.563192e-02
7.164155e-02
5.841302e-02
-1.337272e-02
2.955330e-02
3.037853e-02
-7.470034e-03
-5.602569e-02
-6.789737e-02
-8.128487e-02
5.203424e-02
5.909421e-02
3.386438e-02
9.513034e-03
2.161753e-02
5.741381e-03
-1.589651e-02
4.376127e-03
-8.603272e-03
-2.199330e-02
-5.103359e-02
5.905112e-03
-5.101998e-02
-6.552947e-02
-1.288983e-02
-1.235990e-02
-1.745288e-02
3.314232e-02
-9.877854e-02
-1.995188e-01
-8.851981e-02
-7.597549e-02
-2.008032e-01
-1.182152e-01
-2.810068e-03
-1.670827e-01
-8.411617e-02
-1.366538e-02
5.826512e-02
-1.717685e-02
-2.244091e-02
5.641327e-02
-4.767383e-02
-9.789171e-02
-5.134517e-02
-1.397680e-01
-2.533182e-02
3.616464e-03
7.049578e-02
-2.054124e-02
-3.397993e-02
1.874895e-02
-2.069182e-02
-2.580648e-02
-1.599792e-02
-1.613984e-02
-5.030565e-02
-2.214134e-02
-1.900691e-03
-4.847335e-02
-1.771515e-02
2.155815e-02
-1.588459e-02
4.721396e-02
-1.405193e-01
-2.243255e-01
-1.553507e-01
-1.221122e-01
-1.618778e-01
-2.368795e-02
-8.525892e-02
-1.138036e-01
-5.241953e-04
9.768830e-02
-1.484570e-01
9.926852e-02
8.283022e-02
-1.378035e-01
1.032252e-01
6.990439e-02
-1.528133e-01
9.364898e-02
2.206627e-01
-4.642287e-02
2.103055e-01
-3.011551e-01
-1.528538e-01
-2.923034e-01
2.401351e-01
-4.768472e-02
2.058505e-01
-9.900621e-03
2.780451e-02
6.137463e-03
7.492266e-02
1.138282e-03
8.652475e-03
-1.307338e-02
-6.680655e-02
-7.671268e-02
-9.019248e-03
1.444463e-02
1.490059e-02
3.351338e-02
-7.964387e-03
5.481673e-02
2.199175e-03
2.283053e-02
6.973224e-03
2.867489e-02
8.899488e-02
1.264769e-01
-1.933671e-01
2.980769e-02
-7.750779e-02
1.970864e-02
-2.877914e-03
3.137036e-02
3.822698e-02
7.889715e-03
-4.687639e-02
3.493440e-02
-2.897242e-02
-7.133707e-02
9.767115e-02
2.018294e-02
-9.090375e-02
-1.020770e-03
2.360728e-02
-8.215196e-02
1.340985e-02
1.536161e-02
-4.148140e-02
-6.809249e-02
5.995589e-02
4.492284e-02
1.664903e-01
-6.237715e-02
8.154374e-02
-1.008233e-01
-1.231163e-01
-2.114689e-02
7.488381e-02
-6.716903e-02
1.519988e-01
6.221526e-02
1.068089e-02
-4.616810e-03
-3.423178e-02
3.721576e-03
-4.834103e-02
1.906298e-02
1.538051e-02
-9.611901e-03
-4.243568e-03
4.564555e-03
-8.932142e-03
3.707002e-02
9.674818e-03
-2.003008e-02
-2.586783e-02
-1.841605e-05
-6.570937e-02
6.161245e-02
1.699048e-02
5.105746e-02
-5.066665e-02
-3.299785e-02
4.566025e-03
5.217700e-02
-1.412510e-02
1.019637e-02
-1.962310e-01
1.698166e-01
-2.068115e-01
-1.100273e-02
2.977366e-01
-5.117726e-02
-1.847782e-01
1.456660e-01
-1.492142e-01
-9.437770e-04
-1.003899e-01
-6.290627e-03
5.102403e-02
-3.939795e-02
3.335604e-02
-5.019094e-02
-2.687546e-02
2.558498e-02
3.889265e-03
-4.272459e-02
4.144724e-02
-3.803614e-03
1.324041e-02
8.119033e-02
-2.825395e-02
-2.858315e-02
-7.355428e-02
-4.404315e-02
7.208352e-03
5.131301e-02
1.177995e-02
-1.672522e-02
-2.120160e-03
1.000076e-02
4.592637e-02
2.065181e-02
4.322639e-02
-4.832595e-02
7.270627e-02
-1.522832e-02
-1.595167e-02
-4.538485e-02
5.817637e-02
-5.208161e-03
3.808026e-02
1.425973e-01
1.718313e-01
1.454085e-01
3.825428e-02
5.124191e-02
3.587323e-02
1.584555e-02
5.332391e-02
2.972080e-02
-5.694184e-02
-7.551198e-02
-1.335423e-01
-3.499613e-02
-2.518438e-02
-1.014043e-01
-5.152702e-02
-4.545733e-02
-1.110242e-01
-4.075047e-02
-3.886170e-02
-4.921724e-02
-3.328354e-02
-2.117892e-02
-1.989071e-02
-7.708165e-02
-6.589759e-02
-6.027902e-02
-2.582496e-02
5.701116e-03
1.131674e-02
5.338369e-03
3.754482e-02
3.825606e-02
2.724366e-02
5.214301e-02
3.539165e-02
8.852986e-02
1.731286e-01
8.021678e-03
1.396760e-01
2.258202e-01
7.591867e-02
5.799593e-02
1.626345e-01
3.407031e-02
-1.012167e-01
-8.836966e-02
-5.635690e-02
-7.473010e-02
-5.963567e-02
-2.654000e-02
-6.979465e-02
-4.222757e-02
-2.014237e-02
3.406278e-02
4.914101e-02
2.675953e-02
-2.398404e-02
5.880707e-03
1.098311e-02
-9.078154e-02
-5.737473e-02
-4.562003e-02
1.133136e-02
2.258404e-02
3.832554e-04
-9.339711e-02
-4.023036e-02
-6.163697e-02
-1.249912e-01
-5.702846e-02
-8.048867e-02
-1.404257e-01
-5.569870e-02
-7.287215e-02
-9.779014e-02
-1.747819e-02
-2.750200e-02
-6.870054e-02
2.343176e-02
3.130800e-02
-6.877233e-03
1.897601e-03
1.498493e-03
-1.661732e-03
1.471121e-02
6.396209e-03
1.090418e-02
2.344058e-02
1.002161e-02
-1.055218e-02
-3.497885e-02
-3.034807e-02
2.010912e-02
-2.149404e-02
-3.174402e-02
1.568018e-02
8.605160e-04
-1.140669e-02
-8.520047e-02
-6.071810e-02
-1.168881e-01
-6.353153e-02
-2.276042e-02
-7.584798e-02
-7.238827e-02
-3.998616e-02
-8.895026e-02
-3.734271e-02
1.788241e-02
-1.802761e-02
-2.263938e-02
2.271298e-02
9.621415e-04
-2.604177e-02
2.917792e-02
6.684461e-03
-4.750396e-02
-6.203218e-03
-6.483939e-02
-5.936525e-02
-1.134485e-02
-6.489072e-02
-8.501426e-02
-8.645155e-02
-1.237957e-01
-3.543031e-02
8.896017e-02
3.233980e-02
-7.320967e-03
1.159554e-01
6.396700e-02
-8.967066e-03
1.238000e-01
6.307817e-02
1.364202e-02
-1.512236e-02
-4.812071e-02
4.649313e-03
-2.745719e-03
-3.850178e-02
-1.506152e-02
1.403400e-02
-9.638205e-03
6.384730e-02
7.317115e-02
-5.167751e-02
2.522379e-02
2.581316e-02
-5.455732e-02
3.579354e-02
5.640608e-02
-4.307275e-02
7.481374e-03
-4.151694e-02
-1.823721e-02
2.413341e-02
-3.126349e-02
-3.021390e-02
-3.203309e-02
-6.966591e-02
-4.747706e-02
2.257078e-02
2.848555e-03
-5.756805e-02
-1.644324e-02
-1.725691e-02
-3.652894e-02
-2.287662e-02
-2.324893e-02
-3.967724e-02
8.063054e-03
-5.486213e-03
1.396091e-02
-4.584486e-02
-4.640787e-02
-1.527333e-02
-3.540145e-02
-4.579487e-02
-2.543155e-02
1.094257e-02
-3.860592e-02
7.834502e-02
-7.270303e-02
-1.036088e-01
6.216455e-02
-3.543341e-02
-7.749115e-02
1.075800e-01
1.338060e-03
-2.946278e-02
6.380828e-03
-2.058029e-03
-6.843251e-02
-5.030077e-02
3.384795e-02
-2.572541e-02
-4.911788e-02
-1.274832e-02
-2.018403e-02
1.768848e-02
-1.140978e-02
-4.389958e-02
1.706652e-02
-3.625276e-02
-5.719710e-02
-2.718937e-02
2.311818e-02
-3.413325e-02
-8.758049e-02
2.787379e-02
1.007401e-02
-7.546545e-02
1.414742e-02
3.148522e-02
-4.647245e-02
-4.377815e-02
-2.520948e-02
1.055706e-02
1.733800e-02
1.119368e-02
1.844071e-02
6.096517e-02
4.469587e-02
5.514459e-02
2.390795e-02
1.542499e-02
2.205055e-04
4.679529e-02
4.631268e-02
2.903343e-02
3.491974e-02
3.371412e-02
1.973321e-02
3.794735e-02
-2.601856e-03
-4.871494e-03
4.417748e-02
3.754736e-03
-2.490544e-02
1.215150e-02
-2.954088e-02
-6.608884e-02
-7.975923e-02
3.416271e-02
8.936440e-03
-3.906253e-02
3.021653e-02
3.456034e-02
1.150720e-02
4.517313e-03
1.161634e-02
2.972899e-02
-4.987540e-02
-1.038032e-01
2.883061e-02
-3.106429e-02
-9.496319e-02
1.509026e-02
-1.999179e-02
-7.995707e-02
8.396895e-03
6.828406e-02
-2.099242e-03
8.757195e-03
2.651747e-02
-2.649387e-03
-2.331734e-02
1.800759e-02
-1.062775e-02
2.078130e-03
6.089966e-02
1.028570e-01
-5.049676e-02
5.318207e-03
1.012709e-01
-4.815353e-02
-2.348062e-02
1.033032e-01
-1.232134e-02
-2.456771e-02
-1.148923e-01
2.577716e-02
9.466091e-03
-4.216044e-02
-1.974023e-02
4.763922e-03
-1.033549e-02
-7.424849e-02
5.371042e-02
1.266076e-01
-1.048375e-01
5.892482e-03
1.010031e-01
-1.553964e-02
3.216750e-02
4.903428e-02
-3.429334e-01
-7.339267e-02
-4.847072e-02
5.689762e-02
4.194271e-01
1.447721e-01
1.212853e-01
1.738206e-01
-1.656717e-01
2.284142e-02
-5.606294e-02
-9.052833e-02
-3.665441e-02
-2.098332e-02
-2.279481e-02
3.827381e-02
6.034639e-02
-1.969565e-02
6.900123e-02
-1.248699e-02
-1.106379e-01
-4.596048e-02
-9.125652e-02
-1.145392e-01
-1.363363e-01
-1.140890e-01
-1.194373e-01
-1.155362e-01
-3.429489e-02
-7.836793e-02
-5.562617e-03
3.770316e-02
-9.146801e-02
1.978967e-01
6.925677e-02
-7.982728e-02
3.611911e-02
4.173011e-02
-4.607322e-02
-6.807824e-03
2.178980e-03
-6.075747e-02
-3.596201e-02
-1.800048e-03
-7.453587e-02
2.472928e-02
6.736901e-02
2.312389e-02
3.562982e-02
1.768961e-02
-5.257346e-02
2.514416e-02
-2.118905e-02
-1.927815e-02
-2.112506e-02
-2.513930e-02
-7.192538e-02
-4.156922e-02
-4.068566e-02
-7.329557e-02
-9.779634e-02
-7.095855e-02
-1.010014e-01
3.485895e-02
6.810968e-02
-5.064188e-02
1.196144e-01
6.834000e-02
-1.241193e-01
5.811744e-02
-5.674114e-02
-2.063740e-01
-2.203004e-02
1.556852e-02
-3.030982e-02
7.443473e-03
2.455338e-02
1.607465e-02
3.076364e-02
4.496534e-02
5.447594e-02
-1.075514e-01
-9.958243e-02
-9.527349e-02
-4.945028e-02
6.110171e-03
-3.207054e-02
-5.978725e-02
-4.665113e-04
-1.443626e-02
-1.036843e-01
-1.575834e-01
4.069990e-02
-1.804534e-01
-1.023309e-01
1.247890e-01
-8.623537e-03
4.413047e-02
1.068861e-01
1.225540e-02
-8.623865e-02
-4.513286e-02
-7.240251e-02
-9.337097e-02
-1.899046e-02
-4.256052e-02
4.185312e-03
5.899406e-02
4.875056e-02
5.310578e-02
-1.084698e-01
7.328350e-02
-1.454201e-02
-5.544086e-02
9.466323e-03
6.214312e-02
3.333566e-02
1.195542e-01
5.922276e-02
-5.422661e-02
5.086799e-02
-2.143714e-02
-3.299915e-02
-4.641044e-02
-9.862216e-02
-3.709574e-02
-3.926394e-02
1.409987e-01
5.530266e-02
3.127716e-02
4.795738e-03
-1.065305e-01
1.515086e-02
-3.558988e-02
-9.702500e-02
-4.190606e-02
2.180800e-02
3.801235e-02
-6.176541e-02
-3.774228e-04
5.505279e-02
-9.992059e-02
-7.657710e-02
-2.421232e-02
1.445588e-02
-5.186912e-02
-3.798610e-02
-1.818773e-02
-3.811588e-02
-2.947780e-02
-4.981951e-02
-6.727073e-02
-2.541365e-02
2.410971e-03
2.385736e-02
-1.390326e-02
8.595104e-03
6.799696e-02
7.448733e-02
-4.513060e-02
1.781660e-02
4.610103e-02
-3.968322e-02
-2.742420e-02
-6.153314e-02
2.484080e-02
3.260403e-02
-1.172945e-03
1.804096e-02
3.687811e-02
-4.017292e-03
-1.314430e-03
-2.378127e-02
-1.168163e-01
4.419491e-02
7.698563e-02
5.396418e-03
5.091623e-02
1.171987e-01
7.385318e-02
-5.409672e-02
-2.851033e-02
2.878023e-02
-1.371896e-02
-1.799718e-02
3.543246e-02
6.505015e-04
-2.309652e-02
-7.111285e-03
8.811827e-03
-4.761803e-03
-2.092818e-02
2.435446e-02
3.195512e-02
2.544682e-02
3.088007e-02
3.309985e-02
3.517630e-02
-4.793150e-02
2.579171e-02
6.488451e-02
-1.183404e-01
-3.653113e-03
6.108412e-02
-1.345751e-01
-8.758703e-02
-2.189579e-02
-3.281428e-02
-4.460402e-02
4.985145e-03
1.628242e-02
-9.527100e-03
1.349110e-04
4.953754e-02
3.392643e-02
5.476439e-02
-7.548636e-03
-4.030095e-02
-6.951863e-02
4.441546e-02
2.115159e-02
-2.604607e-02
2.392679e-02
2.550094e-02
7.671816e-03
2.452533e-02
1.244027e-02
2.633772e-02
7.369436e-03
1.899520e-02
2.695627e-02
-1.096926e-02
-2.356699e-02
3.716611e-02
-2.877123e-02
-1.900816e-02
8.524156e-02
-3.148859e-02
-4.044688e-02
2.767651e-02
-1.492295e-02
-4.102873e-02
6.304859e-02
-6.051293e-02
-8.850890e-02
-1.163346e-01
2.655266e-02
8.923279e-03
-5.520001e-02
4.600425e-02
6.846980e-02
-8.226566e-03
-2.185852e-03
2.556125e-02
7.252018e-03
-3.190941e-02
-2.606176e-03
2.119114e-02
-5.971483e-02
-6.338878e-02
-4.617377e-02
2.263723e-02
1.417461e-02
-6.367210e-02
4.365270e-02
4.898595e-02
-3.964904e-02
7.959919e-02
8.195832e-02
-2.143639e-02
-8.287075e-02
-5.045174e-02
2.711141e-02
-1.097997e-01
-8.086941e-02
-1.711947e-02
-5.815639e-02
-5.985250e-02
-2.845374e-02
-1.787806e-02
-6.106142e-02
-4.311788e-02
4.326810e-02
-2.155799e-02
-4.874708e-02
4.202639e-02
2.459031e-02
-9.239824e-03
8.977097e-02
-2.943467e-02
-6.970577e-02
1.679302e-02
-3.092241e-02
-4.152132e-02
2.421802e-02
2.551456e-02
5.153198e-02
-2.791939e-02
8.236833e-02
2.037105e-02
-1.089741e-01
3.480048e-02
8.329304e-02
-1.426504e-01
-7.749868e-02
3.882815e-02
-1.096663e-01
-9.914409e-02
-2.350308e-02
-7.154991e-02
-1.140436e-01
-5.852234e-02
-5.871405e-02
-9.791289e-02
-7.677453e-02
2.082792e-02
7.398599e-03
-1.252437e-01
-1.218141e-02
1.384891e-01
5.059053e-02
-1.313720e-01
-3.919327e-02
2.263008e-02
-1.586280e-02
-4.504519e-02
-3.019678e-02
2.482892e-02
-1.074614e-02
6.001721e-03
-1.369317e-02
-8.995106e-03
-5.874751e-02
-3.848835e-02
1.579736e-01
1.481661e-01
-1.604279e-01
-1.059911e-02
1.197244e-01
-1.319924e-01
-1.731357e-01
-7.354284e-02
2.082364e-02
-5.718791e-03
-2.919894e-02
-7.084092e-02
-3.007305e-02
-7.461311e-03
-3.172220e-02
-2.313359e-02
5.266218e-02
4.469516e-03
-4.208820e-02
-9.411553e-02
5.237407e-03
2.286599e-02
-7.683866e-02
1.355119e-02
8.846359e-02
-1.545550e-02
2.861216e-03
-1.755842e-02
-6.821281e-03
-1.141664e-02
-5.694501e-03
1.398053e-02
2.287400e-03
-1.555444e-03
-1.501764e-03
-4.764587e-02
-6.920405e-02
-6.576962e-02
4.446333e-02
2.192565e-02
-5.634310e-02
5.478031e-02
5.378731e-02
-4.795823e-02
3.035195e-02
1.003699e-01
-1.754665e-01
1.159003e-01
2.902876e-01
4.094714e-04
-1.998301e-01
1.234990e-01
-4.252495e-02
-1.437857e-03
-6.332049e-02
1.076309e-02
-3.695859e-05
-8.621325e-02
-7.440982e-02
6.070114e-02
-4.925662e-02
-7.525301e-02
-7.485406e-02
9.602417e-02
1.242845e-01
1.059011e-03
-1.626865e-02
8.551024e-02
-5.295452e-02
-1.781566e-01
-6.947292e-02
1.293741e-03
-9.577564e-02
-1.295161e-01
1.482336e-01
6.248385e-02
-4.251149e-02
1.031073e-01
7.587700e-02
-3.258983e-02
-2.108474e-02
3.729109e-02
-5.566315e-02
-4.521449e-02
3.465510e-02
2.123483e-02
-2.866348e-02
1.435450e-02
3.031608e-02
3.344110e-02
6.252079e-02
3.616357e-02
2.021596e-02
4.498875e-02
7.779549e-03
-1.426619e-02
2.263371e-02
-8.201351e-03
3.071924e-02
-3.259084e-02
-5.938127e-02
1.337079e-02
-3.946683e-02
-1.007974e-01
8.865864e-02
7.655751e-03
-5.227675e-02
-2.094847e-03
-5.594176e-03
-2.120751e-03
3.263852e-02
1.341136e-02
1.220048e-02
4.615616e-02
1.961169e-02
6.181073e-03
-5.501165e-02
-5.803645e-02
-5.851119e-02
-6.909434e-02
-8.950996e-02
-9.143866e-02
-4.868160e-02
-5.107401e-02
-6.786182e-02
-4.320858e-02
-9.097963e-02
-1.148884e-01
1.804413e-02
-2.472338e-02
-3.142922e-02
6.754006e-02
4.877098e-02
6.335184e-02
-1.794278e-02
-2.152137e-02
-1.623128e-02
-6.565740e-03
-3.980549e-03
-2.104860e-02
3.785737e-02
1.831522e-02
4.916516e-03
9.089580e-02
9.585012e-02
6.792658e-02
4.935502e-03
3.516724e-02
4.883777e-02
-7.015947e-02
-6.332789e-02
-2.988839e-02
-7.260523e-03
4.583940e-03
-2.059749e-02
-5.462199e-02
-1.459089e-02
-5.167753e-02
-1.340333e-02
-1.117633e-02
-4.926637e-02
3.887565e-02
1.295988e-02
-8.933910e-03
2.655770e-02
2.426764e-02
-1.331051e-03
1.061662e-02
8.434984e-03
-1.241136e-02
3.905267e-02
3.442965e-02
1.954254e-02
3.921595e-02
2.264261e-02
1.056923e-02
4.860151e-02
3.294128e-02
2.005994e-02
-1.359872e-02
-2.799050e-03
1.320042e-02
-3.167106e-02
-3.162821e-02
-2.477655e-02
2.419511e-02
6.047024e-03
1.276094e-02
-5.026623e-02
-5.422122e-02
-2.699093e-02
2.643721e-02
5.980850e-02
1.112227e-01
-8.397803e-02
-6.978452e-02
4.899282e-02
-3.738352e-02
-8.252696e-04
6.937898e-03
-7.313014e-02
-5.059252e-02
-4.434916e-02
-7.391030e-02
-4.309562e-02
-6.128156e-02
-4.893973e-03
2.018318e-02
2.524542e-02
2.644326e-04
4.228261e-02
4.460315e-02
-4.895585e-02
-8.103951e-03
3.135531e-03
-2.220336e-02
-3.109642e-02
-8.864478e-03
-5.861995e-03
-1.199794e-02
-2.478282e-03
1.681230e-02
3.142010e-02
5.843772e-02
3.945633e-02
6.163512e-02
2.822138e-02
-3.062552e-02
-4.064123e-02
-6.408393e-02
-2.565651e-03
-1.492079e-02
-2.534165e-02
-7.682703e-02
-1.190193e-01
-1.198624e-01
-3.811164e-02
-7.640006e-02
-8.306475e-02
-8.481409e-02
-1.073955e-01
-1.469956e-01
-1.424234e-01
-2.081166e-01
-1.048939e-01
-9.703168e-02
-7.700767e-02
-8.115461e-02
5.345389e-02
1.724462e-03
1.753485e-02
5.253656e-02
1.178828e-01
5.105931e-02
4.664039e-03
9.637300e-02
6.433889e-02
-1.112740e-01
-2.639292e-02
1.240905e-03
-1.011206e-02
1.012306e-01
6.963766e-02
-2.757344e-02
7.972874e-02
1.032023e-01
-6.737957e-02
2.235738e-02
7.027358e-02
6.862794e-02
-4.368325e-02
-8.374795e-02
8.321911e-02
-6.415794e-03
-8.438637e-02
7.096506e-02
5.288831e-02
1.603763e-02
-3.593558e-02
-3.602661e-02
-1.608409e-02
7.972777e-03
-5.152856e-03
-1.487698e-02
2.826214e-02
1.834203e-02
-3.468463e-02
1.700325e-02
-1.668518e-02
-9.664348e-03
5.735768e-02
3.269554e-02
-1.610518e-02
1.709850e-02
2.114910e-02
-6.234006e-02
-5.163294e-02
-1.222819e-01
-2.427457e-02
-7.425992e-02
-1.286475e-01
-5.479432e-02
-7.878472e-02
-1.153175e-01
-7.498480e-02
1.940095e-03
2.842494e-02
7.252630e-02
-4.966944e-04
1.112363e-02
3.753779e-02
-1.027387e-02
-6.394888e-02
-3.687095e-02
-6.323534e-02
-4.070625e-02
-5.305771e-03
-2.408789e-02
-8.772626e-03
2.489054e-03
2.708463e-02
2.767057e-02
5.377528e-03
1.294449e-02
-6.576267e-03
-1.666533e-02
2.249484e-02
2.683384e-02
-2.424458e-02
6.416823e-02
6.914882e-02
5.152213e-02
3.023376e-02
-8.977282e-02
-1.610034e-02
8.217585e-02
-8.131028e-02
-5.905006e-02
3.748577e-02
-3.737100e-02
-5.110303e-02
1.049703e-02
8.974506e-02
1.837472e-02
-3.008493e-02
2.979608e-02
-2.620297e-02
-7.855351e-02
-3.936467e-02
-9.984934e-02
-6.316873e-02
6.309106e-02
2.842541e-03
-6.200607e-02
2.257804e-02
8.433408e-02
-1.017197e-01
-1.233356e-02
5.218315e-02
-5.549631e-02
-5.396485e-02
5.506749e-02
-1.066385e-02
-4.883643e-02
5.888138e-02
1.798980e-02
-6.245017e-02
6.856328e-02
-5.545335e-03
-1.026845e-01
-4.443193e-02
5.692273e-02
-5.304126e-02
3.864494e-02
9.665227e-03
-2.920565e-02
2.777984e-02
-1.788090e-01
-1.393623e-01
-7.416152e-02
-1.710611e-01
-1.556485e-01
-8.690365e-02
-1.440847e-01
-1.673745e-01
-1.514385e-01
-3.961365e-02
-1.287756e-01
-6.675091e-02
-6.146794e-02
-1.227785e-01
-7.688502e-02
1.358420e-02
-6.686482e-02
-4.350336e-02
2.581241e-02
5.661047e-02
9.521556e-03
7.384633e-03
5.295566e-02
1.549680e-02
1.104267e-02
4.172772e-02
-1.176442e-02
-2.424773e-02
3.076894e-02
-2.278090e-02
-1.873083e-02
4.277338e-02
8.012428e-03
-3.517940e-02
3.500649e-02
6.634890e-03
8.906375e-02
2.138771e-02
-3.201006e-02
5.595794e-02
2.160292e-02
-3.776340e-02
6.745107e-02
4.560170e-02
2.973874e-02
-6.794716e-02
-4.300684e-02
5.091159e-02
-4.565037e-02
-4.363498e-02
6.339735e-03
-2.655601e-02
-3.746798e-02
-3.147299e-02
3.572008e-02
5.131050e-02
-1.233624e-02
3.370556e-02
7.428963e-02
2.725057e-02
-8.521884e-03
5.923126e-02
3.939137e-02
-8.958711e-02
-1.061038e-01
-1.125358e-02
-1.178659e-01
-1.332573e-01
-9.298744e-03
-8.776361e-02
-1.428321e-01
-5.821823e-02
3.828146e-03
-2.196765e-02
-4.252804e-02
7.132478e-02
2.078855e-02
-1.936564e-02
8.494464e-02
3.200654e-02
-9.836135e-03
3.064233e-02
1.223293e-02
-1.951130e-02
1.638620e-02
2.588552e-02
8.951631e-03
3.402049e-02
6.777765e-02
4.531188e-02
3.044928e-02
1.018728e-01
1.289670e-01
-3.920074e-02
1.506666e-02
6.621230e-02
-6.405720e-02
-3.948492e-02
-6.414774e-03
-2.796580e-02
-9.606099e-03
7.557687e-02
1.066391e-02
-2.489301e-02
4.033789e-02
-2.372694e-02
-3.831605e-02
5.768001e-03
2.986436e-03
2.792131e-02
-8.830335e-02
1.916625e-02
7.250266e-02
-2.779595e-02
-1.119948e-03
7.107715e-02
-2.289537e-03
-5.490037e-03
8.832880e-02
5.040523e-02
-3.291950e-02
2.157613e-02
2.058388e-02
-5.740932e-02
-1.125435e-02
-1.895875e-02
-3.760988e-02
-2.729406e-02
-1.453558e-03
-5.273746e-03
-1.851430e-02
-5.391299e-03
9.600636e-03
-1.627453e-02
2.128136e-02
-1.219622e-01
-1.501628e-01
-4.413840e-02
-8.513736e-02
-1.251423e-01
-6.529552e-02
-3.491903e-02
-8.666243e-02
-7.282838e-02
-2.935915e-02
2.866834e-02
-9.433740e-02
2.120187e-02
1.952723e-02
-1.086436e-02
-4.659152e-02
1.752323e-02
-4.187065e-02
-7.402197e-02
-7.120881e-02
-1.048704e-02
-5.413619e-02
-1.637533e-02
-2.955074e-02
-2.975417e-02
-7.444634e-02
-1.277731e-02
9.902340e-04
1.562656e-02
-6.662470e-03
-5.646781e-03
1.265683e-02
-7.477273e-03
-2.049565e-02
9.294854e-04
-1.150260e-02
-1.008223e-02
-1.099204e-02
7.899496e-03
-1.734558e-02
-1.639937e-02
1.061412e-02
-9.015027e-03
-5.824620e-03
-6.555307e-04
6.172877e-03
-6.041634e-02
4.067305e-02
1.063302e-02
-4.305849e-02
2.722298e-02
-2.479804e-02
-5.659392e-02
2.961129e-02
-8.420090e-03
-1.673250e-02
3.202527e-02
1.162536e-02
-1.305437e-02
4.911123e-03
1.902718e-02
-1.567337e-02
-1.991903e-02
3.919357e-02
-1.180153e-03
-2.820362e-02
-1.165510e-02
-2.837583e-02
-6.652278e-02
-3.745195e-02
-3.167106e-02
-4.508211e-02
1.810226e-02
1.585404e-02
2.914904e-02
-3.666177e-02
1.750386e-02
1.707153e-02
-3.293505e-02
2.755834e-02
2.899452e-02
1.514162e-02
7.891417e-03
-3.812384e-02
5.027802e-02
1.314230e-02
-3.347960e-02
4.985176e-02
-1.851899e-03
-1.057618e-02
-2.450589e-02
-1.110526e-02
1.184711e-03
8.825031e-03
2.005606e-02
3.064086e-02
2.056486e-02
9.889536e-03
3.312574e-02
-1.850319e-03
1.275716e-02
1.211276e-02
1.552116e-02
2.369619e-02
1.512656e-02
9.455609e-03
1.507862e-02
2.796488e-02
3.922424e-02
-2.952610e-02
5.571502e-02
-6.252715e-03
-5.757545e-02
-1.682058e-02
8.286654e-03
-6.179700e-02
-3.330781e-02
6.483166e-03
-1.676075e-03
-9.524842e-02
1.953635e-02
-3.315894e-03
-8.906520e-02
2.067557e-02
-1.904486e-03
-9.729633e-02
-2.678422e-02
-7.313747e-03
4.870670e-02
-8.486494e-02
-6.630877e-02
5.848186e-02
-5.621925e-02
-3.366978e-02
1.090936e-01
-5.160803e-02
-9.361625e-02
9.632046e-02
-6.080870e-02
-7.804800e-02
1.397421e-01
-4.468757e-02
-6.326241e-02
1.706731e-01
7.100672e-02
1.605964e-02
9.614587e-04
1.577822e-02
-4.836264e-02
4.482072e-03
4.081451e-04
-2.649937e-02
3.729096e-02
3.385941e-01
-2.673539e-02
2.706417e-01
-3.740951e-01
-3.611644e-01
-3.388750e-01
3.403581e-01
3.229288e-02
1.928854e-01
-2.035086e-01
1.783151e-01
-1.672325e-01
-9.319005e-02
2.786299e-01
-1.940576e-02
-1.048966e-01
1.538925e-01
-1.879278e-01
-6.054126e-02
-6.896653e-02
-3.007293e-02
-5.670800e-02
-5.220262e-02
5.691590e-02
8.786278e-02
-3.654865e-02
3.373237e-02
-7.452164e-04
4.125613e-02
7.568769e-02
-2.812331e-03
-2.176305e-02
2.050448e-02
-1.621020e-02
-2.030878e-02
5.104919e-03
-2.573855e-01
3.090379e-01
-1.527274e-01
5.201260e-02
1.021166e-01
-3.826788e-02
-7.008362e-02
1.599058e-01
-7.125035e-02
4.338999e-02
9.369588e-04
-3.888611e-03
6.301007e-03
-6.997556e-02
1.558306e-02
2.833557e-02
7.320085e-02
8.515222e-03
-8.313658e-03
-3.370899e-02
8.838178e-02
-3.640022e-02
-3.483481e-02
-9.600050e-03
8.817375e-02
-2.644478e-02
7.679137e-03
-1.716930e-02
1.168372e-01
-3.256381e-02
-8.844905e-02
6.845628e-02
3.867916e-02
7.652292e-02
1.803019e-02
7.330941e-02
-5.002724e-02
-7.603562e-02
8.342994e-02
-2.655312e-02
-3.247405e-02
-5.871825e-03
5.116354e-04
-5.019310e-02
3.838469e-02
-1.517381e-02
3.651591e-02
-3.497007e-02
-4.968121e-02
1.440906e-02
-1.279530e-02
1.815133e-02
-6.235723e-03
-2.863926e-02
3.067907e-02
-3.439827e-02
3.029447e-02
-2.664378e-02
-5.644332e-03
-8.291515e-02
1.430027e-02
-2.217377e-02
1.838932e-02
8.313160e-02
-2.638958e-01
4.310877e-02
9.806836e-02
-1.234674e-02
1.539277e-01
5.063646e-02
-9.527691e-02
1.568209e-01
-9.449150e-02
-4.477550e-02
1.104428e-02
-4.746957e-03
3.457815e-02
3.084002e-02
4.950198e-02
-2.476603e-02
-6.811127e-03
3.062166e-02
1.674211e-02
5.081774e-02
5.399032e-02
-1.605564e-01
5.286488e-02
-9.116833e-02
-1.447555e-02
8.885467e-02
-2.069294e-02
1.804300e-02
1.221735e-02
6.264789e-02
-4.508042e-02
-4.372996e-02
-8.089990e-02
-1.066879e-02
-7.094368e-02
7.584802e-02
4.502619e-02
-3.431600e-02
-1.653792e-02
-5.190421e-02
-7.372914e-02
-3.005854e-02
4.105058e-02
6.136080e-02
