-1.745951e-02
-4.075213e-02
2.198566e-02
-6.233630e-02
-8.012054e-03
2.467236e-02
1.295824e-02
-2.013446e-02
-5.304480e-02
2.494229e-02
2.267084e-02
1.418517e-02
1.012908e-01
7.405367e-02
5.552705e-02
4.584175e-02
-1.944207e-02
4.805930e-03
-6.741571e-02
-1.045517e-01
-7.677201e-02
-2.066912e-02
3.238929e-02
5.846747e-02
-3.289253e-02
1.728148e-02
2.438588e-02
-7.760721e-02
1.074687e-02
4.800257e-02
-4.205739e-02
4.773545e-02
1.203911e-01
-2.345299e-02
-2.650537e-02
9.777986e-04
6.767590e-02
7.785211e-02
7.235557e-02
1.279741e-01
8.231696e-02
1.458673e-02
5.047739e-02
4.360747e-02
3.912867e-02
-3.311213e-02
-2.495167e-02
-1.535518e-02
-3.474970e-02
-1.049983e-02
2.697002e-02
-1.299723e-02
-5.382810e-04
3.471214e-02
-4.115516e-02
-4.822935e-02
1.312500e-02
-3.409896e-02
-7.141399e-02
-6.077400e-03
2.012356e-02
-6.952666e-02
-1.491225e-03
-3.065989e-02
-5.078482e-02
2.772121e-02
4.760948e-02
-2.594096e-02
-9.491090e-03
-9.664964e-02
-5.807801e-02
5.708958e-02
-9.091847e-02
-1.078123e-01
-8.211660e-02
-1.150552e-01
-1.785126e-01
-1.381062e-01
-7.447074e-02
-1.231563e-01
-1.153388e-01
-2.671190e-02
-4.173129e-02
-1.474199e-02
5.739568e-02
-1.565011e-02
4.152008e-03
7.486925e-02
-6.859321e-03
4.128535e-02
-7.567326e-03
-7.084507e-02
2.298240e-02
3.580492e-02
-2.401449e-02
4.487071e-02
8.127025e-02
-2.167633e-02
5.847096e-02
-1.081704e-01
-1.306639e-01
-4.752383e-02
-2.241496e-02
-1.333169e-01
-1.094201e-01
2.420705e-03
-9.886800e-02
-9.059389e-02
-7.284150e-03
3.558991e-02
3.186641e-02
3.738775e-02
4.900794e-02
7.120033e-02
3.974186e-02
4.887837e-02
5.916767e-02
-4.781963e-02
2.671911e-03
-1.881269e-02
-1.014272e-01
-2.013370e-02
1.994990e-02
-8.391992e-02
-3.506672e-02
3.603487e-02
-1.056024e-01
-6.820639e-02
-5.495718e-02
-1.348781e-01
-1.113261e-01
-5.746174e-02
-1.738667e-01
-7.705833e-02
-7.117168e-02
9.284538e-02
5.425289e-02
6.256663e-02
3.491262e-02
5.637459e-02
1.500263e-01
5.637087e-02
2.442939e-02
3.565812e-03
-9.010246e-02
-1.883292e-02
-5.470678e-02
-6.744932e-02
-4.822389e-02
-8.564562e-02
-1.194368e-01
1.206005e-02
-8.030900e-02
5.520410e-02
-6.388452e-03
-3.119923e-02
-2.126052e-02
2.877717e-02
2.614474e-02
7.803655e-02
8.740966e-02
7.853699e-04
2.766427e-02
9.675094e-02
9.302457e-02
1.269336e-02
4.181876e-02
1.633366e-02
-4.861068e-02
-2.011858e-02
-3.071357e-02
3.935904e-02
7.982971e-02
6.044063e-02
3.196053e-02
3.834348e-02
3.494528e-02
-2.680942e-03
7.332304e-02
7.210165e-02
-1.943213e-02
4.495127e-02
2.696316e-02
3.187536e-02
2.353848e-01
1.798431e-01
7.643791e-02
1.997288e-01
1.175226e-01
1.765057e-02
-2.715663e-02
6.411799e-02
-2.583619e-02
-4.445102e-02
4.639556e-02
-7.638726e-02
-7.558342e-03
8.822050e-02
5.495550e-02
3.149290e-02
6.267217e-02
1.504411e-02
-2.313796e-02
3.709827e-02
6.524753e-02
-2.671440e-02
1.615888e-02
-1.410703e-01
-3.376252e-02
-1.154063e-01
-1.058004e-01
1.019563e-01
1.787460e-02
-1.261206e-01
-1.871013e-02
-7.621752e-02
3.151797e-02
2.036070e-03
5.274835e-02
2.876374e-02
4.969658e-02
2.937547e-02
-1.961919e-02
9.254085e-03
1.203081e-01
7.670230e-03
8.891591e-03
1.144210e-02
-4.438023e-02
2.272590e-02
3.433548e-02
-1.325208e-02
4.764859e-02
2.939041e-02
4.168931e-02
-2.033986e-02
-2.353038e-02
6.644934e-02
1.415468e-01
1.008687e-01
2.218833e-02
1.401988e-02
4.788553e-02
-9.669051e-02
-1.008814e-01
-1.509867e-01
-8.482339e-02
-8.702502e-04
-7.915085e-02
-6.867020e-02
7.314681e-03
2.162610e-02
-4.250206e-02
-4.848762e-02
-2.604255e-02
-4.231776e-02
-4.878303e-02
-4.031338e-02
-4.489916e-02
-5.169148e-02
-5.478509e-02
-1.649303e-02
1.289671e-01
1.518727e-01
3.785600e-03
8.198592e-03
-7.638367e-03
-2.924293e-02
-6.580817e-02
-2.738304e-02
-3.019293e-02
1.119153e-01
3.327595e-02
-4.678189e-02
1.438900e-01
3.125387e-02
-1.213726e-01
1.420273e-01
3.397972e-02
-7.497241e-02
2.452183e-02
-1.749716e-02
-4.850329e-02
-5.088640e-02
-3.319789e-02
-1.764342e-02
-7.451946e-02
-8.595145e-02
2.194845e-02
-3.094670e-02
1.465980e-01
-9.054397e-02
-2.996580e-02
1.040767e-01
-2.012158e-03
-8.193313e-02
-2.331685e-02
-1.323185e-02
-6.668133e-02
-1.643895e-01
2.406098e-02
-4.349671e-03
-5.557838e-02
-9.948224e-02
-9.276257e-02
8.497326e-03
-1.257934e-01
-7.878216e-02
-2.890095e-02
-1.489580e-01
-8.823643e-03
9.978018e-02
-1.041945e-01
-2.862049e-02
1.979731e-03
-1.012345e-01
-1.971588e-02
1.230072e-01
-1.074515e-01
5.967930e-03
2.099740e-01
-2.630212e-02
-3.863687e-02
-6.846964e-03
-2.445596e-02
-4.911651e-02
-1.132896e-01
5.663579e-02
3.352403e-02
-7.522221e-02
1.338270e-02
-5.629371e-02
-3.005426e-02
-4.188452e-02
-4.760659e-02
-3.550049e-02
-7.896218e-02
-5.882040e-02
-2.661585e-02
-2.583569e-02
-2.050740e-02
3.149069e-02
-1.865117e-02
6.477998e-02
2.584782e-02
1.131948e-01
-2.054598e-02
-1.092796e-01
1.288415e-01
-6.350709e-02
-6.661852e-02
-4.478678e-03
-4.585525e-02
-4.288292e-02
3.853294e-02
-1.549786e-01
-7.733933e-02
-8.895823e-02
-6.175429e-02
2.942744e-02
3.855798e-02
-1.504231e-01
-8.983484e-02
2.757064e-02
-2.717742e-01
-2.116427e-01
6.018477e-02
-1.635235e-01
-1.553680e-01
-4.005137e-02
-8.047759e-02
-9.343147e-02
8.047486e-03
-7.494009e-02
-7.335061e-02
-6.336290e-03
-2.227215e-02
3.552249e-02
3.255202e-02
3.495768e-02
4.158784e-02
1.393595e-01
1.878824e-02
5.812503e-02
1.070805e-01
1.049544e-02
1.340381e-01
-8.078627e-02
-5.441130e-02
2.191194e-01
-2.586677e-03
-1.250643e-01
-1.072558e-01
-4.609855e-02
-1.136625e-01
-1.431089e-01
-7.731377e-02
1.477302e-02
5.737831e-02
-3.403277e-02
5.887036e-02
1.062545e-01
1.233068e-03
4.346977e-02
7.755251e-02
-4.633546e-02
-3.046148e-02
1.290276e-01
-1.386318e-01
-1.084642e-01
3.009550e-01
-1.022378e-01
-2.049930e-02
2.107309e-01
9.426349e-02
-3.212804e-02
-1.389827e-01
7.045566e-02
-8.332704e-02
-1.366803e-01
5.113763e-02
-4.443754e-03
-7.929110e-02
1.097545e-01
-3.053048e-02
-4.418945e-04
-5.726951e-02
-2.538925e-02
2.084608e-01
2.610003e-02
-1.051340e-03
7.629424e-02
-2.729649e-02
-2.411181e-02
2.622131e-03
3.253701e-02
2.231377e-02
-1.077353e-01
-1.180226e-01
-1.107586e-01
-3.566896e-02
-5.161731e-02
-3.705334e-02
8.423772e-03
-8.381889e-02
-1.282267e-01
-1.473726e-02
-6.829327e-02
7.055799e-04
-1.449536e-02
-6.477424e-03
3.322391e-02
-4.152152e-02
1.000402e-03
2.859241e-02
-9.533390e-02
-4.530396e-02
-5.065891e-03
-1.236045e-01
3.069808e-02
3.088213e-02
-5.201906e-02
1.329660e-01
9.347655e-02
-7.372153e-02
5.658500e-02
5.158643e-03
-4.226442e-02
-3.504976e-02
-3.439772e-02
2.206957e-03
-2.407737e-02
-1.441892e-02
3.183570e-02
-3.257228e-02
-1.727204e-02
-4.521487e-02
1.161969e-02
-3.860810e-02
3.499245e-02
7.919086e-03
1.324508e-02
2.272284e-02
3.944722e-05
-3.717800e-02
-1.705666e-02
-7.175691e-02
-1.147213e-02
5.230287e-02
-5.716038e-02
8.051991e-03
1.631398e-01
-4.683055e-02
3.369730e-03
1.231343e-02
-4.561770e-02
-5.919411e-02
-8.855538e-02
-1.320135e-01
-1.192427e-01
3.489434e-02
5.538093e-02
-7.138738e-03
-1.198493e-01
5.698614e-02
3.108653e-03
-9.301574e-02
5.209415e-02
9.618139e-02
5.529505e-02
4.758893e-02
5.500935e-02
3.846622e-02
-7.215836e-02
2.252963e-02
5.964309e-02
-3.985015e-02
-9.309537e-03
4.892216e-02
-6.077109e-02
-3.013630e-02
-1.514384e-02
2.450974e-02
5.090750e-02
-5.004011e-02
-8.773230e-03
-5.558370e-02
5.017436e-02
2.878357e-02
8.672092e-02
-1.086103e-01
1.166701e-01
4.174732e-02
-1.146815e-01
-3.082075e-02
-5.998822e-02
-2.664784e-02
1.117410e-02
1.068724e-03
-3.045013e-02
2.286686e-02
4.128947e-02
5.528841e-02
2.692223e-02
1.980041e-02
5.260403e-02
9.316034e-03
-7.755328e-03
2.803375e-02
-6.194615e-02
-9.249745e-03
-1.060151e-01
-3.063462e-02
1.092193e-01
-1.365280e-02
1.209589e-03
-1.156916e-02
1.109370e-01
3.018337e-03
-2.274512e-02
-6.207499e-02
-3.910436e-02
1.620177e-02
-3.574896e-02
2.663002e-02
-5.758908e-02
-1.517061e-02
-3.751024e-02
-3.433047e-02
3.307670e-04
9.445301e-02
7.038184e-02
-7.116714e-02
-6.333352e-02
-1.605318e-02
-1.059766e-02
2.443825e-02
-1.881678e-02
2.567332e-02
-6.074503e-02
-2.740315e-02
-6.658472e-02
2.664336e-02
3.901988e-02
-2.590988e-02
-2.182914e-02
-2.992623e-04
2.928474e-02
1.153381e-02
9.378004e-03
1.849096e-02
2.920694e-02
1.014824e-02
4.300801e-02
-1.974861e-02
-2.611529e-02
-1.465524e-02
-1.433356e-02
-3.697946e-02
-1.069500e-01
-1.125005e-02
-1.283855e-02
-8.961579e-02
7.041381e-02
2.320667e-02
4.270882e-04
-3.651146e-03
3.335572e-03
-5.370078e-02
2.484110e-02
6.931264e-02
-8.018336e-03
-5.701423e-02
-5.569869e-02
-7.845666e-02
8.298762e-02
2.202042e-02
2.702061e-02
1.306945e-01
5.489217e-02
1.394037e-01
6.008722e-03
-1.496018e-02
1.768628e-02
-5.968187e-02
-4.833775e-02
-2.437168e-03
-2.382999e-02
-1.555373e-03
2.973861e-02
1.279171e-01
7.850481e-02
1.379909e-02
2.450849e-03
-9.641743e-02
-3.213948e-02
-2.872282e-02
-8.692203e-02
3.399303e-03
-7.370611e-02
-3.061789e-03
-5.182068e-02
1.206464e-01
8.528668e-03
5.938730e-02
-1.444781e-01
-1.334846e-01
-9.837762e-02
-7.172323e-03
-1.142687e-02
1.883803e-03
2.050718e-02
-1.106260e-02
1.018278e-02
2.103801e-02
1.859195e-02
6.794894e-02
-8.435960e-02
-5.199779e-02
-3.677137e-02
-9.278526e-02
-4.325178e-02
1.362230e-04
-1.420180e-02
2.862725e-02
4.046794e-02
-6.716154e-03
4.630229e-02
3.070759e-02
1.179606e-01
4.656557e-02
8.211984e-02
4.858813e-02
4.995853e-02
8.140446e-02
-1.446949e-01
-1.098415e-01
-1.513928e-01
-2.970578e-02
7.844779e-03
-7.704926e-02
2.791216e-02
2.944391e-02
-2.426644e-03
1.318233e-02
1.787412e-02
3.838811e-02
-1.064307e-02
-8.079114e-03
-5.220081e-03
-3.253523e-02
-2.269502e-02
-3.147956e-02
1.306161e-01
1.251766e-01
1.395105e-01
4.459621e-02
1.563405e-01
6.523704e-02
-9.136830e-02
2.878677e-02
-6.686815e-02
3.198638e-02
4.469901e-02
3.307895e-02
3.028272e-02
2.003941e-02
9.607818e-02
6.530987e-02
5.987243e-02
9.634741e-02
-7.458510e-03
-8.227993e-02
-6.783302e-02
-7.999322e-02
-9.975373e-02
-9.510624e-02
-4.340672e-02
-3.728460e-02
-6.546481e-02
-1.371917e-01
-1.165875e-01
-5.391740e-02
1.588549e-02
1.178491e-01
-3.453436e-02
6.814449e-02
1.015183e-01
6.299070e-02
-1.198725e-01
5.094942e-03
-1.383817e-02
2.449733e-02
6.385665e-02
1.343673e-02
7.988027e-02
2.879274e-02
-2.595674e-02
1.159833e-02
-1.424433e-02
1.070495e-02
2.403138e-02
4.548632e-03
1.569126e-02
1.279547e-02
6.823818e-02
8.472493e-02
-1.479617e-02
-5.922808e-02
-1.032198e-02
-2.651045e-02
3.323401e-02
9.598328e-03
-1.285056e-02
1.492419e-01
5.394514e-02
4.596287e-02
1.641450e-01
4.715769e-02
1.296306e-01
1.563507e-01
1.170620e-01
-1.685324e-02
-1.921297e-01
-2.897745e-02
-2.715620e-02
-5.713357e-02
4.673088e-03
-1.400913e-02
2.610522e-02
2.533174e-02
2.806309e-02
5.966405e-02
5.170750e-02
-8.604841e-03
4.944877e-02
-3.561534e-02
-4.271119e-03
-1.011532e-01
-2.618496e-02
3.702950e-02
-6.880625e-02
-1.036934e-03
6.544246e-02
9.334809e-02
-1.375650e-01
-3.393143e-02
-1.161723e-01
-1.558108e-01
-1.968748e-01
-1.794043e-01
-1.614204e-01
6.463002e-02
1.322844e-02
-9.107023e-02
2.994303e-02
-6.237602e-03
5.269929e-03
-6.262851e-02
-4.513392e-02
1.568068e-01
-3.096600e-02
-1.960237e-03
1.497229e-02
5.344591e-02
5.142549e-02
1.801299e-02
5.596716e-02
1.190030e-02
9.719832e-03
-4.605879e-02
5.399170e-02
-1.510861e-01
1.244594e-02
-2.019774e-02
-4.331496e-02
-4.853129e-02
-1.215030e-01
5.126096e-02
-1.361847e-01
-5.643309e-02
-1.414061e-01
-3.408113e-02
1.846309e-01
1.251297e-02
8.299308e-02
2.055528e-01
1.077343e-01
-4.731386e-02
-4.810568e-02
-1.697449e-02
-4.354474e-02
-2.941193e-02
-1.579873e-02
1.841297e-02
3.289432e-02
-2.692738e-02
4.038013e-02
-1.245095e-01
-2.148169e-02
-9.946574e-02
-1.536298e-01
-8.697912e-03
-9.656464e-02
6.220668e-02
-4.622300e-02
3.016505e-02
1.237774e-01
4.671053e-02
4.808739e-02
1.126073e-01
1.090105e-01
-1.905497e-02
-8.431272e-02
-1.689027e-02
-5.759038e-02
-9.417706e-02
-1.469249e-01
-2.036346e-01
-2.496754e-01
-1.788519e-01
-1.203452e-01
-1.394465e-01
-8.453621e-02
-1.441192e-02
-6.660237e-02
-4.082927e-02
-2.789215e-02
-5.808746e-02
-7.307958e-02
-3.652291e-02
-7.594735e-02
-1.014507e-01
-1.342452e-02
1.354625e-02
6.212201e-02
1.839005e-02
1.292272e-02
3.890184e-02
1.145859e-02
2.337739e-02
6.464722e-02
-7.947694e-02
-2.350754e-02
-9.665708e-02
-7.354476e-02
6.285743e-02
-1.663273e-03
-7.756169e-02
2.386366e-02
3.130512e-02
2.305255e-02
9.849468e-03
5.170641e-02
2.512090e-02
4.116203e-02
4.076875e-02
-3.775756e-02
-3.121072e-02
-7.036915e-02
-2.559345e-02
1.353153e-02
-4.143508e-02
-1.211757e-02
-3.528495e-02
-3.392576e-02
7.586338e-02
3.727131e-02
1.405612e-02
-4.398616e-02
-6.840457e-02
-5.502270e-02
-3.555496e-03
-2.139998e-02
-2.272472e-03
-9.826362e-03
-1.451073e-02
-1.253419e-02
2.832865e-02
3.167592e-02
1.390645e-01
-3.704079e-02
-1.637358e-01
-4.962763e-02
-4.406738e-02
-1.830606e-01
-9.510842e-02
6.564783e-02
8.812173e-02
7.181805e-02
2.409765e-03
-3.720307e-02
3.563360e-02
2.268148e-02
2.517836e-02
3.573674e-02
2.695948e-02
7.019443e-02
2.815889e-02
-3.722696e-02
4.941003e-02
6.161124e-02
1.277040e-02
1.246725e-02
-9.361256e-03
-2.119140e-01
-1.763490e-01
-1.108188e-01
-1.483526e-01
-1.054938e-01
-6.088293e-02
-7.577777e-02
1.729121e-02
5.389764e-02
5.014802e-02
4.105455e-02
2.188467e-02
3.262534e-02
1.444467e-01
1.005802e-01
1.831090e-01
1.767404e-01
1.918522e-01
2.231428e-02
7.522408e-02
8.364202e-03
-6.162945e-02
-4.284189e-02
-1.069198e-01
-4.576699e-02
-8.085956e-02
-1.311010e-01
1.132378e-02
2.455069e-03
2.069556e-02
3.026705e-02
3.735642e-03
1.946222e-02
4.821846e-02
1.607024e-02
6.285184e-03
1.251934e-02
-2.539371e-02
4.428468e-02
6.494326e-03
-3.686960e-02
4.741223e-05
-4.938428e-02
-4.708216e-02
-1.404430e-01
3.047720e-02
3.752814e-02
-1.203055e-02
4.024100e-03
5.219766e-02
6.176881e-02
9.013443e-02
1.175115e-01
7.983655e-02
1.262378e-02
6.234594e-03
4.654771e-02
2.951026e-02
5.004857e-02
3.626416e-02
-4.791646e-02
1.014827e-02
-2.045969e-03
1.724993e-03
-1.894086e-03
1.044517e-03
6.529064e-04
-2.077613e-05
2.149594e-03
-1.322632e-04
1.195114e-03
-3.562382e-03
3.119450e-03
-4.086644e-03
2.419829e-04
1.921643e-03
7.417126e-04
-4.196201e-03
-1.343096e-03
6.993432e-04
-1.143854e-03
-4.212750e-03
-1.926368e-03
-1.284121e-04
-2.555046e-03
-1.807869e-03
8.942956e-04
2.438678e-04
3.098721e-04
-8.858789e-04
-2.059240e-03
2.872415e-03
-2.511942e-03
-2.474934e-03
-1.803058e-03
3.986548e-04
-4.915692e-03
-5.501076e-04
1.116438e-04
7.986600e-04
-2.718416e-03
-6.375485e-04
-2.778277e-03
-1.346981e-03
-2.879389e-03
-4.171895e-03
-2.530056e-03
-9.805212e-04
6.858176e-04
-5.969320e-04
2.216251e-04
8.668205e-04
-2.372055e-03
-1.520511e-03
2.213074e-04
-1.246612e-03
-2.674022e-03
-1.887539e-04
-8.815403e-04
-1.425856e-03
1.221665e-03
2.129812e-03
3.812042e-03
2.197872e-03
3.505975e-03
7.828280e-04
5.485735e-03
-2.488752e-04
5.583915e-04
-2.018298e-03
-6.042545e-04
3.204457e-03
1.598032e-03
3.514116e-04
-3.496544e-03
-3.385124e-04
2.204084e-03
3.247054e-04
2.023469e-03
-2.917564e-03
-1.133752e-03
-3.735560e-03
-2.847300e-04
5.160953e-04
-1.859411e-03
-1.869548e-03
1.727860e-03
-2.421325e-03
1.648985e-05
1.670760e-03
-2.932639e-03
-2.956545e-03
-1.003033e-03
-6.986209e-04
-1.136624e-03
-1.882402e-03
6.706063e-04
-3.778885e-04
-4.088585e-03
-2.341826e-03
-3.234722e-03
-4.674087e-04
3.460409e-03
-1.686435e-04
1.221161e-03
1.643063e-03
4.218559e-04
-2.448268e-04
-1.146983e-03
-4.023283e-04
1.865425e-03
2.070783e-03
4.805630e-04
1.617644e-03
3.164329e-04
-4.106359e-04
2.071471e-03
-1.523392e-03
4.290086e-03
-2.798660e-03
-1.758876e-03
-2.121985e-04
-1.159073e-03
9.710421e-04
1.491085e-03
-9.043098e-05
8.506110e-05
4.484302e-03
5.230547e-04
-3.437402e-04
-6.667850e-04
5.288639e-04
-6.243221e-04
-7.334620e-04
8.630774e-04
-1.166134e-03
-1.001843e-03
-4.002903e-04
-1.102591e-03
1.621702e-03
-8.206076e-04
-1.280880e-04
1.083459e-03
5.545540e-04
-1.519835e-03
1.748095e-04
3.250510e-03
-1.451236e-01
-1.342950e-01
-7.669886e-02
-1.032565e-01
-8.891003e-02
-9.252697e-02
4.317532e-02
-1.039172e-02
-2.017532e-02
-1.731256e-02
1.132507e-02
1.035494e-01
-4.509984e-02
-2.052981e-03
2.564008e-02
-1.661717e-02
6.823926e-02
6.173350e-02
-1.823555e-03
4.857684e-02
-9.289509e-03
-8.422001e-02
-1.783802e-02
9.464763e-02
-7.179329e-02
-1.007145e-01
4.460296e-02
1.206125e-01
1.163508e-01
6.942526e-02
7.926089e-02
6.124282e-02
3.501220e-02
2.245041e-03
-5.473423e-02
-9.696018e-02
-1.134211e-01
-6.564827e-02
-3.745606e-02
-3.226665e-02
-2.878596e-02
-1.921968e-02
-9.255803e-03
-4.126967e-02
1.503689e-02
1.309977e-02
3.402544e-02
-1.309199e-02
2.013646e-02
3.295041e-02
-1.170415e-02
5.731187e-02
3.698088e-02
-2.379374e-02
-4.559704e-02
-1.186278e-01
2.044607e-02
-1.024502e-02
-1.418193e-01
-2.129536e-01
1.315059e-01
3.600649e-02
-1.245653e-01
-4.748255e-02
-3.900504e-02
2.169248e-02
-1.505089e-01
-1.361045e-01
-4.826351e-02
-4.088749e-02
-6.605452e-02
3.627961e-02
-3.150538e-02
-2.825923e-03
1.116495e-01
-7.082663e-02
-7.174153e-02
1.745553e-02
2.355755e-02
-2.961557e-02
-1.724768e-02
-3.922334e-03
-3.583073e-02
-1.911492e-02
8.978514e-02
2.952457e-02
-5.675643e-02
9.639097e-02
4.487323e-02
-5.431059e-02
9.924410e-02
8.553443e-02
1.986974e-01
-1.602294e-02
2.599378e-02
4.123169e-02
4.366486e-03
-6.685031e-02
3.140129e-02
-5.072428e-02
-7.622675e-03
-7.946027e-03
-1.024135e-01
-1.362593e-01
-1.014013e-01
-8.481970e-02
-1.057567e-01
-1.431801e-01
-3.394979e-02
-4.507590e-02
-3.883141e-02
-2.867274e-02
-4.764424e-02
-4.238921e-02
-2.205745e-03
-8.897173e-04
6.297257e-03
1.847050e-02
7.316655e-02
3.128259e-02
-2.824925e-02
-1.024545e-01
-7.402083e-02
1.895431e-02
-4.537234e-02
-1.516155e-01
-4.103934e-02
-4.761945e-02
1.872110e-04
-3.672351e-02
-2.570147e-02
1.800934e-02
5.958271e-02
2.654218e-02
1.053551e-01
-1.071043e-01
-7.513741e-02
-1.167821e-02
-1.118005e-01
-9.645395e-02
-7.257676e-03
-2.494475e-02
1.846963e-03
1.187068e-01
-1.987954e-02
5.512396e-02
7.857642e-02
-5.365018e-02
6.647593e-02
-6.353118e-03
-6.931103e-03
-8.381378e-02
3.148534e-02
-8.280504e-02
5.761046e-02
-9.978116e-02
1.182998e-01
-5.989433e-02
-9.937149e-02
-4.712644e-02
-5.635310e-02
8.381284e-02
-4.673005e-02
-7.918682e-02
2.313619e-02
1.344942e-02
1.368931e-02
-1.516227e-02
3.064302e-02
2.500995e-02
-2.565880e-02
-1.776043e-02
-1.435132e-01
-1.086474e-01
-2.761515e-02
7.566810e-02
-2.304318e-02
-1.178049e-02
5.854277e-02
-8.831727e-03
-1.086014e-02
7.857138e-02
-2.448487e-02
5.356854e-02
-1.210184e-01
-3.588571e-02
1.429863e-02
-2.995882e-02
6.501528e-03
-5.515504e-02
-3.286593e-02
-4.144229e-02
-6.108046e-02
-2.321054e-02
-1.788540e-02
-1.953471e-02
-8.206727e-02
-1.745815e-02
6.597045e-02
-7.754272e-02
-1.163429e-01
9.864294e-02
-2.005484e-01
-2.453683e-02
-1.078910e-01
8.601490e-02
9.201726e-02
1.800107e-02
5.590949e-02
-2.214018e-02
5.147233e-02
-1.735741e-01
-2.735532e-02
-5.453577e-02
3.670454e-02
-7.064445e-02
4.439543e-02
7.743829e-02
1.564225e-02
1.206854e-01
-7.279947e-02
3.770237e-02
9.053718e-02
-1.311228e-01
-1.005710e-01
-1.670172e-01
-1.337326e-01
-9.195172e-02
-7.195002e-02
-6.444877e-02
-4.636354e-03
1.653791e-02
1.231219e-01
6.611353e-02
-1.793251e-01
8.273999e-02
-2.200424e-01
1.246556e-01
-2.654161e-01
7.899524e-02
-1.338423e-01
7.429789e-02
-5.688404e-02
-1.425906e-01
1.254069e-01
4.163638e-02
-6.697772e-02
-1.144225e-02
3.951291e-02
1.529360e-02
-2.502985e-02
5.485903e-03
2.053047e-02
3.854118e-02
6.140868e-02
-5.522595e-03
6.853853e-02
4.712876e-02
3.218455e-03
2.029308e-02
4.207704e-02
1.274972e-01
-1.996901e-01
6.658358e-02
-1.814559e-01
1.185465e-01
-5.623892e-02
-2.465937e-01
-2.643996e-02
-1.757350e-01
-3.420719e-02
1.360356e-01
1.333411e-01
4.019768e-02
2.107416e-02
1.176431e-01
6.712691e-02
-1.678875e-02
-6.452087e-02
1.351279e-01
-1.841568e-01
-4.337238e-02
1.571534e-02
1.273843e-01
-1.780471e-02
1.488540e-02
-2.234363e-02
4.277909e-02
-2.032956e-02
-2.804316e-02
-8.495966e-02
-8.501063e-03
-3.262807e-02
1.908998e-03
-3.448524e-02
-6.251962e-02
2.376665e-02
-5.707780e-02
-1.476146e-02
-1.573229e-03
-7.376102e-02
-4.159780e-02
-1.737310e-03
-7.306609e-02
-7.355081e-03
4.393988e-02
-7.580390e-02
-5.744130e-02
2.521520e-02
-1.011813e-01
-2.101901e-03
9.048040e-02
-3.353489e-02
7.240349e-02
1.020014e-01
5.556284e-02
4.347718e-02
2.519393e-02
8.552274e-02
5.694417e-02
5.751503e-02
7.557649e-02
7.155294e-02
1.001223e-01
-2.169025e-02
-2.838157e-02
2.243248e-02
8.093679e-02
1.342795e-01
2.146914e-01
7.573345e-02
1.552476e-01
1.466355e-01
4.937147e-02
-1.295264e-03
-5.436871e-02
1.600374e-02
-5.198416e-02
-7.041410e-02
-2.060441e-02
-7.142826e-02
-4.733269e-02
1.252471e-01
1.014819e-01
1.302742e-02
1.511789e-01
1.288850e-01
-2.693878e-02
9.837426e-02
5.201161e-03
-1.094541e-01
-9.278493e-02
-1.165060e-01
-8.721977e-02
4.068491e-02
9.381752e-02
5.160275e-02
3.581899e-02
3.806461e-03
-3.820963e-02
-8.200306e-03
3.867292e-03
1.286865e-02
1.591175e-02
6.227110e-02
5.000358e-02
3.194096e-02
6.074715e-02
1.224775e-02
5.639155e-02
-4.509493e-02
-9.529637e-02
4.766039e-03
-7.484203e-02
-8.257975e-02
-8.108816e-02
-8.084447e-02
-4.814032e-02
-3.519937e-02
-6.296666e-02
5.212075e-02
-6.934153e-02
-7.580964e-02
1.047619e-02
-3.524896e-02
-1.347713e-02
-4.821133e-02
3.360547e-02
5.102460e-02
7.790078e-02
4.194324e-02
4.102911e-02
8.823204e-02
4.619716e-02
6.193028e-02
8.013783e-02
3.797776e-03
-1.933018e-02
-2.484287e-02
-1.343562e-02
-4.527200e-02
-3.847596e-02
-1.875292e-03
-9.141376e-03
-4.960601e-03
-3.886772e-02
7.151680e-03
1.617635e-02
3.223845e-02
1.067324e-01
5.213998e-02
4.758433e-02
-5.796778e-02
-1.740922e-02
-2.593229e-02
-2.463861e-02
-3.177023e-02
-8.985638e-02
-6.732927e-02
-3.512840e-02
-9.865783e-02
-6.092873e-02
-4.357706e-02
-4.211895e-02
-3.103114e-02
7.695786e-03
8.325708e-03
9.670280e-03
-7.638601e-03
3.276593e-02
3.761061e-02
6.546630e-02
-1.144205e-01
2.589563e-02
-2.054747e-02
1.497802e-01
-2.259944e-02
-1.362728e-01
-4.414660e-02
3.451598e-02
6.696208e-02
2.123985e-02
4.149471e-02
2.801083e-02
-1.011276e-01
1.446302e-03
-3.663844e-03
-9.223985e-02
1.042851e-02
2.929502e-02
5.418646e-02
3.962504e-02
3.655247e-02
7.818442e-02
-3.145988e-02
1.907178e-02
7.205377e-02
-2.780345e-02
3.326619e-02
1.301177e-01
-1.478746e-02
-6.748852e-03
2.350942e-01
-1.824868e-01
-5.749355e-02
9.356909e-02
-1.640121e-01
-4.095585e-02
2.324948e-02
2.811645e-02
7.710057e-02
-2.017588e-01
1.136199e-01
-1.187632e-01
-9.635045e-02
8.896610e-02
-1.065115e-01
1.548653e-03
-4.471019e-02
-7.354861e-03
2.159305e-02
-1.392110e-02
-2.771962e-02
-3.199240e-02
-1.295838e-02
-4.143247e-02
6.481059e-02
6.452818e-02
-1.216363e-01
-1.396880e-01
8.898440e-02
-2.239795e-02
2.219052e-02
9.338945e-02
1.448337e-01
5.734687e-02
-1.091012e-02
-1.589649e-01
-2.463074e-01
1.936289e-01
-3.921187e-02
7.624693e-02
5.189633e-02
-1.353545e-01
6.200673e-02
-1.266790e-03
-4.198267e-02
1.513072e-01
2.977157e-01
-1.174148e-01
8.142912e-02
1.821019e-01
-3.475609e-02
1.696628e-02
-6.884473e-02
9.162326e-03
-6.758133e-02
-6.323922e-02
7.937743e-03
-4.309144e-02
-1.008308e-01
-2.030555e-03
1.556599e-01
-4.633152e-02
-1.121844e-01
-7.284859e-02
9.185286e-02
-1.797964e-02
-6.577909e-03
5.303376e-02
1.084832e-02
1.309710e-01
-2.314983e-01
-1.208291e-01
2.741662e-02
-3.070080e-02
4.228850e-02
-1.083870e-01
4.429379e-02
1.163555e-02
-6.104733e-02
1.210001e-02
1.610095e-02
-5.539923e-02
-1.684087e-02
6.347781e-02
-3.733014e-02
-2.428492e-02
3.440623e-02
-1.366937e-01
-4.012431e-02
9.645198e-03
1.684930e-01
-2.607807e-01
1.753787e-01
2.499093e-01
-3.520780e-01
1.026706e-01
-1.271810e-01
-8.249155e-02
-1.307896e-02
-7.750667e-02
2.242168e-02
-4.868078e-02
-1.512652e-01
-2.405773e-02
-3.393673e-02
-1.139834e-01
1.546543e-01
4.579081e-02
1.234419e-02
-4.531829e-02
-4.534122e-02
1.006701e-01
-1.791408e-02
-1.829313e-02
-1.092905e-02
-1.114280e-01
-2.026535e-02
2.284471e-02
-8.757916e-02
-2.127666e-03
-3.999638e-03
4.984134e-02
4.610880e-02
-1.012582e-03
-4.637827e-02
3.349246e-02
-4.918122e-02
5.532470e-02
3.250528e-02
-3.929836e-02
-1.759371e-02
-4.068102e-02
-3.674696e-02
-9.227101e-03
-7.657639e-02
-7.183529e-02
-3.432424e-02
2.541851e-02
-8.212638e-02
-8.696707e-02
-1.816301e-02
-4.653765e-02
1.170852e-02
9.603315e-02
-2.241760e-02
-5.837886e-02
1.091775e-01
-3.472868e-02
-2.431736e-02
1.503595e-03
-5.773090e-02
-2.110521e-02
-5.827903e-02
-4.391845e-02
8.834900e-02
-1.230928e-01
6.454308e-02
3.213043e-02
-3.071327e-02
-7.104183e-02
-3.110081e-02
-2.807826e-02
-8.389831e-02
-2.955248e-02
-3.926945e-02
-7.340088e-02
-6.126538e-03
-1.964232e-02
1.893155e-02
7.285536e-02
5.230116e-02
-8.390303e-02
8.744655e-03
-2.345186e-02
1.049671e-01
-6.095501e-02
8.862346e-03
8.253898e-02
7.442163e-02
-2.441935e-02
1.878538e-02
-5.343693e-04
-1.105851e-01
8.342735e-02
-1.677109e-01
1.665202e-02
-2.475647e-02
-1.334060e-01
-1.671782e-01
3.578898e-02
-8.133482e-02
-2.827001e-01
1.183113e-01
-5.353107e-02
-1.631368e-01
-8.500455e-02
-2.899610e-02
1.699703e-02
-4.000548e-02
-1.076547e-02
-3.439593e-02
9.159196e-02
-4.265284e-03
-4.824705e-02
-2.389232e-02
-4.883451e-02
-2.090485e-02
-3.025780e-02
1.430438e-01
-4.222706e-02
1.568326e-01
-1.186903e-01
-3.830302e-02
-7.053319e-02
-2.032273e-01
-9.688949e-02
-4.943943e-02
-7.427649e-02
-1.627436e-01
5.843767e-02
-3.001578e-02
-1.041847e-01
1.047955e-02
1.988196e-02
2.172199e-02
-8.668778e-03
1.909725e-03
5.510890e-02
1.022861e-03
7.237440e-04
2.918789e-02
9.091953e-03
7.951220e-02
4.021828e-02
8.955078e-03
-2.040796e-01
1.391880e-01
-1.971232e-01
-1.212097e-01
8.288421e-02
-3.605616e-03
-9.972701e-02
-3.277020e-02
-4.267419e-02
-4.431981e-02
-9.844815e-02
-9.896876e-04
-1.149340e-01
-1.665300e-02
-3.136697e-02
8.520227e-02
-5.368688e-02
2.903204e-03
-1.354187e-01
3.856960e-02
-4.917469e-02
9.816331e-02
8.203819e-02
-1.108910e-01
-6.185094e-02
-9.933315e-02
-7.677272e-02
-1.546817e-02
1.276493e-02
-1.128603e-01
-1.707455e-02
4.368934e-02
7.890883e-02
8.457984e-02
5.457174e-02
4.519370e-02
6.077450e-02
7.598349e-02
1.006261e-01
3.273007e-02
2.827937e-03
-1.265448e-01
-1.386970e-01
-1.123357e-01
-1.384488e-02
-1.235841e-01
-1.630241e-01
1.206722e-01
3.549869e-02
-9.988490e-02
6.417318e-02
-3.601625e-02
-9.264363e-02
9.686377e-02
1.177444e-02
-8.741661e-02
1.094655e-01
1.142815e-01
4.702255e-02
-1.800394e-01
-1.878073e-01
-1.247974e-01
-7.721275e-02
-8.841860e-02
-3.518122e-02
3.602459e-02
-1.754904e-02
-1.686380e-02
4.828761e-02
6.792136e-02
4.003732e-02
-2.029158e-02
-1.514838e-02
2.406701e-02
-8.481421e-02
-6.217856e-02
1.547125e-02
4.313115e-02
-3.095341e-02
-9.609455e-02
1.066507e-01
6.698892e-02
4.288867e-02
-2.605284e-02
3.301322e-02
1.209136e-01
-2.694395e-03
5.030357e-02
8.127880e-02
-1.435094e-01
-9.210642e-02
-1.551989e-01
1.747158e-02
-4.904501e-02
-1.250176e-01
7.836362e-02
8.599033e-02
8.832008e-02
1.231456e-01
1.012655e-01
7.552802e-02
9.804206e-02
7.527866e-03
1.913765e-02
3.515907e-02
-2.756695e-02
-1.990694e-02
1.904390e-02
1.151722e-02
4.111888e-02
1.516862e-02
7.443481e-03
1.527807e-02
-4.120557e-02
-7.340408e-02
-4.022058e-02
-1.242987e-01
-1.350174e-01
-5.716211e-02
-4.119268e-02
-1.377255e-01
-1.517759e-01
7.988112e-02
1.095335e-01
6.959895e-02
-6.155084e-03
9.546313e-02
1.166419e-01
-3.061609e-02
9.803310e-03
4.488306e-02
1.165692e-02
3.238734e-02
1.713585e-02
-3.816076e-02
-2.112374e-03
-1.002073e-02
-8.667001e-02
-4.216017e-02
-3.107817e-02
8.497650e-02
2.354720e-02
4.163643e-02
6.058462e-02
7.365041e-02
-5.372881e-02
-1.722517e-02
1.288516e-01
5.726664e-02
-3.081575e-02
2.733603e-02
4.027753e-02
6.544229e-02
7.308292e-02
5.078783e-02
3.424540e-02
2.869096e-02
2.929069e-02
-7.899614e-02
-6.519957e-02
-4.653315e-02
3.596889e-02
-2.589709e-02
-1.056552e-01
1.588195e-02
6.346913e-02
2.083604e-02
-1.506253e-03
-1.099088e-02
5.714203e-02
1.566649e-02
6.570976e-03
-1.003128e-01
-1.526021e-01
-7.064445e-02
8.462038e-03
-1.723351e-04
-2.798189e-02
2.161962e-02
1.477869e-02
-6.262075e-02
2.687270e-02
7.992217e-02
9.630834e-02
-1.469128e-02
5.988853e-02
6.385298e-03
-1.149860e-03
5.375296e-02
5.091844e-02
-3.328938e-02
1.655291e-02
1.259770e-03
-1.027743e-01
1.263332e-02
1.827641e-02
-1.016376e-01
6.165845e-02
1.768623e-01
-7.918885e-02
-5.415161e-02
6.572443e-02
-2.218664e-02
-7.417876e-02
-9.129935e-02
4.387382e-03
-1.171441e-02
-1.394360e-01
9.048574e-02
5.903449e-02
-2.638919e-02
3.497384e-02
-4.291102e-02
-4.934876e-02
-7.983794e-03
-3.267111e-02
-1.943557e-02
2.499980e-02
-4.781253e-04
-8.732614e-03
6.295805e-02
6.340978e-02
4.352361e-02
7.388487e-02
-2.579090e-02
-1.339610e-01
3.722137e-02
5.062921e-02
7.789339e-02
2.019957e-02
1.205028e-02
-6.110203e-02
3.063706e-02
-8.548032e-02
-6.967152e-02
1.615652e-01
1.370637e-01
9.853367e-03
-6.243655e-02
-9.010367e-02
-6.720052e-02
7.792483e-02
-1.281855e-01
-5.353483e-02
3.132491e-01
-8.796571e-02
-1.075984e-01
1.151868e-01
-3.709982e-02
3.070542e-02
2.265006e-02
-4.292700e-02
-3.427670e-02
1.685114e-02
9.471267e-03
5.168498e-02
-1.916796e-02
3.260112e-02
1.257986e-02
6.580732e-03
2.709636e-02
-7.642710e-02
2.128236e-01
8.673472e-02
2.085059e-02
-5.261274e-02
4.812669e-02
1.752099e-01
-6.630977e-02
-3.709345e-02
4.430396e-02
6.990597e-02
7.739791e-02
-7.934349e-02
-8.202840e-02
-1.893315e-02
-3.834939e-02
-9.987455e-03
2.573293e-02
-2.176897e-03
-1.445082e-03
1.453018e-02
9.221479e-03
2.690792e-02
3.788973e-02
-7.146764e-03
-1.063844e-01
-3.801806e-02
2.775133e-01
-2.161945e-01
-1.427999e-01
6.474264e-02
-2.129373e-01
-1.199111e-01
-1.579653e-01
-6.520464e-02
-1.823370e-01
-9.564193e-02
-1.414999e-02
-7.981724e-02
-5.934698e-02
-5.132840e-03
-3.566660e-02
-1.022541e-01
1.025983e-02
1.419237e-01
4.566471e-02
-1.434589e-01
-3.652000e-02
3.356832e-02
-1.819471e-02
-6.749157e-02
-2.772261e-02
3.273918e-02
-5.865644e-02
1.140508e-02
3.754443e-03
-5.991676e-02
9.490893e-03
-1.329470e-02
5.262955e-02
6.424371e-02
1.662207e-02
6.933197e-02
8.636995e-02
-2.392105e-02
1.553355e-01
7.604291e-02
1.665300e-02
-2.286193e-02
8.270260e-02
-1.061433e-01
2.277518e-02
1.036830e-01
-8.558461e-02
1.834854e-02
3.380345e-02
-6.548724e-02
3.386147e-02
2.268905e-02
3.241703e-02
5.500217e-02
6.774463e-02
4.933796e-02
-3.784611e-03
7.788292e-02
4.472582e-02
1.036985e-01
1.089174e-01
7.810596e-02
1.978921e-01
2.504975e-01
1.620153e-01
1.625290e-01
1.830124e-01
1.315894e-01
-2.948344e-02
-5.980766e-02
-1.536745e-02
-6.361750e-02
-6.721143e-02
-4.725913e-02
-6.848399e-02
-4.171541e-02
-3.231237e-02
-1.038673e-01
4.264641e-03
-1.810991e-02
-5.909327e-02
-8.361707e-02
-4.984372e-02
-4.648522e-03
-1.116762e-01
-1.259437e-01
-7.026543e-02
-1.464828e-02
2.575929e-03
-1.071752e-01
-2.185638e-02
-5.715142e-03
-9.812597e-02
-2.014953e-02
-5.269805e-02
5.113554e-02
-3.551527e-02
-1.049898e-01
5.524500e-02
1.147372e-02
-3.067214e-02
1.367804e-02
-7.944109e-03
-9.669669e-04
-2.057555e-01
-1.306397e-01
-7.321876e-02
-1.656467e-01
-6.328271e-02
1.552825e-02
-4.734724e-02
6.123083e-02
9.976944e-02
1.032007e-01
1.826712e-01
7.000981e-02
1.868801e-01
3.752417e-01
1.812619e-01
1.829459e-01
2.291091e-01
1.587414e-01
-8.911327e-02
-9.051833e-02
-1.336070e-01
-5.926565e-02
-2.605034e-02
-7.514191e-02
8.859628e-02
-1.762975e-04
4.643263e-02
-8.325338e-02
-8.974380e-02
-8.355098e-02
-6.442956e-02
-8.189421e-02
-1.092349e-01
-7.669342e-02
-7.996432e-02
-9.455069e-02
-7.261883e-02
-8.885045e-02
-1.066028e-02
-6.712111e-02
-1.578929e-01
1.161387e-02
-1.576468e-01
-2.164471e-01
-7.678460e-02
8.794212e-02
4.175293e-02
3.426243e-02
6.233020e-02
1.063682e-01
1.355313e-01
1.736828e-02
1.022069e-01
7.693759e-02
-6.052581e-02
-3.599494e-02
-1.532860e-02
2.419814e-02
1.362729e-02
2.151011e-02
3.440220e-02
1.107172e-01
-1.390645e-02
