-8.356094e-02
6.390376e-02
-4.511962e-02
-2.848964e-03
1.104963e-01
-4.917069e-03
-1.378798e-01
-1.858656e-04
1.077169e-01
3.411363e-02
7.307964e-02
1.893446e-03
9.796166e-02
4.135497e-02
7.349629e-02
4.937569e-02
3.448169e-02
3.565955e-03
1.337138e-02
3.824965e-03
-1.425654e-02
-1.717844e-02
-2.259482e-02
-3.633485e-02
-5.446782e-02
-3.551592e-02
-3.155810e-02
2.704436e-02
6.008764e-02
2.940996e-02
-6.283899e-03
4.834389e-02
4.755748e-02
2.422900e-02
7.270213e-03
6.823421e-02
-4.302632e-03
-5.627523e-02
9.363274e-03
5.785669e-02
-2.550492e-02
3.858180e-02
-5.461339e-02
6.280408e-02
8.379849e-04
-5.404372e-02
-5.258628e-02
-5.864560e-02
-3.087430e-02
-2.222452e-02
-1.712165e-02
-3.417315e-02
-3.466225e-02
-1.818434e-02
-4.915408e-02
-8.721842e-02
-5.958221e-02
-1.723597e-03
-3.901792e-02
-3.305802e-02
-7.651111e-02
5.910901e-02
-7.197001e-03
-2.619672e-02
-9.071518e-02
-5.412857e-02
-6.767971e-03
7.099637e-02
1.974513e-02
-5.037360e-02
1.602766e-01
4.239405e-02
2.961828e-03
3.125710e-02
8.457001e-02
-1.881598e-02
-5.845795e-02
3.368689e-02
8.279910e-02
2.226724e-02
-7.981012e-02
-2.555868e-02
4.355486e-02
3.910972e-02
2.696566e-02
4.227016e-02
7.618729e-02
3.829754e-02
8.589409e-02
6.256008e-02
-6.209598e-02
-5.421198e-03
-1.313886e-01
-2.846861e-02
-1.525605e-01
1.001260e-01
-1.029969e-01
-2.635971e-02
-2.040948e-01
-1.104189e-01
-4.301170e-02
-5.346477e-02
-9.412044e-02
-1.861417e-01
-6.108161e-02
4.265388e-02
-1.218724e-01
-1.312175e-01
6.321330e-02
2.337962e-02
5.389052e-03
3.603425e-02
3.242189e-02
-1.906360e-02
2.920169e-02
3.042296e-02
2.365160e-02
-1.021045e-01
-9.708104e-02
-5.066895e-03
-5.935975e-02
1.751724e-01
-1.675157e-01
-1.928555e-01
-1.851594e-01
8.134448e-03
3.454281e-02
-1.326523e-02
4.468150e-02
2.849937e-02
-4.473740e-02
2.835889e-02
2.860347e-02
-2.612649e-02
-8.008547e-02
3.075191e-02
2.058864e-02
5.763389e-03
2.987921e-02
1.577318e-01
2.270308e-02
-8.658273e-03
2.710538e-02
1.702971e-01
8.461372e-02
-3.957858e-02
-1.423272e-01
-3.643733e-02
3.848691e-02
3.900213e-02
1.028299e-01
-8.245545e-02
-1.764224e-01
-6.417315e-03
1.781577e-02
7.181610e-02
5.304265e-02
5.685917e-02
4.828551e-02
-1.745290e-01
-1.714639e-01
-1.568953e-01
-7.528066e-02
-8.011286e-02
1.326056e-02
-4.816715e-04
-7.392646e-03
1.122810e-01
-3.539324e-02
-4.259525e-02
-1.670705e-02
-7.118658e-02
-4.471517e-02
-1.315793e-02
6.819760e-03
5.077147e-02
8.308087e-02
7.396022e-02
3.657206e-02
1.888187e-02
4.691087e-03
8.465148e-02
5.435736e-02
4.436782e-02
5.931716e-02
8.494740e-02
-4.311245e-02
5.163216e-03
7.893357e-02
-1.163032e-01
-8.117572e-02
-1.419148e-01
-9.904717e-02
-4.210914e-02
-2.028606e-03
-8.669653e-03
9.260659e-03
6.775187e-02
-1.300643e-02
-2.240753e-02
-6.475936e-03
2.376383e-02
9.212200e-03
3.921955e-02
-9.488772e-02
-3.865062e-03
2.305213e-02
1.252870e-02
1.802074e-02
-4.902351e-02
1.058376e-01
2.133127e-03
-1.170622e-02
-7.066149e-02
-4.897179e-02
-6.506064e-02
-9.336517e-02
-2.945405e-02
-3.105240e-02
-2.360348e-02
-5.666472e-02
-9.878754e-02
1.209107e-02
3.402126e-02
-1.910340e-02
4.696095e-03
-6.274227e-03
-4.547670e-02
1.917527e-02
-2.527161e-02
-5.563410e-02
-4.132307e-02
-3.178367e-02
-1.748668e-02
-6.596496e-02
2.393002e-02
-1.916360e-02
7.477188e-02
-1.571611e-02
-2.835234e-02
-2.704316e-02
4.294105e-02
-1.030277e-02
-5.238847e-02
5.071747e-03
-9.061322e-02
4.862113e-02
-1.236002e-02
-2.465929e-02
4.002019e-02
4.224630e-03
4.978979e-03
1.989762e-02
-3.572539e-02
-3.107087e-02
4.488558e-02
3.547679e-02
3.681554e-02
8.796148e-02
8.007943e-02
8.327983e-02
-5.586109e-02
-1.373786e-01
-1.291420e-01
-1.164371e-01
-6.530924e-02
-6.389724e-02
-6.811885e-02
-1.082499e-01
-1.036393e-01
-1.208105e-01
-1.131188e-01
-8.690733e-02
-1.570172e-01
-1.454168e-01
-8.341106e-02
-2.935295e-02
-5.331646e-02
-2.012475e-02
8.220582e-02
2.946516e-02
-8.486780e-02
-1.177163e-02
-1.014985e-02
-3.026914e-02
-8.144248e-02
-1.099700e-01
-6.910320e-02
6.443726e-02
1.317955e-02
-4.132833e-02
9.105973e-02
-6.849987e-03
9.286276e-04
7.161543e-02
1.657184e-02
-7.459267e-02
-1.160706e-01
-3.947772e-02
4.279574e-04
-7.228284e-02
5.754570e-02
5.928546e-02
-6.150958e-02
-5.340060e-04
-1.474632e-02
5.712882e-02
5.580666e-02
-3.389861e-02
-1.822855e-02
-3.409397e-02
-6.050099e-02
-4.975502e-02
-3.828835e-02
-3.309200e-02
1.013524e-02
-2.149991e-03
1.177775e-03
1.328995e-02
-2.034107e-02
6.208760e-03
-7.964754e-03
1.458379e-02
7.836930e-03
-2.874465e-02
3.375928e-02
2.257939e-02
-1.112696e-02
4.371441e-02
1.025112e-02
-5.392006e-03
-7.938008e-02
-2.477799e-02
-2.841167e-02
-5.571935e-02
-3.488315e-02
3.661883e-03
-1.115602e-03
-8.291915e-03
-2.179446e-02
6.432287e-03
-3.420091e-02
-2.192019e-02
1.666524e-02
2.080369e-02
-4.719325e-02
1.246980e-02
3.923282e-02
-2.696058e-02
-3.957218e-02
4.852700e-02
-5.159864e-03
1.411954e-02
-3.832241e-02
7.002393e-03
-1.196252e-02
-9.034754e-02
8.026510e-02
-5.474233e-02
-5.954086e-02
5.718038e-02
5.778951e-03
2.073762e-02
2.681531e-02
4.713043e-02
-3.771879e-02
-4.632306e-02
-6.480171e-02
-5.699345e-02
-5.800138e-02
-1.742212e-02
4.135904e-03
-2.511488e-02
2.656008e-02
1.858085e-02
1.044337e-02
-2.277867e-02
-1.959524e-02
3.480594e-02
-1.887975e-02
-2.252082e-02
-8.053784e-03
1.530239e-01
-8.466423e-02
4.257625e-02
-8.217963e-02
-1.274246e-02
7.367407e-02
-6.270166e-02
-7.654243e-02
4.633320e-02
3.007142e-02
-4.018508e-02
-2.571099e-02
-2.219649e-02
-1.939829e-02
-2.400667e-03
-3.177054e-03
-1.857614e-02
3.443852e-03
-9.144180e-03
7.303180e-03
1.391239e-02
1.104871e-02
5.851752e-04
-9.866257e-02
3.041270e-02
-6.287975e-02
6.953675e-02
-1.255215e-01
-2.279088e-03
-7.745732e-02
-9.771594e-02
-5.748229e-03
1.532482e-03
7.973528e-03
6.704356e-02
4.431044e-02
7.604246e-02
3.914159e-02
3.098015e-03
-5.479820e-02
-6.141695e-02
-7.872079e-03
2.304791e-02
-4.089871e-02
9.438761e-02
2.275436e-02
8.064972e-03
5.162193e-02
1.158233e-02
-3.707225e-02
-7.202984e-02
-2.042444e-02
3.508149e-02
3.199848e-02
3.363154e-02
-1.292970e-02
5.627000e-02
3.222584e-02
-3.524713e-02
-8.506223e-02
-3.968632e-02
-2.715692e-02
-3.428249e-02
1.007530e-02
-5.010612e-02
1.119005e-02
2.077056e-02
-1.035082e-01
1.924108e-02
3.690958e-02
5.397050e-02
5.050555e-02
3.416358e-02
6.019419e-02
5.781218e-02
7.910103e-02
7.348470e-02
1.502551e-02
3.435788e-02
4.145866e-02
-2.465085e-02
-1.447229e-02
1.901594e-02
-2.758537e-02
-4.956887e-02
-8.838445e-03
-1.362647e-02
4.214825e-02
5.420885e-02
-6.144078e-03
5.114365e-02
2.707141e-02
-3.595106e-03
7.734519e-02
-5.075556e-02
1.508554e-02
5.368949e-04
-3.284231e-02
-3.418844e-03
1.832428e-02
1.102662e-03
-1.682848e-02
1.732213e-03
3.611330e-02
8.456052e-02
1.056407e-01
7.268316e-02
5.743309e-02
5.778045e-02
2.196806e-02
5.703029e-02
4.219722e-02
-5.177535e-02
-2.222724e-02
9.442136e-02
-2.233829e-02
-5.505257e-02
-1.036267e-02
-3.662839e-02
1.644915e-03
5.878860e-02
-7.609267e-03
-4.405414e-02
-3.919320e-02
-2.973373e-02
-9.578830e-02
-2.727968e-02
-1.730624e-02
-1.500738e-01
-3.879058e-02
8.606872e-03
3.985140e-02
2.655576e-02
8.971696e-03
2.084588e-02
-1.449599e-02
1.683378e-02
-1.202636e-02
-6.025551e-02
-1.311134e-02
2.779594e-02
1.230673e-01
3.237735e-02
-3.691304e-02
2.908120e-02
8.504409e-02
-5.609552e-02
5.880082e-02
-3.523830e-02
1.918346e-01
1.271085e-01
-3.675409e-02
8.708670e-03
1.581040e-01
1.747121e-01
5.911638e-02
5.951329e-02
2.181940e-01
-2.048586e-02
1.341421e-02
1.858508e-02
-2.748634e-02
8.955733e-03
1.063258e-02
-1.843224e-02
6.016953e-03
-7.720941e-04
-4.654226e-02
-3.766356e-02
1.361667e-02
1.990724e-02
-9.351867e-02
-9.251338e-02
1.676097e-01
5.018587e-02
6.998802e-02
5.940252e-02
5.967074e-02
-1.760587e-02
1.053738e-02
8.919203e-02
-1.900489e-02
-3.982568e-02
4.125752e-02
3.149310e-02
-7.976078e-02
-1.559263e-02
-2.695865e-02
-6.518381e-03
-2.496649e-02
-6.604754e-02
-1.179744e-02
-2.716871e-02
-5.703587e-02
-7.692077e-02
-7.319783e-02
-5.823835e-02
-8.267993e-02
3.969784e-02
6.590005e-02
9.933494e-03
8.149248e-02
1.167743e-01
-2.474438e-03
-1.258930e-02
-6.825537e-02
3.308348e-02
3.469062e-02
-7.450156e-02
-7.141671e-02
-4.362425e-02
-8.139437e-02
3.956541e-02
2.867973e-03
3.932398e-03
1.155423e-03
3.351430e-02
2.112394e-02
-2.255194e-02
2.845426e-02
-4.853104e-04
7.308383e-03
-1.322660e-02
-1.099575e-02
-3.442164e-02
-2.855278e-02
1.256252e-02
-6.204776e-02
-4.913459e-02
-4.729126e-03
-4.965571e-02
-6.129773e-03
-8.911448e-02
3.196921e-02
-3.250065e-02
-9.057856e-02
5.843009e-02
-4.930563e-02
-4.924167e-02
-3.959467e-02
-4.737365e-03
-1.586852e-02
-3.551286e-02
-2.526336e-02
-2.479234e-03
-9.353808e-03
-2.892723e-02
5.698447e-03
1.205224e-01
8.090070e-02
-1.566257e-02
7.006190e-02
-4.179883e-02
-1.202210e-01
-5.917721e-03
-1.154863e-01
-1.238055e-01
-6.801366e-03
-3.831821e-03
-3.868638e-02
-1.038973e-01
-1.197584e-01
-6.718599e-02
-1.158470e-01
-4.398863e-02
1.897046e-02
-3.044369e-02
1.783206e-03
-1.055917e-02
-8.543510e-03
-3.792838e-02
-3.022199e-02
1.832724e-02
-5.171100e-02
-5.018215e-02
1.316499e-02
-3.696829e-02
-4.319825e-02
1.198061e-02
-2.948591e-02
-1.612232e-02
8.244693e-03
2.811675e-02
3.911244e-02
-3.460443e-02
-3.941112e-02
-8.945443e-03
-3.838975e-02
-5.912500e-02
-4.584072e-02
2.025199e-02
-4.574480e-03
1.428668e-02
-7.472675e-02
-2.346241e-02
3.629232e-02
-5.022412e-02
-4.450649e-02
2.432626e-02
-2.490280e-02
7.755901e-03
2.704839e-02
3.851794e-02
2.895548e-02
3.982883e-02
1.466855e-02
1.439032e-02
1.560184e-02
-1.100811e-02
6.103286e-03
6.110745e-03
-6.453485e-03
-8.993866e-02
1.359652e-02
-1.141267e-01
-7.867345e-02
1.313038e-01
-8.295922e-02
-6.471502e-03
7.583952e-02
-9.141712e-03
5.625625e-02
-3.402878e-02
-2.239074e-02
-3.668007e-02
-1.451098e-02
5.483295e-02
9.342817e-04
4.885473e-03
1.521219e-02
-5.193433e-02
-4.634557e-03
-7.556839e-02
-3.881148e-02
4.319634e-02
-6.407049e-03
6.900976e-02
8.494411e-02
-1.060585e-04
2.374109e-02
-1.358585e-02
6.269100e-02
5.768067e-02
1.859876e-02
4.042906e-02
3.344521e-02
-2.970662e-02
2.427765e-02
1.029971e-03
-4.632775e-03
3.412930e-02
4.181141e-02
4.805054e-02
3.818794e-02
4.204214e-02
5.914846e-02
-6.261453e-03
-2.437738e-02
-3.869241e-02
1.195706e-02
7.929380e-03
-5.484454e-03
4.129661e-02
2.917575e-02
1.696028e-02
-5.146410e-02
-6.055756e-02
-5.468206e-02
-6.330530e-02
-6.700280e-02
-5.214076e-02
-3.891001e-02
-3.528235e-02
-1.946660e-02
8.032867e-03
4.364011e-03
3.112805e-02
2.672194e-02
1.887831e-02
6.327277e-02
3.530538e-02
4.359344e-03
5.858477e-02
-6.930190e-03
-1.475845e-02
-4.780617e-03
-1.010359e-02
-1.168339e-02
-1.650834e-02
-2.223067e-03
-5.517462e-04
-8.440909e-03
3.488777e-02
5.836854e-03
5.627399e-03
-3.590729e-03
-3.104127e-02
-1.515575e-02
-2.811675e-02
-5.444619e-02
-1.303166e-02
2.191375e-02
3.866831e-02
5.724745e-03
1.662238e-02
5.002069e-02
1.614840e-02
5.372890e-03
2.690826e-02
-2.768914e-03
-2.685560e-02
-6.553017e-03
2.303083e-02
2.942398e-02
3.431855e-02
4.162679e-02
4.847974e-02
5.063716e-02
6.963768e-02
-2.211733e-02
-4.218386e-02
-3.551414e-02
-2.390202e-02
-2.143584e-02
-8.946385e-04
9.485301e-03
1.888235e-02
4.464417e-02
8.513232e-03
-1.077753e-04
1.668598e-02
2.038797e-02
3.237074e-02
3.041035e-02
1.839590e-02
1.668733e-02
5.021290e-02
-3.889905e-02
-1.108428e-02
2.350594e-02
-1.175281e-03
1.484093e-02
-9.713898e-03
-4.110037e-03
2.391387e-02
9.759371e-03
-4.331147e-03
-5.326099e-03
-2.410274e-02
-4.650015e-03
1.266314e-03
-2.167349e-02
-6.291478e-03
8.453261e-03
-2.382175e-02
-5.583378e-03
2.968521e-03
-1.121705e-02
1.228387e-02
1.333049e-02
7.432490e-03
-1.191433e-02
-2.641422e-02
-3.595797e-02
-2.591751e-02
1.260382e-04
-4.805288e-03
-1.246022e-02
4.610659e-03
-7.840779e-04
4.820381e-03
1.007347e-02
2.064881e-03
1.489347e-02
-1.218473e-02
-5.239775e-02
-4.726364e-03
1.090617e-02
2.249653e-03
1.068773e-02
-5.739746e-03
-2.048949e-02
1.344910e-02
1.267524e-02
5.215294e-02
-4.744252e-02
-2.832991e-02
7.984515e-02
9.886953e-04
4.324651e-02
4.792703e-02
1.522654e-02
-4.222521e-02
1.877389e-02
-9.214435e-02
-2.393686e-02
1.396233e-01
-2.057770e-01
-1.181500e-02
8.044479e-02
9.319830e-03
5.121902e-02
-1.656708e-02
-3.918111e-03
1.813911e-02
3.469677e-03
-7.828332e-02
-4.246459e-02
1.857393e-02
2.609582e-02
1.561751e-02
-7.408808e-02
9.186537e-02
-8.131177e-03
-5.122226e-02
5.814662e-02
-8.910851e-03
-1.078839e-02
-6.469110e-02
-3.116200e-02
-3.673613e-02
-5.445680e-02
6.656661e-02
-3.074943e-02
-8.265535e-02
1.357576e-01
-5.237658e-02
-4.176666e-03
-2.948187e-03
-1.460139e-02
-1.089991e-02
-1.822337e-02
-2.044671e-02
-5.231246e-02
-4.033968e-02
-2.341239e-02
-6.998136e-02
-2.706587e-02
-9.596012e-03
-1.284491e-01
4.758052e-02
2.134596e-02
-4.728413e-02
5.220868e-02
1.720279e-02
-6.590374e-02
-1.510205e-02
8.605360e-03
-4.112435e-02
8.776001e-02
-1.689222e-02
4.970909e-02
4.622543e-02
4.313786e-02
2.096246e-02
9.122526e-02
5.605925e-02
6.244408e-02
1.224433e-01
-2.496827e-02
5.596115e-02
6.483352e-02
-1.069512e-01
2.101633e-02
4.194921e-02
1.863779e-02
5.891780e-03
4.548799e-02
1.432732e-02
1.736386e-02
2.398962e-02
3.502929e-03
-2.934421e-02
2.621795e-02
5.970332e-02
-1.035382e-01
1.341831e-01
2.286367e-03
-7.041674e-02
1.045055e-02
-4.422616e-02
-3.807048e-02
-8.168127e-02
2.314436e-03
4.441371e-02
1.655177e-02
3.351778e-03
-5.232655e-03
-5.609428e-02
-2.995262e-02
3.383951e-02
-5.720426e-03
-7.584236e-03
-9.768274e-03
-9.881908e-03
-9.879625e-03
-3.787057e-02
-3.157685e-02
-2.754807e-02
3.570738e-02
3.029849e-02
-9.920502e-02
1.886803e-01
-1.105602e-01
-1.644062e-01
5.157955e-02
-6.555474e-02
-1.273052e-01
-1.392205e-01
-3.361583e-03
3.781682e-02
-4.841324e-02
8.534870e-02
-9.527189e-03
6.405655e-02
7.035699e-02
-4.723304e-02
-5.275109e-02
1.470843e-02
-7.679152e-02
-3.473772e-02
-2.198382e-02
-6.185244e-02
-1.489626e-02
2.203533e-02
-2.134726e-02
-1.021137e-01
-4.229969e-02
-7.182991e-02
8.456446e-02
6.891864e-02
-1.870232e-02
6.387612e-02
2.006574e-02
-4.034170e-02
1.114324e-02
-3.950121e-02
-5.965232e-02
-3.526453e-02
-7.699884e-02
-8.678126e-02
1.692501e-02
5.754532e-02
6.235596e-03
3.315521e-02
4.253495e-02
6.837802e-03
-4.665920e-03
-3.089595e-03
-4.754561e-02
1.525568e-02
-3.280798e-05
-8.496352e-03
-4.038076e-02
-1.504451e-02
-3.946581e-02
-7.023938e-02
-6.607160e-02
-7.452840e-02
-5.043795e-02
-3.970027e-02
-4.423131e-02
-2.569023e-03
-3.670834e-02
1.122574e-02
3.777916e-02
8.091574e-02
6.441199e-02
1.047192e-01
1.481027e-01
1.488804e-01
-2.486542e-02
-3.426705e-02
4.255463e-03
-4.052512e-02
-2.151504e-02
-7.095468e-03
-6.149508e-02
-1.270807e-02
-4.813083e-02
1.022543e-01
8.407354e-02
2.069215e-02
2.143663e-02
8.166572e-02
4.063182e-02
-7.845307e-02
-1.416583e-02
1.012149e-02
2.169102e-02
-1.496624e-02
-5.252742e-02
-1.161610e-02
4.257784e-02
6.417274e-03
5.807675e-02
1.050844e-01
2.716022e-02
-8.621310e-02
-7.596486e-02
-4.129730e-02
7.246606e-03
-1.173443e-02
-3.145170e-02
9.512787e-02
1.241273e-01
6.567876e-02
-1.623974e-02
-8.625842e-03
5.271370e-02
-1.497738e-02
-2.692173e-03
1.058993e-02
-1.924363e-02
2.793612e-03
-2.674249e-03
-3.962668e-02
-1.602850e-02
-1.483615e-03
8.882609e-03
6.087704e-02
-1.432604e-02
1.778920e-02
1.085209e-01
-2.326341e-02
-1.629687e-01
-8.117426e-02
-1.891928e-02
-2.919086e-02
6.853804e-03
-7.027974e-03
7.924933e-03
1.560478e-01
8.717920e-03
2.959895e-02
1.600487e-02
-3.931510e-03
-2.157560e-02
-2.583994e-03
-3.330125e-03
-3.421122e-02
-3.155256e-02
-3.679418e-02
-1.512127e-02
8.387879e-02
1.104700e-03
-2.630041e-02
6.874457e-02
4.041056e-02
-6.225059e-02
-7.060785e-02
-2.109153e-02
-4.848600e-02
-5.219093e-02
-7.570133e-03
-2.517215e-02
-5.693732e-02
-3.354679e-02
7.616003e-03
2.767059e-03
3.671421e-02
-3.728791e-02
-6.083803e-02
-1.126065e-01
1.422708e-02
7.289315e-02
-1.433752e-02
-2.761766e-02
-5.388448e-02
-6.007906e-02
2.044005e-03
-1.355945e-03
-5.878774e-02
-4.462308e-02
-1.173788e-02
-4.651096e-02
7.799258e-03
8.861882e-02
1.795300e-02
-8.761027e-02
-1.439371e-01
-1.388471e-01
-1.705876e-02
2.073021e-02
-1.893113e-02
2.901346e-02
4.994147e-02
-3.624084e-02
3.698349e-02
5.701599e-02
5.806317e-03
1.251813e-02
-1.339660e-03
-4.402382e-02
-6.044991e-03
-3.397903e-02
-4.028235e-02
-1.237964e-03
1.962103e-02
2.647142e-02
-4.003182e-02
-1.147208e-02
2.471332e-02
-4.584063e-02
-1.018095e-02
3.554853e-02
-7.687075e-02
5.465330e-02
-2.349029e-02
8.494151e-02
1.687767e-01
2.681507e-02
-7.912763e-03
9.160265e-02
-5.513541e-02
-1.205555e-02
9.150389e-03
5.085286e-02
-7.790165e-02
-2.269702e-02
-2.071247e-02
-1.574853e-02
2.965843e-02
6.041383e-03
7.883984e-02
7.158300e-02
-2.685039e-03
1.550291e-02
7.926474e-03
-5.856612e-02
-1.797534e-02
-2.158149e-02
-3.040234e-02
-2.944114e-02
5.080257e-04
-8.859430e-02
-3.651128e-02
1.263693e-02
-9.073149e-02
-7.003320e-02
-1.426206e-02
-5.416671e-02
4.168844e-03
7.898659e-03
1.651919e-02
-6.094525e-03
1.549505e-02
7.010887e-03
-2.649762e-02
3.110565e-02
2.614268e-02
-4.880660e-02
-1.608391e-02
2.558271e-02
1.088081e-02
5.295840e-02
6.104489e-02
3.093196e-02
2.994319e-02
4.908520e-02
-2.852803e-02
-1.753859e-03
-6.315049e-02
1.238637e-02
1.286667e-01
5.455313e-03
-4.352137e-03
4.847351e-02
-9.689419e-03
3.563343e-03
5.802844e-02
5.830444e-02
1.242449e-01
1.621809e-01
5.332282e-02
1.061338e-01
1.352143e-01
8.840139e-02
-1.952684e-02
-2.668102e-02
-1.524324e-02
-3.505606e-02
-3.811762e-02
-2.628428e-02
-2.223983e-02
-1.912718e-02
-2.385221e-02
-2.879257e-02
7.795161e-02
3.933337e-02
-1.397766e-02
-4.686359e-02
2.454004e-02
-3.760507e-02
-1.377205e-02
2.945868e-02
-5.072271e-02
-1.477453e-02
3.352991e-02
-6.595238e-02
1.030872e-02
2.381131e-02
-5.914140e-02
5.042772e-02
2.229963e-02
3.681194e-02
4.703979e-02
-7.569136e-02
-9.119575e-02
-9.873708e-02
-1.364174e-01
-8.728761e-02
-9.681627e-02
-1.081000e-01
-3.305719e-02
-5.830888e-02
-1.662146e-02
-5.427828e-02
-9.771331e-02
-1.123256e-01
-2.526064e-02
-3.467699e-02
-7.990491e-02
8.147703e-03
4.933532e-03
9.410367e-02
-4.225915e-02
-5.259034e-03
3.403649e-02
-6.545284e-02
-4.494565e-02
-4.509743e-06
-1.576589e-02
-1.703580e-02
1.595779e-02
-4.126848e-02
-3.721315e-03
8.466303e-02
-3.858213e-02
-2.323379e-03
5.344894e-02
5.498221e-02
6.464487e-02
7.222813e-02
-1.938265e-02
-1.688505e-02
1.962644e-02
-4.922565e-02
-6.299203e-02
-3.673890e-02
2.417234e-02
1.163931e-01
7.828835e-02
2.147397e-02
7.405725e-02
3.317731e-02
-5.872971e-04
9.409156e-02
3.429029e-02
-1.459184e-02
5.038376e-03
2.185890e-02
9.591808e-04
-2.304328e-02
1.820906e-02
-3.408628e-02
-3.842008e-02
2.726275e-03
-1.162022e-02
3.076465e-02
4.509430e-02
2.463553e-02
7.779258e-02
4.846160e-02
3.427313e-02
3.688929e-02
1.848946e-03
-4.013164e-02
-2.695733e-02
-9.330934e-02
-2.768648e-02
3.871971e-02
-2.360714e-02
7.806998e-02
1.057402e-01
1.168459e-02
-3.682223e-02
1.461777e-02
-4.301948e-02
-1.546604e-02
3.646134e-03
-7.813188e-02
1.958344e-03
-7.729443e-03
-8.223776e-02
3.528292e-02
1.142947e-02
-4.521583e-02
-2.143751e-02
-2.168528e-02
-6.730244e-02
-3.844954e-02
-4.050541e-02
-8.895857e-02
9.995854e-03
-2.729742e-02
3.798735e-02
1.491549e-02
1.357433e-03
2.006904e-02
2.699798e-02
-3.603609e-02
-9.807426e-03
-2.588733e-02
-4.360034e-02
-4.540095e-02
-5.698691e-02
-4.519721e-02
-3.099295e-02
-2.062935e-02
-5.385896e-02
-2.875043e-02
2.040510e-02
2.237296e-03
-2.199056e-02
4.241888e-03
-3.594589e-03
-9.498768e-03
-2.025420e-02
-2.446065e-02
-1.972687e-02
5.731272e-03
-4.557634e-02
-5.307968e-02
9.417097e-02
3.756649e-02
-8.706952e-03
2.691787e-02
5.833226e-02
3.484335e-02
-5.655419e-03
7.164142e-02
3.510874e-02
1.623524e-02
5.096889e-02
2.982129e-02
4.278918e-02
5.549242e-02
5.290369e-02
-9.980764e-02
-7.263711e-02
-9.718235e-02
-3.461686e-02
-2.856282e-02
-6.586482e-02
3.668439e-02
5.620768e-02
2.532949e-02
-3.208881e-02
-5.538831e-02
6.489372e-03
-5.757442e-02
-1.057873e-01
-1.138282e-01
-9.079331e-02
-3.811210e-02
5.062008e-02
5.006218e-02
2.619288e-02
-6.093447e-02
2.484861e-02
-2.082314e-03
7.937796e-03
-3.700476e-02
-3.385217e-03
3.604381e-02
1.369854e-02
7.156333e-02
3.189009e-02
3.505879e-02
5.286446e-02
1.089868e-02
6.871396e-03
1.779714e-03
-2.951931e-02
-9.651142e-02
8.107446e-03
5.086904e-02
-7.869224e-02
1.707794e-02
4.829200e-02
-8.210592e-02
-3.731951e-02
7.245979e-03
-6.214908e-03
-3.306175e-02
-6.443387e-02
2.339970e-03
-6.710063e-02
-5.121012e-02
-2.256888e-02
6.298628e-03
-7.454281e-02
-4.243782e-02
-2.622317e-02
-1.780485e-03
-4.693395e-02
-2.278815e-02
3.994112e-02
-3.716695e-02
-1.370791e-02
5.535476e-02
-4.288933e-02
-4.511963e-02
6.012165e-03
-3.520130e-02
-1.585657e-02
1.119822e-02
-5.785689e-02
1.127863e-02
-2.730899e-02
-2.853542e-02
-5.685898e-02
-2.436757e-02
-3.525770e-02
-1.009118e-01
-8.008885e-02
-7.825876e-02
-1.152375e-01
-1.234197e-01
-3.402889e-03
-1.598715e-02
-4.039578e-02
-7.160667e-04
-1.588295e-02
-2.937838e-02
2.130141e-02
-2.356993e-02
-5.444752e-02
3.429618e-02
5.559809e-02
8.100306e-03
4.730837e-02
3.878006e-02
3.325189e-03
6.115788e-02
1.865736e-02
-2.883151e-02
-4.849570e-02
9.681042e-04
-2.616621e-02
-2.099746e-02
-4.973340e-02
2.628589e-02
-4.069057e-03
-2.483698e-02
-5.466862e-02
-1.551463e-02
-2.475649e-02
-9.505638e-02
-1.317066e-02
-8.414435e-02
-4.886571e-02
8.224807e-02
-1.159425e-01
-5.352774e-02
6.470819e-03
7.476794e-03
7.596381e-03
2.734624e-02
4.368085e-02
1.865599e-02
1.094036e-02
2.374529e-02
2.821927e-03
-8.527231e-02
-4.242398e-02
4.528654e-02
-5.803188e-02
5.202647e-02
-8.917852e-02
-8.943640e-02
-1.241120e-02
-9.186862e-02
-4.076878e-02
-5.513242e-02
-2.983907e-02
-1.335970e-02
-4.148256e-02
-2.812004e-02
3.981929e-02
-6.274349e-03
-7.315513e-02
-3.281010e-02
-4.070209e-02
6.918563e-03
-4.697552e-02
-5.599215e-02
-8.896367e-02
-1.930945e-02
-1.947853e-02
-3.242314e-02
-8.528259e-02
-1.613329e-02
5.164462e-02
-3.989606e-02
9.910504e-03
-3.433951e-02
1.997825e-03
-4.876597e-02
-1.852823e-03
-3.333360e-02
-1.861468e-03
-1.665199e-02
-4.772850e-02
-3.608644e-02
-5.282509e-02
-5.075268e-02
-4.555722e-02
4.023056e-03
-2.771336e-02
-1.819271e-02
-3.699540e-02
-3.846355e-02
-1.570358e-02
-1.914043e-02
-1.263918e-02
1.245890e-02
-3.056916e-04
-1.564233e-02
-1.806481e-02
-6.664040e-03
-1.178165e-02
2.052818e-02
-1.247906e-03
-7.088462e-03
1.978460e-02
3.384899e-02
-5.710033e-03
5.390162e-02
-2.594493e-02
5.161480e-03
-1.856742e-02
4.263570e-02
2.406860e-04
-1.368916e-02
2.912753e-02
-3.506079e-02
-3.142645e-02
-3.025455e-02
-2.977099e-02
-2.114271e-02
-4.305997e-02
-4.392591e-02
-2.822951e-02
-3.549668e-02
-1.269890e-02
2.288774e-02
-1.203371e-02
3.826996e-02
-2.543859e-02
-1.175786e-02
4.962181e-02
1.350279e-02
-6.186732e-03
-5.412714e-02
-7.183352e-02
-1.002098e-01
-6.408124e-02
-3.709572e-02
4.259107e-02
5.048171e-03
9.149890e-03
-9.322475e-03
-3.825757e-02
-1.331949e-02
-2.127239e-02
1.105411e-02
-7.283694e-03
2.812705e-02
-5.945765e-03
-4.079360e-03
4.033770e-02
1.702465e-02
-8.479610e-03
-3.213275e-02
8.055707e-03
-2.519993e-03
-1.212952e-02
-1.580260e-02
-1.052536e-02
2.163465e-04
-1.008069e-01
2.271621e-02
-1.321454e-01
5.248347e-02
-5.699813e-02
-6.238451e-02
-3.390284e-02
1.426407e-03
4.459548e-03
-7.963430e-03
-1.150094e-02
7.370248e-03
5.670877e-02
2.788281e-02
-2.489291e-03
-4.141218e-02
4.813333e-02
6.959104e-02
2.951640e-02
2.282074e-02
1.303929e-02
1.891677e-02
1.465810e-02
9.815581e-03
5.998240e-03
9.215848e-03
-8.099534e-03
3.130157e-02
-9.840875e-02
2.163248e-02
6.854426e-03
3.069452e-02
1.149960e-01
-6.410287e-02
-2.499495e-02
-6.218964e-02
-4.353375e-02
7.611029e-03
-1.897154e-02
2.178265e-02
9.523394e-03
9.668634e-03
1.798409e-02
-3.455392e-02
5.663874e-03
-1.207951e-03
-6.342327e-02
4.157939e-03
6.260864e-03
4.798644e-02
7.957482e-02
2.653119e-02
-3.240440e-02
-4.751948e-02
5.210758e-02
-7.122676e-02
-2.820900e-02
2.025930e-02
5.747982e-02
2.214091e-02
-1.012554e-01
-6.355152e-02
1.276004e-01
-3.266189e-02
3.487655e-02
-1.939055e-02
-3.036853e-02
-7.109453e-02
4.197695e-02
-1.203811e-02
3.051951e-02
-1.863460e-02
-1.597386e-02
-3.090362e-02
-3.466658e-02
-7.492824e-03
-4.020488e-02
-6.926047e-02
2.323463e-02
3.320036e-02
2.548817e-02
-5.702989e-03
-5.692405e-02
-2.844618e-02
6.302730e-02
5.243127e-02
-2.725496e-02
3.290076e-02
4.096531e-02
3.404844e-02
-4.117975e-02
8.356438e-03
-6.771557e-03
-1.017578e-01
-1.004575e-01
1.575851e-02
1.912539e-02
-7.395715e-02
-5.578291e-02
-6.409272e-02
-7.458207e-02
-8.072860e-02
-6.056027e-02
-3.618573e-02
-4.161763e-02
-1.749477e-03
-3.520511e-02
-6.959906e-03
-2.221432e-02
2.170686e-02
1.316567e-01
-7.039464e-02
-9.807365e-02
2.077445e-03
-1.504779e-02
-2.141707e-02
-3.185726e-02
-7.447094e-02
7.224955e-02
2.127535e-01
3.016938e-02
-4.115276e-02
4.880471e-02
-1.008945e-01
-1.071727e-01
-5.607127e-02
5.292395e-02
9.196794e-02
3.877661e-02
-5.116018e-03
1.200705e-01
2.387197e-01
2.525145e-02
5.464835e-02
1.519221e-01
-2.262941e-02
-1.435106e-03
3.447582e-02
-2.362439e-02
-4.368358e-02
-1.642899e-02
-3.273537e-02
-5.141390e-02
-7.966246e-02
-5.890176e-02
7.004694e-02
1.635506e-02
-2.499497e-02
-9.470888e-02
1.715005e-03
6.856825e-02
-5.768960e-02
-6.835949e-02
-3.827250e-02
4.628996e-02
3.093652e-02
-1.207839e-01
-7.855464e-02
6.699279e-02
-1.542445e-01
-1.257394e-01
-5.684299e-02
-6.677942e-02
-4.682725e-02
-3.222662e-02
-4.030385e-02
-6.533481e-02
-4.937426e-02
2.228323e-02
-1.869292e-02
-2.868676e-02
7.643863e-02
-6.196504e-02
-1.464389e-02
3.880219e-02
5.843211e-02
3.735861e-02
-9.473396e-02
-2.543725e-02
1.121478e-02
-3.370580e-02
-3.105156e-02
-1.236699e-01
-7.516316e-02
4.013353e-02
9.467042e-02
-7.978065e-02
-3.558695e-02
9.635488e-02
-4.946841e-02
1.619184e-02
9.868810e-02
-5.814070e-02
-1.144816e-01
-6.092483e-02
-1.270438e-01
-1.691380e-01
-5.196689e-02
-1.138508e-02
-1.031818e-01
-1.983643e-02
-1.728479e-01
-2.118283e-01
-1.150872e-01
-1.044829e-01
-1.486069e-02
-1.166420e-02
5.351448e-02
-1.825813e-02
-5.908574e-02
5.032175e-02
-1.796676e-03
-1.722133e-02
9.491196e-02
1.407847e-02
-7.320038e-02
5.370256e-02
7.846248e-02
-1.079473e-01
9.461855e-02
1.531105e-01
9.119161e-03
2.589182e-02
1.304650e-01
1.000838e-01
1.541090e-02
1.110349e-01
8.071075e-02
-3.005468e-02
8.025662e-02
6.496526e-02
-1.428563e-01
-6.847564e-03
-2.298166e-02
-1.150049e-01
-1.512068e-02
-2.765545e-02
-4.331279e-02
2.187735e-02
1.619872e-02
9.331170e-02
-3.087659e-02
9.935302e-02
2.047948e-03
6.370261e-03
4.292569e-02
1.927720e-02
4.412824e-02
2.545069e-02
1.351528e-02
3.863778e-02
2.326460e-02
-1.983469e-01
-2.487234e-02
7.426783e-02
-9.600403e-02
-2.769514e-02
5.231265e-02
5.462740e-02
-8.958193e-03
5.462473e-02
-4.740530e-02
-6.581820e-02
-1.151302e-01
2.571354e-02
-1.010042e-01
-1.209036e-01
-5.581025e-02
-1.448331e-01
-9.940178e-02
-4.742838e-02
-7.204659e-03
2.283107e-04
-7.409424e-02
-3.417205e-02
-1.876759e-02
-8.611226e-02
-7.296502e-02
-2.424727e-02
4.218416e-02
3.832993e-02
1.418732e-03
-2.665902e-02
1.950044e-03
-2.395742e-02
-1.342059e-02
1.329046e-02
1.487262e-02
-3.439848e-03
3.821428e-02
4.036293e-02
-6.153161e-02
4.420313e-02
1.104897e-02
-2.102518e-02
-2.707594e-02
-6.504733e-03
-3.548702e-02
-1.288202e-01
-9.235088e-02
-1.361393e-01
-1.234649e-01
-1.405152e-01
-1.798489e-01
-8.234800e-02
-7.048582e-02
-3.001839e-02
-3.827322e-02
-4.412620e-03
-8.195023e-05
-2.841377e-02
-2.474099e-02
3.919848e-02
-6.470878e-03
-3.413821e-02
4.150319e-02
-4.462437e-02
-1.303800e-02
2.786418e-02
-1.523792e-01
-1.091124e-01
6.773295e-02
-8.407076e-03
1.894680e-02
9.006516e-03
7.380284e-02
5.280150e-02
3.026526e-02
6.293295e-02
8.628737e-03
-4.777210e-03
2.457081e-02
5.813412e-02
-5.031401e-02
-8.562850e-02
-1.177499e-01
-6.565116e-02
-1.488508e-01
-1.475655e-01
3.199869e-02
-3.596415e-02
1.448412e-02
-7.606204e-02
-7.804318e-02
-2.648853e-02
-6.923430e-02
-1.064842e-01
-7.892095e-02
-1.798349e-02
-1.617421e-01
-1.576670e-01
-1.861904e-02
-9.120204e-02
-1.325139e-01
-2.671640e-02
-1.240592e-01
-1.387459e-01
-2.986141e-02
-1.469581e-01
-1.055569e-01
-2.815831e-02
8.975320e-02
6.346852e-02
-6.841511e-02
9.223252e-02
1.148763e-01
-8.688211e-02
4.499755e-02
1.174571e-01
9.526685e-03
5.043999e-02
1.172740e-02
3.687379e-02
6.586174e-02
-1.161129e-02
2.585000e-02
2.001137e-02
-7.342904e-02
-2.122724e-03
-1.415323e-02
1.142464e-02
-1.266385e-02
-9.077677e-03
-5.732788e-03
-4.365267e-02
4.339346e-02
-1.892236e-02
-1.903724e-03
-2.744496e-02
2.850860e-02
7.802132e-03
3.798122e-03
-2.033417e-02
-7.360492e-03
-2.528081e-03
-6.910608e-02
-2.098010e-01
-9.855849e-02
6.215300e-02
-9.609439e-02
-1.103335e-01
1.059345e-02
1.231420e-02
-1.152045e-01
-1.005158e-01
-1.089258e-01
-1.109331e-02
2.117039e-02
-9.260305e-02
-1.126461e-01
-2.586873e-02
-4.986247e-02
-1.331670e-01
-8.848231e-02
1.233383e-02
-3.088966e-02
-6.828612e-02
1.504134e-02
6.364708e-03
3.299539e-02
-1.203709e-02
3.031404e-02
5.445167e-02
-1.272536e-02
2.945471e-03
2.791151e-03
-8.273017e-04
-2.715341e-02
-3.787119e-03
-3.473213e-02
-6.193480e-02
-4.546385e-02
1.961438e-02
5.288893e-02
8.881292e-03
3.771270e-02
-2.953813e-02
-9.529842e-04
-7.191134e-02
-2.501389e-02
-4.545293e-02
1.474677e-01
9.185119e-02
7.782072e-02
1.207783e-01
4.964765e-02
3.927637e-02
5.420841e-02
4.470233e-02
2.365016e-02
2.122546e-04
-1.605838e-02
4.731716e-03
8.213720e-03
-1.313385e-03
2.299473e-02
-1.577671e-02
-2.076077e-02
1.355247e-02
-8.972903e-03
2.449360e-03
-1.477889e-02
-4.305388e-02
-3.377278e-02
-2.377682e-02
-4.599018e-03
-6.333248e-02
-5.507242e-03
-3.128931e-02
-5.930225e-02
5.135416e-03
3.602915e-02
-2.160678e-02
7.799577e-03
5.814049e-02
6.068689e-02
6.554908e-02
-2.368004e-02
-5.548859e-02
7.273042e-03
2.695366e-02
-1.558020e-02
4.282326e-02
3.078703e-02
2.932135e-02
7.938833e-02
-9.495173e-03
-4.832775e-02
-8.022137e-02
3.607518e-02
-4.652917e-02
-8.064607e-02
1.282063e-01
-7.330104e-04
-7.421285e-02
-1.606254e-02
2.092735e-02
2.290606e-02
-1.341126e-02
5.247970e-02
-5.578878e-03
-1.053808e-03
-2.652193e-02
-2.511588e-02
2.199223e-02
-2.674969e-03
-2.540550e-02
-2.786760e-02
-5.528275e-03
-1.369084e-02
-8.545133e-02
-2.762937e-02
1.566996e-02
2.127778e-02
2.878618e-02
2.015886e-02
-1.392672e-02
-6.908533e-03
1.946880e-02
-1.157656e-02
-6.442170e-03
-3.448872e-03
2.624786e-02
1.777418e-02
-2.650846e-02
4.616211e-02
2.456867e-02
-1.372580e-02
1.698614e-02
-4.000276e-02
1.132129e-02
-1.550377e-02
-1.547232e-02
8.727912e-03
2.337017e-02
-2.044218e-02
-1.077082e-02
2.591428e-02
2.876154e-03
-1.956750e-02
1.337781e-02
3.671461e-02
3.791682e-02
-8.391718e-02
-1.605052e-02
2.784558e-02
-5.814288e-02
-3.486425e-02
5.473730e-02
5.245293e-02
-3.040329e-02
-3.787713e-02
4.045802e-02
-2.828611e-02
-5.411107e-02
3.965408e-02
-4.416079e-02
-4.442304e-02
7.915530e-02
-2.797844e-02
1.519118e-02
8.542456e-02
8.145980e-03
1.888621e-05
-6.407747e-02
-3.835497e-02
-1.345663e-02
8.583996e-04
2.355164e-03
2.456276e-02
5.546671e-03
1.876675e-02
1.338463e-02
-2.409228e-02
-3.345079e-02
-7.259172e-03
2.702298e-02
-4.635345e-02
-9.745483e-03
4.551954e-02
2.869895e-02
-9.467047e-02
-4.033256e-02
-2.775511e-02
-8.986808e-03
4.330940e-02
-4.967747e-02
-7.942957e-02
1.116761e-01
7.361131e-02
-6.525557e-02
-4.536659e-02
1.170597e-02
-1.274210e-01
1.068838e-02
-8.383425e-03
1.392269e-02
-9.886854e-03
-2.844603e-02
5.493757e-04
-3.492783e-03
-2.841088e-02
-1.489949e-02
-3.782194e-02
6.935200e-03
-4.903323e-02
-2.580045e-02
-5.372816e-02
8.133304e-02
3.898597e-02
-5.427522e-02
-2.551406e-02
1.486284e-03
-1.855972e-02
4.740331e-02
1.190954e-02
6.410606e-03
3.602513e-02
-7.447978e-02
1.407021e-02
2.438014e-02
7.482732e-02
2.295490e-02
-4.737335e-02
-1.885060e-02
-7.131722e-02
-7.690460e-02
1.731979e-03
-2.820214e-03
-1.573411e-02
