1.371919e-01
8.824881e-02
5.128131e-02
-2.096699e-02
2.114975e-01
1.743319e-01
1.682773e-01
8.086450e-02
-6.005727e-02
-3.000280e-02
-7.086158e-02
-2.311731e-02
-4.925016e-02
-4.931810e-02
-4.046020e-02
-3.167435e-02
-9.956700e-02
-1.666356e-02
2.446071e-02
5.427896e-03
1.657420e-02
4.522049e-02
-3.878976e-02
-1.347508e-02
2.767145e-02
-6.539878e-02
-2.718358e-02
3.158911e-02
-6.967630e-02
4.036623e-02
-4.543582e-02
1.119207e-02
3.086827e-02
-2.741989e-02
-5.192016e-02
3.080921e-02
-6.798670e-02
1.408352e-02
-6.263250e-03
-4.730804e-03
1.591745e-01
1.601708e-01
-8.971087e-02
2.678598e-02
-5.186727e-02
-4.919994e-02
-4.138367e-02
-4.877393e-02
1.016997e-01
1.069315e-01
1.105709e-01
-1.342318e-02
2.338867e-02
2.573304e-02
9.385020e-03
-5.919769e-02
-2.981968e-02
-7.597821e-02
-1.762317e-02
-3.038558e-02
2.021318e-02
-8.896839e-02
-5.074710e-02
-2.364083e-02
-1.147916e-02
5.481087e-03
-9.595723e-03
-8.016844e-03
2.075337e-03
2.662403e-02
-7.390769e-03
-3.319788e-03
-5.935135e-02
-5.691338e-03
8.618749e-03
-1.174026e-01
2.940717e-02
-4.653945e-02
-2.894953e-02
-9.003069e-02
-6.124732e-02
3.097736e-02
9.010454e-02
9.183241e-02
-8.946887e-02
-2.201962e-02
-2.678598e-03
5.654556e-03
6.816269e-02
4.626604e-02
-1.895385e-03
-1.479242e-03
-7.774592e-04
-1.340200e-03
-1.285048e-03
2.212418e-03
9.041605e-04
-1.376748e-03
2.810226e-03
6.491227e-02
3.253290e-02
-5.660676e-02
-4.211992e-03
-4.263073e-02
-4.603529e-02
-2.794264e-02
-6.153639e-02
-6.453837e-02
9.822869e-03
4.283358e-02
1.899893e-02
1.798964e-02
6.936862e-02
7.380413e-02
-2.901294e-02
1.687350e-02
1.542047e-02
1.215315e-02
6.498049e-02
7.456448e-02
7.915113e-03
6.189987e-02
1.205677e-02
-1.902774e-02
1.134190e-02
-7.111239e-02
-1.945318e-02
4.896279e-02
3.594127e-02
2.160746e-02
7.192384e-02
3.097552e-02
7.311951e-02
6.866187e-02
4.518439e-02
1.066574e-01
2.124061e-01
1.729163e-01
9.468076e-02
-2.853237e-02
4.649563e-02
1.495478e-01
2.493645e-01
1.511263e-01
-5.607691e-02
7.436610e-02
-1.513223e-02
-6.859503e-02
-6.303003e-02
1.116914e-02
3.348874e-02
1.066726e-01
3.170851e-02
1.175355e-01
8.960484e-02
8.402831e-02
7.119194e-02
1.704888e-01
1.656496e-01
9.460712e-02
1.845601e-01
1.373484e-01
4.141321e-02
3.884413e-02
6.642907e-02
2.983098e-02
4.487578e-02
1.569948e-02
-1.720325e-03
-3.617463e-03
2.665249e-02
1.399051e-01
2.085273e-01
7.062297e-02
1.549891e-01
2.437188e-01
2.167439e-01
8.052221e-02
2.886762e-01
1.269916e-01
7.717979e-02
-4.644161e-02
1.179046e-01
-4.159339e-03
-2.413269e-01
-1.311458e-01
2.511340e-02
-1.462017e-01
3.201383e-03
1.025671e-02
-3.329800e-02
-2.701996e-02
9.929134e-04
2.071250e-02
6.114234e-02
-2.139139e-04
7.168438e-02
1.049434e-01
-3.457243e-02
-9.425567e-02
-1.684747e-02
-1.084673e-01
-1.543269e-01
9.566551e-03
-8.302952e-02
-1.426919e-01
-3.684448e-02
7.872014e-02
-5.135335e-02
-1.902298e-02
-5.893209e-03
-3.154876e-02
3.915632e-02
2.198274e-02
6.812606e-02
1.249961e-01
7.185096e-02
2.752578e-01
8.933084e-02
1.678007e-01
1.561455e-01
3.190889e-01
4.568703e-03
1.620003e-01
1.823207e-01
6.900789e-02
5.448250e-02
1.104117e-01
5.194627e-02
4.190765e-02
6.454800e-02
-4.868327e-02
-6.479114e-02
-1.442501e-02
2.569230e-03
-1.909657e-04
4.694124e-04
-2.473524e-03
-3.012182e-04
1.530279e-03
3.977310e-03
-3.282122e-03
-9.237363e-04
-3.753511e-03
1.244937e-01
-4.718033e-03
4.943069e-02
2.274194e-01
6.878230e-03
8.109474e-02
-9.059604e-03
8.222486e-02
1.498873e-02
1.171863e-02
3.840367e-02
-1.584798e-02
1.277098e-02
1.765377e-02
1.455027e-02
4.139910e-02
6.947756e-02
-6.856243e-02
-5.340060e-02
5.326186e-02
-1.157569e-01
3.325066e-02
1.635673e-01
-1.750462e-02
6.342474e-02
1.403888e-01
-4.910370e-02
-9.821606e-02
4.584002e-02
-3.649732e-02
2.490363e-02
6.455931e-02
-2.468883e-02
-3.519234e-02
3.960549e-02
-6.960522e-02
-8.242958e-02
-2.763048e-04
-2.340003e-02
-6.587604e-02
-1.408384e-02
-2.952223e-02
-8.205712e-02
3.828289e-02
1.014667e-02
1.446892e-02
-3.946073e-02
1.209884e-02
5.862284e-03
1.009999e-02
5.967017e-02
2.361221e-02
-3.771251e-02
2.988613e-03
3.210932e-02
7.188148e-04
-2.779774e-03
4.676128e-02
-2.892341e-02
-3.301429e-03
3.217828e-03
-1.399816e-02
-2.927377e-02
3.278501e-03
-1.084704e-02
-1.406556e-02
6.581564e-03
2.685486e-03
1.576267e-02
2.141111e-02
2.215314e-02
4.354226e-03
7.647473e-03
-1.649963e-02
-1.092864e-02
5.803725e-02
-7.844153e-02
4.558778e-02
-4.204809e-02
-1.623531e-02
8.997316e-03
-1.473675e-02
-3.373364e-02
1.447999e-02
-7.827631e-03
1.897174e-03
1.276923e-03
-1.706521e-02
-1.412716e-03
-8.875769e-03
1.138412e-04
3.528710e-03
2.967038e-02
3.387386e-02
2.349810e-02
-2.295004e-03
-1.243106e-02
-6.686143e-03
-1.177930e-02
6.163219e-03
-1.476103e-02
-5.672644e-03
-1.107530e-02
3.324820e-03
1.417980e-02
2.220882e-02
-1.365586e-04
-7.794903e-03
-1.957853e-02
-1.489934e-02
3.298316e-03
-3.853376e-03
-1.598145e-02
-1.777667e-03
-2.336226e-02
-3.318643e-02
-3.293463e-02
-4.436902e-02
1.331574e-02
-3.253212e-04
5.242276e-02
4.887212e-02
2.482887e-02
4.080242e-02
-1.265195e-01
2.104209e-02
-4.393267e-03
-5.974117e-04
-2.506270e-02
-2.272359e-02
-1.565687e-02
1.670749e-03
4.854627e-03
2.471352e-02
-1.005159e-03
5.503937e-04
-2.069846e-03
1.454679e-03
-9.153798e-04
-1.749441e-03
-1.269642e-03
-1.237985e-03
-1.573695e-03
-1.963039e-04
-3.115728e-02
2.445278e-02
-9.159929e-03
-3.019368e-04
5.244124e-02
1.498388e-03
1.044478e-02
2.565558e-02
1.620845e-03
5.985831e-03
2.103549e-03
1.551959e-02
5.125845e-03
-5.687990e-03
-6.831498e-03
-9.211184e-03
-1.488899e-02
-9.126537e-03
-1.672218e-02
-1.780817e-02
-1.666690e-02
-1.572760e-02
1.820591e-02
-9.298222e-03
-6.465382e-03
1.362839e-02
-2.577358e-02
1.675804e-02
-6.896509e-03
-3.466098e-02
8.443992e-03
-2.388919e-02
-2.467407e-02
5.168311e-03
-8.219288e-03
1.437021e-03
-2.609156e-03
-3.162583e-04
-1.962590e-02
-2.429928e-02
-2.981273e-02
1.218170e-03
3.709419e-02
3.586364e-02
-1.480838e-02
-4.835010e-02
-4.224143e-02
-5.795461e-02
-1.223747e-01
6.994690e-03
-9.432185e-03
-5.420684e-02
-3.427864e-02
8.972955e-04
3.471998e-02
7.647116e-02
-1.069505e-02
6.992920e-02
3.475349e-02
1.333509e-02
6.435557e-02
8.710254e-03
-8.349178e-02
-6.789543e-02
4.249800e-02
-4.942358e-02
-6.662168e-02
1.336104e-02
3.452984e-03
-5.390734e-02
-1.838668e-02
-1.050352e-01
-1.876306e-02
7.320876e-02
-1.034070e-01
5.239492e-02
2.514786e-02
2.308981e-03
3.244681e-03
2.446718e-02
-3.309215e-02
1.372188e-02
2.260184e-04
-6.430893e-04
3.286625e-02
5.648798e-02
1.018108e-02
2.088700e-02
5.185517e-02
-5.618029e-02
-5.585314e-02
-6.344225e-02
-7.009815e-02
-7.708056e-02
-8.941257e-02
-1.415460e-01
-1.368573e-01
-1.061641e-01
1.312349e-02
1.782471e-02
6.095428e-03
-9.191123e-03
4.465979e-02
3.883554e-02
-6.917749e-02
1.537669e-02
2.905588e-02
-2.325548e-02
-1.471617e-02
-4.275164e-04
8.217335e-03
-7.449514e-03
-2.313559e-03
4.588062e-02
1.708880e-02
-1.104089e-02
-5.066822e-02
-1.031747e-01
6.332874e-02
-1.334510e-01
-7.426435e-02
8.346143e-02
-2.539782e-02
1.424934e-02
-5.373845e-02
-1.449974e-02
-4.097097e-03
1.505704e-02
-4.507260e-04
6.551810e-03
-8.229181e-04
5.826365e-03
2.316035e-02
2.622558e-02
2.986167e-03
9.306304e-04
-2.238475e-03
1.147488e-03
2.246159e-03
-9.993830e-04
-9.914882e-04
-2.917235e-04
1.037984e-03
-6.078636e-02
1.521743e-02
-2.396998e-02
-5.117663e-02
-8.276348e-02
4.132044e-02
-6.568977e-02
-1.993234e-02
-8.639464e-03
1.967432e-02
-1.796048e-02
-4.672978e-02
-3.178817e-03
-4.071812e-02
-2.987904e-02
-3.745658e-02
-7.525495e-02
-4.224951e-02
-2.702821e-02
-2.068096e-02
-2.307884e-02
2.948372e-02
5.621275e-03
1.560926e-02
2.649756e-02
-7.512389e-03
2.539076e-02
-2.379693e-02
3.730067e-02
6.048499e-03
-6.585689e-02
2.093030e-02
1.353625e-02
-1.027801e-01
-6.450560e-03
2.241878e-02
-3.951203e-02
-8.033425e-02
-1.695367e-02
-1.081084e-01
-1.455048e-01
-1.245038e-01
-4.092715e-02
-9.419064e-02
-1.162449e-01
-9.331594e-02
-9.521585e-02
-3.601416e-02
-1.165702e-01
-1.761431e-01
-2.212006e-01
-5.723644e-02
-1.037498e-01
-7.601444e-02
4.651770e-02
-5.598776e-02
-4.779846e-02
7.592234e-02
-1.072667e-01
2.677923e-02
2.722234e-02
-1.276980e-01
4.210348e-02
3.513839e-02
9.355548e-02
6.532701e-02
1.088502e-01
2.097652e-01
1.315117e-01
5.888223e-02
2.037055e-01
1.577565e-01
3.673374e-02
-4.159907e-02
-6.329153e-02
-1.682943e-02
-5.795333e-03
8.852582e-02
-4.900989e-03
-2.845820e-02
2.122888e-02
1.576528e-01
-1.842222e-02
1.024679e-01
5.708238e-02
-2.599384e-01
-5.564924e-02
8.594420e-02
-2.191165e-01
4.850664e-03
-4.718289e-03
-4.842935e-02
8.513886e-03
-8.320976e-02
-7.874078e-02
-2.047131e-02
7.214668e-02
1.008918e-01
6.806343e-02
1.667277e-02
-7.693370e-02
-1.295831e-02
4.594487e-02
-7.425620e-02
4.525056e-02
2.652510e-02
-1.099840e-02
-6.147511e-03
-9.020103e-03
-2.565660e-02
-1.806384e-02
-5.760291e-02
-4.027397e-02
1.061090e-02
-1.147726e-01
-3.087596e-02
5.608336e-02
-2.383148e-02
-4.882833e-02
-9.157427e-02
1.115055e-02
8.591501e-02
-6.099788e-02
-2.535697e-02
2.823358e-02
-7.936251e-05
1.734525e-02
-6.390144e-02
-2.238335e-02
-6.915466e-02
-7.057244e-02
1.181681e-02
-3.818210e-02
-8.154213e-02
9.450181e-03
-7.428476e-04
3.051263e-04
-7.783757e-04
1.758076e-03
2.244382e-04
-1.021901e-03
1.602155e-03
-2.179804e-03
2.858674e-03
-1.124437e-02
1.137903e-01
7.570879e-03
2.205214e-01
2.673800e-01
-4.559949e-02
2.152763e-01
2.265343e-01
3.529513e-02
-5.870819e-03
-4.031867e-02
-3.425630e-02
-1.276543e-02
-3.028956e-02
-3.790234e-02
3.696868e-02
3.669656e-02
1.838629e-02
-2.365532e-02
-5.010077e-02
5.007299e-02
3.757152e-02
-3.034595e-02
1.595492e-01
-7.850661e-04
2.052338e-02
1.987963e-01
4.305268e-02
9.492238e-02
2.113496e-01
1.870063e-01
9.102569e-02
2.799430e-01
1.367083e-01
8.279572e-02
2.590276e-01
1.144847e-02
9.770417e-03
-7.535877e-02
-2.984588e-02
-1.113804e-01
-4.322278e-02
-2.964018e-02
-1.132633e-02
-4.871805e-02
-2.223272e-02
-3.615210e-02
-1.103237e-01
6.407127e-03
-7.156301e-03
-8.735637e-03
5.795171e-02
1.166865e-02
2.453316e-02
1.444600e-03
-5.645417e-02
-2.763470e-03
-4.252493e-02
-7.113749e-02
3.086150e-02
-9.647109e-02
-2.921356e-02
-3.453578e-03
-2.601176e-02
1.068576e-01
2.112533e-02
4.405912e-02
5.786818e-02
-5.178600e-02
2.580241e-02
2.402394e-02
-1.128207e-01
-2.732365e-02
-3.329736e-02
5.200680e-02
1.616815e-02
1.674143e-01
1.388006e-01
9.631892e-02
2.124606e-01
1.397687e-01
1.528629e-02
5.564636e-02
7.335854e-02
-1.381813e-02
-6.145658e-02
5.603115e-02
9.977124e-03
1.767771e-02
6.453827e-02
-7.698371e-03
-4.057861e-02
-1.932941e-02
2.937051e-02
-4.468547e-02
-6.331442e-02
3.641278e-02
5.116277e-03
8.360074e-03
3.026074e-02
-9.796987e-02
-4.330260e-02
-3.432560e-03
-6.039334e-02
-4.147440e-02
1.182778e-02
-1.034932e-02
-6.559684e-02
6.426800e-03
-5.256693e-02
-6.958947e-02
-4.011991e-03
-7.582829e-03
-2.080619e-02
5.493196e-02
3.469542e-02
1.523966e-02
3.135449e-02
9.165683e-02
1.392307e-01
1.047185e-01
7.022492e-02
2.671947e-01
9.314971e-02
1.761143e-01
2.099087e-01
-1.749165e-02
4.287842e-02
5.661200e-02
4.590135e-03
4.454623e-02
6.071086e-02
1.132752e-02
3.902097e-02
1.110830e-02
-5.849701e-04
1.825245e-04
-1.088709e-03
-3.515463e-03
-2.196021e-03
1.237376e-03
3.128447e-03
-1.797133e-03
-8.249471e-04
9.251107e-02
1.921830e-02
4.287941e-02
5.893251e-02
8.704391e-02
5.858760e-02
8.374266e-02
9.655786e-03
2.255095e-02
3.973802e-02
5.374094e-03
-1.320853e-02
5.314659e-03
-1.410014e-02
-3.938308e-02
9.798379e-03
-3.825080e-03
6.135276e-03
-1.575664e-02
-1.376885e-02
4.571882e-02
-1.178205e-02
3.395612e-03
8.580711e-02
-4.474742e-03
2.281185e-03
1.005167e-01
-2.548058e-02
-3.062083e-02
2.646857e-02
3.939748e-02
5.319702e-02
6.618924e-02
-4.058330e-02
5.724680e-02
4.993371e-02
4.105393e-02
1.793202e-02
3.100003e-02
1.813227e-02
1.177925e-02
4.052581e-02
5.489079e-03
-5.364021e-02
-2.862092e-02
-8.223291e-02
6.532849e-03
7.818329e-02
5.024473e-02
-4.937661e-02
-2.036088e-02
4.399683e-02
9.543662e-02
-3.073101e-03
8.994712e-02
1.324932e-02
-9.092654e-03
6.897779e-02
-4.923914e-02
-3.764075e-02
-3.397067e-02
-9.915987e-02
-4.836320e-04
-4.366644e-02
-4.474901e-02
6.974814e-03
-6.001743e-02
-1.707285e-02
2.780825e-02
-3.882142e-02
1.384642e-02
5.136367e-02
-2.168942e-02
5.234523e-02
-1.153368e-01
5.125936e-02
-1.463212e-01
-8.812767e-02
-1.052343e-01
-9.534325e-02
-1.358747e-02
2.731903e-02
-9.111647e-04
-5.433665e-03
5.354954e-02
-5.355680e-03
-6.020351e-02
4.820486e-02
-2.834058e-02
-1.059049e-01
1.853340e-02
2.515601e-02
3.357770e-02
-1.004073e-02
-4.833369e-03
2.792980e-02
1.626617e-02
8.778619e-03
-1.375106e-02
-3.089681e-02
3.653964e-02
1.225714e-01
3.027175e-02
-6.720267e-02
7.302892e-02
1.479571e-02
2.608681e-02
-1.482876e-02
-1.805574e-02
-4.791911e-02
-5.946394e-02
-2.184285e-02
5.828422e-03
-2.360723e-02
-5.112780e-02
-3.321285e-03
1.362407e-02
-7.941967e-02
-5.063655e-02
-1.475107e-01
4.238120e-02
-4.106677e-02
-1.714548e-01
1.031534e-01
1.950007e-02
-6.952149e-02
-5.752124e-02
-4.440023e-02
-1.503020e-02
-2.230647e-02
-3.075699e-02
-3.921104e-02
-9.143868e-03
3.357062e-02
3.868129e-02
-8.292628e-04
1.488309e-03
2.606758e-03
-2.213654e-04
3.540654e-03
-7.289516e-05
-2.566455e-03
6.897216e-04
2.903084e-03
-8.566707e-02
-4.683256e-02
-6.186022e-02
-5.549663e-02
-1.081135e-02
-1.368195e-01
8.031076e-04
-3.362969e-02
-1.423908e-01
1.988194e-02
2.316678e-02
2.304424e-02
-1.251094e-03
2.729014e-04
2.202571e-03
2.267580e-03
8.276328e-03
-2.078041e-02
-1.764783e-02
-2.860572e-03
1.678273e-02
-7.806583e-02
-4.067468e-02
1.862964e-02
-9.423132e-02
1.385389e-02
6.222429e-02
-6.413637e-02
-6.975494e-02
-4.510297e-02
-1.983531e-02
-5.863306e-02
-2.631338e-02
-4.276246e-02
-5.114763e-02
-4.442225e-03
1.919826e-02
-5.073027e-02
-1.500161e-02
6.957058e-02
8.442638e-02
2.217741e-02
4.645855e-02
3.071355e-02
1.137574e-01
-1.333359e-01
5.610751e-02
5.667013e-02
3.108617e-02
-3.732615e-02
-1.574782e-01
5.472390e-03
1.249634e-01
2.828334e-02
-9.354799e-02
-6.274791e-02
3.700751e-03
-4.042078e-02
3.400444e-03
1.355014e-02
2.660361e-02
-2.381572e-02
2.963797e-02
1.697301e-02
-1.822510e-02
-6.518023e-02
4.398587e-02
2.520354e-02
-4.856192e-02
2.446941e-02
2.742740e-02
4.041678e-03
-1.153599e-02
1.162592e-01
1.670865e-02
6.329693e-02
1.084681e-01
6.498955e-02
5.446611e-02
6.606100e-02
2.905610e-03
-9.761341e-03
-2.213194e-02
8.987064e-03
-1.900921e-02
-6.248976e-02
-6.373435e-02
1.072471e-01
1.624506e-02
2.168027e-02
4.571367e-02
3.222908e-02
-3.107966e-02
-2.385914e-02
-2.264032e-02
-6.316525e-02
-5.693475e-02
-1.965508e-02
-6.113285e-02
-5.189672e-03
4.497500e-02
8.406042e-02
9.890641e-02
-1.357368e-02
5.063626e-02
4.379619e-02
3.123843e-02
-2.881960e-02
6.137669e-02
8.730120e-02
8.676341e-02
2.693049e-02
3.280557e-02
4.359728e-02
1.484279e-02
-1.333397e-02
2.649829e-02
4.292840e-02
1.905846e-01
1.836778e-01
1.125798e-01
1.877998e-01
3.061964e-02
1.467817e-01
8.292310e-02
4.817626e-02
5.791053e-03
9.257712e-03
-4.961638e-03
-8.525533e-03
-6.740473e-03
-3.854132e-02
1.315739e-02
-3.206058e-03
-9.737301e-03
3.402049e-03
5.845787e-05
6.569247e-04
-3.087012e-03
-2.124456e-03
1.373883e-04
1.336628e-03
-3.288222e-05
-1.019013e-03
6.712601e-02
6.596608e-02
1.118212e-01
-2.697241e-02
7.722902e-02
2.634579e-02
5.430776e-02
5.527525e-02
5.282255e-02
4.093261e-02
4.668797e-02
2.415365e-02
-4.741439e-02
-1.977142e-02
-3.082540e-02
-9.635186e-02
-6.728290e-02
-4.130971e-02
4.891039e-02
3.751349e-02
9.080524e-02
1.313192e-02
-2.539277e-02
1.743340e-02
5.431839e-02
1.738649e-02
4.524845e-02
-8.012178e-02
-1.241565e-02
-6.027476e-02
-8.200081e-02
-3.126870e-02
-1.882299e-02
-4.756926e-02
-4.062572e-02
-2.587363e-02
-3.203728e-02
-1.096091e-01
-1.813417e-02
1.347373e-01
1.768497e-01
7.392845e-02
-4.726107e-02
-2.567175e-02
6.702834e-02
2.063494e-02
4.681703e-02
-4.350512e-02
-1.054802e-01
-1.387272e-01
4.825831e-02
5.554068e-02
2.580694e-02
-1.347162e-02
-2.099087e-02
-6.576101e-02
-5.467670e-02
-4.951107e-02
-4.640540e-02
-4.187699e-02
-1.215989e-01
-3.745616e-04
-5.415121e-02
-8.657628e-02
2.263774e-02
5.498555e-02
-1.160245e-02
9.651960e-02
6.903872e-02
5.364604e-02
1.092930e-01
1.002002e-01
-7.317141e-02
-4.349879e-02
-5.634773e-02
-5.629621e-03
9.750175e-02
-3.320010e-02
7.285036e-02
8.050019e-02
3.393278e-03
-3.529518e-02
6.084019e-02
1.299361e-01
-9.167958e-02
-4.949928e-02
3.818120e-02
-3.115952e-02
-2.000233e-02
-6.428864e-02
-5.496380e-02
-9.075303e-02
-1.185097e-01
-6.632584e-02
-4.544799e-02
-2.316652e-02
-1.401564e-01
-1.131812e-01
-8.031997e-02
-6.858113e-02
-4.281837e-02
-3.992921e-02
-4.490194e-02
1.451343e-02
8.760358e-03
-2.612654e-02
3.976037e-02
5.673357e-02
-2.299845e-02
-1.486047e-02
2.911225e-02
-6.363471e-03
1.776470e-02
1.285982e-02
-1.227571e-02
3.151237e-02
1.877729e-03
-8.785574e-02
-8.230706e-02
6.377130e-02
3.307827e-02
-4.962245e-03
1.402621e-01
8.696476e-02
9.267527e-02
3.306431e-02
5.124670e-03
1.084909e-02
8.721665e-03
2.347656e-02
-2.055104e-04
6.950573e-03
-7.303905e-03
-7.522217e-03
-2.674464e-02
-1.628571e-03
-4.827564e-05
2.057077e-03
-1.721036e-04
-2.835872e-03
-5.461719e-04
1.000551e-03
-5.415402e-04
-1.902586e-03
-4.002778e-02
-3.904777e-02
1.195435e-02
-2.289685e-02
3.703168e-02
8.822495e-02
3.313136e-02
1.249361e-01
8.454864e-02
-8.431584e-03
-1.936260e-02
-2.362097e-02
-3.678108e-02
-5.687045e-02
-4.098893e-02
-3.463891e-02
-7.442950e-02
-7.815652e-02
1.666255e-02
-3.650189e-02
-4.298806e-02
4.303103e-02
4.431596e-04
-5.245815e-03
-8.483980e-03
4.832533e-02
-2.562516e-02
-5.639763e-02
2.428484e-03
5.687805e-03
-4.465475e-03
4.752615e-02
2.003678e-02
5.070910e-02
7.873386e-02
5.957942e-02
1.259587e-02
-1.437421e-02
9.797956e-02
5.093340e-02
1.222155e-02
4.580810e-02
-4.561987e-02
4.456691e-03
5.830309e-02
4.946070e-02
1.018272e-01
7.160699e-02
1.099675e-01
7.503688e-02
4.992820e-02
-2.981744e-03
8.662617e-02
1.468431e-02
1.123884e-02
-4.097235e-02
4.085064e-03
-2.758974e-02
-9.639855e-03
2.781147e-02
-2.471741e-03
2.796815e-02
4.121762e-02
3.138572e-02
8.089162e-02
9.021687e-02
9.260843e-02
1.620091e-01
1.511043e-01
1.124206e-01
1.731565e-01
1.525508e-01
1.997312e-02
-1.364064e-02
1.780627e-02
-2.869196e-03
-3.004077e-03
1.129764e-02
2.354666e-02
4.363955e-02
4.286367e-03
-4.946156e-02
-8.388236e-02
-3.513169e-02
3.031731e-02
3.423100e-03
6.032319e-02
1.170647e-02
1.251914e-02
1.321425e-02
2.381937e-02
2.912357e-03
-7.502530e-04
-1.645599e-03
-1.851620e-02
-1.263591e-02
1.252668e-01
8.400434e-02
6.328005e-02
8.765789e-02
1.112743e-01
3.592899e-02
7.963158e-02
3.424089e-02
1.811336e-02
4.761900e-02
5.762405e-02
9.484456e-03
2.805890e-02
3.700395e-02
6.628571e-03
-1.215525e-02
-1.751812e-03
-1.239618e-03
-2.662166e-02
-1.516194e-02
-2.492900e-02
2.878420e-02
-1.467763e-02
-5.929997e-02
8.776768e-03
-3.024187e-02
-6.177707e-02
-3.017608e-02
5.988881e-02
-3.730779e-02
5.860204e-02
6.977627e-02
9.283594e-02
-1.052437e-03
6.348917e-02
3.673252e-02
-2.372820e-02
-7.909549e-03
-3.707635e-02
6.882686e-04
-3.898433e-04
-2.547276e-03
-9.789364e-04
5.070408e-04
-2.558781e-03
6.824277e-04
-6.828282e-05
-1.652543e-03
1.327847e-02
4.019625e-02
3.248305e-02
-1.626012e-02
6.911863e-02
1.928210e-02
-8.292627e-03
6.305797e-02
-1.630428e-02
-3.730732e-02
-4.551845e-02
-3.668624e-02
2.040143e-03
-1.218680e-02
-8.447218e-03
4.586419e-02
3.085026e-02
3.243931e-02
1.354469e-02
1.177320e-02
-8.207822e-03
-2.224652e-03
5.236676e-02
1.997362e-02
2.436800e-03
3.414107e-02
5.704847e-03
-2.554511e-03
1.262276e-02
3.056506e-02
-3.428120e-02
-5.583887e-03
-1.462304e-02
6.390763e-03
-2.801217e-04
-1.378353e-02
1.925516e-03
-3.397534e-02
-2.876604e-02
-3.041793e-02
9.149734e-03
-5.143825e-02
3.359191e-02
-1.119295e-03
1.092640e-02
-1.410611e-02
4.029887e-02
2.386908e-02
6.731896e-02
4.288300e-02
3.340877e-03
-1.769082e-02
6.838481e-02
6.382983e-02
2.425126e-02
4.268832e-02
-8.830999e-02
2.248928e-02
-1.031082e-01
-7.344300e-02
-2.095374e-02
-6.410674e-02
-6.205958e-02
2.033012e-02
-1.357664e-02
1.757803e-02
1.003612e-02
-4.459983e-02
-2.726694e-02
-1.711530e-02
-4.497478e-02
-5.617223e-02
5.531976e-02
6.859577e-02
-9.609938e-02
3.316471e-02
-1.110146e-01
5.410160e-02
-1.228587e-01
6.980363e-02
2.336567e-02
1.533172e-02
-4.353031e-03
2.746897e-02
3.200072e-02
-6.294254e-02
-3.783684e-02
2.143800e-02
-4.904679e-02
2.682425e-02
-3.119648e-02
-5.044279e-02
-2.209348e-02
-1.317659e-02
-3.823848e-02
-5.694903e-02
2.104462e-02
-3.500203e-03
-5.279137e-02
-1.240582e-02
-2.705027e-02
-1.026911e-02
2.067111e-03
-6.248291e-02
-2.853633e-02
-7.442902e-04
-1.958138e-02
-4.038135e-02
-1.491546e-02
-5.580234e-03
1.593400e-03
-5.688735e-02
-8.504284e-03
5.015284e-03
-5.127631e-02
-4.755508e-03
2.496633e-02
1.065615e-02
8.782140e-02
-6.530429e-02
1.319984e-01
9.934057e-03
2.627787e-02
-5.475980e-02
5.346584e-02
5.210741e-02
1.208113e-03
-1.466966e-02
-2.323879e-02
1.194556e-03
-7.558494e-03
-3.345203e-03
5.474691e-03
5.222239e-03
1.131935e-02
-1.884590e-04
2.215390e-03
1.619347e-03
4.416975e-03
3.894046e-03
1.488360e-03
1.000734e-03
-3.317102e-03
-3.745148e-04
1.372142e-02
3.610070e-02
2.452841e-02
-1.030421e-04
4.600953e-02
-3.329849e-02
1.873355e-02
-3.581156e-02
2.850268e-03
-4.789491e-02
-2.391483e-02
-2.283048e-02
-1.512433e-02
-5.838558e-03
-4.950775e-02
1.253656e-02
1.132445e-02
-2.496061e-02
3.387415e-03
-1.232346e-02
6.887253e-02
1.728771e-02
-3.356619e-02
5.537436e-02
-9.229735e-03
-3.279517e-02
2.181992e-02
-1.141680e-02
-5.196134e-02
-4.680457e-02
2.006563e-04
-9.361786e-02
-2.502635e-02
-2.653333e-02
-8.610844e-02
4.542695e-03
2.531970e-03
1.085715e-02
1.844373e-03
5.363079e-03
-7.058106e-04
4.184870e-02
1.280070e-02
-1.808851e-02
-6.461832e-03
5.640046e-02
-2.840399e-02
-2.904763e-02
1.379584e-01
2.332173e-01
-1.110951e-02
-2.502268e-02
1.431538e-01
1.417439e-01
5.833040e-02
4.106617e-02
3.177599e-02
6.059352e-02
-2.977915e-02
3.448047e-03
7.391699e-02
4.838026e-02
1.535930e-02
1.667514e-02
1.894491e-02
-6.210575e-02
4.575179e-02
2.626166e-02
-3.069946e-02
6.831732e-02
2.682502e-02
-1.613282e-02
-8.616613e-03
-6.517428e-03
-5.145282e-02
5.230939e-03
-1.945615e-02
-1.755303e-03
1.425972e-02
-3.357807e-03
-1.343159e-02
-3.047423e-03
-4.199166e-02
1.273644e-03
4.818983e-02
-1.389539e-02
1.280162e-04
1.811680e-02
-4.122873e-02
-4.659912e-03
-2.396913e-02
-3.315836e-02
3.891895e-03
-5.010399e-02
-2.909141e-02
-5.796541e-02
1.031956e-01
1.210474e-01
7.445718e-02
5.853775e-02
6.153947e-02
6.195777e-02
1.118899e-01
9.117649e-02
2.691482e-02
4.788143e-02
1.183459e-01
8.011822e-02
-4.994638e-02
-9.612481e-03
-3.743402e-02
-5.736231e-02
6.177225e-03
-1.104602e-02
-3.575885e-02
-3.442996e-03
-3.479267e-02
-2.009261e-02
-3.437854e-02
-1.100226e-01
2.653388e-02
-1.201737e-01
-7.125665e-02
-5.628809e-02
-6.338017e-02
3.456497e-04
-4.988860e-02
-7.482676e-02
-3.472976e-02
3.449505e-03
-5.405851e-02
-2.288676e-02
-3.197873e-02
-5.261727e-02
-6.666031e-02
6.681200e-04
-1.710997e-03
-7.231531e-05
-1.563287e-04
-4.531200e-03
2.465321e-03
2.428128e-04
2.298882e-03
1.888129e-03
-1.528900e-02
-2.704100e-02
-6.075945e-02
-9.538784e-03
-7.501465e-02
-4.258141e-02
-1.593828e-03
-9.180023e-02
-2.602185e-02
-5.315780e-02
-3.839251e-02
-4.494074e-02
1.446767e-02
2.824322e-02
1.049775e-02
1.538969e-02
5.524595e-02
2.034859e-02
1.074288e-02
-5.270162e-02
8.422678e-03
-3.363380e-02
-4.982215e-02
2.900488e-03
-7.620349e-03
-4.557203e-02
3.080058e-02
1.391540e-02
-7.481827e-02
-3.577652e-02
4.287382e-02
-1.458166e-02
-2.015478e-02
1.798685e-02
-3.101096e-04
-5.100652e-02
2.025077e-02
-4.716860e-03
3.674999e-02
7.552255e-03
1.039442e-01
1.719656e-01
-6.067683e-02
-9.195733e-02
7.384247e-02
-1.314581e-01
-1.002735e-01
-3.689310e-02
-1.629980e-01
-1.904494e-01
-1.436623e-01
-5.559655e-02
-2.084863e-01
-7.206364e-02
4.159228e-02
6.157840e-02
5.623644e-02
8.796141e-02
5.209667e-02
2.964931e-02
8.717988e-02
1.002289e-01
8.641681e-02
4.530392e-03
3.520977e-02
3.831116e-02
-5.778375e-02
-7.874332e-03
-6.031669e-03
-2.399095e-02
5.557830e-03
3.880214e-03
1.913360e-02
-3.674093e-02
-9.950131e-02
-6.103470e-03
-1.688654e-01
-1.071049e-01
-1.534691e-01
-1.529641e-01
-9.596096e-02
-3.638619e-02
-3.481115e-02
-1.472498e-03
-6.946830e-03
-4.476469e-03
-4.566164e-02
7.015041e-02
1.507950e-01
1.223891e-01
4.553545e-02
2.978240e-02
6.459562e-02
2.577974e-02
-3.814141e-02
-2.881644e-02
-2.916819e-02
-5.777622e-02
-3.600540e-02
-1.855195e-02
7.986394e-02
6.509858e-02
-2.579547e-02
1.610864e-02
-1.694537e-03
-8.813758e-03
6.355103e-03
2.751176e-03
1.337315e-01
8.857463e-02
8.382481e-02
1.226540e-01
1.230606e-01
1.024017e-01
8.287010e-02
4.458716e-02
7.082048e-02
-3.828852e-02
-5.700888e-02
-1.351171e-01
-1.346710e-01
-2.041112e-01
-2.059476e-01
-1.403029e-01
-2.059667e-01
-1.052791e-01
-2.804177e-03
2.042782e-02
1.353084e-02
4.467604e-02
6.095297e-02
9.162032e-02
5.473367e-02
1.165467e-01
1.221271e-01
-1.696194e-03
-2.805045e-03
2.722391e-04
4.016845e-03
5.669118e-04
1.345144e-03
2.869419e-03
-1.866805e-03
4.928932e-03
1.146201e-01
-1.184627e-01
-1.053529e-01
1.597596e-02
-6.881218e-02
-7.387831e-02
4.733282e-02
-2.333659e-02
-7.705932e-02
4.901585e-02
4.123557e-02
2.364507e-02
3.136268e-02
6.788521e-03
5.760042e-03
1.208176e-02
-3.233255e-02
-1.352447e-02
1.076344e-01
1.299430e-01
4.945286e-02
1.327456e-01
9.500849e-02
4.023573e-02
7.020697e-02
1.094056e-01
-4.039359e-02
1.615645e-02
-1.826045e-02
6.522740e-02
-2.827409e-02
-5.640044e-02
3.078581e-02
-2.933531e-02
-7.093664e-02
-2.017142e-02
5.480334e-03
-6.611692e-02
-6.280649e-02
1.945650e-02
-2.404188e-02
-3.708678e-02
-3.684247e-02
-6.435875e-04
-5.135046e-02
1.381508e-01
4.956055e-03
3.748552e-02
7.229068e-02
6.842317e-02
9.320052e-02
4.954915e-02
6.314639e-02
5.421587e-02
6.029615e-03
1.412753e-01
1.180539e-01
1.760298e-03
1.623770e-01
1.213129e-02
9.843890e-03
7.432118e-02
-2.576312e-02
6.660891e-02
1.333620e-01
-2.543106e-02
2.770917e-02
6.489321e-02
2.625529e-02
-2.987726e-02
1.651637e-02
3.305683e-02
3.839083e-02
7.637059e-03
1.708019e-01
1.306576e-01
1.243965e-01
3.378090e-02
1.174043e-01
-7.881555e-03
4.464772e-02
-7.414366e-02
2.217765e-01
3.283685e-02
-8.545854e-02
2.005258e-01
-1.371551e-02
-1.650470e-02
1.007834e-01
-8.401217e-02
-6.487431e-03
-3.882682e-03
-2.567361e-02
-4.675279e-02
1.005282e-02
3.594359e-02
1.667649e-02
2.826531e-02
5.161633e-02
-1.698825e-02
3.995217e-02
-1.556671e-02
-7.093818e-02
1.402124e-01
3.364972e-02
-2.220539e-02
1.787491e-02
4.328518e-02
2.505796e-02
8.827402e-02
4.605909e-02
6.019415e-02
6.202566e-02
-9.047706e-03
1.865805e-02
-3.703266e-02
-8.813729e-02
5.535354e-02
4.973279e-04
1.546577e-01
-6.978767e-02
6.223527e-02
1.121077e-01
2.270402e-01
-1.891454e-03
-2.927885e-02
9.101973e-03
-2.203907e-02
-4.554452e-02
1.988653e-02
-8.407858e-02
-1.152046e-01
1.059864e-02
-2.650678e-02
-5.880556e-02
2.449785e-03
1.787333e-03
-1.508412e-03
-2.828761e-03
-2.653720e-03
3.350292e-03
1.004932e-03
-2.970139e-03
-2.492670e-03
-4.164563e-03
-7.097465e-02
2.833535e-02
-6.972735e-02
-2.725948e-02
-7.636683e-02
-1.463073e-01
1.449915e-03
-8.409535e-02
-3.334051e-06
-1.647996e-02
2.604291e-03
-1.293594e-02
-5.453815e-02
-9.391054e-03
-2.029827e-02
-5.496278e-02
-1.001297e-02
9.188076e-03
1.590068e-02
-1.964518e-02
-4.027806e-02
6.093342e-02
-6.486914e-02
-2.744420e-02
6.645142e-02
-4.989639e-02
-2.335370e-02
2.543147e-02
-9.040595e-02
-8.681905e-03
7.733297e-02
-4.640039e-02
-2.560320e-02
7.428046e-02
-6.982957e-03
-9.112788e-03
1.677181e-04
4.268397e-02
7.226693e-03
-1.197490e-02
-1.280964e-02
-7.505813e-04
-5.178493e-02
-2.675190e-02
-2.813331e-03
9.872689e-05
4.526337e-02
-7.098600e-03
8.094694e-02
1.471788e-02
-6.981032e-02
2.629348e-02
1.303963e-02
-7.835724e-04
-5.478736e-03
-5.804091e-04
5.476975e-02
-1.594440e-02
-1.767317e-02
3.745054e-02
-8.668794e-02
-3.185025e-02
6.541555e-02
2.808357e-02
-1.431612e-02
7.125778e-02
3.743756e-02
-3.082789e-02
9.691149e-02
4.571590e-02
-1.207384e-02
-1.498878e-02
-5.163725e-02
-3.296800e-02
-3.572589e-02
-4.303187e-02
-2.344888e-02
-3.148587e-02
-7.861850e-02
3.310581e-02
3.053698e-02
4.283804e-03
-6.798332e-02
8.494287e-02
9.083308e-02
-1.835237e-02
1.072028e-02
3.609318e-02
-4.896426e-02
2.223841e-02
1.383733e-02
3.913104e-02
1.782003e-03
3.169198e-02
2.967887e-02
1.829159e-02
6.831848e-02
7.682099e-02
2.574147e-02
-4.525641e-02
2.371981e-03
1.784839e-02
-3.709814e-02
-3.273699e-02
-2.491361e-02
-6.963643e-04
-1.937582e-02
-1.047976e-02
-3.508574e-03
-1.245891e-02
-1.918165e-02
-4.370970e-03
-2.327165e-03
7.071815e-03
1.462716e-02
2.025728e-02
-5.678352e-02
2.307134e-02
-2.727129e-03
-1.512517e-02
-2.125817e-02
-6.208304e-02
-2.972321e-02
-5.745924e-02
-4.639302e-02
9.443722e-03
-1.924936e-02
-5.544210e-03
-3.363806e-03
-4.350575e-02
-1.444976e-02
6.844275e-04
-2.693821e-02
2.880428e-03
2.734023e-03
-8.339695e-04
-4.028776e-04
1.201721e-03
-1.792825e-03
-4.543534e-04
-6.905767e-05
2.599346e-03
-2.391691e-04
3.576257e-02
7.762425e-02
-1.200969e-02
1.027713e-02
7.414181e-02
-1.395643e-02
6.997062e-02
3.198688e-02
-5.325657e-02
6.866170e-03
4.550880e-04
1.327278e-02
-3.124633e-03
3.680613e-03
2.741831e-02
-1.769722e-02
-1.730496e-03
4.024950e-02
-4.431187e-02
-2.244219e-02
8.883307e-03
-4.730612e-02
-1.624119e-02
1.133145e-03
-3.680731e-02
-2.881543e-02
-2.754914e-03
6.435350e-02
-7.175106e-02
-3.562611e-02
4.061128e-02
-6.567129e-02
-5.537841e-03
2.110584e-02
-8.821201e-02
1.293712e-02
-5.429148e-02
-5.911618e-02
-5.362261e-02
-9.231144e-02
-5.856620e-02
-4.805352e-02
2.817121e-03
-1.034635e-02
2.634228e-02
3.232438e-02
1.842080e-02
1.455758e-02
1.361541e-01
4.214164e-02
1.080580e-02
-2.272032e-02
-6.226236e-02
3.790309e-02
1.560660e-02
-1.820858e-02
-1.356432e-02
-7.766272e-03
-1.090356e-02
5.330583e-02
5.101555e-04
7.361323e-02
2.646220e-02
-2.996723e-03
4.390376e-02
5.256728e-02
3.820907e-03
4.960952e-02
3.590492e-02
-1.453623e-02
4.338341e-02
1.013422e-02
-1.285825e-02
3.365186e-02
3.619963e-02
-1.683986e-02
-3.440018e-02
6.670198e-02
5.234031e-03
5.522333e-02
-4.084523e-03
-2.539845e-02
-4.269966e-02
-1.782303e-02
-1.690660e-02
-1.703129e-02
2.116969e-02
-8.731043e-03
9.882730e-03
7.180118e-02
-8.993538e-03
-1.959383e-02
3.474372e-02
-5.956815e-02
-6.471501e-02
-3.205010e-02
4.154291e-02
1.734436e-02
4.718661e-02
2.692488e-02
-1.211388e-02
-3.650911e-02
1.565056e-02
-3.471246e-03
-1.023004e-03
-1.609019e-02
5.078430e-03
3.513941e-02
1.071598e-02
-1.543377e-02
-2.404017e-02
1.045747e-02
2.694269e-02
1.587306e-02
1.734984e-02
4.805785e-02
2.558018e-02
-9.463035e-02
-2.085292e-02
5.165106e-02
1.648781e-02
-1.100268e-01
1.425558e-03
-8.681700e-02
-6.578049e-02
6.093054e-02
-1.500629e-03
-1.302770e-02
2.129955e-02
1.970882e-03
1.755500e-03
3.999892e-02
-7.378302e-03
6.006993e-04
3.563531e-03
-4.308463e-03
-1.393531e-03
2.716448e-03
-2.094673e-04
5.477279e-04
-5.543286e-04
-1.178586e-03
1.073819e-03
8.268507e-05
-1.662703e-02
-2.900868e-02
-1.783835e-03
2.131385e-02
-3.187840e-02
-2.292182e-02
-6.181840e-03
-6.219029e-02
-9.510406e-02
-8.262001e-03
-3.593066e-02
-3.302116e-02
1.555234e-02
-1.738656e-02
-1.196649e-02
1.811402e-02
-4.246062e-03
7.493170e-03
-4.108757e-02
-2.081864e-02
-6.620060e-03
3.003415e-02
-2.070616e-02
6.766510e-03
5.634319e-02
-1.759364e-02
-2.510528e-02
-2.035123e-02
1.760851e-02
4.091590e-02
-1.209807e-02
1.909482e-03
2.248587e-02
1.402268e-02
-1.015644e-02
4.305999e-02
7.785888e-02
1.737711e-02
6.700023e-03
-3.087324e-02
-4.536144e-02
-4.456424e-03
-7.372949e-02
-1.393602e-01
-1.760271e-01
