1.682584e-02
3.250148e-03
7.548314e-04
-9.596617e-03
-2.631188e-02
3.120182e-02
1.541839e-02
-1.148573e-03
3.381689e-02
-3.936870e-03
1.352451e-02
2.646633e-02
-9.476431e-03
1.437416e-03
2.580704e-03
-3.586821e-02
-1.332801e-02
-1.189600e-02
-3.018460e-02
-7.624785e-02
-1.420963e-03
-3.025594e-03
-1.104424e-01
3.261588e-04
4.014491e-02
-8.814400e-02
-7.358202e-02
1.196392e-04
-2.611793e-05
-3.517740e-03
8.962592e-04
-9.131340e-04
-3.438962e-03
-1.292977e-03
1.431597e-03
2.564013e-03
-2.708879e-02
-1.669515e-02
-2.331702e-02
-3.903688e-02
-4.510561e-02
9.929392e-03
-4.744605e-02
-4.935918e-02
-2.103762e-03
2.828381e-02
2.945721e-02
1.229666e-02
-1.310064e-02
2.949838e-02
1.798773e-02
-4.451017e-02
9.004783e-03
1.321490e-02
-5.499288e-02
-2.715255e-02
-1.534046e-02
-1.572290e-02
-4.739351e-03
-9.664023e-03
-4.614086e-02
-1.711872e-03
1.106195e-02
2.752174e-02
1.477151e-02
3.799481e-02
1.020038e-02
-2.773203e-03
5.615559e-03
7.542118e-03
6.190472e-03
-2.048938e-03
-3.761642e-02
-4.475953e-02
-7.673761e-02
3.559262e-03
-1.260891e-02
-1.244649e-01
-3.116386e-02
7.710361e-04
-1.106790e-01
7.850640e-02
4.400149e-02
5.258267e-02
3.263360e-02
1.137202e-02
3.434108e-02
2.650768e-02
-1.048502e-02
-1.432049e-02
9.984907e-03
3.594149e-02
4.103511e-02
3.195582e-02
-5.433057e-02
4.160474e-02
-4.014652e-03
-2.078385e-02
-3.225641e-02
-5.448122e-02
1.934542e-03
9.743478e-04
-3.978775e-02
1.387571e-02
4.033925e-03
-5.945548e-02
-2.134086e-02
-1.556393e-03
5.970376e-02
7.256195e-02
5.448206e-02
-1.053569e-02
-4.171997e-03
-1.501939e-02
-2.108383e-02
-1.812425e-02
-2.366971e-02
-6.119499e-03
-1.856114e-02
-8.761682e-03
5.520016e-03
-1.315560e-02
9.269915e-04
-8.906588e-03
-2.726289e-02
-1.724155e-02
-1.347158e-02
-8.840734e-03
-1.427317e-02
-2.371610e-03
-3.603092e-03
1.875119e-02
1.230798e-03
-4.903609e-03
2.195271e-02
-2.605366e-02
-4.105232e-02
-4.436601e-02
-1.476145e-02
-2.855579e-02
-1.737158e-02
-1.207161e-02
-2.645287e-02
-1.049103e-02
-1.166099e-02
-3.752246e-02
2.695439e-02
-2.983523e-02
-1.735975e-02
1.351186e-01
-3.756096e-02
-4.183478e-02
8.897709e-02
-1.019704e-01
-1.186470e-01
-7.460409e-02
-1.192582e-01
-1.381444e-01
-6.059548e-02
-1.429208e-01
-1.252844e-01
-7.806385e-03
-5.142148e-02
-1.449608e-01
4.788041e-02
-8.833051e-02
8.955453e-03
3.603705e-01
7.509744e-02
1.737440e-01
1.024599e-01
-2.266788e-03
-7.690370e-04
-9.533899e-04
2.674370e-03
-3.267467e-03
2.487619e-03
-2.832744e-04
1.326911e-03
-6.691469e-04
1.052301e-01
1.574207e-02
3.121610e-02
6.931748e-02
-9.847038e-02
-1.829348e-02
-3.572343e-02
-1.315133e-01
-1.009172e-01
1.228999e-02
8.521972e-04
1.531757e-02
2.243557e-02
2.547228e-03
7.951025e-02
4.722374e-02
-4.830122e-02
3.283190e-03
-6.068175e-02
6.012180e-02
-5.611599e-02
4.253298e-02
6.322634e-02
3.091570e-02
7.403225e-02
3.152020e-02
7.575328e-02
-1.127624e-01
-4.738633e-02
1.118262e-01
-1.215657e-01
-6.957012e-02
1.255811e-01
-3.359968e-02
-2.466816e-02
1.239138e-01
4.528152e-03
4.285344e-02
-6.090951e-02
-6.374680e-02
3.935703e-02
-1.738589e-01
5.939533e-02
7.463118e-02
-4.202960e-02
-4.923864e-02
-6.001144e-02
-7.091226e-02
6.851084e-02
1.395875e-02
1.511250e-02
1.762467e-02
-1.918807e-02
-5.682238e-04
-5.750624e-02
4.453772e-02
4.231215e-02
-1.031839e-01
-8.134664e-02
1.486235e-01
2.921050e-02
1.289225e-01
-4.879618e-02
-2.054381e-02
1.193227e-01
5.445138e-02
1.712546e-03
1.472844e-01
8.269744e-02
5.710798e-02
2.487710e-02
3.215555e-02
5.516553e-02
2.118700e-02
-5.950905e-02
6.645741e-02
-5.893051e-02
-1.724562e-01
-1.410117e-02
-1.271463e-01
-8.833928e-02
4.114252e-02
-7.856105e-02
-7.974470e-02
-1.585949e-02
-9.443215e-02
-9.197892e-02
2.221845e-02
-4.935665e-02
-3.500422e-02
2.166060e-02
-2.880625e-02
-5.547713e-02
1.803649e-02
-9.158198e-02
-3.743702e-02
-1.496230e-02
-6.212360e-02
-4.393744e-02
2.523621e-02
-9.192086e-02
-8.250577e-02
-3.299094e-02
-1.215655e-01
-8.375744e-02
7.150548e-04
-4.995219e-02
1.305152e-02
-1.135419e-01
-8.530151e-02
-2.705505e-01
6.649047e-02
1.736505e-01
-1.095916e-01
-1.314500e-02
8.637541e-02
-1.192999e-01
6.093368e-02
-5.837516e-02
-3.024185e-02
-4.102878e-02
-1.519526e-01
-9.693649e-02
3.009083e-02
-4.617861e-03
2.207043e-02
3.299542e-02
7.729352e-02
-1.084242e-01
7.131297e-02
1.776586e-01
-4.101151e-02
5.239723e-03
-3.772992e-02
-1.691826e-01
-4.546838e-03
-4.264898e-03
-1.223141e-04
2.327059e-05
-2.950297e-03
2.668396e-03
-5.344718e-04
2.585136e-03
1.274504e-03
-2.252898e-01
-2.188016e-01
-1.620841e-01
-3.476737e-02
-2.113090e-02
2.115569e-02
7.684778e-02
2.063017e-01
1.890624e-01
-6.722452e-02
8.312805e-02
5.636921e-02
-5.318296e-02
1.995819e-01
2.627271e-01
-9.567984e-02
8.771890e-02
2.216103e-01
-1.038363e-01
-6.248290e-02
-2.535681e-02
-5.126578e-02
2.336574e-01
3.212684e-01
-1.493785e-01
1.664052e-01
3.196529e-01
3.736939e-02
9.229152e-02
8.231347e-02
-1.842717e-01
-1.495139e-01
-7.142526e-02
-2.868101e-01
-3.028476e-01
-2.622353e-01
5.280541e-02
-4.248524e-02
-1.230996e-02
9.103840e-02
3.204031e-03
1.510870e-03
1.311907e-01
-1.898922e-03
-5.319636e-02
3.697706e-01
1.142667e-01
1.222623e-01
1.126592e-01
-1.627604e-01
-1.322321e-01
-8.143473e-02
-2.738294e-01
-2.541322e-01
-7.682618e-02
4.469899e-02
-1.049269e-02
2.069343e-01
-6.355435e-02
-2.931749e-01
2.670285e-01
-9.870995e-03
-3.194616e-01
-9.081006e-02
-7.829057e-02
-2.271762e-01
2.119724e-01
1.076659e-01
-2.100508e-01
2.390028e-01
3.022802e-01
-9.349626e-02
2.827715e-01
9.553582e-02
2.201629e-01
5.992192e-02
-1.657415e-01
-7.608159e-02
-6.242985e-02
-2.470803e-01
-2.082575e-01
-2.750072e-02
-3.633863e-02
-1.021874e-01
2.162142e-02
-3.725930e-02
-1.171523e-01
-3.918446e-02
-8.274857e-02
-1.583824e-01
-1.486502e-02
-7.582331e-02
-5.038230e-02
5.363747e-02
4.428024e-02
1.520901e-02
9.311637e-02
1.898108e-01
1.313120e-01
-1.075922e-01
-2.645864e-02
-7.833666e-02
-3.562198e-02
1.892927e-01
7.833350e-02
2.647831e-02
2.895926e-01
2.402019e-01
-3.129630e-02
-4.352840e-02
-4.389374e-02
1.574648e-01
1.156355e-01
-1.034855e-01
2.636634e-02
7.480731e-03
-9.320240e-02
-1.305121e-02
-1.233055e-01
-6.508852e-02
-3.203830e-03
-1.005440e-01
-3.980700e-02
1.112170e-01
4.611817e-02
7.190099e-02
1.981457e-01
9.476142e-02
-1.832872e-01
2.521583e-01
1.905243e-01
-3.800166e-01
9.851635e-02
-1.262358e-02
-2.407069e-01
-5.033911e-04
-1.480425e-03
6.322897e-04
4.435081e-04
3.950779e-03
3.174335e-04
-1.407027e-03
-7.365274e-04
5.078031e-04
2.283298e-02
1.162925e-02
8.634993e-02
-1.128444e-01
7.990440e-02
3.969349e-02
-7.347237e-02
9.638788e-03
3.311356e-02
-8.337541e-02
-7.910539e-04
3.021564e-02
-1.193653e-01
-7.844169e-02
-7.711998e-02
-1.604795e-01
-1.050398e-01
-9.716885e-02
2.314929e-02
4.800072e-02
-4.636819e-02
8.426163e-03
4.371113e-02
-2.592609e-02
-2.924895e-02
-4.458949e-02
-2.243116e-01
6.961362e-02
2.297717e-01
4.144675e-02
1.725180e-01
2.985390e-01
1.653596e-01
5.695513e-02
1.760416e-01
6.560257e-02
1.499510e-01
9.565684e-03
-1.652552e-01
1.913510e-01
-9.071849e-02
-1.120124e-01
9.636211e-02
-9.383988e-02
-2.000233e-01
1.556989e-01
7.234477e-02
7.607919e-02
-1.328943e-02
-3.923241e-02
-1.161068e-01
-1.005360e-01
-1.572853e-01
-2.028492e-01
-3.315815e-02
-1.111967e-01
-3.301417e-02
1.987685e-03
1.907909e-01
7.097089e-03
2.504407e-02
-4.093594e-02
7.404315e-02
6.173334e-02
1.740161e-02
4.034914e-02
9.912969e-02
4.578781e-03
5.182440e-02
6.431449e-02
3.203899e-02
-1.151070e-02
2.433044e-02
6.336499e-03
3.140843e-02
1.945238e-02
-2.367989e-02
2.771510e-02
1.126560e-01
1.237682e-01
7.625217e-02
-7.180382e-02
-8.631710e-02
-1.409697e-01
-5.698033e-02
-5.151657e-02
-9.127191e-02
-8.239379e-02
-6.294526e-03
-5.417816e-02
3.998356e-02
-3.009216e-02
1.099565e-02
-5.025030e-02
-3.719887e-03
-4.325230e-02
-4.003771e-02
-4.204190e-02
-6.358305e-02
-8.392900e-02
-6.882937e-02
-1.960640e-02
-1.072169e-01
-6.398401e-02
-9.562913e-02
-5.480089e-02
2.615694e-03
-6.174029e-02
5.204747e-03
-9.488901e-03
-2.447333e-02
3.028895e-02
1.953510e-02
1.702646e-02
1.445074e-02
2.200497e-02
-2.002783e-02
1.858187e-02
-3.981902e-02
-5.584909e-02
-2.300985e-02
-9.728294e-02
-9.048883e-02
-3.480662e-03
-6.565043e-02
-5.958452e-02
7.508820e-02
-1.193979e-01
-8.550286e-02
-1.048221e-01
-2.440315e-01
8.224155e-02
-5.816793e-03
4.779257e-02
6.945452e-02
1.641194e-03
-2.749282e-03
1.516847e-03
-9.637138e-04
2.940824e-03
1.188057e-03
-3.027728e-04
4.251801e-04
-3.497637e-03
4.305043e-02
-2.487862e-02
5.939178e-02
1.339992e-01
-8.024139e-02
1.935033e-03
7.387338e-02
-3.902313e-02
-1.107801e-01
-2.858627e-02
-3.389941e-02
-7.910304e-02
3.768706e-02
6.125102e-03
3.206147e-02
3.031523e-02
1.990538e-02
1.370033e-01
-9.864837e-02
-4.451340e-02
8.298153e-02
-5.123024e-02
6.070423e-02
1.046414e-01
-1.030397e-01
-2.910689e-02
7.435725e-02
6.316724e-02
5.500038e-02
5.342400e-02
9.032488e-02
3.720849e-02
6.815889e-02
6.149419e-02
-8.418813e-03
-8.942854e-03
6.165264e-02
-1.008133e-02
-2.847205e-02
-1.091799e-02
1.057595e-01
-1.448183e-01
1.288253e-01
1.149127e-01
-5.771836e-02
8.572248e-02
8.915325e-03
-6.914307e-02
3.441998e-02
-7.691023e-02
-8.495030e-02
-6.470180e-02
-1.610665e-01
-1.528636e-01
-7.122161e-02
3.799080e-02
3.993294e-02
-9.500098e-03
-2.286072e-01
-9.645139e-02
4.052640e-02
4.613964e-02
-4.885753e-02
-5.593764e-02
8.845010e-02
9.284027e-02
-1.166051e-01
9.902138e-02
1.300553e-01
-6.648209e-02
7.743989e-04
1.013890e-01
-1.391157e-02
6.090690e-02
-5.811070e-02
1.403325e-01
1.970240e-01
1.037861e-01
-4.773930e-02
-6.311823e-02
-3.396061e-02
9.804741e-03
-5.146981e-02
-6.838702e-02
-1.989961e-02
-8.790846e-02
-1.323303e-01
-2.794573e-02
-1.096478e-01
-1.752705e-01
3.290282e-02
1.202226e-01
1.180288e-01
1.234891e-02
-2.274223e-02
3.568238e-02
-3.382976e-02
-8.752161e-02
-4.936430e-02
6.128924e-02
5.790808e-02
1.034655e-01
1.612289e-02
-6.463396e-02
-2.907779e-02
2.971694e-02
-4.335677e-02
-2.368876e-02
-1.096974e-03
-5.018094e-05
1.852655e-03
-1.256783e-03
5.149169e-04
-8.149463e-04
-4.828646e-05
-9.483693e-04
-1.752487e-03
2.008258e-03
8.521368e-04
7.756785e-04
-1.914129e-03
-3.720882e-03
1.779937e-03
-1.620451e-03
7.835659e-04
1.898608e-03
-3.137922e-03
-2.611322e-03
3.485606e-03
2.560808e-03
1.855675e-03
-2.559785e-03
-2.056351e-03
3.613586e-03
3.945290e-03
-3.708875e-03
4.991675e-04
1.554350e-03
-2.109584e-03
6.195453e-04
-3.856650e-04
1.887166e-03
-9.498656e-04
2.135828e-03
-2.041559e-03
1.445386e-03
-1.207024e-03
3.785627e-03
1.642136e-03
5.924804e-04
-7.241319e-05
7.253195e-04
6.949928e-04
-1.859302e-04
-1.222862e-03
-4.762667e-04
-1.326000e-03
-1.717003e-03
-8.487083e-04
-2.510212e-03
-3.077600e-04
1.002077e-03
7.576445e-04
1.914660e-03
1.282613e-03
-6.464465e-04
9.408553e-04
-2.482634e-03
2.174861e-03
-4.356000e-03
-2.912720e-03
1.175228e-03
1.050600e-03
-1.421247e-03
-5.848025e-04
-1.784332e-03
-2.486783e-03
8.531307e-04
1.419219e-03
-5.220597e-04
-2.034546e-03
-1.389957e-03
3.086591e-03
2.326370e-03
4.069126e-04
1.221328e-03
-1.346006e-03
-1.241028e-03
9.830843e-04
-1.126613e-03
3.868684e-04
-6.430747e-04
1.637337e-04
-1.401597e-05
-3.402896e-04
-4.753146e-04
1.063695e-03
2.323153e-03
-3.522095e-03
3.155719e-04
2.207167e-03
-5.348205e-05
-1.478106e-03
-4.396560e-04
2.600098e-04
5.378686e-04
-2.588660e-06
5.682572e-04
2.806602e-03
-1.861184e-03
2.420585e-03
1.079901e-04
-2.549719e-05
2.224151e-04
-1.059938e-04
-1.984716e-04
8.300127e-04
2.863548e-03
-2.884800e-03
2.640019e-03
-8.955349e-04
-1.482221e-03
1.364092e-03
-6.666525e-04
-1.616519e-03
-2.482063e-03
-1.659112e-03
-3.146525e-04
1.274588e-03
3.133787e-03
-1.616627e-03
-1.565538e-03
1.660706e-03
1.128839e-04
6.377051e-04
-3.722388e-04
-1.658389e-03
8.346054e-04
1.319045e-03
9.405390e-05
9.623391e-04
1.347958e-03
2.384377e-04
1.682044e-03
1.288511e-03
3.766504e-03
1.115346e-03
2.683496e-03
-1.511918e-03
-2.761478e-03
4.909504e-04
4.676158e-04
9.200938e-03
9.043584e-02
1.251143e-01
-1.503822e-01
-5.070613e-02
1.164791e-01
-4.805266e-02
-1.839248e-02
6.315096e-02
-3.124781e-02
-1.665661e-02
1.342725e-01
-3.622296e-02
-8.356803e-02
3.028265e-02
1.078113e-01
-1.443578e-02
3.157881e-02
1.647705e-01
-8.390978e-02
-3.101058e-01
1.961375e-01
-2.725948e-01
-9.341986e-02
1.843064e-01
3.149766e-02
-1.142741e-01
3.424644e-05
2.413078e-03
1.025951e-03
3.115210e-03
2.173220e-03
2.814643e-03
1.662086e-03
-1.599210e-03
3.561734e-03
-4.211785e-02
2.693129e-01
9.774144e-03
5.746246e-02
-3.423458e-02
3.238203e-02
-8.242793e-02
-1.615395e-01
-1.166676e-01
8.042381e-02
6.978448e-02
1.348421e-01
-1.481117e-02
5.223744e-02
5.964343e-02
-1.277454e-01
-3.745932e-02
1.129550e-01
1.960938e-01
5.625653e-03
-1.467516e-01
2.641946e-01
-5.018344e-02
-4.195410e-01
3.042397e-02
1.490496e-01
-3.788453e-02
-1.915994e-01
-1.927781e-01
-1.808438e-01
-1.066031e-01
-3.345999e-02
-1.395915e-01
-2.378781e-01
-1.301050e-01
-1.276976e-01
3.617879e-01
1.942883e-02
-1.360607e-01
1.002809e-01
-1.292601e-01
-4.368885e-01
9.170873e-02
-1.073587e-01
-2.356071e-01
1.606879e-01
2.453051e-01
9.871309e-02
1.428176e-03
-4.083768e-02
-2.095664e-02
-8.864848e-02
-3.189425e-01
-2.201846e-01
-3.057253e-01
1.016279e-02
5.017260e-02
-2.756778e-01
-9.795672e-02
5.062062e-01
-1.591747e-01
1.908057e-01
1.499964e-01
-7.242046e-02
8.566923e-02
2.119754e-01
-1.456592e-01
1.818552e-01
2.417212e-01
-4.072240e-02
1.221327e-01
1.543828e-01
-2.767277e-02
1.354103e-01
2.333188e-01
-1.250126e-01
1.173749e-01
7.511202e-02
-9.922774e-02
-4.640973e-02
3.678155e-02
-1.485115e-01
-5.585423e-02
-4.112508e-02
-1.977692e-01
-7.421983e-02
-8.147170e-02
-2.221282e-01
-1.509943e-01
-1.201884e-01
-4.703171e-02
5.812635e-02
-8.801447e-02
1.279753e-03
-6.697192e-02
2.292923e-02
3.060598e-02
1.385525e-03
-1.189152e-02
5.007845e-02
5.491380e-02
-1.671422e-03
8.570360e-02
1.901037e-02
5.919440e-02
8.698323e-02
-9.900709e-03
4.269116e-02
5.315015e-02
6.830592e-02
6.550656e-03
-1.278988e-02
-2.547953e-02
3.355938e-02
-1.828409e-02
-3.043729e-02
1.622437e-02
6.481687e-02
6.512894e-02
5.412256e-02
7.776745e-02
7.312217e-02
2.760061e-02
7.702858e-02
4.464732e-02
4.578935e-02
1.281067e-01
1.788599e-01
7.276855e-02
2.770813e-02
-8.697601e-02
1.067886e-01
4.063617e-02
6.244144e-02
7.917119e-02
2.254711e-04
1.203894e-03
1.580313e-05
4.082103e-04
-1.677128e-03
5.336504e-04
-1.063958e-03
2.652984e-03
3.461835e-03
4.753388e-02
3.524082e-02
-8.116299e-03
1.143437e-01
3.364562e-03
5.246374e-02
5.020961e-02
-3.679426e-02
-3.614040e-03
4.008799e-02
3.281839e-02
-2.928050e-03
3.340254e-02
4.419809e-02
4.824926e-02
3.963050e-02
1.869719e-02
-1.469580e-02
-3.292757e-02
3.242346e-02
2.122011e-02
3.232228e-02
8.905524e-02
-1.906554e-02
-8.700544e-02
-1.802419e-02
-8.952117e-02
9.154392e-02
3.400331e-02
5.341210e-02
2.483036e-02
-5.426368e-02
-4.521614e-02
1.038196e-02
-5.350352e-02
-4.381214e-03
1.432694e-02
5.416078e-04
3.603506e-02
-7.272808e-02
-4.398539e-03
-6.452414e-02
-7.966264e-02
6.638520e-02
4.133531e-02
-4.422787e-02
2.553969e-02
2.102531e-02
-1.362831e-02
-1.566143e-02
2.381937e-02
-4.568054e-02
-4.233173e-02
-1.906356e-02
-1.612218e-02
1.392480e-01
1.386609e-01
-3.592375e-02
-2.091845e-01
-3.945928e-02
1.077930e-01
1.449403e-01
1.026862e-01
1.883114e-02
3.751536e-02
-6.520083e-04
-2.626668e-02
3.010433e-02
-5.423432e-02
-1.992970e-03
-4.505147e-02
-8.179116e-02
-5.250361e-02
1.612439e-03
-7.138999e-03
4.787680e-02
1.449431e-01
8.835301e-02
1.899399e-02
3.443133e-02
6.472895e-02
5.065370e-02
2.035651e-03
3.448227e-02
6.356549e-02
2.397778e-02
4.446462e-02
1.815264e-02
-2.570746e-02
7.061540e-03
2.579097e-02
1.070921e-01
8.505426e-02
1.079330e-02
1.780273e-02
5.842726e-02
-7.113849e-03
-3.933488e-02
-8.855381e-03
5.810476e-02
7.288142e-02
1.032283e-01
1.392251e-02
2.214412e-02
8.860448e-02
4.061705e-02
-1.170114e-02
-9.390796e-03
6.857472e-03
-5.210767e-02
-6.570075e-02
8.483310e-02
-9.671235e-02
-6.282703e-02
9.646301e-02
3.526756e-04
2.729041e-02
-4.278173e-03
-4.130577e-02
-9.397507e-02
1.233119e-02
-3.288460e-02
-8.989931e-02
1.987481e-02
-1.875189e-02
-9.289138e-02
1.272253e-02
-1.100518e-01
-1.019682e-02
5.422681e-02
-2.557157e-01
-1.140901e-02
7.897452e-02
-9.469797e-02
-8.788886e-03
1.669533e-03
-1.523109e-03
-8.347392e-05
1.435329e-03
-1.304208e-03
1.870522e-03
-2.195155e-03
3.717779e-03
2.072995e-03
-5.143326e-02
-4.276158e-02
3.217827e-02
-1.638903e-03
-1.106698e-01
-6.055829e-02
4.413356e-04
-5.042195e-02
-5.627653e-02
-7.783769e-03
-1.496290e-02
-5.104336e-02
-4.912908e-02
-4.368793e-02
-3.400429e-02
-3.581769e-02
-3.459393e-02
-2.154226e-02
-7.400314e-02
-2.853106e-02
-2.630307e-02
-7.076526e-02
5.339994e-02
3.283760e-02
-9.697454e-02
9.525194e-03
3.939500e-02
3.970223e-02
-2.803603e-02
-7.634456e-02
8.976021e-03
-1.122519e-02
-6.788136e-02
-2.782937e-02
-2.696885e-02
-4.760103e-02
3.834459e-02
-6.565208e-02
-8.182531e-03
4.753399e-02
8.080120e-02
-5.504475e-02
2.324680e-02
5.259670e-02
3.982486e-03
2.157125e-02
7.704816e-02
1.104404e-01
4.906398e-02
1.783867e-03
1.795634e-03
3.532739e-02
-4.940198e-02
-6.386450e-02
-6.269650e-02
4.409680e-03
1.607339e-03
1.477195e-01
-7.561418e-02
-1.243810e-01
3.597696e-02
3.261651e-02
-7.396843e-02
-1.631515e-01
4.095877e-02
3.398135e-02
-2.151102e-01
-2.172700e-03
1.225137e-02
-1.327640e-01
-3.040167e-02
1.405074e-02
3.847948e-02
1.396452e-01
1.100744e-01
-1.980957e-02
1.134604e-01
1.049865e-01
-2.954534e-02
3.201023e-02
7.471870e-02
-6.268284e-02
-8.564597e-02
-2.558289e-03
-4.640452e-02
-1.020369e-01
-3.329882e-02
9.528168e-03
-6.822930e-02
-2.664978e-02
-1.010983e-01
-2.105541e-02
-4.110320e-04
-7.349703e-02
-6.372086e-02
2.150008e-02
-4.309408e-02
-5.001936e-02
6.232347e-03
-5.369498e-02
-7.494728e-02
-1.905053e-02
-1.483819e-02
-9.245145e-02
-1.101051e-02
6.338149e-02
3.285057e-03
9.323956e-03
1.553100e-01
1.255724e-01
2.778148e-02
1.208499e-01
1.206843e-01
1.111041e-02
4.741404e-02
2.231934e-02
-3.810567e-02
-2.030369e-02
1.751169e-02
1.436646e-01
2.412374e-02
1.023864e-01
2.045083e-01
1.075651e-01
1.659008e-01
2.255101e-01
1.142352e-01
3.097238e-02
-1.856861e-01
2.095664e-01
-3.070952e-03
-1.522990e-01
2.209692e-01
3.822836e-02
-1.333461e-01
-4.627334e-04
-1.389755e-03
-1.359523e-03
-3.524121e-05
-1.510384e-04
2.974995e-03
1.078090e-03
-1.056055e-03
-3.364692e-03
-1.348327e-01
2.244888e-02
1.717844e-02
-4.514137e-03
8.490553e-02
8.869977e-02
-2.411673e-02
6.614011e-02
-1.065883e-02
-3.633382e-02
5.546220e-02
1.687564e-01
7.527998e-04
1.048532e-01
1.318393e-01
-3.808661e-02
2.200069e-02
7.945807e-02
-6.264158e-02
6.389973e-02
1.219095e-01
1.304158e-01
1.065393e-01
1.671114e-02
7.940401e-02
4.488790e-03
-1.284909e-01
1.270301e-04
4.442392e-02
5.721952e-02
-6.272550e-03
6.155515e-02
4.821248e-02
-1.328208e-02
7.420918e-02
9.240285e-02
2.035769e-01
6.933094e-02
1.495716e-02
1.763257e-01
6.854095e-02
-1.390490e-01
1.756014e-01
-5.640038e-02
-2.160623e-01
3.624927e-02
9.206285e-02
1.504353e-01
-9.366777e-03
2.136997e-02
1.043802e-01
-6.411012e-02
-1.085432e-01
-5.938854e-02
1.213216e-01
3.472966e-02
-1.377855e-01
1.727559e-02
-1.570522e-01
3.892124e-02
-8.685072e-02
-3.889604e-02
5.846906e-02
2.092730e-02
-2.587466e-02
-5.235589e-02
2.004113e-04
3.163764e-03
4.316578e-02
-1.281286e-02
-5.555030e-02
8.842783e-03
-1.550549e-01
-1.355769e-01
5.188923e-03
-1.008697e-01
-1.877434e-02
1.393148e-01
2.885272e-02
1.367348e-01
2.855352e-01
-1.268633e-01
-6.171134e-02
-6.647120e-02
-6.055911e-02
6.726267e-02
7.874648e-02
-6.845916e-02
9.862357e-02
1.312634e-01
-5.573151e-02
-5.024294e-02
-8.139642e-02
5.257006e-03
-2.821859e-02
2.661617e-03
4.830580e-02
1.567738e-02
7.637320e-03
-5.174491e-02
-2.517712e-02
-9.014171e-02
7.269584e-02
6.433426e-02
1.386490e-02
1.619571e-01
1.302620e-01
5.964926e-02
8.372094e-02
9.174410e-02
8.674169e-02
8.740142e-02
1.266139e-01
-3.572594e-02
1.903697e-02
6.242790e-02
3.913017e-02
-4.429850e-02
-2.874180e-02
-1.905524e-02
-5.707848e-02
-6.931870e-02
-1.274660e-01
-7.714479e-02
-8.758068e-02
-1.488521e-01
-6.808535e-02
-4.835128e-02
1.006695e-01
-1.139529e-01
1.497252e-01
-1.248063e-01
-5.570279e-02
-2.854326e-02
5.411726e-02
-3.740548e-04
1.169741e-03
-3.142473e-03
-2.396049e-03
4.013156e-04
3.480905e-03
1.030841e-03
2.112356e-03
-2.176996e-03
6.882992e-02
-2.058895e-02
-2.752211e-02
-9.986757e-02
3.867516e-02
-1.264265e-01
6.420890e-02
-1.575570e-02
-1.154914e-03
8.165734e-02
-8.848739e-03
-3.850953e-02
1.083925e-01
2.507635e-04
-1.126167e-01
3.348032e-02
-9.901675e-03
-5.879096e-02
1.408120e-01
-2.276178e-02
-3.018956e-02
7.055995e-02
-1.057171e-01
-9.732657e-02
1.322924e-01
-5.134680e-03
-3.506158e-02
-6.010875e-02
2.783778e-02
-1.300075e-01
1.302835e-02
4.512244e-02
-3.823275e-02
-2.628750e-02
-1.193380e-02
-9.298495e-02
-1.059031e-01
1.782724e-01
4.312589e-02
3.766547e-02
-1.264657e-02
2.436643e-01
-4.864255e-02
1.594727e-01
1.763495e-01
-1.963488e-01
-7.842461e-02
-2.471484e-02
-1.311249e-01
5.244649e-03
1.647791e-02
-2.243562e-02
4.897670e-02
4.780504e-02
1.932651e-02
-1.037659e-01
-3.353502e-02
-2.068341e-01
2.250950e-01
5.664702e-02
-8.334620e-03
-1.802624e-01
8.515874e-02
3.412078e-02
-1.529010e-03
1.419608e-01
5.169797e-02
-1.290704e-01
4.050767e-02
4.576454e-02
-4.044420e-02
-4.875032e-02
6.524395e-02
1.285426e-01
1.180353e-01
1.054737e-01
1.432489e-01
2.096861e-01
-1.510798e-01
5.488632e-03
-1.127370e-01
9.597379e-02
1.317385e-01
9.207130e-02
3.243859e-02
5.264397e-02
5.499297e-02
-1.674201e-02
1.874432e-02
-1.088980e-02
2.537937e-02
-8.993482e-02
2.337771e-02
-3.267592e-02
4.156919e-02
-5.758844e-02
-1.348155e-03
-3.165186e-02
-1.284889e-02
8.410195e-02
6.830138e-02
3.634370e-02
1.176839e-01
1.470062e-01
2.254321e-02
4.470292e-02
7.839442e-02
5.966228e-02
-1.599413e-01
-1.410554e-01
-4.148465e-02
-5.480729e-02
-3.974319e-02
-3.036880e-03
7.981016e-02
8.887207e-02
-3.052158e-02
4.110257e-02
2.318831e-02
-6.624796e-03
1.496988e-02
-2.536469e-02
-1.477553e-02
5.959734e-02
2.126178e-02
1.515806e-02
2.355471e-02
6.967659e-02
2.892980e-02
-8.829718e-02
-3.928904e-02
1.927630e-02
3.922329e-02
2.035707e-01
4.336924e-02
-3.882114e-04
1.446987e-03
4.549368e-03
-2.324605e-03
-1.032633e-03
-2.977761e-03
8.688334e-04
6.828798e-04
-1.481697e-03
-3.101720e-02
-4.018955e-02
3.406883e-02
1.306151e-02
-4.395835e-02
2.966808e-02
-8.012842e-02
-2.078274e-03
-8.874545e-02
4.621213e-02
1.245540e-02
4.964767e-02
1.714610e-02
3.267869e-02
6.174506e-02
1.943453e-02
2.100240e-02
4.681253e-02
-8.086546e-03
-1.229342e-02
3.171019e-02
1.294891e-02
2.448043e-02
8.312074e-02
-3.052436e-02
-5.273169e-03
6.109626e-02
4.649587e-03
-9.709446e-03
-2.956910e-02
-1.975561e-02
-2.140623e-02
-7.257889e-02
3.050995e-02
2.257779e-02
2.883950e-02
5.899668e-02
1.306304e-02
-2.555459e-02
1.576487e-03
3.521274e-02
-3.378161e-02
1.086412e-01
3.072546e-02
1.292237e-01
3.714500e-02
-1.121451e-02
-3.651134e-03
1.423121e-02
-3.696486e-02
-2.868240e-02
-1.212402e-02
-1.237234e-02
-6.285008e-02
-2.178444e-02
1.187249e-01
6.380923e-02
-2.174160e-02
-1.285491e-01
-1.122837e-01
1.034816e-01
2.743144e-01
5.894148e-02
-4.123551e-02
4.007369e-02
5.395444e-02
-5.801529e-02
-1.398397e-02
5.431845e-02
2.396631e-02
-8.407257e-03
6.825982e-02
9.363694e-02
1.104862e-01
4.048628e-02
9.745338e-02
3.394182e-02
3.463155e-02
-3.798964e-02
-1.268568e-01
-7.631703e-02
1.690838e-02
-1.604556e-03
9.594699e-03
7.402465e-02
4.433659e-02
2.998849e-02
9.272065e-02
7.190990e-02
4.791198e-02
3.783831e-02
6.818368e-02
3.994344e-02
-2.810321e-03
-4.026464e-02
1.274653e-03
-2.632952e-02
4.818526e-03
-4.626084e-02
5.427044e-03
-7.526055e-03
-5.064945e-03
-3.240651e-02
-6.052538e-02
-5.176257e-02
-8.837952e-03
8.827367e-03
-2.751853e-02
1.340259e-02
5.651644e-02
6.885362e-02
-6.473588e-03
4.001466e-02
2.688140e-02
5.159806e-03
4.853830e-02
4.662694e-02
-3.101934e-02
3.058038e-02
6.662264e-02
-2.328119e-02
3.317924e-02
6.049085e-02
-3.508680e-02
-4.972117e-03
-8.410354e-04
-3.727713e-02
-2.445094e-02
6.080540e-02
4.282083e-03
2.142590e-02
2.038262e-02
-2.234030e-02
-2.790871e-02
4.691738e-02
-2.613660e-03
2.918972e-03
-5.075578e-04
1.203837e-03
-1.224968e-03
1.990833e-04
3.115489e-04
-1.111460e-03
1.843178e-04
-1.176515e-02
-1.808480e-02
1.241230e-02
-3.369061e-02
-3.572727e-02
-2.822474e-02
-1.499495e-02
-7.503463e-02
-3.124319e-02
1.313560e-02
-3.405790e-02
-3.043256e-02
3.488098e-02
-2.230665e-02
-6.896523e-02
4.231405e-02
1.518957e-03
-6.427739e-02
4.001216e-02
8.620341e-03
-3.509248e-04
-3.652189e-03
-2.545891e-02
-3.362058e-02
1.189722e-02
3.317836e-02
4.134395e-02
-5.140617e-02
1.250503e-02
5.057476e-02
1.052173e-02
5.128458e-02
4.421813e-02
3.751344e-04
2.507886e-02
-1.373812e-02
-1.235929e-01
2.972297e-03
9.443322e-03
-1.219932e-01
-5.961355e-02
2.380116e-02
-1.716760e-01
-3.975997e-02
1.365028e-02
-1.865930e-02
-3.628143e-03
3.423150e-02
-9.685411e-03
3.527436e-02
1.047157e-01
-1.274402e-03
6.479385e-02
1.499986e-01
2.860414e-02
-6.945833e-02
-1.036877e-02
4.366933e-02
4.845157e-02
1.412804e-02
1.828457e-02
-1.121018e-01
2.634193e-02
2.982690e-02
-2.668572e-02
-7.162800e-02
3.461023e-02
-9.197088e-02
-1.122444e-01
2.938808e-02
-7.796345e-02
-1.287824e-01
6.272633e-02
3.608127e-02
1.119046e-02
1.156391e-01
6.284335e-02
1.399351e-02
6.127531e-02
2.304855e-02
-5.004411e-02
-7.866316e-02
-6.772910e-02
-4.624275e-02
-8.662505e-02
-9.156051e-02
-6.087596e-02
-8.350461e-02
-9.241387e-02
-7.869960e-02
6.490965e-03
-2.597590e-02
7.626073e-03
-3.261080e-02
-3.399437e-02
-4.921822e-02
3.077752e-02
1.002567e-02
-5.849909e-03
-5.377896e-02
-8.182133e-02
-4.499329e-02
-2.082472e-02
-6.994621e-02
-7.093454e-02
1.643680e-02
-5.215944e-03
-1.786437e-02
9.509962e-02
7.781981e-02
-1.243818e-01
1.168525e-01
4.031249e-02
-1.932279e-01
3.920618e-02
-5.146634e-02
-7.772413e-02
6.572811e-02
4.441436e-02
7.902577e-02
7.234328e-03
1.055764e-03
-3.010770e-02
-1.533302e-01
-6.721438e-02
-1.017790e-01
-6.687322e-02
1.761409e-01
-4.383381e-02
-1.021706e-01
2.216315e-01
-2.147152e-01
-8.116856e-02
-5.634122e-03
-1.407441e-02
-7.564157e-04
1.853533e-03
3.803148e-03
2.698084e-03
-3.331936e-03
-1.675437e-03
2.856578e-03
-1.623474e-03
-8.250556e-04
-4.880185e-02
-1.593704e-02
-6.138123e-02
-1.466849e-01
1.474068e-01
-1.358403e-02
-3.829071e-02
-2.336545e-02
6.131157e-02
2.627812e-02
-5.603312e-02
-5.316370e-02
3.760638e-02
-4.979031e-02
-3.902698e-02
6.360713e-02
1.608275e-02
1.460491e-02
2.105063e-02
-1.110794e-01
-5.474181e-03
7.049967e-02
8.434603e-02
1.480550e-01
-3.854370e-02
1.146370e-01
1.231897e-01
-6.297269e-02
1.347507e-01
2.212481e-02
-5.414238e-02
8.022106e-02
7.046545e-02
-1.200235e-01
-4.616569e-03
-9.962888e-02
-1.006163e-01
1.428753e-02
5.532725e-03
5.807308e-02
-1.551514e-01
1.986075e-01
-3.712947e-02
1.322933e-01
1.237881e-01
-1.018155e-01
1.038428e-02
5.430337e-02
1.158919e-03
1.187188e-01
7.113364e-02
-4.358413e-02
-5.385190e-04
-8.494788e-03
-1.230919e-01
-6.810271e-03
5.264967e-02
-2.266337e-01
4.566470e-02
-1.676170e-01
-7.933120e-02
-4.868006e-02
-3.127659e-02
5.867913e-02
-8.921167e-02
1.419764e-01
1.785870e-01
-7.856284e-02
4.995332e-02
1.517214e-01
5.683243e-02
-4.768243e-02
1.058022e-01
-4.080325e-02
1.338578e-01
3.519009e-02
-1.652422e-02
7.490917e-02
-9.988963e-02
8.084286e-03
-1.508198e-01
1.348411e-01
2.530574e-01
7.837500e-02
9.254003e-02
2.409430e-01
9.466755e-02
2.643685e-02
2.311503e-01
3.021896e-02
1.528384e-02
-4.315789e-02
2.628423e-02
9.569361e-02
1.352035e-01
2.923325e-03
5.367351e-02
-2.355483e-02
-4.327477e-02
1.224856e-01
1.278465e-01
2.990746e-02
8.724161e-02
1.643405e-01
1.470053e-02
9.554543e-02
4.672243e-02
1.512009e-03
2.124927e-02
4.471100e-02
4.866319e-02
3.457519e-02
5.354339e-02
6.891892e-02
6.345005e-03
1.721400e-02
7.205769e-02
-3.942392e-02
-4.482246e-02
-2.424566e-02
-1.875218e-02
-6.058857e-02
-3.257762e-02
-4.298938e-02
-8.651115e-02
-8.147974e-02
-9.884117e-02
-1.520940e-01
1.839644e-01
-9.025002e-02
-9.981788e-02
1.150051e-01
1.797421e-02
-1.307188e-02
6.544463e-02
-2.677319e-03
5.352085e-04
5.569287e-04
-1.855714e-03
-1.142987e-03
-8.430396e-04
3.743094e-04
1.278913e-03
1.682723e-03
1.952753e-02
-7.540351e-02
6.263693e-02
3.656816e-02
-4.407928e-02
3.940443e-02
8.136647e-03
-4.274723e-02
-1.518238e-02
4.810945e-02
2.506451e-02
3.459407e-02
6.414740e-02
2.805150e-02
8.302337e-03
6.222473e-02
8.419409e-02
2.947658e-02
6.291009e-02
7.162944e-02
-3.555375e-02
7.918479e-03
5.558233e-02
-6.112853e-02
5.338526e-02
4.352132e-03
-6.723950e-02
2.865965e-02
5.176016e-02
3.681596e-02
1.842277e-02
6.557177e-02
7.670632e-02
1.400090e-02
4.917216e-02
8.131516e-02
1.745370e-02
-1.589321e-02
-4.213765e-02
5.206225e-02
1.802393e-03
-3.674250e-02
3.448511e-02
-3.791885e-02
-8.927576e-03
-1.131217e-01
-8.082430e-02
5.814871e-03
-1.009831e-01
-5.088429e-02
7.136649e-02
-1.010749e-01
-5.958167e-02
3.689833e-02
-3.596794e-02
-8.218338e-02
8.127999e-02
3.412214e-02
-3.675330e-02
1.696599e-02
-7.453405e-03
-8.291423e-02
-2.487093e-02
-1.031727e-02
1.752476e-01
3.381141e-02
-8.746473e-03
1.256644e-01
1.737422e-02
1.361624e-02
3.899753e-02
-4.953405e-02
5.586920e-02
2.983020e-02
-5.921718e-02
3.467426e-02
1.357418e-02
-4.464950e-03
7.327655e-03
-9.017517e-03
1.232776e-02
-1.070426e-01
-8.307988e-02
3.185780e-02
-7.944383e-02
-9.197915e-02
1.223561e-02
-4.980178e-02
-7.170887e-02
8.700457e-03
-1.394826e-02
2.751464e-02
7.094362e-02
9.268168e-03
2.527771e-02
4.856497e-02
-1.184844e-03
-3.080361e-02
1.152630e-03
-8.606908e-02
-4.255575e-02
2.317557e-02
-1.046469e-02
-5.914960e-02
1.785179e-02
-2.007558e-03
-2.852829e-02
9.250091e-03
1.003988e-01
5.215231e-02
-3.246952e-02
-3.390212e-02
-4.089189e-02
-1.818577e-01
-1.244819e-01
-1.249602e-01
-7.438179e-02
4.526993e-02
1.225688e-02
6.286757e-02
-3.980831e-03
-2.355278e-02
-2.956287e-02
6.338939e-04
2.211734e-02
2.972265e-03
1.198245e-02
4.425394e-02
2.758836e-02
9.112789e-02
1.861992e-01
-1.161131e-01
2.546799e-03
-5.703538e-02
-2.094633e-02
4.582490e-03
-3.889324e-04
3.845266e-03
2.034848e-03
-2.463654e-03
-3.091539e-03
1.786293e-03
2.492421e-03
-1.151830e-03
-1.887744e-02
2.774176e-02
-1.466825e-02
-5.094355e-02
7.536940e-02
5.753779e-02
8.639475e-02
5.729315e-02
1.602419e-01
-6.999746e-02
5.206737e-02
1.132802e-01
-2.963809e-02
-6.558657e-02
-2.649538e-03
-4.228878e-02
-1.755622e-02
4.973246e-02
6.982988e-05
-2.530208e-02
-5.983578e-02
-1.175156e-01
1.545658e-02
6.472380e-02
1.646494e-03
1.157327e-01
3.833676e-02
-1.103029e-02
-4.430174e-02
-5.629853e-02
-8.970878e-03
-5.414617e-02
2.918622e-02
-1.221880e-01
-9.592047e-02
-6.897800e-02
6.589155e-03
3.845654e-02
-1.059309e-01
3.476388e-02
-6.847292e-02
8.918016e-03
-3.287875e-02
3.020029e-02
-1.239383e-01
1.347258e-01
1.675878e-01
1.397635e-01
1.118377e-01
1.342950e-01
5.865095e-02
7.932425e-02
-6.076267e-03
-2.021991e-02
1.043222e-01
-1.878185e-02
7.225473e-02
3.048431e-02
2.461890e-01
1.150222e-01
6.332298e-02
-1.810167e-01
-5.249270e-02
-4.557121e-02
-7.181864e-02
-1.368269e-02
2.231947e-02
-3.862606e-02
-3.169345e-02
1.571160e-03
4.030865e-02
-4.369190e-02
-4.328594e-02
-1.954628e-01
-7.262910e-02
-9.158610e-02
-1.902395e-01
-1.350786e-01
-6.346449e-03
3.721852e-02
-5.660887e-02
3.095289e-02
5.244650e-02
3.302547e-02
-1.032220e-02
-3.397638e-02
-1.711620e-02
-3.256880e-02
-1.901261e-02
-3.924292e-02
-2.004548e-02
-6.387198e-02
-4.671334e-02
3.751092e-02
1.547406e-01
7.036778e-02
1.131732e-01
1.031670e-01
1.396752e-01
1.957349e-02
8.693619e-02
7.879266e-02
8.521135e-02
1.311823e-01
4.067710e-02
8.900102e-03
1.484479e-02
5.159347e-02
