1.105929e-01
1.280062e-01
9.376293e-02
-1.196196e-01
-2.738802e-01
-1.960817e-01
3.389698e-02
1.040614e-01
5.473620e-02
4.236858e-02
2.606168e-02
4.955702e-02
-4.549052e-02
3.445263e-02
1.355792e-02
3.992032e-02
6.343233e-02
1.826025e-02
-6.041540e-02
2.431775e-01
2.499931e-01
-7.956984e-02
-3.197314e-01
-2.596250e-01
1.921727e-02
2.177751e-01
6.075909e-02
1.094849e-01
1.000782e-01
1.228069e-01
-1.255758e-01
-5.872091e-02
-3.726677e-02
3.046774e-02
4.424665e-03
4.475706e-02
1.407637e-01
1.551710e-01
6.920461e-02
5.100911e-02
-1.002975e-01
-1.019201e-01
2.770068e-02
4.356708e-02
3.755733e-02
7.063492e-02
7.777524e-02
6.328236e-02
7.990365e-02
4.084851e-02
3.460429e-02
4.807571e-03
6.778817e-02
9.657627e-02
-7.887758e-02
-8.032658e-02
-8.078065e-02
8.754556e-02
8.787604e-02
6.281163e-02
4.264300e-02
1.056273e-01
-1.901571e-02
7.174214e-02
2.299851e-02
4.324628e-02
-6.004497e-02
-2.675729e-02
8.892253e-02
2.555956e-03
7.778776e-02
8.712856e-02
1.187546e-02
1.345536e-01
7.832299e-02
9.463030e-02
-6.767075e-02
-8.758729e-02
4.334940e-02
5.485591e-02
3.142690e-02
-3.523706e-02
-3.407240e-02
-1.303590e-02
-1.175933e-02
-8.830437e-03
-1.190805e-02
-6.700703e-03
-4.023663e-02
-2.885297e-02
2.221098e-03
-2.531299e-03
8.528796e-04
-5.315594e-04
1.055902e-03
-1.521966e-03
-1.504146e-03
2.074110e-03
-1.741786e-03
-7.278700e-03
-6.491087e-02
8.361876e-04
-2.559361e-02
2.730190e-01
1.381841e-01
-9.229343e-02
-1.827366e-01
-4.510252e-02
8.942433e-03
1.032543e-02
6.865847e-02
2.140770e-02
3.128574e-02
3.440078e-02
1.183490e-02
4.271813e-02
1.022322e-01
-1.382867e-02
9.703042e-03
1.393156e-01
5.113913e-02
-4.860837e-02
2.140860e-02
1.967223e-02
-7.285737e-02
-6.429856e-02
2.551121e-02
1.458701e-01
6.443222e-02
8.810379e-02
5.914729e-02
7.269985e-02
-1.043801e-01
-6.999399e-02
1.502780e-02
2.503809e-03
-2.742844e-04
-8.659090e-04
-1.892788e-04
-1.277309e-03
-2.312336e-03
-4.728235e-04
2.239532e-03
2.021139e-03
-2.158987e-02
-4.489952e-02
-5.917013e-02
8.505626e-02
-8.814996e-02
-9.592990e-02
-1.365575e-01
-1.799413e-01
1.140005e-01
-1.576564e-02
5.921395e-03
4.475142e-02
-4.655287e-02
-6.135275e-02
9.573318e-02
-6.983440e-02
-5.457878e-02
1.729197e-02
-8.996382e-02
-9.831799e-02
1.425307e-01
1.353402e-01
3.089783e-01
-1.050831e-01
3.846088e-02
-8.954092e-02
-3.486479e-03
3.070340e-02
-3.350865e-02
-4.004220e-02
-5.792398e-02
-6.339235e-02
-2.792995e-02
-1.183429e-02
-3.874170e-02
-2.420311e-02
8.108773e-03
-3.621516e-02
4.990536e-02
2.878704e-02
-1.091800e-01
-2.927630e-02
-8.509608e-02
-1.005482e-01
9.811459e-02
-4.672508e-02
3.832221e-02
-1.765093e-02
1.185150e-01
1.154476e-01
3.282632e-02
6.891649e-02
1.274209e-01
6.914397e-02
2.684992e-02
-7.234075e-02
1.381557e-02
-3.647513e-02
-1.737615e-01
-4.915496e-02
-8.217687e-02
-1.327814e-01
-1.603262e-02
-1.234971e-01
-6.756260e-02
4.269510e-02
-4.476262e-02
6.619833e-02
8.005121e-02
1.925761e-01
1.655777e-01
6.899673e-02
3.256600e-02
-7.411785e-02
-1.889762e-02
-3.686156e-03
-2.871615e-02
-8.066145e-02
-2.059826e-02
-7.791347e-02
4.808453e-02
-3.498498e-02
-8.065753e-04
-3.618310e-02
-2.143112e-02
-1.294482e-02
-3.464900e-02
-9.684257e-03
-9.448920e-03
-7.314739e-03
-2.083681e-03
-5.680104e-05
1.406647e-04
-1.925216e-03
3.222664e-03
2.766826e-03
-4.273073e-04
-2.556588e-03
-4.863238e-03
5.351387e-02
-1.454424e-01
9.394354e-02
-2.485928e-01
-1.173223e-01
2.389469e-01
-3.358429e-03
1.139947e-01
2.785200e-02
-4.622233e-02
-5.970085e-03
5.313000e-02
-3.869079e-02
-2.779310e-02
1.424357e-02
4.789897e-02
-5.415097e-03
-2.070533e-02
-9.936910e-03
3.942655e-02
8.042507e-03
-3.636752e-03
3.860627e-03
-4.738716e-02
-3.263119e-02
-1.121965e-01
-7.044883e-02
-1.000667e-01
5.640917e-02
6.600351e-02
1.114016e-02
9.566338e-02
-8.021288e-02
3.559720e-02
-8.663318e-02
-3.951626e-03
-1.658134e-03
4.008432e-04
1.654296e-03
-5.126451e-04
5.301784e-03
-9.769659e-04
-2.762732e-03
2.087383e-03
1.073055e-03
-1.662274e-02
-1.123368e-01
-3.352365e-02
-1.377374e-02
-9.205179e-02
-7.737950e-02
5.272358e-02
1.753334e-02
8.636582e-02
2.997997e-03
6.672142e-02
4.458820e-02
1.780193e-03
5.966670e-02
5.306574e-02
-2.127147e-02
-2.328914e-02
-2.415531e-02
-5.896555e-02
2.987651e-02
5.267182e-02
-1.197515e-01
-1.203889e-01
-1.356805e-01
-4.079586e-02
-2.926004e-02
-1.269031e-01
6.219543e-03
2.706480e-02
2.249832e-02
-4.162663e-02
-2.034357e-02
-5.535080e-02
-3.197976e-02
-4.781148e-02
-7.421962e-02
-6.196211e-02
-8.503348e-02
-1.481329e-02
6.014971e-03
-3.357979e-02
-6.464316e-02
6.320398e-02
2.167702e-02
2.358082e-02
1.759657e-01
1.996973e-01
8.800153e-02
1.567621e-01
1.332340e-02
-1.692840e-01
6.578188e-02
-9.268866e-02
-2.143297e-01
-1.742774e-02
-1.773803e-02
-4.485389e-02
2.568889e-02
9.477191e-02
-1.272805e-02
-5.561249e-03
1.038515e-01
2.514439e-02
1.627481e-01
2.425741e-01
9.433908e-02
4.267462e-02
8.468024e-02
-6.285063e-04
-2.816333e-01
-2.574166e-01
-3.242225e-01
2.627366e-02
1.167561e-01
8.639371e-02
-9.815640e-03
1.142835e-01
1.385844e-01
-1.061485e-01
-3.322312e-02
-5.427929e-03
-1.884122e-02
-1.204724e-03
-4.215076e-03
-3.609962e-02
3.154922e-02
5.437176e-02
-4.684392e-03
6.561364e-02
8.781567e-02
1.520940e-03
3.614261e-04
-2.148082e-03
-9.260586e-04
-1.040782e-04
-9.692871e-04
2.034931e-03
-1.046610e-03
-7.864057e-04
1.401442e-01
1.941253e-01
1.354832e-01
7.439442e-02
9.176248e-02
1.390594e-01
-3.644866e-02
-7.456999e-02
2.242437e-02
5.461090e-02
6.746702e-02
1.284881e-01
6.736885e-02
1.050730e-01
1.214239e-01
6.350400e-02
1.017924e-01
8.630100e-02
9.296291e-02
1.011733e-01
-5.713020e-02
-4.012800e-02
1.074882e-01
8.986496e-02
-3.236547e-02
9.502786e-02
1.256237e-01
5.776679e-02
5.413124e-02
-2.263456e-02
3.430798e-02
1.533971e-02
-2.122016e-02
3.725854e-02
1.062917e-01
-1.447857e-03
1.143379e-03
1.830337e-03
-2.232754e-03
3.668163e-03
-1.106164e-03
-1.711214e-03
2.284105e-04
1.609727e-03
-7.916765e-04
6.949300e-02
-1.090627e-01
-5.542042e-02
-1.455130e-02
-5.814173e-02
-2.610429e-02
1.572223e-02
4.783868e-02
1.831559e-02
-3.204279e-02
-6.050170e-02
-6.027009e-02
9.008913e-03
2.534560e-02
5.700179e-03
1.671105e-02
1.658818e-02
2.780394e-02
-9.759209e-02
6.660960e-02
-4.142305e-02
-5.154331e-02
-7.559136e-02
-8.219902e-02
-6.759319e-02
7.385957e-03
7.792918e-02
-5.573913e-02
-5.569308e-02
-4.366660e-02
-2.915980e-02
-3.318396e-02
-4.162764e-02
3.372740e-02
1.875229e-02
2.198650e-02
-2.051589e-02
-5.065242e-02
2.494757e-03
-4.596632e-02
-2.622195e-02
4.997563e-02
-2.996820e-02
3.290686e-02
4.077024e-02
-7.955664e-02
2.422568e-02
6.897251e-02
-8.592357e-02
-3.238194e-02
-1.484368e-02
-9.876674e-02
-5.979866e-02
-5.939531e-02
-3.906923e-02
-7.056242e-02
-1.728227e-02
-8.058888e-02
-1.043907e-01
-4.759247e-02
-8.406197e-02
-8.556895e-02
-8.001217e-02
1.355556e-01
1.421230e-01
7.048633e-02
5.837381e-02
4.043548e-02
-1.878747e-02
-1.339719e-01
-1.363945e-01
-2.073010e-01
-7.639930e-02
-4.025956e-02
4.186112e-02
-4.602880e-02
-3.146519e-02
4.573442e-02
-1.138208e-01
-5.610017e-02
4.498086e-03
-3.474825e-02
-2.415880e-02
-3.028347e-02
-2.090813e-02
-4.689886e-03
-7.387950e-04
-5.828857e-03
3.083002e-02
1.220207e-02
1.577898e-03
5.517561e-04
2.666953e-03
7.138636e-04
2.160966e-04
-2.256142e-03
-3.209270e-03
1.543603e-03
-8.994624e-04
-1.179760e-01
3.657632e-03
-1.505105e-02
-2.880195e-02
5.888746e-02
7.439020e-02
-8.341608e-02
-2.923522e-02
1.297659e-02
6.825848e-03
1.286659e-02
-8.877465e-03
2.753420e-02
4.130780e-02
2.001077e-02
-3.816917e-02
-1.035853e-02
-6.264825e-03
-6.263378e-02
-2.562455e-02
3.410333e-02
-4.772201e-02
-7.095312e-02
-3.179049e-02
-3.148080e-02
-7.064135e-02
-7.751166e-02
-1.195876e-02
-7.199160e-03
-8.303207e-02
-2.813002e-02
-1.302126e-01
-1.016199e-01
-9.217054e-02
-1.118757e-01
-1.384587e-01
9.686039e-05
-3.269163e-03
1.478681e-03
-5.467663e-04
-6.372231e-04
-1.234728e-03
-3.470654e-04
1.666700e-03
9.397257e-04
2.195706e-02
-4.315820e-02
4.472969e-04
-6.602568e-03
4.708030e-02
9.013735e-03
-8.774237e-03
1.477759e-01
-1.234603e-01
-1.774508e-02
-1.357005e-02
-4.538012e-02
-4.813096e-02
2.260540e-02
-7.184940e-02
-1.025169e-02
3.104306e-02
-4.763616e-02
4.337994e-02
-9.928123e-03
-3.866757e-02
5.066893e-02
-1.979887e-01
6.629162e-02
8.913613e-02
-1.138949e-01
-1.202759e-02
-7.983439e-04
2.165245e-02
6.908273e-02
-2.554879e-03
6.802311e-03
3.349037e-02
-4.461559e-02
-1.287540e-02
2.706855e-03
1.604375e-02
6.217231e-02
-1.302818e-02
-5.211008e-02
1.146183e-01
2.779537e-02
-3.935105e-02
1.010265e-01
-4.152600e-02
-5.794595e-02
-7.159960e-03
4.943478e-02
-3.596132e-02
-3.145568e-02
2.755421e-02
1.572186e-02
2.523516e-03
3.153554e-02
2.381133e-03
1.164986e-02
-3.939513e-02
-4.096565e-03
-2.022317e-02
-6.292324e-02
-7.694072e-03
5.210200e-04
-5.737641e-02
2.580919e-02
3.111582e-02
-9.050613e-03
2.259014e-02
-3.762992e-02
-2.416548e-02
2.227141e-02
-2.252560e-03
7.673672e-02
-4.767284e-02
-9.867193e-03
8.170166e-02
-1.448930e-02
-1.120596e-02
7.322593e-02
2.947476e-02
6.550899e-02
1.018034e-01
2.035918e-02
-6.327027e-02
-9.426324e-03
2.527888e-03
-5.974593e-02
-2.068546e-02
-1.259352e-02
-4.028815e-02
-2.228114e-02
1.310684e-03
3.517668e-03
3.798117e-03
-6.367964e-05
2.968574e-03
2.578723e-04
-1.012599e-03
-1.657734e-03
-4.130926e-03
-2.213823e-02
1.334355e-01
-8.587819e-03
6.996628e-04
2.190498e-01
-1.400803e-01
4.147398e-02
1.041247e-01
-1.278887e-02
4.105615e-02
-4.993951e-04
1.854954e-02
2.272304e-02
-1.054478e-02
-5.778915e-03
-9.983619e-03
-5.263014e-02
-2.193088e-02
-1.436095e-02
-8.786856e-02
-4.851900e-02
-3.546964e-02
-1.687058e-01
-7.700757e-02
-2.182234e-02
-1.603867e-01
-9.611013e-02
1.141129e-01
6.713846e-02
8.267350e-02
5.232012e-03
-6.709293e-02
9.266021e-02
-1.207843e-02
-2.795685e-02
4.629763e-02
-8.759400e-04
3.803552e-03
2.436443e-03
-2.888252e-03
-4.428813e-03
2.012658e-03
9.362861e-04
4.091105e-03
-1.434746e-03
3.898579e-02
-5.087529e-02
2.921747e-02
1.650935e-02
-5.892576e-02
-6.221207e-02
-2.316374e-02
-8.982746e-02
-2.489176e-02
3.870933e-02
3.182074e-02
7.870460e-02
9.766583e-03
2.495681e-02
7.043207e-02
2.321827e-02
1.241546e-02
5.706427e-02
6.310044e-02
-5.393598e-02
5.026971e-02
-4.936822e-02
-4.644399e-02
-2.601359e-02
-5.424058e-02
-1.030162e-01
-1.202023e-02
4.705204e-02
3.307679e-02
5.620924e-03
7.002863e-02
6.374881e-02
5.984548e-02
2.771617e-02
3.491125e-02
3.719767e-02
-6.660781e-02
-1.064695e-02
-3.063128e-02
4.692675e-03
2.204780e-02
-3.240553e-02
3.139077e-02
3.669190e-03
1.153905e-03
-2.486996e-02
3.791528e-02
1.709946e-02
2.024502e-02
3.770562e-02
-1.592332e-02
2.938294e-02
-2.841909e-02
-8.986230e-02
-2.910163e-02
6.422332e-02
1.103630e-01
-7.499843e-03
7.271476e-02
9.850558e-02
-2.906165e-02
1.209817e-01
1.120236e-01
-7.536234e-03
1.040451e-01
1.225355e-01
1.133706e-01
1.412700e-01
9.724019e-02
1.444055e-01
1.173917e-01
3.188156e-02
-4.948274e-02
1.031120e-02
4.884576e-02
-6.016779e-02
4.568132e-02
6.379848e-02
-4.689589e-02
1.067100e-02
1.228344e-02
-1.450160e-02
-8.038536e-03
8.905905e-03
-3.901134e-02
8.100023e-03
4.408861e-02
-6.087685e-02
1.778231e-03
3.013682e-02
-1.690224e-03
-3.323583e-03
1.460097e-03
-2.070637e-03
-7.898980e-04
-1.371382e-04
4.379219e-04
2.359489e-03
-2.481838e-03
-8.869730e-02
-6.097667e-02
-4.553476e-02
-4.122539e-02
-8.908628e-02
-2.832547e-02
-3.317007e-02
-1.170232e-01
-6.874079e-02
-7.832844e-03
4.321457e-03
-1.341800e-02
8.742653e-03
3.815159e-02
6.393382e-02
2.938888e-02
5.409776e-02
6.048698e-02
6.895139e-03
2.982371e-02
8.620999e-02
-4.295275e-02
1.066700e-01
1.688527e-01
-1.070329e-01
5.951443e-02
2.087026e-01
-5.364002e-02
1.103663e-02
4.957277e-02
4.497954e-03
9.933735e-02
1.190585e-01
-1.074176e-02
1.016565e-01
1.125266e-01
-3.176367e-03
3.407341e-03
2.596868e-03
-4.002378e-03
-4.786960e-04
-1.191527e-03
5.336196e-04
-4.522296e-04
7.179691e-04
-3.175139e-02
-7.507320e-03
-8.738372e-03
1.216663e-02
3.778975e-02
4.446854e-03
-6.809055e-03
-9.838163e-03
-3.362567e-02
6.732686e-03
2.107857e-02
2.081424e-02
-6.270354e-04
8.410554e-03
1.045014e-02
-8.227172e-04
-8.716030e-04
1.131990e-03
-4.908890e-02
-7.459117e-02
-4.723745e-02
3.707008e-02
7.212427e-02
5.895465e-02
-1.210684e-02
1.155594e-02
-1.273133e-02
4.317358e-02
4.787987e-02
4.512950e-02
-3.828800e-02
-3.703292e-02
-3.056401e-02
2.097373e-02
1.915064e-02
1.598556e-02
-2.084914e-02
-1.225180e-02
-1.661141e-02
4.019096e-03
-1.676099e-03
-9.396832e-03
1.620866e-02
-2.505535e-03
-4.095007e-02
-8.535817e-03
-2.495655e-03
2.036890e-02
4.663514e-03
1.796060e-02
2.139658e-02
9.256788e-04
1.599688e-02
1.010436e-02
-3.240021e-03
-1.746218e-02
-1.618251e-02
1.753982e-02
1.081665e-02
-3.894903e-03
7.896999e-03
6.319453e-03
7.004900e-03
3.117114e-02
-7.791065e-04
-1.017540e-02
2.621631e-03
-2.153881e-02
-1.297073e-02
-2.876470e-03
-3.075317e-03
8.088669e-03
-4.816586e-03
-6.227139e-03
-7.202690e-04
-8.356573e-03
1.193026e-02
5.607270e-04
1.031692e-02
1.304968e-02
1.584792e-02
6.626219e-03
-6.375141e-03
-8.435634e-03
-4.401882e-03
-5.822066e-03
-1.463557e-02
-1.144578e-03
-8.484807e-04
-4.713031e-03
-2.823356e-03
2.722872e-04
3.082672e-04
-5.221607e-03
2.666889e-03
1.473325e-03
-2.610497e-03
1.239612e-03
-1.150507e-03
3.165441e-02
4.763917e-02
2.578821e-03
1.145482e-02
1.682904e-02
-1.033437e-02
1.073549e-02
-7.628692e-03
4.544243e-03
-8.432415e-03
-1.474314e-02
-1.539799e-02
-6.318769e-04
-5.140602e-03
-3.265743e-03
1.159929e-02
-2.254335e-03
-3.184399e-05
7.932479e-04
7.244290e-03
7.487137e-03
2.179137e-02
3.715448e-02
4.128061e-02
-9.390541e-03
8.302069e-03
1.535347e-02
-2.359487e-02
-1.227285e-02
7.563940e-03
-1.575754e-02
-3.094713e-03
2.926893e-03
1.226595e-02
9.891683e-03
-2.005796e-03
1.952400e-03
1.649201e-03
2.015544e-04
3.438924e-04
-2.221631e-03
1.312347e-04
-5.744481e-03
-8.225309e-04
2.727574e-03
-1.822417e-01
-7.703885e-02
-9.964224e-02
7.613644e-03
1.623434e-01
9.627135e-02
6.969003e-02
-1.211273e-02
1.317484e-01
-3.582753e-03
1.673956e-01
1.419973e-01
9.019432e-02
1.014645e-03
2.494670e-02
1.841719e-02
-1.232260e-01
-7.191988e-02
9.198446e-02
-3.321455e-01
-1.631291e-01
-1.043670e-01
2.695509e-01
1.575403e-01
-8.521962e-03
-1.976546e-02
1.251084e-02
-1.718609e-01
-5.988799e-02
-1.108089e-01
-7.100908e-02
-4.313999e-02
-6.650856e-02
-1.865207e-01
-1.486101e-01
-1.591033e-01
-1.624776e-01
-2.568540e-01
-2.184520e-01
3.637324e-02
1.009452e-01
3.687063e-02
1.206986e-01
5.842542e-02
5.344127e-02
-5.318031e-02
1.601754e-02
1.085826e-01
-1.409002e-02
7.647725e-02
7.739881e-02
3.722698e-02
7.714842e-02
7.387207e-02
6.081497e-04
3.338614e-02
-5.742268e-03
-3.445144e-02
2.518532e-02
-8.148538e-02
-9.619756e-02
-6.600375e-02
-1.256293e-01
6.697144e-02
5.513670e-02
1.912515e-02
4.547134e-02
2.505444e-02
3.826919e-02
1.171442e-01
1.519587e-01
6.060266e-02
6.788077e-02
5.302417e-02
-8.366728e-02
-2.382964e-02
1.254919e-01
1.082694e-01
-4.413036e-02
1.600059e-02
3.330932e-03
2.426331e-02
3.160047e-02
-4.033457e-03
-7.447805e-03
1.885473e-02
-1.295811e-02
4.378870e-02
-1.932101e-02
-3.374707e-02
-7.260787e-04
-1.440704e-03
-1.976910e-04
8.768842e-04
-1.592197e-03
5.964611e-04
4.071223e-04
2.942088e-03
-5.528987e-05
6.526120e-02
3.576966e-01
6.308301e-02
-1.735165e-03
-2.039641e-01
-1.043880e-01
-8.100177e-02
1.085692e-02
2.909077e-02
9.379401e-02
1.518709e-01
6.115298e-02
1.256141e-01
1.396463e-01
1.341549e-01
6.596880e-02
3.225153e-02
4.931571e-02
6.942887e-02
-4.258726e-02
-7.516823e-02
-1.614974e-02
-7.204918e-02
-4.407217e-02
-7.381916e-02
-8.177950e-02
2.164823e-02
2.250479e-01
1.539609e-01
8.006553e-02
4.836665e-02
1.264913e-01
-2.426008e-02
-8.233006e-02
-6.167441e-02
-9.397217e-02
1.496152e-03
-2.252591e-03
7.772557e-04
1.783359e-03
-3.932413e-03
1.536428e-04
-1.618970e-03
-6.981510e-06
1.325538e-03
-1.447933e-02
1.025240e-01
1.992165e-02
1.110701e-02
-9.892942e-03
8.402946e-03
-4.794514e-02
-7.782271e-02
-3.515474e-02
1.290971e-02
-3.345342e-02
-2.051095e-02
6.496499e-02
-2.823438e-02
-8.750933e-02
6.343181e-02
1.922176e-02
-1.190659e-02
1.455424e-01
5.824502e-02
2.101243e-02
-7.370233e-02
1.460221e-01
1.192566e-01
1.935798e-03
-1.769668e-01
-1.103309e-01
2.711442e-02
3.750300e-02
4.389583e-02
6.896499e-02
4.922104e-02
6.100233e-03
5.815533e-02
3.519901e-02
-5.255832e-03
-8.627340e-02
-5.826349e-02
-5.689240e-02
4.660973e-02
5.324677e-02
6.963800e-02
-1.071825e-03
-1.916513e-02
6.141020e-02
7.385663e-02
7.714261e-02
5.164554e-02
1.012163e-01
2.208050e-02
9.538321e-03
3.427724e-02
1.295469e-03
-9.213674e-03
4.496132e-03
5.630413e-02
4.753370e-02
-1.300560e-02
-2.172730e-02
6.547435e-02
4.868721e-02
-6.018189e-02
-1.217515e-02
5.617011e-02
3.963117e-02
5.241535e-03
2.023648e-02
5.049945e-02
-5.352842e-03
-3.725228e-03
4.638394e-02
-1.846531e-03
-3.481209e-02
-6.274516e-02
-5.457539e-02
1.712352e-02
-1.447028e-03
1.428876e-02
5.739162e-02
-1.405734e-02
6.332744e-02
2.957533e-03
5.164593e-03
-1.936417e-02
1.103759e-02
-8.769013e-04
3.261474e-03
1.680397e-02
1.679456e-02
1.673263e-02
-3.288915e-04
3.670431e-03
-1.275302e-03
1.680234e-04
-9.399117e-05
4.146252e-03
2.048920e-04
-3.260171e-03
2.726330e-03
-2.359932e-03
-8.196459e-02
-3.653803e-02
7.117207e-02
-9.848014e-02
-7.543392e-02
1.610890e-02
4.576832e-02
1.964722e-02
-1.908595e-02
-5.993085e-02
-1.050700e-02
-6.081111e-02
-7.516193e-02
-2.024871e-03
-2.690834e-02
1.248986e-02
3.343417e-02
-2.621568e-02
-1.124519e-02
-8.564597e-02
-1.450344e-01
-8.654381e-02
-4.163359e-02
-9.028988e-02
-1.383236e-01
-2.785622e-02
3.736364e-02
-2.415486e-02
-8.778369e-02
1.144004e-01
2.265010e-01
1.138222e-01
9.819476e-02
1.205847e-01
1.152984e-01
7.221475e-04
-9.903394e-04
1.463892e-03
-1.639874e-03
-5.814226e-04
1.665021e-03
1.852426e-03
1.255516e-03
-1.943075e-03
-5.445830e-03
2.669007e-02
2.546774e-03
1.389827e-02
1.733746e-02
-1.600934e-02
9.309294e-03
1.053111e-02
-2.134110e-02
1.669535e-02
-9.312031e-03
2.003880e-03
2.670270e-02
1.838025e-02
-2.263096e-03
5.648972e-02
1.436246e-02
3.564209e-03
-3.219578e-02
2.499729e-02
4.904939e-02
-6.903192e-02
-1.027211e-01
-1.773690e-02
-1.475595e-02
-6.561220e-02
-1.008294e-01
-3.062374e-02
-3.304855e-02
-2.636207e-02
-8.948285e-02
-9.528318e-02
-1.058860e-01
-4.771218e-02
-4.481527e-02
-4.134089e-02
6.602013e-03
-9.163829e-03
-2.047850e-02
1.130972e-02
-4.712853e-04
7.966828e-03
4.321402e-03
-9.138905e-03
-2.508090e-02
-5.152453e-02
-5.287694e-02
-2.164017e-02
2.322244e-03
-8.671166e-03
-5.605462e-02
3.375361e-02
-7.102234e-02
-1.361001e-01
9.453695e-05
-7.454716e-02
-3.089713e-02
6.708415e-03
-5.718848e-02
-2.968264e-02
-1.979972e-02
-5.520585e-02
-4.117626e-02
-5.910841e-02
-1.215802e-02
6.767833e-02
5.273085e-04
5.150853e-02
1.307759e-01
-2.413946e-02
-1.405769e-02
2.635881e-02
-7.803352e-02
-7.334933e-02
-4.182841e-02
-3.869038e-02
-1.108419e-02
1.859127e-02
-1.962407e-02
2.857700e-02
-2.266748e-02
2.226680e-02
9.857911e-03
3.042475e-03
-2.320244e-03
-1.670699e-02
-2.196564e-02
-2.645053e-02
-2.482228e-02
-1.059854e-02
2.747422e-05
1.944627e-03
1.647735e-03
1.091291e-04
2.658485e-03
-3.127431e-03
-2.953910e-04
4.425802e-03
1.729209e-03
-2.010302e-02
1.092139e-02
3.558122e-02
2.522076e-02
5.105679e-02
5.794326e-02
3.928921e-02
7.258249e-03
2.575850e-02
1.668535e-02
-1.957498e-02
-1.551928e-02
1.086472e-01
3.536563e-02
2.223634e-02
2.065093e-02
-3.033367e-02
-4.421351e-02
8.327840e-02
-1.126413e-02
-5.261280e-02
-1.087493e-02
-1.002260e-01
-4.466667e-02
-7.447577e-02
-6.864422e-02
-7.444186e-02
6.313311e-02
3.969072e-02
7.248588e-03
-7.831970e-02
-9.982504e-02
-7.348388e-02
-1.067674e-01
-8.208039e-02
-2.655458e-02
4.702085e-05
-3.015916e-04
-2.126117e-03
-4.590730e-03
1.121765e-03
-4.616400e-03
5.177887e-05
-4.953879e-04
6.886111e-04
-2.636983e-02
-6.427398e-02
-1.006017e-01
-3.776578e-02
-3.489113e-03
-8.725497e-02
4.927402e-02
-1.497744e-01
4.963003e-02
-5.781754e-02
-3.597228e-02
-3.897225e-02
6.395075e-02
-7.196739e-02
1.059443e-03
2.354126e-02
4.053738e-02
-2.410320e-02
3.025690e-02
-2.475546e-01
1.775131e-02
-3.290601e-01
4.070490e-01
-2.123625e-01
8.895244e-02
-2.254774e-01
1.363150e-01
-6.657118e-02
-5.989657e-02
-7.417435e-02
2.004400e-02
2.470068e-02
5.814091e-02
-5.269031e-02
-3.751005e-02
-8.471630e-02
-4.200712e-02
-6.380550e-02
-2.922439e-02
4.184704e-02
-5.074269e-02
-4.309014e-02
-1.626951e-02
-1.807389e-01
-5.801723e-02
-3.902248e-03
-9.201316e-02
-1.178463e-01
4.525066e-03
-6.282432e-02
-3.699369e-02
-2.597480e-02
-6.751814e-02
1.535300e-02
2.798950e-02
4.578776e-02
6.035781e-02
-5.210887e-02
-4.532930e-02
2.509910e-03
-4.002215e-02
-8.698969e-02
3.137422e-02
1.483338e-03
9.481546e-03
-1.706946e-02
-3.583194e-02
8.508024e-03
3.187783e-03
-7.789841e-02
3.828986e-02
-4.572257e-02
4.610307e-02
6.607207e-02
2.376972e-02
-4.529054e-02
1.640284e-01
1.395366e-02
1.574301e-01
-6.491762e-02
-9.177833e-03
-6.681028e-02
-2.325427e-02
-7.401050e-02
-8.377618e-02
-5.001161e-02
-2.752968e-02
-4.122629e-02
-2.916744e-02
2.028367e-03
2.382368e-04
-1.387968e-03
-1.468704e-03
-1.813392e-03
8.134845e-04
-1.784003e-03
2.472911e-03
-3.705809e-03
-6.864250e-04
-1.276382e-02
3.558132e-03
5.976595e-03
4.388029e-02
-1.729852e-01
1.559777e-01
-5.916627e-02
1.679258e-01
-1.192661e-02
5.444167e-02
6.984420e-02
4.411224e-02
-6.119762e-03
-5.683487e-02
4.420212e-02
8.125029e-03
-5.317026e-03
-1.715147e-02
-1.450529e-02
5.509610e-02
4.875403e-02
-1.306364e-01
6.884921e-02
6.487978e-02
-7.320397e-02
3.504175e-02
5.524942e-02
-6.964722e-02
-6.932760e-02
-4.584977e-02
-1.813608e-02
1.503221e-01
-1.465816e-01
1.434175e-01
6.598209e-02
6.872673e-02
2.401396e-03
-2.398038e-03
8.262359e-04
1.151488e-03
-1.947209e-03
-1.748774e-03
-5.068610e-04
4.116602e-04
2.891568e-03
6.961636e-02
2.672506e-02
-1.131106e-02
-6.858817e-02
-2.530929e-02
-1.089410e-01
-2.421254e-02
7.091627e-02
5.840257e-03
-3.069889e-04
-8.988756e-04
-2.364942e-03
-5.581890e-02
-1.296532e-02
-8.386085e-03
-3.644020e-02
-7.521994e-02
4.482840e-03
3.268236e-04
-1.183686e-01
1.051074e-01
8.289304e-02
-3.210160e-01
-1.696821e-01
-4.357938e-02
1.452426e-01
1.099843e-02
-6.803906e-03
-2.507717e-02
-2.133809e-02
5.537346e-02
5.717197e-02
5.933726e-02
6.915470e-02
7.788301e-02
1.046017e-01
2.742090e-02
3.282239e-02
6.634042e-02
-8.775236e-02
-1.278828e-01
-5.501339e-02
1.015453e-02
-1.196278e-02
-2.577643e-02
1.209890e-01
-1.125108e-02
8.345247e-04
-4.058208e-03
1.192347e-02
3.460813e-02
3.853104e-02
3.463341e-02
3.927856e-02
9.628336e-03
-9.037228e-02
-3.879032e-02
5.471279e-02
-4.594284e-02
-5.314013e-02
1.363045e-02
6.927122e-03
-5.677015e-02
4.818585e-03
-2.852222e-02
1.643096e-02
3.298416e-03
-1.403126e-02
-4.939091e-03
3.365855e-02
2.149895e-02
-2.213452e-02
4.491473e-02
-3.630157e-02
2.218538e-02
1.913269e-02
-1.093000e-01
-1.219705e-01
-1.168744e-01
-4.630201e-02
-4.274149e-04
6.637051e-03
-2.293416e-02
1.980495e-03
1.333585e-02
5.238222e-02
1.137220e-02
-6.325624e-03
1.856403e-02
-2.126640e-03
1.782084e-03
2.285813e-03
5.264640e-04
-1.191028e-03
-1.611302e-04
3.138735e-04
-2.720082e-03
-4.012904e-03
5.039453e-04
-3.964140e-03
-3.744438e-03
-1.100281e-01
-2.183948e-02
4.045615e-02
4.746926e-02
-7.898162e-02
-1.528211e-01
-1.846597e-02
-1.642029e-02
-3.996368e-02
-2.157549e-02
-3.821403e-02
-1.112497e-02
-2.206299e-02
-6.373419e-02
-4.944089e-02
-1.645124e-02
-1.252677e-02
-2.501941e-03
-1.731668e-02
4.231821e-02
-5.499562e-02
-1.313066e-01
-1.616619e-02
9.284349e-03
-4.094864e-02
9.078477e-03
5.478176e-02
6.620470e-02
4.359732e-02
-3.636468e-02
-6.877739e-03
7.496785e-03
-1.579107e-02
-1.408185e-01
1.929457e-03
-4.028893e-03
-3.099616e-03
-1.687922e-03
4.632490e-03
-1.110066e-03
-1.974253e-03
7.748983e-04
-1.430979e-03
-7.447086e-04
-3.663995e-02
-4.774417e-02
9.065247e-03
-3.768796e-02
-4.042334e-02
-3.034053e-02
-5.167516e-02
-2.602979e-02
-3.361119e-02
-3.043731e-02
7.740139e-03
-2.050994e-02
-2.393729e-02
-2.067441e-03
1.387999e-02
2.255553e-03
4.297860e-03
-1.366430e-01
-9.049020e-02
-3.443338e-02
-1.745056e-02
-1.078657e-02
-2.535587e-02
-5.033568e-02
-9.946821e-03
8.105616e-02
1.249763e-02
-1.029115e-03
2.437218e-02
7.552104e-03
2.709540e-03
2.034376e-02
-1.175387e-02
-6.310625e-03
4.663792e-03
-2.144053e-02
-3.380973e-02
-4.845369e-02
-3.467255e-02
-5.579642e-02
-6.229985e-02
-2.335928e-02
-2.004075e-02
-6.345258e-03
1.868637e-02
-3.090516e-02
-4.927751e-02
-1.700350e-02
-9.097052e-02
-8.937754e-02
-7.211563e-03
-7.239076e-02
-7.429839e-02
-7.906204e-02
-6.349263e-02
-1.370709e-02
-1.944702e-02
-3.532466e-02
-1.631351e-02
3.847994e-03
-7.637039e-03
-5.529827e-02
2.307476e-02
-2.507129e-02
-7.330403e-02
-7.307075e-02
-9.029011e-02
-9.155478e-02
-1.023898e-01
-1.107986e-01
-9.008500e-02
-2.950160e-02
-6.188846e-02
-3.916403e-02
-4.695373e-03
-6.025049e-02
-5.781026e-02
1.453287e-02
-1.232897e-03
8.793892e-03
1.847734e-02
-9.272875e-03
-1.151236e-02
1.102255e-02
-3.331517e-03
-1.654918e-02
-4.466182e-03
-1.509109e-02
-1.913096e-02
-1.867268e-03
-5.802478e-05
1.752850e-03
-4.659935e-04
-3.280699e-03
3.001701e-04
-1.870150e-03
-2.523981e-03
5.332410e-04
-5.337803e-03
5.972392e-03
7.226712e-03
-5.092996e-02
-1.800417e-02
2.565860e-02
-3.352409e-02
-3.677605e-02
-6.799960e-03
-5.830710e-03
-1.140823e-02
-2.477757e-02
3.718208e-02
1.604703e-03
-1.456023e-02
-1.365342e-02
-3.018630e-02
-2.965042e-02
-3.701550e-03
-6.445757e-02
-4.938734e-02
-3.885623e-02
-7.424693e-02
-8.890720e-02
-5.184485e-02
-7.984566e-02
-1.162467e-01
1.454470e-02
-3.623403e-02
-3.141574e-02
-2.294100e-02
-7.057273e-02
-4.792433e-02
-3.605403e-02
-2.815505e-02
-4.024645e-02
1.354596e-03
1.937049e-03
-1.166798e-03
8.197868e-05
-3.796511e-04
3.375472e-03
1.668696e-03
5.509380e-04
-9.257841e-04
6.532422e-02
-9.948938e-02
5.809706e-03
3.486936e-03
1.951654e-03
-1.189960e-01
-7.298595e-02
9.119575e-02
-2.015872e-01
-3.292391e-03
3.638989e-02
-2.679966e-02
-7.874789e-02
6.637982e-02
-5.792407e-02
-1.165106e-02
-2.932331e-02
-5.582862e-02
9.758954e-02
1.521967e-01
2.278601e-02
2.107432e-01
-3.435135e-01
1.998152e-01
7.654806e-02
5.368760e-03
2.744347e-02
-9.729825e-03
9.496891e-04
2.394876e-02
3.424055e-02
-1.958216e-02
-1.350753e-02
-3.122888e-02
-2.490726e-02
-2.699169e-02
-9.275042e-03
2.728739e-02
7.201868e-02
-1.720004e-01
-4.566241e-02
-1.007571e-01
-2.664349e-02
5.661189e-02
-6.867488e-02
-4.479625e-03
2.838553e-03
3.494196e-02
-9.652985e-02
-5.982306e-03
-8.642365e-03
-1.531743e-02
-6.273002e-02
7.714620e-03
-1.458121e-02
-5.486859e-02
2.419170e-02
5.598380e-04
-2.373371e-02
-3.899748e-02
-5.844115e-02
2.767722e-02
-4.113400e-02
1.956512e-02
-8.122497e-02
-2.767432e-02
9.194608e-02
-9.131917e-03
1.088610e-01
-2.776870e-02
-7.409360e-02
7.215990e-02
6.842246e-02
-3.284624e-02
6.660714e-03
1.428940e-01
4.474536e-03
8.093074e-02
5.315814e-02
1.183046e-01
-1.255474e-02
5.682671e-02
-4.404030e-02
3.788918e-02
-2.345543e-02
-3.384743e-02
-1.450578e-02
-5.298431e-02
-2.720971e-02
-6.460940e-03
7.781059e-04
4.388313e-04
-8.062851e-04
-7.646894e-04
1.689610e-03
1.545504e-03
-1.487158e-03
4.610915e-03
3.084136e-04
-3.557948e-02
1.560480e-01
-1.219409e-02
-6.907424e-02
2.567973e-01
-1.207948e-01
-2.885160e-02
-9.310228e-02
5.071197e-02
7.351659e-03
-2.336964e-02
-3.197325e-02
3.208383e-02
5.255334e-02
6.138268e-02
-3.816226e-02
-2.049247e-02
4.313220e-02
-3.867240e-02
-2.771012e-02
3.701110e-02
-2.563651e-02
-8.711108e-02
-3.986552e-02
8.534955e-03
-1.843049e-02
2.070407e-02
1.172500e-01
7.793838e-02
1.103293e-01
-1.127496e-03
-1.102856e-01
-3.068545e-02
-5.616312e-02
5.048833e-02
-5.067682e-02
1.355829e-03
-3.940517e-04
3.444059e-03
2.891540e-03
-1.864595e-03
2.522864e-03
5.367492e-04
6.311783e-04
1.910596e-03
6.657591e-02
-7.932881e-02
3.179563e-03
-5.299994e-02
-2.109712e-02
8.180333e-02
-8.585283e-02
3.098839e-02
1.108100e-01
-4.471783e-02
8.902814e-03
4.368479e-02
-9.448542e-02
4.852698e-03
7.663595e-02
-8.411328e-02
-4.101659e-02
-5.194804e-03
2.019413e-01
3.306260e-02
-2.155735e-02
3.762964e-01
-6.055592e-02
-1.412065e-01
5.589123e-02
-7.002310e-02
-1.111897e-01
-1.719522e-02
-3.179719e-03
1.182386e-02
-1.884434e-02
4.845781e-02
6.511445e-02
-1.631040e-02
2.579640e-02
1.427753e-02
-2.949730e-02
-9.403830e-02
7.191029e-02
-1.047367e-01
-1.123971e-01
7.570600e-02
-3.393548e-02
-1.347307e-02
1.313148e-01
-1.208449e-01
-5.009031e-02
5.587499e-02
-9.591135e-02
-9.154855e-03
5.764751e-02
-5.901191e-02
1.887936e-02
6.366837e-02
1.975415e-02
-9.475066e-02
-8.108137e-02
4.042934e-02
-2.423607e-02
-5.971083e-02
-8.927084e-04
-2.815203e-02
5.824207e-04
5.609614e-02
4.471956e-03
3.510047e-02
1.599694e-01
1.360432e-02
1.387736e-03
1.980166e-01
-2.150918e-02
-5.132513e-02
-6.196865e-02
-1.361017e-01
-1.460560e-02
-9.186202e-02
-1.785214e-01
-8.732653e-02
-7.600220e-02
-7.054783e-02
-4.230769e-02
5.083094e-02
-2.561777e-02
-8.676950e-03
1.808603e-02
1.262971e-02
1.048004e-02
2.423441e-03
1.282500e-02
3.497583e-02
9.694710e-04
2.692780e-05
5.322722e-04
2.937409e-03
-1.910173e-03
-6.011201e-04
-1.006913e-04
-2.899284e-03
-1.878761e-03
-1.144924e-01
7.223126e-02
1.151254e-01
-1.820714e-01
9.697105e-02
1.264626e-01
-1.970028e-02
8.539417e-02
-8.288324e-02
3.505649e-02
6.143988e-02
2.207394e-02
-7.679267e-03
2.354382e-02
5.774710e-03
-4.690490e-03
-3.323097e-02
-1.852250e-02
-4.521575e-02
-7.789198e-02
3.366630e-02
-3.758555e-02
-5.337054e-02
-1.944282e-02
-9.869049e-02
-3.810645e-02
1.688723e-02
8.144390e-02
4.717988e-02
5.646765e-02
1.776085e-01
-6.112447e-02
-2.376070e-02
9.770429e-02
3.849061e-02
-2.734992e-02
-9.016873e-04
-8.672152e-04
-3.330507e-04
-1.810328e-03
1.711913e-03
1.831723e-03
-7.420158e-04
3.332169e-03
-1.095834e-03
9.159573e-03
-2.329082e-03
4.897345e-02
3.145384e-03
1.014217e-01
4.918326e-02
6.632581e-02
8.024982e-02
-1.482278e-02
7.731374e-03
2.726853e-02
4.717201e-02
-2.402991e-02
4.846596e-02
2.586944e-02
4.485969e-02
-3.533056e-02
-1.767720e-02
3.112484e-03
-1.068581e-02
-6.380773e-02
-5.041664e-02
-1.443012e-03
6.636532e-02
-1.308621e-01
2.835731e-01
1.997467e-01
-7.188940e-03
4.436241e-02
9.846487e-03
-1.847827e-01
-1.338390e-01
-1.741440e-01
3.548545e-02
5.709079e-02
5.190720e-02
2.069035e-02
5.722675e-02
7.835130e-02
1.021551e-02
5.829496e-02
4.178353e-02
1.212035e-01
1.671982e-01
1.105838e-01
1.203804e-03
-8.717029e-02
-3.396653e-02
-2.944507e-02
6.366572e-02
5.371933e-02
1.399979e-01
8.524498e-02
-2.405148e-03
9.729495e-03
-1.885994e-02
5.220253e-02
-1.189452e-02
1.201206e-02
3.384557e-02
-1.060545e-01
-1.183855e-01
-5.174197e-02
-1.251090e-02
1.662120e-03
-1.487521e-02
2.947782e-02
5.041546e-03
-6.661848e-03
-3.457791e-02
-4.314051e-02
-2.587892e-03
-2.438017e-02
-1.108746e-02
8.832534e-03
-1.049198e-01
7.532154e-03
2.877781e-02
-1.197464e-01
-1.174072e-02
1.606844e-02
-4.648951e-03
-5.182325e-04
1.020917e-02
-3.889269e-02
1.278490e-02
9.102285e-03
-1.364244e-02
-1.697365e-02
-1.717368e-02
5.427370e-04
-1.186411e-04
-1.265079e-03
-3.338764e-03
8.807735e-04
-2.426973e-03
-1.628255e-04
-1.088214e-03
-4.249502e-04
3.411664e-02
8.507526e-02
1.424327e-01
9.650897e-03
9.196148e-02
-5.076639e-02
-1.019588e-01
-2.344089e-01
-5.048669e-02
4.709709e-02
8.189045e-03
-4.268708e-02
2.512182e-02
4.380686e-02
-3.482869e-02
-2.036762e-02
1.113774e-02
4.271856e-02
-1.254607e-01
-4.464339e-02
1.753466e-02
-7.388534e-02
-1.242318e-01
3.500471e-02
-7.922460e-02
-2.472555e-02
2.891896e-02
1.463357e-01
4.387679e-02
4.127236e-02
2.859319e-01
3.375646e-01
2.527253e-01
8.180457e-02
2.770903e-01
1.306180e-01
4.595292e-03
-2.149714e-04
1.851613e-03
-6.962866e-04
1.380728e-03
-3.339025e-03
2.357100e-03
-6.365364e-04
-2.842440e-03
