-9.485857e-02
-1.155258e-01
-1.274494e-01
-1.550645e-01
-2.188316e-02
6.953921e-02
1.156867e-01
1.363915e-01
-9.288497e-02
-8.513352e-02
-7.853775e-02
-2.650283e-02
-2.006099e-02
1.162876e-01
-1.858647e-02
1.898150e-02
-6.035154e-02
-5.265464e-02
1.201999e-02
2.480091e-04
-6.599483e-02
-3.933899e-02
-3.809853e-02
-3.190870e-02
-1.323684e-02
1.849476e-02
2.294300e-02
-4.655914e-02
-8.428042e-02
-7.096518e-02
-1.798300e-02
1.690808e-02
9.399906e-02
9.269252e-02
1.681820e-01
1.393031e-01
9.523227e-02
7.788628e-02
2.744479e-02
6.640405e-02
5.534349e-03
-3.816910e-02
-3.736634e-02
-8.388681e-02
-3.679327e-02
-7.458623e-02
-1.167241e-01
-4.823621e-02
-5.688404e-02
-3.125935e-03
3.332766e-02
3.932260e-02
6.705165e-02
-4.456777e-03
2.105568e-02
-3.412770e-02
-1.134977e-01
-1.059318e-01
-9.886148e-02
-1.223203e-01
-6.757510e-02
-2.610110e-02
1.087307e-01
-2.786040e-02
7.524839e-02
-4.403233e-02
-1.963840e-01
-1.286140e-01
-8.473489e-02
-3.983351e-02
5.821600e-02
1.616964e-01
-2.952310e-02
-5.549319e-02
-4.472866e-03
4.084643e-02
4.577681e-02
-1.462407e-02
-4.286063e-03
-5.940482e-02
-3.369340e-02
-5.328169e-02
-3.913346e-02
4.568483e-03
5.074817e-03
5.851795e-02
7.813751e-02
4.192409e-02
1.456823e-02
-1.227870e-02
-8.298787e-02
3.956303e-02
1.020885e-01
1.605535e-02
1.464194e-01
-2.839994e-02
2.865468e-02
-1.076035e-01
-8.793759e-02
-5.434727e-02
2.703418e-02
2.586491e-02
8.330347e-02
8.745266e-02
-4.908287e-02
2.187520e-02
-7.816037e-02
-3.660180e-02
8.742205e-02
8.321251e-02
6.083816e-02
7.348848e-03
-2.116323e-02
-4.506055e-02
-2.440445e-02
-1.589424e-02
-6.166879e-02
1.959401e-01
1.001428e-01
-4.862165e-03
-3.626567e-02
-1.597976e-01
-1.852418e-02
-1.614780e-01
8.498803e-02
1.620187e-01
1.766231e-02
7.018464e-04
-7.150098e-02
6.401011e-02
-2.487959e-02
-8.934505e-02
2.378386e-02
-3.729788e-02
-1.103348e-02
1.159651e-01
1.142264e-01
-6.636167e-02
-1.547539e-02
-5.768225e-02
-3.994085e-02
-1.107787e-01
4.795243e-02
1.013547e-01
-1.564151e-02
4.416044e-02
2.640639e-02
7.032756e-03
2.427470e-02
3.335926e-02
-2.458225e-03
5.598866e-03
-1.358872e-02
2.069226e-02
9.628012e-03
1.053226e-02
-3.428722e-02
-2.058760e-02
-2.901084e-02
-4.993482e-02
-3.793893e-02
-4.670234e-02
-3.324086e-02
-1.630878e-02
2.250270e-02
-1.636609e-02
-1.928541e-02
-1.355102e-03
2.408936e-03
-3.097332e-02
-5.007594e-02
-1.998709e-02
-2.178266e-02
-1.075546e-02
-2.182711e-02
-2.838514e-02
-2.313736e-02
-2.241936e-02
-2.983712e-02
-3.364474e-02
1.389676e-02
-6.990767e-04
3.295142e-02
7.533934e-03
-9.039539e-03
8.684839e-03
6.896956e-03
-4.184224e-03
8.690616e-03
-4.171206e-02
-2.585298e-02
-1.421095e-03
-3.808270e-02
-3.227171e-02
-2.822740e-02
-1.419816e-02
-1.889909e-02
-2.126336e-02
4.404584e-02
-2.451129e-02
-8.377945e-02
4.695173e-02
2.082811e-02
-3.916971e-02
3.181081e-02
5.168534e-02
3.396277e-02
1.876207e-02
2.304404e-02
2.860139e-02
2.155835e-03
6.299147e-02
7.389569e-02
-1.728497e-02
-1.797989e-02
-5.724285e-03
-1.019816e-02
-3.471928e-02
-4.261687e-02
3.619814e-02
1.172162e-02
1.044140e-04
2.843230e-02
1.817579e-02
1.175997e-02
1.873853e-02
3.833405e-03
-4.043390e-03
3.994271e-02
5.059135e-02
4.033653e-02
2.429122e-02
3.963869e-02
3.688169e-02
1.611814e-02
6.653471e-03
3.494311e-02
-2.643883e-02
7.862251e-04
-9.517506e-03
-2.108178e-02
-2.700708e-02
-1.171161e-02
-1.122331e-02
1.688952e-04
1.668230e-02
8.953881e-03
-4.543715e-04
-1.282577e-02
1.305223e-02
-7.882970e-03
-3.267333e-02
-6.175274e-03
-4.388948e-03
-2.391610e-02
1.583011e-03
1.689576e-02
1.189327e-02
-4.811038e-03
1.772852e-02
1.355687e-02
2.753696e-03
3.014216e-02
-5.227785e-03
2.979720e-02
1.550856e-02
-5.092342e-03
1.391542e-02
1.737109e-02
-1.026287e-03
-2.532960e-02
-2.256975e-02
-1.390945e-02
-1.910300e-02
-2.161881e-02
-1.326044e-02
-1.420377e-02
-2.855063e-03
1.074726e-02
-2.615429e-02
-5.083779e-04
-1.388474e-02
-2.760289e-02
-3.093384e-02
-1.746448e-02
-2.820921e-02
-2.782445e-02
-2.673564e-02
1.424652e-02
-4.986181e-02
-4.836906e-02
-1.109663e-01
-3.695172e-02
1.787880e-02
-2.413200e-05
1.009617e-01
7.415018e-02
1.612538e-01
1.698011e-02
-1.287616e-01
-2.812726e-02
-3.145495e-02
1.825427e-01
-2.046213e-01
-2.214599e-02
7.093795e-02
-1.206118e-01
4.497796e-03
-3.195414e-02
-2.923087e-02
1.684998e-02
-2.684218e-02
6.075719e-02
3.303596e-02
1.641947e-02
-3.338271e-03
4.303480e-04
-8.818524e-02
2.734859e-02
-3.805604e-02
-4.863894e-02
-1.548052e-02
-2.227349e-02
4.337195e-02
3.263977e-02
6.426050e-03
1.060646e-01
1.463543e-02
9.071355e-02
1.426503e-01
3.936678e-03
-7.341245e-02
-2.096921e-01
1.262618e-01
-7.215246e-02
-1.086410e-01
2.909479e-02
-1.180079e-01
2.570232e-02
-8.273792e-02
-5.392308e-02
2.039914e-02
-3.730718e-02
7.630575e-02
7.990255e-02
3.538057e-02
5.585572e-02
2.407389e-03
3.534965e-02
-1.638311e-02
-1.350802e-01
-9.243757e-03
1.302361e-02
-2.998682e-02
1.228040e-02
9.406849e-02
-7.466231e-02
-9.070651e-02
-7.791392e-02
-1.603538e-02
-9.482877e-03
-5.014734e-02
-5.914039e-03
-4.336847e-02
-4.680636e-03
8.325427e-03
6.489581e-03
7.298310e-02
-4.020761e-03
-5.552578e-02
-9.091517e-02
-3.276268e-02
-5.554340e-02
-2.074060e-03
6.955872e-02
-2.561934e-02
5.032502e-02
7.436376e-02
-1.018114e-01
-9.538840e-02
5.334866e-02
-5.284717e-02
1.694409e-01
2.349788e-01
-2.963644e-02
1.140732e-01
-8.106340e-02
-1.478989e-01
1.775597e-02
1.321466e-01
-2.630843e-02
1.526940e-01
3.846614e-02
8.981182e-02
1.483151e-01
-1.616718e-01
1.545032e-02
3.161097e-02
2.705654e-02
-5.942638e-02
-7.246671e-02
-1.587876e-02
-3.166761e-02
-2.818597e-02
2.687643e-02
-9.543073e-02
9.194621e-02
6.265736e-02
1.035588e-01
7.325320e-02
-9.195264e-02
2.804261e-02
-2.430668e-01
-1.273872e-01
-6.260520e-02
2.215906e-02
5.721418e-02
2.842634e-02
1.030023e-01
7.141263e-02
-6.219823e-02
-3.892214e-02
-8.552366e-02
-6.051891e-02
1.634134e-01
4.035040e-02
6.210718e-02
1.630222e-01
-1.265415e-01
-4.341850e-02
-1.565177e-01
-1.511748e-01
-2.746307e-02
2.700570e-04
1.670719e-02
-2.625292e-02
-1.658173e-02
-4.746661e-02
-4.134500e-02
-2.087498e-02
-6.262409e-02
-8.673677e-06
-9.174006e-02
-1.349498e-01
-1.553763e-02
-6.270380e-02
-5.800993e-02
-2.809384e-02
4.324209e-02
1.023903e-01
4.616787e-02
4.312854e-02
2.625345e-02
-6.190539e-03
-3.638353e-03
-4.452085e-02
-5.468247e-02
-3.821230e-02
-3.636846e-02
2.151106e-02
3.023600e-02
2.037259e-03
-7.944359e-03
-1.996790e-02
-2.423662e-02
-3.123393e-02
-5.476467e-02
-2.200664e-02
-3.630765e-02
-1.019051e-01
-5.810227e-02
-2.030553e-03
-1.310048e-02
2.385297e-02
2.928037e-02
9.037670e-02
9.650590e-02
1.864177e-02
-2.199782e-02
-1.803413e-02
1.253364e-02
-1.461293e-02
-1.503273e-03
3.108928e-04
-4.979463e-03
2.183282e-02
-3.661031e-02
2.982672e-02
3.959792e-02
-6.287931e-03
6.256911e-02
5.900128e-02
-1.566451e-02
2.191461e-02
-1.616078e-02
2.964049e-02
1.403351e-02
-3.400616e-02
2.548811e-02
6.882551e-02
-1.278774e-02
-3.071692e-02
3.130470e-02
-5.125052e-02
1.857314e-02
2.183243e-02
1.199803e-02
-1.524117e-02
-6.576814e-04
-1.359487e-02
-1.607752e-03
2.479095e-02
-7.788011e-03
9.516725e-03
-6.485464e-03
-4.663514e-03
-6.892064e-03
-3.200324e-03
-6.501636e-03
-1.318632e-02
-5.995462e-03
-3.180623e-03
-2.061822e-02
-1.318728e-02
-4.150153e-03
-3.087157e-02
8.878376e-03
8.840800e-03
-5.027300e-03
8.968925e-02
4.095074e-02
-1.298969e-01
-8.671448e-02
3.293026e-02
-4.434299e-02
-6.087479e-03
4.051541e-03
1.734954e-02
4.151699e-02
-1.583196e-02
7.148573e-02
7.717831e-02
5.619806e-02
4.059160e-02
1.056532e-02
-1.143088e-02
1.893434e-02
-2.227467e-02
-4.189882e-02
-2.455098e-02
-1.593420e-02
2.053916e-02
-3.818944e-03
-6.790306e-03
-1.338176e-02
4.457709e-02
-6.901692e-02
-3.841589e-02
-1.737516e-02
-5.484712e-02
-1.836737e-02
-3.817576e-03
-4.909952e-02
-3.564092e-02
-2.923588e-03
-2.653055e-02
-2.401633e-02
-2.886997e-02
2.069097e-02
-5.424971e-03
6.299795e-02
1.604722e-01
4.892818e-02
6.797379e-03
1.516767e-02
-6.078919e-02
7.602824e-03
3.371871e-01
-5.409989e-02
-3.467049e-02
-1.438836e-01
-1.959014e-01
-9.167235e-02
9.208050e-02
5.590440e-02
1.144960e-01
-5.497258e-02
-2.294186e-01
-4.158115e-02
-4.458007e-02
7.971864e-02
-6.828471e-02
-2.640317e-02
-2.852607e-02
-2.759591e-02
-1.132394e-02
-4.384507e-02
-4.112127e-02
-4.621195e-02
-9.484226e-02
2.984096e-02
1.102282e-03
3.103382e-03
-3.478320e-03
4.225575e-02
2.720796e-02
-4.499172e-02
-9.820900e-02
-6.113384e-02
-4.101671e-02
-6.034171e-02
-3.272844e-03
1.033935e-01
-3.184101e-02
-1.403284e-02
-7.581025e-02
-4.273219e-02
5.145461e-02
5.379920e-02
7.036595e-02
4.753173e-02
-3.674388e-02
6.633914e-02
1.793670e-02
1.271025e-02
-4.303566e-02
-5.901026e-03
-5.976071e-02
1.057902e-02
-3.175474e-03
-8.891783e-03
-9.920145e-02
4.692842e-02
-6.662903e-02
4.221758e-02
9.019896e-02
5.739244e-02
4.929432e-02
-6.187379e-02
-2.612970e-01
-1.474935e-01
3.626627e-02
1.539580e-01
6.811190e-01
1.253121e-01
-5.196508e-02
-1.554989e-01
-2.583837e-01
9.325556e-03
-5.128963e-02
-2.664074e-02
2.160124e-03
7.422045e-02
4.534637e-02
5.361694e-02
1.192999e-01
-4.223620e-03
-8.498769e-03
-3.736724e-02
-1.831637e-02
-1.999927e-02
-4.386058e-02
-3.778149e-02
-1.240540e-02
3.931221e-04
3.444073e-02
1.284727e-02
-2.287529e-01
9.688730e-03
-1.240841e-01
7.317720e-02
6.651223e-02
9.789845e-02
3.059875e-02
-1.839937e-02
2.129552e-03
-1.867309e-02
-1.769028e-02
-5.606346e-02
-2.016546e-02
-1.412294e-03
4.268377e-02
7.161438e-02
-7.876578e-03
-5.197310e-02
-3.277091e-02
3.633650e-02
-6.594871e-02
-3.063196e-02
1.434497e-02
1.625832e-02
3.448784e-02
3.100410e-02
-1.341870e-01
1.402599e-01
1.635303e-01
1.761212e-01
6.876549e-02
-2.717239e-01
1.025601e-02
-1.421407e-01
2.057038e-02
-1.309566e-02
9.801901e-03
-1.344548e-02
2.254699e-02
7.390530e-03
3.255022e-02
-3.987113e-02
-6.924484e-02
-3.461095e-02
-1.581448e-01
1.551755e-02
5.081359e-02
2.077004e-01
2.397557e-01
-3.540544e-02
-8.022861e-02
-1.483773e-01
-1.635815e-02
-1.788937e-01
-1.491954e-01
-9.148124e-02
1.071258e-01
3.132592e-01
1.914630e-01
-3.990523e-02
-1.648887e-02
-8.715567e-03
-5.865686e-02
-5.439276e-03
7.535253e-02
-1.702757e-02
-4.016196e-02
4.897824e-02
-1.039238e-01
-3.441051e-02
7.533115e-02
-2.687076e-01
-2.411790e-01
-2.233879e-01
2.686431e-02
7.736395e-02
9.358265e-02
1.342313e-01
2.138151e-01
2.348981e-01
-2.609735e-02
-4.871005e-02
-3.912003e-02
7.728428e-02
1.105417e-01
9.608021e-02
2.248862e-02
4.709996e-02
4.732706e-02
-5.669653e-02
-3.891383e-02
5.547596e-02
-3.203662e-02
-4.662369e-02
2.634273e-02
4.577138e-02
9.179870e-02
9.193859e-02
-2.560968e-02
-7.722300e-02
-7.967815e-02
3.862532e-03
2.117506e-02
3.294903e-02
3.544831e-02
2.437783e-02
1.744806e-02
-2.253479e-01
-1.699332e-01
-1.503280e-01
3.411355e-02
3.922445e-02
2.950682e-02
1.390191e-01
2.157817e-01
1.754536e-01
-1.508187e-01
-3.244320e-02
-4.320264e-02
-2.012331e-01
-1.954634e-01
-1.730392e-01
2.210941e-01
2.855457e-01
1.967713e-01
5.400167e-02
1.392802e-01
1.235426e-01
2.469977e-02
1.569452e-02
4.028397e-02
-6.557441e-02
-8.276954e-02
-7.559241e-02
-1.559724e-02
3.902114e-02
7.257515e-02
-6.714823e-03
-8.087594e-03
-2.436377e-02
-1.045832e-02
2.049035e-02
-1.839728e-02
7.263327e-02
1.648274e-01
1.182380e-01
7.583806e-03
-8.655734e-02
-9.812387e-02
-3.286225e-02
3.925592e-03
-3.265798e-02
-4.016087e-02
1.280857e-01
7.498516e-02
-1.004977e-01
-8.274043e-02
-7.905398e-02
3.589109e-03
7.926532e-04
-7.338814e-02
9.678154e-02
8.932326e-02
4.114811e-03
6.227290e-03
3.179862e-02
-7.945417e-04
-1.681425e-02
5.115901e-02
1.896588e-02
-1.888549e-02
-8.900610e-02
-1.099004e-01
-6.170529e-02
2.899000e-02
3.956783e-02
1.232888e-01
1.306889e-01
1.242606e-02
-3.604615e-02
-7.887624e-02
-4.095136e-02
-2.197064e-02
-5.539515e-02
-1.805365e-02
8.056982e-02
6.070840e-03
6.429605e-02
-1.192854e-01
-7.208851e-02
-1.845463e-01
2.371152e-02
5.508597e-02
-2.623482e-02
2.097100e-01
1.984512e-01
1.283445e-01
-1.964167e-01
-5.215276e-02
-4.599304e-02
-1.499830e-01
-9.523915e-02
-1.237040e-01
1.254615e-01
4.267606e-01
1.821979e-01
-6.315555e-02
-1.558364e-01
-1.536604e-01
3.824316e-02
4.578103e-02
2.871766e-02
-1.527266e-03
-6.334386e-03
-4.730271e-02
-8.842141e-02
-4.252883e-03
-3.973423e-02
-1.753396e-01
-1.331218e-01
-1.851833e-01
1.173828e-01
1.540884e-01
1.195033e-01
-8.420900e-02
-5.374969e-02
-1.928838e-02
-7.134879e-02
-7.949191e-02
-5.122155e-02
1.094651e-01
1.456667e-01
1.560993e-01
-5.716328e-02
-1.924723e-02
-4.904217e-02
-4.428238e-02
-1.776870e-02
-7.841920e-02
1.174845e-01
1.493217e-01
1.136813e-01
-8.833034e-02
-6.212544e-02
-3.030780e-02
-1.764339e-02
-1.725456e-02
-5.014376e-03
1.416844e-02
5.898297e-02
1.010063e-01
3.989706e-02
4.077353e-02
3.141437e-02
-3.456310e-02
1.337551e-02
1.088737e-02
-7.690531e-02
-8.234961e-02
-9.706229e-02
1.521589e-01
2.458507e-01
2.894240e-01
-2.551892e-01
-1.093397e-01
-1.211266e-01
-1.343717e-01
-3.101595e-02
-8.465405e-02
-7.572754e-02
-8.922733e-02
-1.585127e-01
3.440982e-02
1.211971e-01
8.137624e-02
-1.033756e-02
-3.296217e-02
-3.779379e-02
7.103063e-02
8.983172e-02
3.566776e-02
-3.305950e-02
-2.244883e-02
-2.598476e-02
-1.748137e-02
-5.372095e-02
-9.208576e-02
-2.540459e-02
-1.117078e-01
-9.310769e-02
-7.395790e-02
5.942619e-02
6.982731e-02
4.226870e-02
-5.046697e-02
-8.495425e-02
2.475105e-02
-7.990514e-02
-1.526219e-01
1.220136e-01
2.099144e-01
1.696071e-01
-7.657938e-02
-1.625911e-01
-1.721412e-01
3.514950e-02
4.531623e-02
1.080650e-02
2.391121e-03
-2.394442e-02
-5.399952e-02
5.402933e-02
3.066133e-02
2.846038e-02
-3.255364e-02
3.083890e-02
5.334886e-02
-8.004376e-02
-1.966750e-01
-2.084926e-01
4.932873e-02
1.174221e-01
1.848021e-01
-2.495641e-02
-1.215175e-01
-1.212153e-01
-5.276938e-02
-1.135443e-01
-8.487473e-02
-4.214395e-02
-1.310547e-02
3.128868e-02
6.438649e-02
2.461039e-01
2.644064e-01
-1.046884e-01
-9.721771e-02
-1.673634e-01
-2.247684e-02
7.031992e-02
-1.564921e-02
7.271870e-03
-2.199353e-02
-2.966068e-02
-1.125296e-02
-3.442655e-02
-2.171300e-02
-1.633276e-02
-3.532249e-02
-3.387604e-02
-2.948949e-02
1.313457e-02
3.023178e-02
-1.397832e-02
2.010645e-02
1.482998e-02
2.973413e-03
1.720763e-02
-4.101349e-03
-2.530056e-02
-6.788674e-03
2.364779e-02
-2.324164e-02
1.202662e-02
3.138085e-02
-1.436112e-02
2.394031e-02
1.011002e-02
-1.938230e-02
-9.517131e-03
2.823272e-03
-1.372994e-02
1.282068e-03
1.121670e-02
-2.457018e-02
-1.229079e-02
-1.340558e-02
-2.682886e-02
-2.175591e-02
-7.900969e-03
-2.295729e-02
-2.414406e-02
-1.645319e-02
-3.179860e-03
-4.960871e-03
6.768226e-03
5.583788e-04
1.228902e-02
1.101132e-02
1.024417e-02
1.992303e-02
8.731615e-03
6.837516e-03
1.015567e-02
-3.825122e-03
4.114236e-02
1.407337e-02
-1.522680e-02
2.267257e-02
-2.343267e-02
-2.630782e-02
4.346360e-03
-4.782818e-02
-3.915333e-04
-1.972666e-02
-1.774057e-02
-1.362915e-04
-1.323461e-02
-8.741820e-03
3.914832e-02
4.204974e-03
2.851620e-03
8.400631e-03
5.937074e-03
1.151584e-02
1.233806e-02
3.675595e-03
1.769258e-02
2.983581e-02
-2.673520e-03
1.060522e-02
3.176248e-02
-4.366799e-03
-2.092675e-02
-1.496477e-02
-2.034913e-02
-1.279800e-02
1.099762e-02
-2.407306e-02
1.122205e-04
2.239113e-02
-7.805714e-03
-2.147471e-02
-9.267199e-03
-1.245952e-02
-6.304467e-03
-1.628192e-02
-8.086714e-03
-1.765219e-02
-2.050866e-02
1.964593e-02
-2.128272e-02
-2.201818e-02
-8.650283e-03
-3.947833e-02
-4.001169e-02
-1.175338e-02
-4.530392e-02
-1.343143e-02
1.583952e-02
-1.238976e-03
-2.896744e-02
1.156566e-02
-1.633994e-02
-3.520703e-02
-7.868532e-03
-3.811313e-02
-3.864379e-02
-1.478411e-02
-8.526837e-03
9.552364e-03
1.038894e-03
9.332464e-04
4.288592e-02
1.075846e-02
2.126967e-02
1.606989e-02
-1.207040e-02
-2.596921e-02
-2.250431e-02
-1.512793e-02
-1.409790e-02
1.318260e-02
-2.124230e-03
1.490811e-02
4.101191e-02
-2.205516e-02
-2.425217e-02
-9.651212e-03
-1.767500e-02
-1.892343e-02
1.830870e-02
-2.049360e-02
-6.514127e-03
1.324166e-02
-6.006718e-02
-7.375934e-02
-7.126614e-02
6.915933e-03
2.745813e-02
5.523280e-02
2.025132e-02
-3.446410e-02
-6.499258e-02
-4.582405e-03
1.637554e-01
6.337870e-02
7.958353e-02
7.020743e-02
-7.208844e-02
-5.118798e-02
-8.374034e-02
-8.702971e-02
-1.358292e-02
2.461734e-02
7.724810e-02
1.351383e-02
2.528929e-03
4.913860e-02
2.028226e-02
-9.141034e-02
-9.022284e-02
-2.861328e-02
4.493063e-02
1.277446e-01
2.993867e-02
1.197457e-01
1.609906e-01
7.632926e-02
1.199132e-01
1.082230e-01
2.702257e-02
1.080690e-03
-6.213003e-02
-2.283397e-02
-7.918882e-02
-8.189286e-02
-2.582703e-02
-4.886084e-02
8.625732e-02
-2.492729e-02
-2.039076e-02
-3.411149e-02
-6.155101e-03
2.072942e-02
1.261778e-02
2.698555e-03
5.359732e-02
3.898657e-02
5.384652e-02
-4.853057e-02
-1.054572e-01
-9.064785e-02
-1.302186e-01
-1.016431e-01
-1.380522e-01
-9.035043e-02
-1.641732e-02
-8.159055e-02
-4.596021e-02
-3.082369e-02
-5.933565e-02
-1.574812e-02
2.326213e-02
-8.360942e-02
-5.898459e-02
-1.713299e-02
5.926834e-02
7.801213e-02
5.173364e-02
8.134278e-02
6.284476e-02
2.433979e-02
1.680878e-02
1.073508e-02
2.064622e-02
-8.149021e-02
-4.566243e-02
-1.286262e-02
-3.888192e-02
1.826423e-02
3.195103e-02
5.030726e-02
8.552710e-02
2.531568e-02
9.211130e-03
-4.906436e-03
-5.479153e-02
6.421956e-02
1.734785e-02
-5.132250e-02
8.086264e-03
-4.196323e-03
-1.512391e-02
7.235939e-03
-6.446876e-02
-9.213454e-02
7.995486e-03
-8.735659e-02
-1.213576e-01
-2.374044e-02
-2.672308e-02
4.702776e-03
-5.399384e-02
1.171075e-02
1.009001e-01
-5.265231e-02
4.321597e-02
1.332128e-01
-4.910357e-02
6.326734e-03
4.094679e-02
-1.037805e-02
-5.720079e-02
-5.965006e-02
-8.026350e-02
-4.769580e-02
1.756652e-02
2.194498e-02
-1.432136e-02
-5.407181e-02
-9.334642e-03
-5.645700e-02
-6.541413e-02
-2.207625e-02
-4.432667e-02
-3.518815e-02
5.108908e-03
3.199238e-02
7.533949e-02
1.215933e-01
1.673852e-02
-9.108195e-02
1.600850e-02
-2.951818e-02
-6.210417e-02
-8.684479e-02
-7.617290e-02
-1.328999e-02
-2.977126e-01
-2.325739e-01
-2.197048e-01
1.142072e-01
5.373090e-01
2.670685e-01
-2.532674e-01
-7.903098e-02
-1.532331e-01
3.833015e-02
1.343215e-01
1.417962e-01
-3.137005e-02
-1.416010e-01
-1.655363e-01
7.306016e-02
2.558908e-02
2.830827e-02
1.300326e-02
2.967757e-02
1.080437e-01
1.337353e-01
1.222391e-01
1.054143e-01
-1.072297e-01
-1.092150e-01
-1.585821e-01
1.012822e-01
4.314820e-02
4.960294e-02
5.778664e-02
7.328329e-02
5.651843e-02
-3.092685e-02
-2.864065e-02
-1.714243e-02
7.637152e-02
8.106310e-02
1.237563e-01
1.605521e-02
-7.955831e-02
5.125462e-03
-4.764043e-02
-7.569288e-02
1.540958e-02
8.098803e-02
6.467988e-02
-7.631347e-04
-5.437319e-03
3.646557e-02
-1.162590e-02
-1.316825e-02
-4.634527e-02
-9.089065e-02
1.696531e-02
8.360202e-02
7.655443e-02
3.216181e-02
-1.891163e-02
-3.941714e-02
-4.846444e-02
2.798740e-03
1.823636e-04
-1.142793e-01
6.353917e-02
-8.670095e-02
-8.823092e-02
-1.636327e-01
-9.787833e-02
6.689924e-02
3.199825e-01
1.002782e-01
-1.862499e-02
4.920537e-02
4.191724e-02
-9.366558e-02
-1.099027e-01
-5.306199e-02
2.110296e-02
4.145177e-02
3.208840e-02
8.378673e-03
7.745413e-03
2.846336e-02
-1.236812e-02
-6.190433e-02
-5.331578e-02
-2.373248e-02
4.218908e-02
5.460015e-02
-4.818428e-02
1.169292e-01
2.065056e-02
-3.350027e-02
-2.043287e-01
-1.579195e-01
1.860050e-02
2.229264e-01
1.017914e-01
-4.883226e-02
1.387541e-01
4.592877e-02
-1.015648e-01
-1.759276e-01
-9.099296e-02
9.699182e-02
1.264827e-01
7.514026e-02
2.247464e-02
8.136990e-02
6.476254e-02
-4.232713e-02
4.836241e-02
3.521025e-02
7.181047e-03
4.569964e-02
1.452847e-02
8.555572e-02
-8.188501e-02
-1.627027e-01
1.998907e-02
2.415144e-01
2.015688e-01
-8.669710e-02
-2.162746e-01
-1.774244e-01
4.426507e-02
2.701320e-02
2.234090e-02
4.013999e-02
-3.431172e-03
4.007942e-02
-1.147755e-02
-3.391228e-02
4.736733e-02
-5.700078e-02
-1.014969e-01
-1.875612e-01
2.031950e-01
4.113739e-01
2.899106e-01
-1.874108e-01
-2.690907e-01
-2.035979e-01
4.537106e-02
9.144479e-02
-4.447998e-02
-5.129374e-03
-7.454839e-02
1.202130e-01
3.699017e-02
-2.327099e-02
-5.994423e-02
-2.783620e-02
-5.376561e-02
-5.986281e-02
-3.891416e-02
4.609813e-02
-1.970583e-02
-7.182494e-02
-4.684382e-03
2.378101e-02
6.357219e-02
2.122071e-02
-5.938533e-02
3.219771e-02
3.969134e-02
-5.315457e-02
1.441153e-02
4.512865e-04
-1.265437e-03
-3.736394e-03
-3.330489e-02
-5.163699e-02
5.901620e-03
-8.934549e-02
-1.465121e-02
-2.610607e-02
-4.808099e-02
-2.183121e-02
-5.367662e-03
-5.197878e-02
1.820076e-02
4.351341e-03
4.975746e-03
-1.478969e-02
2.310811e-02
-3.598890e-02
2.053105e-02
-5.087056e-02
8.577145e-04
-2.770183e-02
5.772196e-02
7.984620e-03
2.289735e-02
6.807925e-03
5.625596e-02
-1.162789e-02
1.337110e-02
-3.589096e-02
2.578235e-02
-1.936724e-02
3.746302e-02
-2.649298e-02
1.958808e-02
-4.377925e-02
-1.251967e-02
1.626405e-02
-3.528833e-02
-4.297475e-02
-2.458764e-02
9.692921e-02
-7.526122e-02
-3.185772e-02
-1.030647e-01
1.341629e-01
-6.408269e-02
-9.320607e-02
2.766754e-02
-3.492083e-02
-2.760646e-02
-7.931923e-02
6.482995e-03
-9.222753e-03
-5.602305e-03
2.604305e-02
-3.275391e-02
2.073452e-02
1.234047e-02
-2.619669e-02
-1.100044e-02
1.776720e-02
-2.605561e-02
3.380626e-02
1.336446e-01
-1.876306e-01
6.024018e-02
-1.924334e-01
2.867140e-01
-2.128779e-01
-1.118103e-01
2.700539e-02
8.797392e-02
3.028072e-02
-1.202646e-01
4.293348e-02
3.276201e-02
-7.781120e-04
-5.958590e-02
-6.631070e-02
6.581493e-02
-7.951909e-02
2.243077e-03
7.931593e-03
7.436842e-02
-4.415385e-02
-4.602881e-02
1.913914e-02
-2.523224e-03
6.347296e-03
3.812319e-02
-3.451691e-01
4.789351e-01
-3.025216e-01
6.672929e-02
-1.672906e-01
2.936861e-01
1.614349e-01
-1.812867e-01
9.450293e-02
-6.984250e-03
9.692503e-03
3.446034e-02
-1.313323e-02
1.047046e-02
-1.418027e-02
-3.885413e-02
-3.838823e-02
-4.880646e-02
-1.465765e-02
1.862950e-02
-2.846089e-02
-1.184526e-02
-3.978736e-02
-2.093551e-02
1.165064e-02
-8.482499e-02
-5.223131e-02
-2.942505e-02
-1.718150e-02
4.297034e-03
4.668299e-02
1.450796e-02
2.616054e-02
4.135265e-02
8.580312e-02
9.683207e-02
6.452705e-02
-2.412444e-02
-7.401937e-02
3.764952e-02
2.696200e-02
2.293100e-03
-4.494526e-02
-4.375236e-03
-3.200849e-02
-7.680650e-02
-4.407441e-02
-3.525251e-02
-1.168892e-01
-1.201426e-01
-1.207208e-01
-3.823444e-02
-7.752326e-02
-1.312460e-01
-7.759620e-02
-5.736651e-02
-7.867789e-02
-4.114359e-02
-3.843129e-02
-7.269959e-02
-2.545817e-02
9.588130e-03
-1.258957e-02
-4.978293e-03
-5.166659e-02
-6.036938e-02
1.441441e-02
-2.936443e-02
-4.962213e-02
6.379513e-02
-9.122571e-03
-4.475175e-02
5.008615e-02
7.032267e-04
-1.414183e-02
9.220252e-02
6.651045e-02
5.301730e-02
2.574601e-02
5.638135e-02
7.113077e-02
-1.210494e-01
-1.087530e-01
-1.350030e-01
-2.760622e-02
-1.775944e-02
-5.990577e-02
7.792418e-02
8.851130e-02
4.744828e-02
4.744829e-02
5.520474e-02
2.338613e-02
-2.990462e-02
-5.804180e-02
-4.777407e-02
-2.004071e-04
-2.770228e-02
-2.950329e-02
1.769144e-02
-1.296221e-02
-5.706513e-02
-3.465945e-02
-1.917519e-03
-5.207651e-02
-2.829617e-02
-3.059067e-02
-4.243895e-02
1.699584e-02
1.624439e-02
-3.887909e-03
-3.474376e-02
-3.244550e-02
-4.432723e-02
-4.532075e-02
-5.499982e-02
-6.893525e-02
5.501068e-03
-8.040618e-04
-1.355344e-02
-2.230654e-02
6.193716e-02
3.583502e-02
-1.464720e-02
-3.695627e-02
-2.225830e-02
-2.121524e-02
4.201983e-02
1.298299e-01
-5.874781e-02
-8.810026e-03
2.333653e-02
-1.814474e-02
-7.315288e-02
-7.707769e-02
-8.040921e-02
-4.000599e-02
-7.523642e-02
-7.257268e-02
-3.008517e-02
-6.130660e-02
-5.103077e-02
-2.451263e-02
-5.387096e-02
-1.159188e-01
-3.753965e-02
-7.368100e-02
3.988316e-03
-3.837896e-02
-8.100262e-02
2.636416e-02
4.394991e-02
-3.256965e-02
-2.182872e-02
-2.568962e-02
-5.998640e-02
8.655480e-03
5.047270e-03
-4.712869e-02
3.265020e-02
2.988041e-02
-1.886281e-02
-1.548738e-02
-4.590564e-02
-2.866049e-02
-4.226475e-02
-8.869489e-02
-9.525660e-02
3.389971e-02
4.858902e-03
-5.981977e-03
-2.183916e-03
-6.104882e-03
1.085119e-01
2.594836e-02
-4.695007e-02
-1.138485e-01
-1.611456e-01
-1.046184e-01
-1.713930e-02
1.135730e-02
-9.332155e-03
-2.127162e-01
-7.330497e-02
-4.684336e-02
-1.528427e-01
-1.128958e-01
-1.421966e-01
-2.655374e-02
-1.232638e-01
-6.684854e-02
3.107620e-02
-8.734128e-02
7.355382e-02
6.747672e-02
3.715104e-02
1.519654e-01
8.574215e-02
7.124514e-02
1.291712e-01
9.318907e-02
1.190592e-01
1.114070e-01
-1.635397e-02
4.888009e-02
-1.645720e-02
-5.326820e-02
1.081920e-01
-1.178803e-01
-1.953858e-01
-2.257313e-02
-8.442306e-02
5.132239e-02
-2.592382e-02
1.313095e-01
1.942779e-01
7.650522e-02
9.741727e-02
-2.672229e-02
1.385230e-01
2.017008e-02
-1.168100e-01
3.984488e-02
-8.727552e-02
-3.308406e-02
-5.966276e-02
6.221186e-02
9.493192e-02
1.506094e-03
2.033737e-02
7.277499e-02
1.087217e-01
1.083547e-01
2.169221e-02
-1.321972e-01
-1.092400e-01
6.484771e-02
-4.115016e-02
1.282661e-01
2.264561e-01
1.503623e-01
1.263577e-01
-1.586788e-01
1.516518e-02
-3.000571e-03
-2.348828e-02
-1.052228e-01
-4.123678e-02
7.380018e-02
-5.705316e-02
4.699967e-02
6.290936e-02
1.073616e-01
-1.016950e-02
-1.178057e-01
-3.476606e-03
-1.108301e-01
-8.722746e-02
-7.310271e-02
-6.425696e-02
6.614187e-02
5.289765e-02
-1.249096e-01
-1.700912e-01
-5.812215e-02
-2.156649e-01
9.819103e-03
-5.154086e-02
1.065744e-01
1.661129e-01
2.823125e-02
-1.528219e-01
-6.335396e-02
-1.021480e-01
-8.778565e-02
5.901550e-02
-7.212764e-02
1.181446e-01
1.071871e-01
9.763491e-02
4.454380e-02
3.351219e-02
4.163558e-04
-5.191532e-02
-4.660942e-02
-3.803988e-02
-3.978555e-02
4.684759e-02
-1.542201e-01
-3.215896e-03
1.845204e-01
-7.994155e-02
2.173064e-01
-4.133415e-02
2.220608e-01
8.820987e-02
-1.870544e-01
-4.543087e-02
-1.318811e-01
-1.289525e-01
9.200009e-03
3.921121e-03
2.121602e-02
4.548069e-02
1.027259e-01
1.097327e-02
-2.194233e-01
-9.434711e-02
2.021743e-01
-6.264178e-02
2.791952e-01
2.563345e-01
7.264578e-02
1.222585e-01
-6.619004e-02
-3.124897e-02
-3.910087e-02
-3.370353e-03
-2.096656e-02
6.022121e-02
-3.797011e-02
4.774708e-02
1.697191e-01
-6.078649e-02
1.592630e-01
2.013680e-02
-1.595560e-01
2.847520e-03
1.214400e-01
8.684528e-02
-1.716021e-01
7.140888e-02
7.235380e-02
-4.285779e-03
8.297172e-02
-4.391511e-02
-3.129812e-02
6.054104e-04
-3.045533e-02
4.251390e-02
-9.949214e-03
2.647748e-02
-1.675421e-02
-3.450735e-02
-5.343685e-02
3.158410e-02
-3.950411e-02
-2.526565e-03
-1.456437e-02
2.037795e-02
4.379388e-02
8.464032e-02
1.185534e-01
7.492822e-02
9.166885e-02
1.305998e-01
7.427116e-02
-5.264517e-02
-2.082167e-01
-2.129255e-01
2.257894e-02
-4.918658e-02
1.785932e-02
1.021120e-02
6.837553e-02
6.181883e-02
-6.347475e-02
9.811748e-02
-4.318517e-02
-9.625576e-02
1.802919e-01
1.514231e-01
-3.560230e-02
9.269531e-02
6.891735e-02
1.048518e-01
-9.022946e-03
-6.062929e-02
8.002204e-02
1.645261e-01
-1.711868e-01
-7.778987e-03
1.495694e-01
-2.254320e-02
-2.333601e-01
-4.371480e-02
-1.290398e-02
-1.123711e-02
-6.783850e-02
-6.332486e-02
-2.467282e-02
3.284382e-02
-1.694409e-02
-2.036558e-02
4.660787e-02
5.913025e-02
3.011587e-02
1.381562e-02
-3.096605e-02
-7.279380e-03
5.876448e-02
3.907181e-02
9.377301e-03
1.469843e-02
-2.176723e-02
-9.688887e-02
1.064547e-01
4.002342e-02
4.773739e-03
2.879536e-01
5.498640e-02
-3.686874e-02
9.365431e-02
-8.363434e-02
-1.030005e-01
1.323541e-01
1.300431e-02
7.042734e-02
2.668797e-01
-9.978639e-02
-2.466983e-02
1.779508e-02
-1.636051e-01
6.577699e-03
1.158032e-02
7.627765e-02
-4.450541e-02
-2.747700e-02
1.787061e-02
-1.934679e-02
-1.615287e-02
8.558809e-03
-4.250839e-02
-2.571491e-03
4.147164e-03
8.656533e-02
-3.949308e-02
8.185494e-03
8.573700e-03
-1.845264e-01
-1.402881e-01
-4.947828e-02
-2.029402e-02
-7.717352e-02
1.184299e-01
1.486105e-01
3.405735e-02
-6.619563e-02
3.630955e-02
1.102353e-02
6.323831e-02
2.857364e-01
-1.743502e-01
-1.863238e-02
1.446981e-01
-6.864065e-02
-1.425691e-01
-1.031688e-01
-6.170160e-02
-7.572962e-02
1.007818e-02
6.609095e-02
8.174893e-03
4.330769e-02
3.723661e-02
3.181221e-02
6.207105e-02
6.951340e-02
-6.673963e-02
-6.523628e-02
-1.015110e-01
-7.827839e-02
-7.584959e-02
-8.564963e-02
4.845519e-02
7.909880e-02
3.955968e-02
6.611068e-02
1.049845e-01
1.094028e-01
-4.318406e-02
-2.924286e-02
-3.348207e-02
-7.364601e-02
-7.053351e-02
-8.536702e-02
5.360088e-02
5.191732e-02
6.048921e-02
-1.665607e-02
-1.699765e-02
-2.891015e-02
-1.436675e-02
-3.547188e-02
-4.504826e-02
1.096843e-01
6.149646e-02
-2.271324e-02
-9.541336e-03
-7.877108e-02
-1.243292e-01
2.386039e-02
5.499396e-03
4.354870e-03
-1.908919e-02
-4.454575e-02
-4.963922e-02
-2.492288e-02
-5.418583e-02
-8.226141e-02
5.953217e-02
3.158579e-02
1.558885e-02
-1.861184e-03
-4.671508e-03
1.261660e-02
-3.240249e-02
-3.881950e-02
-3.680401e-02
-3.603900e-02
-2.685195e-02
7.016425e-03
-3.465637e-02
-6.189552e-02
-7.772228e-02
-5.110354e-02
-3.564928e-02
-1.063241e-02
6.314150e-02
6.131533e-02
3.047244e-02
-1.151796e-02
-3.433717e-02
-7.415357e-02
2.370622e-02
-4.350396e-03
-4.752490e-02
-1.548357e-02
-4.687519e-02
-1.092286e-01
-2.863185e-02
-3.045764e-02
-1.394720e-02
1.139671e-02
-7.500381e-03
-1.981667e-02
-1.169215e-02
-2.264450e-02
-5.180094e-02
-2.087970e-02
-3.701702e-02
-5.151127e-02
-3.287965e-03
-7.816757e-03
-2.478041e-02
2.597588e-02
3.363399e-02
-1.747707e-03
-1.464244e-01
-1.237178e-01
-7.388835e-02
-8.059029e-02
-5.040151e-02
7.820448e-02
5.595264e-02
6.351992e-02
1.090294e-01
2.754796e-02
4.146468e-02
-3.261927e-02
-1.894751e-02
-5.683508e-03
-7.095063e-02
-5.990565e-02
-4.456321e-02
-1.027486e-01
-2.794855e-02
-7.896461e-02
-4.256630e-03
-5.123463e-02
-8.935986e-02
-7.577928e-02
-9.890193e-02
-1.552370e-01
-3.761268e-02
7.424230e-02
4.368040e-02
6.189221e-02
-1.956952e-02
-4.436288e-02
-1.194636e-02
-1.469781e-02
-5.017882e-02
-2.119008e-02
3.881966e-02
2.150839e-02
1.087392e-01
1.207299e-01
1.213649e-01
1.185323e-01
6.759570e-04
-5.385190e-02
-6.654052e-02
-8.744935e-02
1.822952e-02
2.432135e-02
6.139519e-02
1.676638e-02
2.728506e-03
-6.204619e-03
3.867796e-02
2.237514e-02
-9.654836e-03
-9.766565e-03
3.058239e-02
-7.977328e-02
-6.066439e-02
-3.819862e-03
-6.675955e-03
-2.305923e-02
-2.809536e-02
1.303199e-02
2.539437e-02
1.241797e-03
2.315269e-02
1.061234e-02
1.072900e-02
-2.232726e-02
-3.148079e-02
-3.307471e-02
2.621979e-02
2.742418e-02
2.107977e-02
-3.367999e-02
-3.924713e-02
-3.842867e-02
-1.835994e-02
-1.476950e-02
-1.753903e-02
5.302735e-02
3.405327e-02
4.570960e-02
-8.079152e-02
-9.126990e-02
-4.463687e-02
-3.956950e-02
-2.660700e-02
3.787826e-02
-3.819880e-03
1.951479e-02
3.549206e-02
-7.140745e-03
-1.255915e-02
-3.573824e-02
2.616557e-04
4.125188e-03
8.496450e-03
3.585700e-02
1.842246e-02
1.738477e-02
-3.399138e-02
-3.068053e-02
-1.830137e-02
1.550154e-02
1.300881e-02
1.456456e-02
-3.968748e-02
-4.695512e-02
-7.466557e-02
6.189307e-02
1.026910e-01
1.389872e-01
1.720506e-02
-2.214416e-02
-6.214490e-02
2.486947e-02
8.724999e-03
-3.622622e-02
4.475990e-02
3.948893e-02
-1.580329e-02
3.512805e-02
1.633211e-02
-4.762508e-02
-1.859953e-02
-2.231124e-02
-4.029877e-02
-1.039470e-02
-9.415397e-03
-1.798904e-02
1.124194e-02
2.774158e-03
-6.963973e-03
5.738515e-02
1.894095e-02
-3.258468e-03
-2.283939e-02
1.681568e-02
2.967139e-02
-3.704855e-03
3.740456e-02
-2.059815e-03
5.205962e-03
-4.277253e-02
-3.983608e-02
-3.532503e-02
-1.525032e-02
-6.575353e-03
5.025261e-02
5.433433e-02
9.293716e-02
-2.071712e-02
-1.081651e-02
-3.228142e-02
-2.662007e-02
-7.020347e-03
-2.449415e-02
-5.684304e-03
-5.459814e-03
-2.742683e-02
3.637572e-02
2.420997e-02
1.071907e-01
1.809955e-02
2.090705e-02
3.791492e-04
-4.159377e-02
-5.695736e-02
-2.175220e-02
2.953722e-02
4.328713e-03
2.832207e-02
-3.871326e-02
-5.971355e-02
-4.459945e-02
-4.616679e-02
-7.579032e-02
-3.554491e-02
6.227916e-03
1.289147e-02
7.737597e-03
1.295023e-01
9.201095e-02
4.151508e-02
-1.405219e-03
-3.392120e-02
-5.569590e-02
