1.622397e-01
1.440623e-01
-1.953038e-01
-2.156766e-01
-6.720553e-02
2.098692e-01
6.519273e-02
-4.123779e-02
-7.511379e-02
-1.339148e-01
-1.273737e-01
6.052951e-02
4.527130e-02
1.538758e-01
-1.231998e-02
-1.156860e-01
-1.447249e-01
-9.017779e-02
3.444605e-02
-4.232004e-02
-2.047044e-02
-2.720780e-02
-4.052771e-02
-3.372686e-02
9.500037e-02
3.582877e-03
-3.901986e-02
8.922376e-02
3.608271e-02
-5.048338e-02
1.182255e-02
-1.221318e-02
4.062597e-03
3.065265e-02
-1.878611e-02
-2.392763e-02
5.682885e-02
3.157824e-02
6.378341e-02
1.044344e-01
7.525247e-02
1.168462e-02
5.489225e-02
-3.058712e-02
-4.546256e-02
3.485708e-02
1.092748e-01
-5.605407e-02
-2.385031e-02
-4.187102e-03
1.743719e-02
7.552052e-02
5.298790e-02
3.605662e-03
2.598214e-02
-1.751328e-01
-1.495055e-01
1.200496e-01
1.287322e-01
-4.966608e-02
-6.917243e-02
3.768268e-02
1.514092e-01
-1.384044e-01
-2.040613e-01
1.561540e-02
6.604912e-02
3.398794e-02
-1.214995e-01
-1.541808e-01
-1.152117e-03
2.141639e-01
-8.395838e-02
-8.439166e-03
1.459878e-01
1.053809e-01
-9.990828e-02
-1.377456e-01
1.053834e-01
1.606504e-01
1.029843e-01
-4.616551e-02
-5.687488e-02
8.203258e-03
5.486631e-02
8.351965e-02
-1.016603e-02
-5.368743e-02
-3.532569e-02
5.243745e-02
-1.099424e-01
-1.209232e-01
1.743431e-01
1.617749e-01
1.492026e-01
-1.730506e-01
-1.938553e-01
-1.753617e-02
9.149696e-02
-2.103078e-01
-6.464135e-02
4.827377e-02
1.248516e-01
-7.277092e-02
-1.168410e-01
-7.452366e-02
7.696696e-02
1.308473e-01
7.223944e-02
3.361162e-02
7.247604e-02
4.777173e-02
2.592516e-02
3.482417e-02
3.269112e-02
7.780183e-03
1.991629e-02
1.728956e-01
2.443923e-01
-1.919287e-01
-1.786283e-01
-1.409130e-01
2.421387e-01
4.551500e-02
1.231786e-02
-2.498111e-01
-6.440448e-02
3.487961e-03
4.499047e-02
-5.343232e-02
-1.123363e-01
1.994633e-03
-5.239200e-02
-3.487414e-02
3.333233e-02
5.277599e-02
5.949215e-02
-9.812093e-02
-1.159570e-01
7.492462e-02
1.841493e-01
2.017032e-03
-1.299700e-01
-8.321580e-02
-4.440626e-02
-1.066079e-01
-9.812044e-02
-8.832230e-02
-6.278279e-02
-5.886709e-02
-4.361792e-02
-4.119964e-02
-4.750649e-02
-1.133108e-01
5.353712e-02
-1.536894e-02
1.217457e-01
2.048390e-01
2.732699e-02
1.230066e-01
9.293681e-02
-9.627997e-02
-1.311962e-02
-5.447004e-02
-3.991352e-02
-6.319740e-02
-1.169845e-03
1.909025e-02
-3.062410e-02
5.154927e-02
1.800069e-02
-2.501328e-02
-2.480925e-02
-1.491778e-02
-5.569974e-02
-1.137389e-02
4.278354e-02
-7.677089e-02
-6.683107e-03
6.179208e-02
-1.494982e-01
3.897749e-02
8.074139e-02
-5.044010e-03
1.515834e-01
-9.193445e-03
1.665346e-01
1.246386e-01
-4.943894e-02
3.269764e-02
-6.230392e-02
1.990019e-02
7.346766e-04
-2.361289e-02
-3.185790e-02
-1.540557e-02
-2.562090e-02
-7.758465e-03
-6.423989e-02
3.913665e-03
7.254398e-02
-1.669679e-02
-4.335079e-02
-3.455949e-02
4.970083e-02
-2.307296e-02
-4.503433e-02
7.830878e-02
6.380399e-02
-1.771647e-01
8.226903e-02
-8.542269e-03
-1.382573e-01
2.740820e-02
-2.410348e-02
-9.567076e-02
-1.843125e-02
1.006166e-01
2.902992e-02
4.725769e-02
8.537781e-02
-8.611452e-03
2.669581e-02
-4.118745e-02
-1.003883e-01
1.366488e-02
-1.091848e-02
-6.052198e-02
9.647315e-03
-5.218801e-04
-1.402821e-02
-9.356229e-03
-6.541787e-03
-1.397311e-03
-4.298055e-02
-3.079584e-02
3.972780e-02
-2.668727e-02
-2.202997e-02
3.612214e-02
4.309835e-02
-6.981225e-02
3.649838e-02
-2.105890e-01
-2.757841e-01
1.219320e-02
-2.276860e-01
-1.883030e-01
-6.411239e-03
-1.264798e-01
-7.992124e-02
1.784806e-02
-9.890256e-02
-1.242290e-01
-8.560572e-02
-9.162746e-02
-5.429136e-02
3.290892e-02
-5.851617e-02
4.271584e-02
1.046947e-01
1.242982e-01
9.481169e-02
-8.915713e-02
8.556381e-02
-7.959589e-02
8.502502e-02
-9.010306e-03
-1.503409e-02
2.667462e-02
8.992016e-02
1.286536e-01
5.057203e-02
4.925624e-02
2.479734e-02
-7.206285e-02
5.578431e-03
-5.809676e-02
-9.583627e-02
4.813978e-02
7.592572e-02
-1.615093e-02
3.570802e-02
-1.277344e-02
-3.777316e-02
2.716994e-02
-1.316313e-02
-1.301365e-01
-3.986998e-03
-2.733041e-02
2.418851e-02
-3.734192e-02
-2.756923e-02
6.840150e-02
4.784252e-02
-1.090994e-02
6.106535e-02
8.131003e-03
2.351457e-02
-1.510758e-02
7.934587e-03
2.555268e-02
1.004205e-02
-1.080479e-01
7.466563e-03
-7.214969e-02
1.941593e-01
-2.262183e-02
-3.148270e-01
2.271713e-01
1.436747e-02
-2.809461e-01
2.450337e-01
6.692647e-02
-2.339115e-01
-8.942630e-02
1.358194e-02
1.999113e-02
-5.327905e-02
5.557720e-02
1.728797e-02
-3.020533e-02
4.546876e-02
-5.541469e-03
-9.225044e-02
-5.372715e-02
-8.156528e-02
-3.877172e-02
-2.191878e-02
-3.168859e-02
8.289872e-03
3.141179e-02
-9.448674e-02
-9.526476e-02
-2.467897e-02
8.933973e-02
-9.853069e-02
-6.328835e-02
8.315728e-02
-1.027011e-01
-4.358882e-02
7.352735e-02
-1.889867e-01
-3.465311e-03
2.353988e-01
-3.110406e-01
-3.825933e-03
3.019601e-01
-2.890524e-01
1.258593e-02
2.937742e-01
-1.955382e-02
-6.247803e-03
8.931037e-02
-6.248970e-02
-1.007972e-02
5.858260e-02
-5.909475e-02
5.458727e-03
8.512180e-02
9.082484e-02
1.211394e-02
-4.699242e-02
1.165096e-01
-4.461614e-02
-1.064636e-01
1.729214e-01
-5.499534e-02
-6.451868e-02
-1.646050e-01
1.115936e-01
2.923037e-02
-1.080233e-01
1.566256e-01
-9.889078e-03
-3.413258e-02
1.062775e-01
-8.721531e-02
9.146802e-02
4.604571e-03
2.642347e-02
1.361758e-01
5.417328e-03
-1.429585e-02
1.861497e-01
-1.769275e-02
-2.993265e-02
6.364332e-02
-2.383416e-03
-8.540699e-02
1.368969e-02
-4.327989e-02
-3.037700e-02
3.078061e-03
-4.367647e-02
3.222705e-02
5.723263e-02
-7.309859e-02
-5.188452e-02
1.429076e-02
-1.011730e-01
-2.800946e-02
6.949625e-03
-7.454107e-02
-8.619263e-04
-3.394606e-02
-3.730590e-03
-8.565222e-03
-2.822350e-02
4.671872e-02
-2.563071e-02
-9.839554e-03
-7.034946e-02
-2.386446e-02
3.486018e-02
-1.620340e-02
-2.978040e-02
-4.588032e-03
-2.253019e-02
-5.132598e-02
8.610161e-03
-2.611103e-02
-8.455230e-02
-1.477937e-02
-6.191237e-02
-8.546416e-02
-3.989063e-02
-4.235340e-02
-2.103775e-03
8.038639e-03
-6.371886e-03
-2.693073e-04
1.200585e-02
-9.508414e-03
-5.937663e-02
-7.447679e-02
-5.444556e-02
1.552163e-01
9.425247e-02
9.320844e-02
-5.362878e-03
-1.895534e-01
-1.010880e-01
8.941558e-02
-1.520502e-01
3.488399e-01
2.241738e-02
-3.731076e-02
1.036474e-01
-2.415303e-01
2.754156e-02
9.421463e-04
-6.562341e-02
-2.721781e-02
1.796426e-02
6.760366e-02
-4.789610e-02
1.300344e-03
3.884159e-02
-1.201786e-02
2.693082e-02
1.381742e-02
-1.575700e-02
-3.777247e-02
8.634152e-02
-4.037467e-02
-5.772696e-03
5.034338e-02
-1.356213e-01
-8.162203e-02
1.243218e-01
-8.507064e-02
2.560116e-01
-8.838069e-02
1.933461e-01
4.409061e-02
-1.021001e-01
2.595653e-02
-7.537653e-02
-9.977239e-02
-2.236759e-02
-3.609450e-02
-3.803843e-02
-4.131871e-02
2.561027e-02
-1.199212e-01
-7.292037e-02
-4.072678e-02
8.924165e-02
-3.857894e-02
4.627745e-02
5.038452e-03
1.500393e-01
-1.867419e-02
4.432150e-02
-2.001700e-01
7.005055e-03
1.043378e-01
-2.823113e-02
6.652061e-02
-3.047215e-02
1.415091e-02
-9.622896e-02
3.584133e-02
-4.128840e-02
7.048672e-02
1.704236e-01
2.693006e-02
7.831769e-02
-1.012960e-01
3.621961e-02
-1.241644e-01
-1.339007e-01
5.805890e-03
4.756293e-02
6.435556e-02
4.547567e-02
2.754440e-03
1.617093e-03
-1.335692e-02
-5.587936e-02
-4.246700e-02
-1.502655e-01
-1.170521e-01
2.264675e-01
-1.302396e-01
1.578121e-01
-2.140235e-01
1.307542e-01
-1.063407e-01
-9.045766e-02
-1.057990e-02
-2.775751e-01
-3.046649e-02
-6.976267e-02
-1.209846e-01
-4.028187e-02
-9.413175e-02
8.677258e-02
9.874363e-02
1.094064e-01
1.550530e-02
5.398952e-02
-2.426014e-03
-4.066934e-02
3.619007e-02
4.959366e-02
2.419634e-02
1.186783e-01
-2.167441e-02
3.650366e-01
-4.033595e-01
2.623864e-01
-2.448521e-01
7.811654e-02
-2.596616e-01
-1.571803e-01
2.110876e-01
-2.007824e-02
7.200786e-02
6.913591e-02
4.405427e-02
5.381206e-02
-4.141966e-02
6.664894e-03
-3.080729e-02
-1.054582e-01
-1.123556e-01
1.150717e-01
-1.635738e-02
2.719497e-02
-5.245418e-03
1.056709e-01
1.065088e-02
6.967443e-02
7.825685e-02
1.091049e-01
1.605992e-02
1.006303e-01
-3.732656e-02
-5.012785e-02
5.238551e-03
7.785880e-02
1.443668e-02
6.275929e-02
-1.514677e-01
-1.132831e-01
-7.710239e-02
-1.129593e-01
-1.782777e-01
-7.464355e-02
-1.331774e-01
-8.073835e-02
-6.374251e-02
2.927396e-02
-4.029006e-02
-4.343667e-02
3.470036e-02
-2.664676e-02
-1.530409e-02
3.842817e-02
-3.747085e-02
1.532126e-02
4.281570e-02
2.868697e-02
-2.798611e-02
6.504892e-02
3.365958e-02
-6.215953e-02
6.603252e-02
-1.171982e-03
-7.326937e-02
-1.775196e-01
-1.748017e-01
-2.252019e-01
-5.476051e-02
-1.099380e-01
-1.033029e-01
-8.141666e-02
-1.160081e-01
-1.704608e-01
-9.217596e-03
-4.388041e-02
-4.722541e-02
1.155714e-02
-2.974257e-02
-6.211186e-02
5.272578e-02
4.124828e-02
5.026887e-03
-2.957692e-02
-6.714582e-02
-1.936965e-02
5.555986e-03
8.350043e-03
6.997690e-02
4.604819e-02
4.822731e-02
7.677510e-02
-1.089637e-02
-6.874576e-02
-4.850625e-02
-4.030525e-02
-8.695287e-02
2.425856e-03
-4.700351e-02
-1.004770e-01
-7.109684e-02
4.388228e-03
-4.390753e-02
1.509702e-01
5.694708e-02
-3.648048e-03
1.670407e-01
-3.961220e-03
-2.143031e-02
1.215184e-01
1.311503e-03
1.968251e-02
2.544076e-02
5.123766e-03
2.013415e-02
2.547912e-02
-2.297512e-02
-4.868196e-02
-2.055339e-02
-1.785039e-02
-1.026532e-01
-2.613053e-02
5.106313e-02
-9.046216e-02
5.654614e-02
-1.686063e-02
-6.678414e-02
3.746719e-02
-8.196691e-02
-1.062559e-01
-1.447064e-02
-3.452984e-02
-6.144611e-02
-4.819960e-02
3.071662e-02
9.300762e-02
8.686848e-02
8.017910e-02
6.578810e-03
-3.642851e-02
6.822396e-02
4.201710e-02
1.372900e-03
-7.291267e-02
-7.050066e-02
-4.535211e-02
9.376266e-02
2.360540e-02
1.222777e-02
-5.888734e-02
1.238794e-01
-9.342006e-02
9.504457e-03
-3.870056e-02
-1.177784e-01
-1.650151e-01
-1.007878e-01
1.120117e-01
-1.543051e-01
-1.188344e-01
2.997997e-02
-1.767193e-02
-1.220526e-02
3.883071e-02
-5.703541e-02
-1.364925e-01
-1.168285e-02
-1.143376e-01
-7.192567e-02
3.306167e-02
2.701195e-02
-3.289549e-02
-2.702910e-02
2.015253e-02
9.980639e-02
9.331673e-02
-7.913488e-03
3.048038e-03
-4.423212e-02
1.339014e-02
9.846715e-02
6.730685e-02
7.916464e-03
-5.780514e-03
2.476176e-03
-5.654415e-02
-2.594752e-02
1.895501e-02
-1.329168e-02
-4.629592e-03
-8.817454e-04
-3.773006e-02
-3.683888e-02
-2.881021e-02
-3.169136e-02
-2.941281e-02
-1.028679e-02
6.854371e-02
6.516136e-02
5.128611e-02
-9.656729e-02
-1.068278e-01
-1.189713e-01
-8.141056e-02
-6.986590e-02
-9.225319e-02
-5.698970e-02
-3.863088e-02
-4.126433e-02
8.774959e-02
6.435559e-02
3.881033e-02
7.033037e-02
4.806999e-02
5.129869e-02
-3.894228e-02
-1.209674e-01
-9.956863e-02
-9.384184e-04
7.340819e-03
-4.020170e-02
2.476159e-02
1.882852e-02
-3.980436e-02
-3.375706e-02
-1.678165e-02
-5.383430e-02
-4.185604e-02
-3.889575e-02
-9.043670e-03
1.676772e-02
-2.569613e-02
-1.877950e-02
4.984932e-02
-5.621312e-03
-3.313487e-02
-4.739871e-03
-3.691789e-02
-3.219886e-02
-8.204487e-03
3.491877e-02
6.631176e-02
-2.884907e-02
-1.722137e-02
-2.129403e-02
2.511068e-03
-2.793017e-02
-5.212836e-02
8.665371e-02
9.496563e-02
8.256753e-02
-2.362727e-02
-9.025626e-03
9.372778e-03
-6.295362e-03
-9.242275e-03
-1.071985e-02
2.503292e-02
3.883624e-02
4.985272e-02
4.705172e-02
5.686986e-02
5.586233e-02
2.990250e-02
2.088474e-02
-4.409046e-03
-1.990757e-02
-1.776714e-02
-1.433136e-02
-1.400229e-02
7.464124e-03
3.314583e-04
-8.063234e-03
-4.764437e-02
-4.661594e-02
9.630743e-02
8.248074e-02
6.642723e-02
-8.995790e-02
-1.251503e-01
-1.536133e-01
-4.086674e-02
-5.179742e-02
-6.377245e-02
-2.743697e-02
-3.722194e-02
-4.581623e-02
-4.663539e-03
-7.111401e-03
-1.931831e-02
3.594514e-03
3.167987e-02
3.747198e-02
-6.581744e-02
-6.316754e-02
-6.379525e-02
-5.206185e-02
-9.567133e-02
-1.473941e-01
4.036716e-02
8.042513e-03
-2.594346e-03
2.009970e-02
9.340827e-03
-2.075801e-02
-6.247060e-02
-3.198790e-02
-2.773781e-02
3.757365e-02
6.766618e-02
1.213229e-01
-6.032482e-02
-3.947467e-02
1.257541e-02
-5.056532e-02
-3.762012e-02
-7.183705e-02
2.412681e-02
7.501112e-02
-3.544700e-02
-6.780200e-02
-1.594499e-02
1.635114e-02
-7.114959e-02
-2.422952e-02
-1.024134e-01
-2.225675e-02
-1.108037e-01
-1.054600e-01
-3.958449e-02
-7.718761e-02
-8.601735e-02
-1.390504e-02
-6.747895e-02
-8.381302e-03
-2.450396e-02
3.005876e-02
2.132775e-02
5.801814e-03
2.450549e-02
2.167691e-02
6.525395e-03
-2.884636e-02
-3.969396e-02
2.573378e-02
5.654290e-02
5.995254e-02
-2.340058e-02
-2.978585e-02
-2.993686e-03
-5.698496e-02
-6.564208e-02
-4.499026e-02
4.792490e-02
7.839555e-02
-6.271456e-03
6.843662e-02
1.233692e-01
2.359032e-02
4.208638e-02
1.574719e-01
5.201445e-02
-1.583153e-02
3.898805e-02
8.522030e-02
-2.203019e-02
1.055298e-03
4.324328e-02
-2.233072e-03
-3.099939e-03
8.417312e-04
9.868365e-02
-1.261923e-02
-1.822555e-01
1.290587e-01
1.470143e-01
-5.903909e-02
1.071749e-02
1.310748e-01
2.820712e-02
4.074429e-02
5.817065e-02
-5.494144e-02
4.930204e-03
1.372634e-01
2.821351e-04
-1.065959e-01
1.465378e-03
6.213116e-02
-1.270064e-01
-8.067103e-02
-2.537326e-02
2.005429e-03
-3.439267e-02
-8.085163e-02
5.846515e-02
3.186293e-02
-2.788085e-02
-4.396782e-02
-7.283249e-02
-1.221785e-01
3.288066e-02
5.540375e-02
-1.239528e-02
5.194714e-02
1.035181e-01
8.832439e-02
3.834086e-02
2.887975e-02
5.378294e-02
-5.127884e-02
3.484622e-02
-4.393390e-03
-9.417050e-02
-7.484736e-02
3.967534e-02
-9.207370e-02
-9.567744e-03
1.075039e-01
-8.117521e-02
-2.152294e-02
7.773172e-03
-7.462335e-02
-9.694016e-02
-5.093717e-02
3.972589e-02
5.826333e-02
-8.863751e-03
4.764071e-02
8.913700e-02
8.487230e-03
3.372585e-02
7.863146e-02
1.809054e-02
-4.564558e-03
1.339345e-01
9.655244e-02
4.777073e-02
2.473408e-03
1.266721e-01
2.037703e-02
2.950956e-02
-4.499307e-02
-9.207781e-02
1.388167e-02
2.211048e-02
-6.188614e-02
-1.065198e-02
-3.347404e-02
-2.391151e-02
-4.976228e-03
-4.808465e-02
-4.240918e-02
-2.818977e-02
2.668907e-02
-5.588369e-02
-6.638405e-03
4.016142e-02
-9.367218e-03
-1.964888e-03
-3.735351e-02
-5.637134e-04
-1.898767e-02
-1.435779e-02
2.497596e-02
1.975435e-02
2.065280e-02
2.184596e-02
2.958179e-02
5.825091e-02
2.122889e-05
-5.868112e-02
-7.125334e-02
-3.369865e-03
-7.531478e-02
-9.313152e-02
-5.158326e-02
-9.110877e-02
-7.476085e-02
-6.761945e-02
-7.521940e-02
-9.320334e-02
-1.156920e-02
-1.588081e-02
-6.350698e-02
7.313509e-03
-1.414154e-02
-7.112283e-02
-4.302153e-02
-2.215447e-02
-8.711576e-03
-4.805060e-02
-4.587560e-02
-4.787965e-02
-2.764490e-02
-4.944534e-02
-6.123837e-02
-4.388310e-02
-4.629972e-03
4.463708e-02
-6.424780e-02
-2.323861e-02
1.440606e-04
-4.166056e-02
-1.571515e-02
-2.245338e-03
-3.424716e-03
-2.629739e-02
2.100761e-03
-1.619396e-02
-4.508388e-02
-1.048691e-02
1.280630e-02
-3.088783e-02
7.957075e-04
3.335357e-02
3.549091e-02
3.725726e-02
-5.554773e-02
-6.521145e-02
-2.497890e-02
-2.914744e-02
-5.114179e-02
-6.006820e-03
-2.519712e-02
-4.610749e-02
-5.072312e-02
2.073589e-02
-6.399125e-03
2.160515e-02
4.337653e-02
-5.753566e-03
-4.632189e-04
-6.228736e-02
-9.506354e-02
-7.311889e-02
-6.247661e-02
-1.006433e-01
-5.910430e-02
-5.007755e-02
-5.564830e-02
-4.390869e-02
-4.930472e-02
-4.620591e-02
-3.765951e-02
-2.987196e-02
-3.232783e-02
-3.874236e-02
-1.991158e-02
4.463075e-03
1.331467e-03
-1.099786e-02
1.185975e-02
-8.388739e-03
4.713535e-03
-2.229072e-03
1.966693e-02
4.827887e-03
1.854204e-02
1.389099e-02
8.040509e-02
1.521144e-01
2.175118e-01
2.240858e-02
4.540010e-02
1.232295e-01
3.923358e-02
2.795804e-02
5.265418e-02
-3.549489e-02
-3.370534e-02
-3.371190e-02
1.053061e-02
1.835345e-02
-2.222839e-02
-2.626802e-03
2.650791e-02
-2.694140e-02
2.833861e-02
-2.505268e-02
2.031169e-02
1.236971e-02
-5.328610e-05
5.932070e-02
8.649508e-02
-8.474578e-03
-2.393460e-02
2.702342e-03
-5.327415e-03
3.951482e-02
-4.548539e-02
-4.719397e-02
-1.378671e-02
-1.896252e-02
-3.534561e-02
-3.053126e-02
-1.743616e-02
-6.165402e-02
-2.216869e-02
-2.708137e-02
-3.495600e-02
-1.520351e-02
9.370527e-04
1.204774e-02
4.048067e-02
1.205325e-01
-4.498322e-02
-1.960185e-02
-4.102191e-02
7.879648e-02
-5.201777e-02
1.654028e-02
1.259365e-01
-2.246944e-02
-3.139959e-01
7.620135e-02
5.624811e-02
7.439100e-02
3.339700e-01
-2.288494e-01
1.479534e-01
-3.671576e-01
-1.158166e-01
4.573691e-02
2.602244e-02
9.571164e-02
-8.394480e-02
-6.567511e-03
7.427783e-02
-7.070000e-02
3.982950e-02
-1.908989e-02
-3.507058e-02
-5.293839e-02
8.271643e-02
-6.785135e-02
-1.108314e-02
8.853135e-02
1.461663e-02
1.329723e-01
3.340185e-03
-7.724218e-02
1.200441e-01
-2.460209e-02
1.910374e-01
4.910578e-02
-1.092679e-01
1.467118e-01
-1.756112e-01
1.574762e-01
2.524076e-03
-8.321920e-02
-1.376058e-02
-5.184802e-02
1.337525e-01
-6.671667e-02
3.088100e-02
7.559790e-02
-8.868647e-02
-4.426670e-02
6.888491e-02
-6.754201e-03
5.523052e-02
-2.430627e-02
-1.017271e-02
4.486988e-02
-1.416303e-01
2.307859e-02
-6.662680e-02
1.702513e-01
-5.441074e-02
-3.104519e-02
-3.989360e-02
-3.732252e-02
-2.958132e-01
-1.320793e-01
6.539132e-03
1.778907e-02
1.022719e-01
-1.063452e-01
1.053730e-01
7.115933e-02
-1.831838e-01
-9.216960e-02
-1.189662e-01
1.041741e-01
3.792952e-02
-1.998541e-02
8.458379e-03
-3.454116e-02
-8.783490e-03
1.489699e-02
-2.423841e-02
2.762431e-03
-3.767203e-04
-2.253175e-01
1.549277e-01
2.095327e-02
8.692160e-02
1.149162e-01
-3.545819e-01
5.295544e-02
-2.502608e-01
2.467355e-02
-1.980492e-01
-9.962874e-02
4.047679e-03
-2.403929e-01
1.476184e-01
-5.357243e-02
8.881652e-02
1.047395e-02
-6.837557e-02
9.441415e-02
5.072651e-02
1.481811e-01
3.155279e-02
-5.711383e-02
6.852595e-02
7.290085e-02
1.572922e-02
8.780678e-02
2.349465e-01
-9.878638e-02
-4.408831e-01
-4.040738e-02
-3.666804e-01
4.756276e-01
-3.479677e-01
4.355687e-01
-1.004685e-01
1.114615e-02
1.373919e-02
-1.632329e-01
9.649085e-02
1.078465e-01
-1.370610e-02
-2.222376e-02
1.071345e-01
1.276225e-01
-1.207384e-02
1.115833e-01
-5.541364e-02
9.309912e-02
-2.555006e-02
1.311214e-01
-1.457119e-01
1.674099e-01
-3.430519e-02
-3.653647e-02
4.925700e-03
3.971775e-02
5.448942e-02
8.383969e-02
1.144537e-01
-4.244500e-02
-2.520033e-02
-5.714205e-02
5.928022e-02
2.484213e-02
-2.979458e-02
-3.355385e-02
-4.365434e-02
-4.216176e-02
-5.633685e-02
1.634789e-02
-7.755004e-03
-2.369959e-02
-7.934680e-03
-2.656870e-02
-5.019924e-02
-1.909883e-02
1.960752e-02
-1.040614e-01
-4.854959e-02
3.781600e-02
-4.090384e-02
-1.208363e-02
-3.144627e-02
-3.055200e-02
-1.651415e-02
-2.610182e-02
-1.294973e-02
8.239090e-03
1.234640e-02
4.524301e-02
-3.151751e-02
-5.894886e-02
-8.198648e-02
-1.266322e-01
-9.281103e-02
-6.723515e-02
-6.509970e-02
-3.894158e-02
6.110220e-02
7.957134e-02
7.934630e-02
7.691070e-02
4.206065e-02
1.652449e-02
2.595332e-02
-9.424685e-03
-3.147522e-02
-1.102665e-01
-3.828270e-02
2.587546e-02
-5.579362e-03
3.467121e-02
9.895811e-02
6.834143e-02
8.743048e-03
1.162470e-02
2.108437e-02
-1.357756e-02
-3.286966e-02
-1.711678e-04
-8.610730e-03
2.485418e-02
-5.336485e-02
-8.030798e-02
-1.739403e-02
1.035506e-02
2.206132e-03
5.064779e-03
4.688583e-02
2.474911e-02
-2.152471e-02
4.379915e-02
4.783060e-02
1.000081e-02
1.948356e-02
2.411376e-02
3.139629e-02
-2.836338e-03
1.937464e-03
4.839239e-03
-2.277728e-02
-3.312287e-02
-2.614178e-02
6.109541e-02
3.624118e-02
2.010191e-02
3.113043e-03
2.570340e-03
-6.566906e-03
-5.078506e-02
-3.712689e-03
-4.532377e-02
1.108009e-01
7.312534e-03
2.947929e-02
-8.632141e-02
-1.679396e-01
-1.709304e-01
-1.310510e-01
-1.034801e-01
-1.998031e-02
-4.941120e-02
-2.349393e-02
-5.660735e-02
5.812455e-03
2.822648e-02
-4.216642e-02
-6.924235e-02
-4.940620e-02
-9.777887e-02
6.865969e-04
2.066123e-02
2.418184e-02
-6.900489e-02
-2.394666e-02
-3.596714e-02
3.541316e-02
-6.253114e-02
-6.809791e-03
6.867931e-03
-2.487974e-02
-8.909206e-03
-1.582734e-02
-8.696628e-02
-6.316700e-02
-3.053921e-02
-6.301920e-02
-4.207730e-03
-3.933631e-02
-3.375490e-02
-2.474019e-02
-1.761780e-02
2.790507e-02
1.100865e-01
9.526185e-02
7.866327e-02
8.948986e-02
-2.591379e-04
-3.231350e-03
-9.403568e-05
-1.622314e-03
2.972299e-03
9.984798e-04
4.835071e-04
-5.091228e-04
2.659643e-03
-2.500162e-03
1.650714e-03
-2.838262e-04
6.759731e-04
3.931042e-04
-8.331266e-05
7.309504e-04
-2.088257e-03
-1.525881e-03
6.924098e-04
-4.222442e-03
2.462163e-03
-1.081475e-03
-9.809028e-04
5.123974e-03
5.160617e-03
-1.913428e-03
1.073522e-03
-1.169192e-03
-2.147030e-03
-9.746754e-04
3.325553e-03
-1.880820e-03
1.590685e-03
-2.405245e-03
-9.154226e-04
-4.421833e-05
-1.030551e-04
3.324260e-03
-5.056999e-04
-2.245725e-03
-4.720550e-04
4.262190e-04
-1.346931e-03
1.029016e-03
-7.609472e-04
2.843843e-03
2.400676e-03
4.909956e-04
1.661810e-03
1.667620e-03
-2.449656e-03
-2.086009e-04
-1.555755e-03
1.027974e-03
1.704759e-03
1.801420e-03
-4.051128e-04
1.595586e-04
4.455828e-03
2.006760e-03
1.520148e-03
-2.146699e-03
-1.560006e-04
-4.761459e-03
1.968317e-03
6.535235e-04
-1.222236e-03
-1.232647e-04
9.996762e-04
1.231156e-04
3.207013e-04
2.148553e-04
1.664797e-03
-2.557360e-03
-9.590810e-04
1.625837e-04
-1.377736e-03
-2.569196e-03
1.321580e-03
2.858266e-04
-3.543447e-03
-2.974148e-03
-2.302779e-03
1.471383e-03
5.166479e-04
-1.946582e-03
9.765553e-04
-5.674581e-03
1.279500e-03
2.677843e-03
-2.539974e-06
-1.035796e-03
-4.706372e-03
1.131745e-03
-5.107640e-03
1.688788e-03
8.726611e-04
9.844980e-05
-3.004763e-03
-2.615781e-03
1.232232e-03
1.255109e-05
9.332857e-04
1.380087e-03
-2.179408e-03
8.965575e-04
4.734180e-04
-1.131564e-04
9.517908e-04
-3.305196e-03
3.665354e-03
-7.966786e-04
2.441258e-03
1.280507e-03
-1.658429e-03
-1.756414e-03
-8.418496e-04
-2.745745e-04
2.200700e-03
2.636232e-03
4.910920e-03
6.018268e-04
7.164957e-04
-6.614051e-04
-2.926454e-03
1.614580e-03
1.842161e-03
2.216980e-03
1.282469e-05
3.990593e-04
1.569095e-03
4.299270e-04
9.252633e-04
5.281562e-04
-6.857336e-04
4.787903e-04
6.749292e-04
-1.271373e-03
8.377846e-04
2.905185e-03
-6.609296e-04
1.321109e-03
-2.077175e-03
-1.886797e-03
2.481683e-02
-4.070358e-02
-3.899141e-02
7.877777e-02
5.924476e-02
-3.311400e-02
-2.458072e-02
-3.690043e-02
-1.937681e-02
-5.442399e-02
1.387468e-01
-9.155627e-02
1.215229e-01
1.652398e-02
-9.545322e-02
1.636169e-02
-1.201088e-01
4.775942e-02
-3.850687e-02
2.891432e-02
5.900347e-02
-5.279109e-02
2.097641e-02
-4.009056e-02
-2.192079e-02
2.077648e-02
-7.127449e-02
-1.323690e-01
-5.676297e-02
8.493479e-02
-9.783734e-02
3.526575e-02
7.533502e-02
-8.789308e-03
8.519322e-02
4.727453e-02
9.139521e-02
5.315267e-03
-9.507315e-02
1.682125e-01
-9.333012e-02
-3.429536e-02
2.112379e-02
-9.818182e-02
1.909039e-01
-5.672487e-02
5.604613e-03
6.238033e-03
-1.131876e-02
5.004940e-02
-1.802930e-02
-1.323190e-02
-3.293459e-02
-2.449602e-02
1.338998e-02
-1.043931e-01
-7.375034e-02
-5.086222e-02
-1.487990e-01
3.240268e-02
-9.991864e-02
-4.119375e-02
1.205758e-01
8.681103e-03
-3.939190e-03
-8.499361e-02
-8.924625e-02
-6.305995e-02
-8.157467e-03
-1.504796e-01
4.675246e-02
-6.510532e-03
8.485720e-02
4.196422e-02
-1.005890e-01
2.628034e-02
-4.749434e-02
-2.204603e-02
-3.359239e-02
-2.935564e-02
1.604514e-02
-7.140241e-02
-1.036020e-02
6.998730e-02
-9.329869e-02
1.377283e-02
7.750020e-02
-5.061499e-02
9.621380e-02
9.820462e-02
7.946978e-02
2.434612e-02
-1.478731e-01
1.331999e-01
-6.601811e-02
-1.677819e-01
3.165900e-02
-5.382693e-02
-5.262046e-02
-7.322026e-02
7.072602e-02
2.609185e-02
-2.608393e-02
3.797877e-03
-8.411289e-02
4.420418e-02
1.953103e-02
-1.766342e-01
5.866883e-02
1.237776e-02
2.871152e-02
4.502159e-02
-4.283520e-02
-6.409189e-02
3.819162e-02
-4.070485e-02
-7.310630e-02
-6.112007e-02
-1.811898e-01
1.363685e-01
-1.804473e-01
7.242233e-02
2.393879e-01
-1.168554e-01
1.624789e-01
-1.139203e-01
-3.020869e-02
-4.391845e-02
-6.930645e-02
-4.542178e-02
8.847254e-03
2.600942e-02
-8.438403e-02
4.774528e-02
1.245859e-01
6.250833e-04
-1.214596e-01
-3.119692e-02
4.044544e-03
2.560395e-02
1.033410e-01
-5.078798e-02
3.065751e-02
-2.394350e-02
1.240007e-02
4.260912e-02
5.556021e-02
-1.664154e-02
-1.369677e-02
3.946907e-03
-1.948086e-02
-5.323951e-03
-4.077218e-02
-1.834338e-02
-2.197610e-02
-1.294161e-02
-1.187519e-02
7.724786e-03
2.687156e-02
-3.025451e-03
7.760260e-03
-5.268977e-03
1.472085e-02
2.141230e-02
-1.020387e-02
-5.503973e-02
-4.547944e-02
-5.179950e-02
-2.536968e-02
-2.352202e-02
-4.646963e-02
-2.373563e-02
-1.824676e-02
-1.651117e-02
-4.730288e-02
-3.880142e-02
-3.696046e-02
-3.140945e-02
-1.119921e-02
-1.486901e-02
5.305696e-02
7.665545e-02
3.290341e-02
2.389334e-02
2.144869e-02
-9.725993e-03
-5.182622e-02
-9.517246e-02
-6.599928e-02
-1.325876e-02
9.692112e-03
6.603707e-03
-2.950616e-03
6.895773e-03
-8.690401e-03
2.750478e-03
1.182902e-02
-2.445883e-02
2.211311e-02
2.622044e-02
4.559879e-02
-1.189239e-02
-2.219275e-02
-1.387144e-03
-3.815565e-02
-5.654203e-02
-3.700849e-02
7.232836e-03
-2.607786e-03
-9.266184e-03
-2.453532e-02
-7.721169e-03
1.808680e-02
-3.988887e-02
-1.136346e-02
-6.690538e-03
-4.008675e-02
-3.979924e-02
-4.950326e-02
2.642571e-02
3.275296e-02
6.496813e-03
-3.209323e-03
2.638083e-02
1.651187e-02
-1.340979e-02
3.504801e-03
-1.938241e-03
1.610764e-02
2.504841e-02
1.108218e-02
3.207599e-02
3.344016e-02
1.657155e-02
-2.107527e-02
1.017014e-03
-1.890039e-02
-1.015664e-03
2.686186e-02
-1.881479e-02
1.047220e-02
4.139080e-02
4.383453e-03
-1.863983e-02
-8.074772e-03
-5.638998e-03
3.204422e-02
2.093627e-02
-5.046245e-03
4.590115e-02
6.492008e-02
4.540382e-02
-9.791193e-03
-1.026315e-02
-2.768121e-02
-8.543164e-03
-5.665586e-03
-5.250669e-03
-1.637322e-03
-4.415630e-03
3.824126e-03
6.254885e-02
3.853653e-02
3.100277e-02
1.462210e-02
-5.474799e-03
-2.145140e-02
-6.430916e-02
-9.324867e-02
-7.790807e-02
-1.043491e-02
1.223145e-02
1.669881e-02
-3.120569e-02
-2.016438e-02
-3.458296e-02
-6.768611e-02
-6.867875e-02
-4.972668e-02
4.025885e-02
1.965769e-02
1.329113e-02
4.800698e-02
6.299358e-02
5.924042e-02
-7.794586e-02
-5.899644e-02
-8.524980e-02
2.087706e-02
6.170462e-02
7.696190e-02
1.232951e-02
4.126421e-02
6.638019e-02
7.206398e-03
2.202128e-02
6.537897e-02
1.026280e-01
2.563206e-02
-7.720584e-02
1.236945e-01
-3.927330e-02
-9.029093e-02
3.201724e-02
-9.431622e-02
-1.338632e-01
1.196442e-02
2.378965e-02
7.637279e-02
-1.633314e-02
-1.215695e-02
7.474308e-02
1.658631e-03
-7.003952e-02
-1.397102e-02
-2.113956e-02
2.675018e-02
6.502236e-02
-1.719300e-02
2.304150e-02
4.579980e-02
-2.641418e-02
-1.118325e-02
-1.962617e-03
1.361060e-02
-9.281234e-02
-9.937464e-02
2.177166e-02
-1.210017e-01
-7.589591e-02
-5.084917e-02
-1.363511e-01
-1.358588e-01
3.118785e-02
2.645059e-03
-1.214449e-03
4.610543e-02
-2.019872e-02
4.401269e-03
1.126762e-02
-4.337734e-02
-4.562381e-02
8.715602e-02
-5.473039e-02
1.102527e-02
3.739186e-02
-2.503795e-02
-1.614284e-02
-1.089997e-02
-1.982424e-02
-3.301997e-02
-1.373404e-01
7.030786e-03
7.752354e-02
-5.235403e-02
7.769602e-02
9.121636e-02
-6.285847e-02
-1.822056e-02
1.048741e-02
2.138003e-02
-4.440344e-02
6.386384e-02
1.131236e-02
-4.731064e-02
9.113544e-02
4.757153e-02
5.021717e-02
1.152539e-01
7.091498e-02
5.534664e-02
2.450875e-02
5.312300e-02
3.058261e-02
1.138019e-02
4.299626e-02
3.396656e-02
3.493976e-03
3.247264e-02
-6.720046e-02
5.894214e-02
-9.017943e-03
-7.705924e-02
3.184135e-02
1.625668e-02
-4.356570e-02
-3.973215e-02
3.455947e-02
1.291947e-03
-1.887204e-02
1.318835e-02
-5.462680e-02
-9.622126e-02
-9.463184e-02
-1.364542e-01
-1.265682e-01
-1.604192e-01
1.415495e-02
1.273511e-01
-8.571479e-02
8.993618e-02
1.663055e-01
-1.759852e-02
1.158900e-01
1.334866e-01
-1.881125e-01
1.193427e-02
-9.595413e-02
-9.880781e-02
6.767801e-02
-1.410751e-01
1.898776e-02
-5.524837e-02
-8.614367e-02
2.364971e-02
-2.828467e-02
-7.799812e-02
-1.721535e-04
-9.462552e-02
-1.326660e-01
-4.925537e-02
-7.213575e-02
-1.328346e-01
7.228051e-03
-3.018825e-02
-3.460431e-02
3.721312e-03
-2.692866e-02
-1.118642e-02
-2.342005e-02
-7.136395e-02
7.794363e-02
-5.097055e-03
1.330043e-03
1.269172e-01
2.009671e-03
-1.590278e-02
1.531510e-01
-4.765511e-02
-3.964907e-02
8.385438e-03
-7.985516e-02
1.767674e-02
-2.003083e-03
-8.982521e-02
9.609647e-03
-5.872975e-03
-3.088523e-02
3.971047e-02
2.674078e-02
-2.237184e-03
2.269671e-03
-1.170592e-02
4.636722e-02
5.579885e-02
5.532492e-02
-7.225077e-03
-1.101123e-03
-2.262966e-02
1.766633e-02
-1.513806e-02
8.127057e-03
2.821906e-02
1.490291e-03
3.444047e-02
4.960284e-03
-1.155428e-02
1.347300e-02
-1.087103e-01
1.538858e-01
-9.450395e-02
1.608359e-02
2.828290e-01
-2.229668e-02
4.709742e-02
2.196316e-01
-4.739403e-02
-4.116335e-02
-3.030264e-02
6.741033e-02
-5.101135e-02
-1.331012e-02
4.712765e-02
-3.071158e-02
-4.691645e-02
1.510334e-02
-4.777912e-02
4.116410e-03
-5.803211e-02
-6.023701e-02
5.933350e-02
3.026727e-02
-3.958647e-03
5.701608e-02
7.064631e-02
-9.703338e-04
-4.290124e-03
3.500889e-02
-2.531834e-02
-5.632653e-02
8.263974e-03
-2.774157e-02
-1.050622e-01
-2.508962e-02
8.557310e-02
2.618755e-02
-7.674921e-02
8.224024e-02
1.017018e-02
-1.045866e-01
9.984129e-02
3.200682e-02
-6.236292e-02
-3.150640e-03
-1.432224e-02
-6.056205e-02
7.954851e-04
2.102939e-02
-3.413108e-02
6.921490e-03
7.469640e-03
-1.244507e-02
3.279158e-02
1.001264e-01
3.959520e-02
7.737583e-03
3.922539e-02
-9.557284e-03
5.206776e-02
-4.938428e-02
1.961536e-02
-3.540153e-02
-8.557063e-03
6.870450e-02
-5.406415e-02
-3.153980e-02
-4.336682e-03
-3.303229e-02
-2.507516e-02
-1.325957e-02
-1.653382e-03
-6.114997e-03
-3.897951e-02
8.220454e-03
2.981338e-02
1.623558e-02
4.500470e-03
4.798318e-02
4.442222e-02
4.004641e-02
-9.314426e-02
8.219776e-02
4.871969e-02
-1.398198e-01
8.747413e-02
-1.018216e-02
-7.182790e-02
1.955307e-03
4.968041e-03
-1.095035e-02
-1.119777e-01
9.122576e-02
7.464023e-02
-7.627109e-02
1.253157e-01
8.217627e-02
-9.558867e-02
-7.477071e-02
-1.229857e-01
-5.825305e-02
-1.796150e-02
-5.484740e-02
-3.605723e-02
6.589913e-02
-4.066454e-02
-3.367262e-02
-9.422115e-02
-1.240743e-01
-7.971852e-02
6.473189e-02
1.864684e-01
3.426862e-02
-1.101221e-01
-1.050627e-02
3.255139e-02
1.455569e-02
1.314977e-01
3.483484e-02
1.433257e-02
-9.351809e-02
-6.915677e-02
6.297937e-03
5.065505e-02
2.403462e-02
-2.923895e-02
-3.081242e-02
-5.719457e-03
6.983347e-02
6.584267e-02
3.616879e-02
-4.014794e-03
4.436115e-02
2.612223e-02
5.323143e-02
2.676331e-02
3.218783e-02
-3.624992e-03
4.104306e-02
8.469731e-04
-8.294254e-02
-5.039460e-02
-1.523043e-02
8.204988e-02
-3.055582e-03
8.128711e-02
7.755422e-02
-1.757316e-02
1.339625e-02
9.692660e-02
-5.374129e-04
2.503411e-02
1.398181e-02
-4.324461e-02
-7.550676e-02
2.433916e-03
4.023714e-02
1.968047e-03
-1.080262e-02
-2.100094e-04
-1.070233e-02
-1.940682e-01
-1.602306e-01
-1.594293e-01
5.675676e-02
-1.612327e-02
-3.596338e-02
1.162115e-01
1.636979e-01
1.138725e-01
-1.493884e-01
-7.779654e-02
-7.622867e-02
-3.621553e-02
-8.579630e-02
-6.151547e-03
1.466530e-01
2.724296e-01
1.110177e-01
4.660163e-02
9.393995e-02
3.598734e-02
-1.061217e-01
-9.913127e-02
-4.561320e-03
2.555712e-02
-2.622265e-02
-4.856395e-02
-3.094502e-03
2.220877e-02
2.711895e-02
7.161468e-02
-1.820494e-02
-3.748629e-02
2.042866e-02
1.143190e-02
-4.660368e-02
-4.836743e-02
1.299516e-01
2.410543e-02
-3.242761e-02
-9.497780e-02
5.998371e-03
-8.192499e-04
8.290166e-02
-7.070243e-02
-4.642787e-02
1.675277e-01
7.817494e-03
-1.994204e-01
-1.132651e-01
-2.138018e-02
6.563692e-02
4.026374e-02
-1.246926e-01
1.923990e-02
2.556085e-02
3.336232e-02
9.160732e-03
1.826523e-02
3.996821e-02
6.155215e-02
8.185976e-02
8.657055e-02
2.746595e-02
-9.214664e-02
-7.743870e-02
1.200253e-02
1.518385e-01
-4.436456e-03
-4.443758e-02
-5.056681e-02
1.748519e-02
7.091061e-02
6.852861e-02
3.172651e-02
-7.815191e-03
-6.086205e-03
-4.227200e-03
1.367053e-02
-6.449309e-02
-5.416730e-02
-9.228041e-02
-8.119123e-02
-1.148284e-01
1.196797e-01
1.454892e-01
-4.477904e-03
-5.270185e-03
8.488401e-02
6.131003e-02
