-6.927758e-02
-5.705496e-02
-4.656118e-03
3.294213e-03
6.811359e-04
8.634195e-02
2.111596e-02
7.380632e-02
1.260256e-01
-9.430800e-02
-4.564249e-02
-3.066800e-02
-6.541197e-02
-1.514454e-02
2.482585e-02
-2.955534e-03
7.551753e-02
9.360201e-02
-1.620790e-02
-1.035767e-02
-3.201695e-02
-2.577023e-02
-4.821205e-02
-3.860958e-02
-1.173014e-03
-2.008709e-03
1.148231e-02
-8.712404e-02
4.005570e-02
7.669757e-02
3.544209e-03
1.242581e-01
1.256594e-01
5.102530e-02
1.668910e-01
1.503462e-01
3.357760e-02
5.482878e-02
4.742742e-02
-1.169251e-01
-2.503167e-02
1.075916e-02
-1.384860e-01
3.760521e-02
5.550034e-02
-1.297546e-02
-4.209746e-02
-3.928433e-02
-5.764880e-02
-3.147539e-02
7.003988e-02
-4.402931e-02
3.104174e-02
1.129151e-01
-9.481918e-02
-2.027749e-01
-2.096580e-01
-1.375613e-01
-8.569420e-02
-6.495801e-02
-2.631541e-02
6.666091e-02
1.394638e-01
-2.574448e-01
-2.075074e-01
-1.016244e-01
-1.794965e-01
-1.732901e-01
9.062959e-02
7.755703e-02
2.488414e-01
2.554694e-01
1.068039e-01
-1.095570e-02
2.062465e-03
5.246148e-02
-7.368377e-02
-3.307628e-02
-9.446280e-02
-1.911056e-01
-6.460580e-02
2.408279e-02
8.819069e-02
1.054899e-01
7.984763e-02
7.886735e-02
1.155123e-01
5.287373e-02
6.111250e-02
1.767523e-02
2.445923e-02
5.059573e-02
1.541985e-02
5.655983e-02
8.328321e-03
4.114901e-02
6.714553e-02
5.187440e-02
6.635018e-02
-3.880110e-02
-7.561119e-02
-8.328456e-03
-6.415455e-03
-3.118099e-02
-1.418993e-02
3.985175e-02
4.932612e-02
-8.344224e-03
2.125631e-01
2.294685e-01
1.453134e-01
1.203474e-01
8.237405e-02
-1.856662e-02
-2.442206e-02
-1.252757e-01
-1.861882e-01
-2.067794e-02
2.526089e-02
5.729884e-02
-2.271102e-02
-6.769560e-03
-3.446372e-03
4.913643e-02
1.126651e-01
2.655437e-02
-1.089035e-01
-9.668466e-02
7.763536e-02
-7.974116e-02
-3.701636e-02
1.406181e-01
-2.168841e-02
7.660293e-02
1.928486e-01
3.475263e-02
4.430426e-02
8.724688e-02
1.775806e-02
-8.325096e-02
1.439933e-01
8.762667e-02
1.345042e-01
2.079051e-01
6.229764e-02
4.788713e-02
-2.380480e-02
6.562825e-02
-2.144879e-02
1.530149e-03
3.319890e-02
6.649810e-02
2.181069e-02
-1.843227e-02
5.570650e-02
8.351278e-02
-8.971546e-02
-5.116436e-03
4.099750e-02
-1.458673e-01
-1.316176e-01
-1.213559e-01
2.551798e-02
9.131269e-03
-1.865800e-02
3.986481e-02
1.733965e-04
-1.969294e-03
9.205463e-02
7.443050e-02
5.410542e-02
-2.999533e-02
-1.753569e-02
-2.914103e-02
-8.023878e-02
-2.381286e-02
-3.958059e-02
-6.369125e-02
-8.086540e-03
-1.147334e-02
2.000370e-01
1.699845e-01
2.151813e-01
-4.028130e-02
-2.444787e-03
6.130368e-03
-2.340717e-01
-2.496695e-01
-1.568316e-01
1.501343e-02
5.920762e-02
-3.609222e-03
-1.072781e-02
-1.539630e-02
-5.430574e-02
-1.191055e-01
-1.082972e-01
-1.632166e-01
1.442317e-01
9.363891e-02
2.319684e-02
8.229844e-02
4.792402e-02
5.081076e-03
-4.386151e-02
-5.027353e-02
-5.729671e-02
-3.224839e-02
1.907916e-02
-4.669520e-02
6.273305e-02
5.090279e-02
5.930066e-02
-4.790333e-02
-1.449216e-02
-6.022216e-02
2.819272e-02
-2.848144e-02
3.862293e-02
6.394104e-02
-4.638034e-02
6.611132e-02
1.548233e-01
9.509821e-02
8.414470e-02
5.351749e-03
2.900420e-02
3.574031e-02
-8.138061e-02
-6.003724e-02
-2.065375e-02
4.922542e-03
2.690941e-02
6.217046e-02
3.699831e-02
5.705925e-02
5.558487e-02
-1.770755e-02
6.703033e-02
-1.555462e-03
-9.412504e-02
-8.876812e-02
-8.848793e-02
1.404824e-01
7.758420e-02
6.413896e-02
9.407028e-02
8.517389e-03
-2.034629e-02
-5.710926e-02
-1.473039e-01
-1.636839e-01
-1.491348e-01
-1.330393e-01
-1.064977e-01
-4.289726e-02
-3.218798e-02
8.467860e-03
1.284691e-01
1.334469e-01
1.397626e-01
2.695030e-02
5.464033e-02
1.996645e-02
1.328161e-03
1.307016e-02
-1.119205e-03
-9.601934e-02
-5.343674e-02
-4.031482e-02
2.880040e-02
2.728043e-02
-3.591264e-02
-5.049614e-02
-6.390063e-03
-3.851653e-02
-1.659570e-01
-1.823637e-01
-1.028499e-01
1.357898e-01
1.484916e-01
8.591758e-02
9.179430e-02
2.917636e-02
8.370832e-02
-7.899521e-02
-9.182639e-02
-7.805578e-02
4.852024e-02
4.485705e-02
-4.413188e-03
-2.416321e-02
-1.742277e-02
-7.019660e-02
-2.375791e-02
-3.932478e-02
-5.440201e-02
4.017758e-03
1.124305e-03
1.726816e-03
-6.689597e-02
-2.169980e-02
2.265057e-03
1.694034e-03
2.987698e-02
6.085722e-02
-1.661091e-01
-1.755731e-01
-1.946909e-01
-1.382480e-01
-1.815207e-01
-1.992536e-01
-1.443721e-01
-2.330167e-01
-2.079192e-01
-8.672031e-02
-9.093594e-02
-5.081260e-02
-9.457567e-02
-1.188751e-01
-1.020055e-01
-1.033118e-01
-1.297854e-01
-1.087264e-01
-3.823989e-02
-8.163168e-02
-4.585575e-02
-4.807717e-02
-4.691583e-02
-3.900247e-02
-2.402899e-02
-6.686351e-02
-7.173152e-02
4.231116e-02
-2.319962e-02
-1.200658e-03
5.916803e-02
5.941706e-02
-3.942398e-03
2.472345e-02
5.217343e-02
1.097462e-02
1.008225e-02
-1.757491e-03
6.913189e-02
6.664256e-02
-2.908492e-02
8.251967e-02
1.946356e-01
1.309844e-01
1.437584e-01
-5.378097e-02
-6.301254e-02
-8.719181e-02
-3.281165e-02
3.029282e-02
-3.528332e-02
-1.240401e-02
-4.862988e-02
-4.749031e-02
-8.782140e-03
5.343130e-03
-4.062340e-02
-1.025507e-01
-4.997722e-02
-7.773735e-02
-1.386796e-01
-8.771783e-02
-8.200908e-02
-1.230371e-01
-1.263620e-01
-1.379813e-01
-1.430040e-01
-1.494586e-01
-1.780461e-01
-7.906626e-02
-1.447363e-01
-2.118173e-01
-2.557193e-03
1.994457e-02
2.804279e-02
4.501234e-03
-9.709141e-02
9.882431e-03
2.694574e-02
3.338790e-02
2.192126e-02
-4.837837e-02
-3.355931e-02
-8.711345e-03
3.037305e-04
3.060857e-03
-3.228439e-02
5.515309e-02
-1.457907e-02
-2.116218e-02
9.338547e-02
7.147059e-02
1.185082e-01
2.873430e-03
-4.018212e-02
4.986105e-02
-4.639791e-02
-6.697632e-02
-3.368927e-02
-6.732316e-02
-5.128869e-02
-4.488333e-02
-2.949600e-02
-3.620801e-02
-8.175310e-02
4.609463e-02
5.752291e-02
-2.187845e-02
2.689454e-02
-5.357020e-02
-6.112467e-02
5.850168e-02
5.040477e-02
-3.229471e-02
8.214960e-02
5.717542e-02
3.400161e-02
1.025169e-03
-3.512402e-04
-4.269408e-02
-2.358316e-02
5.961844e-03
-3.229543e-02
9.231855e-02
8.691698e-02
1.206819e-01
-2.958154e-02
-4.567697e-02
-4.630771e-02
-3.619317e-02
-5.207007e-02
-5.814756e-03
1.670042e-02
3.779053e-02
5.792414e-02
1.041709e-01
3.400432e-02
5.072064e-02
-4.305714e-02
5.483931e-03
1.026537e-01
-4.672273e-02
1.071220e-02
4.361991e-02
-6.398364e-03
1.481293e-02
2.128354e-02
4.810731e-03
4.308021e-03
-6.024661e-02
3.106544e-03
-1.345156e-02
-8.644482e-02
-1.684850e-01
-1.078482e-01
-1.053171e-01
-9.054704e-02
5.983414e-03
-2.196294e-02
-2.597142e-02
5.794544e-02
6.336863e-02
1.775435e-01
1.486658e-01
1.708771e-01
4.940984e-02
5.672023e-02
5.081651e-02
-1.269199e-01
-1.740502e-01
-9.849726e-02
-1.014269e-01
-7.829965e-02
-7.248324e-02
-7.625061e-02
-3.679157e-02
2.757262e-03
-6.442511e-02
-1.896114e-02
1.430620e-02
-7.974067e-02
-1.058845e-01
-8.673262e-02
-1.063267e-01
-9.664501e-02
-1.377371e-01
-1.774679e-02
-6.441619e-02
-7.645266e-02
4.623056e-02
1.688087e-02
-6.888364e-02
3.503890e-03
-1.488995e-02
-2.677076e-02
-1.569336e-01
-1.073527e-01
-4.327952e-02
1.139629e-01
1.209832e-02
3.642835e-02
1.784005e-01
3.170734e-02
9.698039e-02
1.340462e-01
6.088220e-02
4.799384e-02
-7.023820e-02
8.221104e-03
4.878113e-02
-2.153851e-02
6.364894e-02
9.640224e-02
8.533537e-02
1.509497e-01
1.442662e-01
1.856690e-02
3.594767e-03
3.228576e-02
7.615447e-02
9.466417e-02
1.022672e-01
9.755000e-02
7.630921e-02
6.852768e-02
6.760490e-02
9.372675e-02
9.242025e-02
1.218296e-01
3.010419e-02
-5.610788e-02
3.728041e-02
-2.102838e-02
-1.361616e-01
-6.137970e-02
-8.049621e-02
-8.684799e-02
-9.346402e-03
-4.123604e-02
-2.820269e-02
7.817443e-03
-4.555889e-02
-4.516191e-02
-1.912239e-02
-4.150376e-02
-3.934881e-02
-4.644210e-02
-6.442738e-02
-1.194231e-01
-6.498975e-02
-1.225207e-01
-3.623314e-02
4.680072e-02
6.693877e-02
3.450412e-02
4.337221e-02
2.269283e-02
3.648885e-02
-4.881303e-02
-7.233083e-02
-2.225208e-02
1.513025e-01
1.693784e-01
5.543131e-02
5.851008e-02
-4.273033e-02
1.662594e-02
-9.657453e-02
-4.005643e-02
-7.136839e-03
1.848783e-02
2.287591e-02
4.716008e-02
1.609882e-03
7.464137e-03
1.387179e-02
-2.500190e-02
-4.840996e-02
-5.687154e-02
5.096177e-02
9.605195e-02
1.635682e-02
1.069571e-01
3.784624e-02
-2.940023e-02
4.916131e-02
-1.360560e-02
-3.683174e-02
-1.973627e-02
-7.957850e-03
2.388740e-02
1.277182e-02
-8.315737e-03
3.537857e-02
6.892865e-02
2.545848e-02
1.797384e-02
-5.987409e-02
-4.371673e-02
-2.980123e-02
-3.464301e-02
-2.478194e-03
3.168218e-02
-9.797526e-03
2.533134e-02
3.447352e-02
-4.086197e-02
-3.852056e-02
-2.099168e-02
-2.169838e-02
-2.523397e-02
-1.139012e-02
5.609193e-02
5.203363e-02
8.040969e-02
-2.783284e-02
-7.568792e-02
-8.893528e-02
-1.630187e-02
-1.402518e-02
-3.504524e-02
7.141495e-03
-4.823532e-03
1.430853e-02
-1.701356e-02
-5.428440e-02
-5.221295e-02
-3.783618e-02
-3.496526e-02
-2.385625e-02
-8.005882e-02
-5.805776e-02
-3.256002e-02
1.095554e-02
1.844787e-02
2.113056e-02
5.878934e-02
-5.575109e-03
4.273262e-02
1.100065e-01
6.980795e-02
2.215818e-02
4.148784e-02
2.275530e-03
-2.742515e-02
-9.231996e-04
-3.994869e-02
-7.773318e-02
-4.421362e-02
-6.258985e-02
-7.638369e-02
3.824347e-02
4.294015e-02
4.440532e-02
4.029649e-02
5.370926e-02
5.228630e-02
7.571124e-02
7.490628e-02
3.919563e-02
-2.521328e-02
-1.325072e-02
1.281105e-02
4.604425e-03
9.295425e-03
1.933376e-02
4.282914e-03
-3.383821e-03
2.137332e-02
-5.756713e-02
-4.530361e-02
1.786301e-02
-3.679405e-02
2.090371e-03
1.915243e-02
-4.069274e-02
7.452721e-03
6.409637e-02
2.136502e-02
-7.081834e-03
-3.562567e-03
-2.911614e-02
-5.173018e-02
4.174608e-03
-1.812258e-02
-1.348740e-02
1.812268e-02
-6.736623e-02
-5.708976e-02
-2.237626e-02
-1.046124e-02
-4.955285e-02
-1.130630e-02
8.062238e-02
8.584846e-02
5.573037e-02
-6.378698e-02
-5.344830e-02
-4.808187e-02
-4.480128e-02
-1.093258e-02
-4.483662e-02
-4.178630e-02
-2.650096e-02
-4.754195e-03
8.209613e-02
4.042295e-02
8.261592e-03
3.161200e-02
-7.078166e-03
-5.067575e-02
-3.507121e-02
-8.548549e-02
-8.039249e-02
4.678880e-02
-1.230442e-02
-2.952796e-02
1.210784e-01
7.448240e-02
6.299822e-02
6.298523e-02
6.678449e-02
3.139631e-02
4.428973e-02
3.839210e-02
-3.405605e-02
6.164606e-02
7.338539e-02
3.421274e-03
9.618447e-03
4.432574e-02
2.223631e-03
9.568100e-02
1.923856e-01
2.766978e-01
6.906144e-02
1.658480e-01
3.468111e-01
4.727048e-02
1.549688e-01
3.105132e-01
1.173651e-01
1.508825e-01
2.259973e-01
1.364965e-01
1.777446e-01
2.659331e-01
1.243103e-01
1.176957e-01
1.848320e-01
3.243403e-02
1.091061e-01
1.764650e-02
-6.534580e-02
3.746590e-02
-5.282651e-03
-1.191049e-01
3.280813e-03
-2.885061e-02
4.233353e-02
1.212063e-02
8.416035e-03
2.899627e-03
4.420504e-03
5.081697e-02
-1.656646e-02
-2.921694e-02
-1.039858e-02
-9.440027e-02
-1.493941e-01
-2.418305e-01
5.568511e-02
2.088699e-02
-1.687124e-01
8.319972e-02
6.870545e-02
-8.702590e-02
-6.232963e-02
-7.307902e-03
-3.559945e-02
1.127412e-02
2.826530e-03
6.242676e-02
2.942739e-02
1.151231e-01
1.139318e-01
-1.306622e-01
-6.994304e-02
3.964381e-02
-6.706776e-02
-6.281704e-02
-7.935860e-03
-9.945417e-03
-3.984776e-02
-1.027135e-02
-1.405885e-01
-8.777091e-02
-2.959959e-02
-7.214322e-02
-5.613377e-02
1.798078e-02
-3.617129e-02
3.756829e-02
7.608269e-02
5.439961e-02
2.282371e-03
-3.606702e-02
1.062247e-01
1.432928e-01
2.030451e-02
2.541550e-02
4.265190e-04
-1.228745e-02
3.246897e-02
7.153039e-02
4.622564e-02
4.523396e-02
7.082972e-02
1.052003e-01
2.491475e-02
9.830789e-02
7.889459e-02
-6.263146e-02
-6.700424e-02
-4.247659e-02
7.814183e-03
9.124324e-03
-2.388958e-02
5.886761e-02
3.488244e-02
3.139930e-02
-2.460442e-02
1.472395e-02
-1.617773e-02
1.932317e-02
-6.527165e-02
3.291844e-02
-1.044522e-02
1.146511e-02
5.899434e-02
-5.300454e-02
7.478444e-02
1.191171e-01
-5.039291e-02
-1.719881e-03
1.209696e-01
-1.088492e-02
5.318654e-02
8.011802e-02
-2.018739e-02
-6.207891e-02
-2.223833e-02
3.341589e-02
3.932328e-02
3.480192e-02
-7.121123e-02
-1.130866e-01
-8.131639e-02
1.618319e-03
-1.290638e-04
1.220539e-06
-1.679996e-04
2.211641e-04
1.204270e-03
1.381137e-04
1.890751e-03
-2.128249e-03
8.758066e-05
-1.515217e-03
4.498178e-03
-2.198303e-03
1.402729e-03
9.246250e-05
1.681093e-03
2.795945e-04
6.080255e-04
-1.484952e-03
-2.085767e-03
-9.300369e-04
-3.871831e-04
6.029840e-04
-3.719659e-04
-4.645964e-03
4.405382e-04
-3.012022e-03
8.806870e-04
-3.780789e-03
-2.418544e-04
-1.155175e-03
2.926071e-03
7.310261e-04
4.380804e-03
-9.115668e-04
-1.639802e-03
-2.608050e-03
-2.383969e-03
-1.316255e-03
-2.361457e-03
4.210695e-04
4.750229e-04
5.304966e-04
-1.947817e-03
1.535529e-03
-2.907532e-03
-2.243875e-03
4.340555e-03
2.207349e-03
-1.013793e-03
3.475387e-04
-1.515066e-03
1.685538e-04
1.071017e-03
-8.195366e-05
4.361226e-03
1.954400e-03
-2.746277e-03
4.103927e-03
2.572806e-04
2.995127e-05
5.989975e-04
7.298616e-05
-1.018961e-03
-9.323792e-04
2.730090e-03
-1.732015e-03
3.423276e-03
-2.243867e-03
1.441352e-03
2.059585e-03
2.778308e-03
2.043804e-03
2.211069e-03
2.204001e-05
5.172644e-04
5.610783e-04
1.050734e-03
-5.277565e-04
-1.496178e-03
-3.835606e-04
1.142863e-03
3.157002e-03
2.973121e-04
-7.794657e-04
4.089070e-04
-1.076521e-03
-2.875524e-03
-3.880162e-03
1.190657e-03
2.158584e-03
1.455806e-03
1.190870e-04
8.439338e-04
8.937203e-05
2.548878e-03
2.840704e-03
-9.149686e-05
-1.780653e-03
-2.941790e-03
2.763600e-03
-7.376817e-04
-3.244576e-03
-2.438878e-03
3.524084e-04
2.703683e-04
-2.965558e-03
-2.028279e-03
3.358003e-04
-1.738596e-03
-3.300576e-03
1.950866e-03
4.010783e-03
-4.112263e-03
1.487268e-03
3.315166e-05
-9.650448e-04
1.524954e-03
7.263122e-04
-9.293504e-04
-2.130858e-03
-4.022956e-04
1.101092e-03
-1.569550e-03
-1.694701e-03
2.331581e-03
2.084850e-04
6.637104e-04
1.713064e-03
-5.952150e-04
1.931610e-03
7.689598e-05
9.845764e-04
1.251754e-03
1.815546e-03
5.313861e-03
1.865385e-03
2.792857e-03
3.735011e-03
-1.472140e-05
-5.281787e-03
-5.853286e-04
2.090529e-04
7.542084e-05
7.306375e-02
9.285945e-02
-3.448421e-02
9.075600e-03
-2.168165e-02
-2.574824e-02
-5.067806e-03
2.637562e-02
-1.883193e-02
-1.561723e-01
-1.254064e-01
-3.816367e-02
-5.758873e-03
4.279727e-02
1.656907e-01
1.343835e-01
1.617030e-01
1.768376e-01
1.288579e-01
1.182923e-01
1.260132e-01
6.185457e-02
4.700194e-02
1.140119e-01
-1.647470e-02
-3.814629e-02
5.230310e-02
-6.903707e-02
-8.137008e-02
-5.334441e-02
-6.620073e-02
-8.636267e-02
-5.506989e-02
-5.699060e-02
-6.552115e-02
-3.435627e-02
-1.955363e-01
-1.000858e-01
1.788710e-03
-1.335479e-01
-3.153925e-02
2.078500e-02
-6.477971e-02
-9.488022e-02
1.775393e-02
5.915738e-02
2.580150e-02
1.926949e-02
4.593696e-02
6.015783e-02
7.824944e-05
8.517321e-02
6.361267e-04
-2.137100e-02
1.551347e-01
1.102230e-01
7.574324e-02
6.392379e-02
1.600584e-02
1.086096e-01
-1.510010e-02
-1.088278e-02
7.519662e-02
1.728080e-03
-2.923545e-02
-7.081292e-02
-1.381155e-01
-1.377261e-01
-7.863963e-02
-1.804467e-01
-1.943163e-01
-1.047644e-01
-6.439820e-02
-1.126144e-01
-2.075661e-01
1.170851e-02
-5.823042e-02
-2.099637e-01
9.270716e-02
1.460104e-02
-1.148898e-01
-1.859109e-02
1.107106e-03
3.448677e-02
-2.578081e-02
-9.311784e-04
4.418934e-02
5.633042e-03
2.006223e-02
6.125484e-02
3.179897e-02
-8.039173e-03
1.586729e-02
3.942193e-02
9.213483e-02
7.930054e-02
8.379157e-02
8.187468e-02
8.440069e-02
-5.709093e-02
-1.479123e-02
-7.842158e-02
-7.866181e-02
-3.211345e-02
-8.153445e-04
-1.190064e-01
-4.622607e-02
4.539543e-02
2.978456e-02
-1.899129e-02
-3.866220e-02
4.034524e-02
-5.097641e-02
-9.279544e-02
5.970197e-03
-5.341692e-02
-8.021227e-02
1.112699e-01
9.462922e-02
9.715810e-02
3.901061e-02
-9.014668e-03
5.662219e-03
-1.427199e-02
-2.698586e-02
-8.241312e-02
-1.436183e-01
-9.837935e-02
-1.031898e-01
-1.908182e-01
-9.523878e-02
-1.739975e-01
-1.896878e-01
-1.378298e-01
-1.534164e-01
2.258718e-02
1.448337e-03
-3.232156e-02
2.020074e-02
6.009200e-02
-2.677219e-02
2.401680e-02
6.501583e-03
-4.521507e-02
2.611535e-02
8.789747e-02
1.035259e-01
-3.908397e-02
-3.619521e-02
2.629133e-02
-1.409228e-01
-1.322600e-01
-9.571788e-02
-2.060519e-02
-1.209231e-02
-3.625018e-02
1.065381e-01
7.619071e-03
6.872136e-03
5.644820e-02
2.436226e-02
-2.124499e-02
-3.608889e-02
-6.107346e-02
-8.809669e-02
-6.813049e-02
-8.144473e-02
-1.612669e-01
-7.253040e-02
-1.239696e-01
-2.017120e-01
-1.700951e-01
-1.737555e-01
-2.099494e-01
-6.915255e-02
-4.942382e-02
-1.003661e-01
-3.113081e-02
-3.230986e-02
-6.900146e-02
-7.904213e-02
-1.533905e-01
-1.305005e-01
8.055168e-02
4.870599e-02
5.435864e-02
1.245500e-01
1.459448e-01
1.612312e-01
-6.683931e-02
-5.181676e-02
-9.969772e-02
-2.315557e-02
-2.509647e-03
-5.409766e-02
1.861479e-04
-1.130135e-02
-5.481672e-03
-5.358194e-02
-7.783813e-02
-3.402698e-02
1.865493e-02
-1.364688e-02
6.239017e-02
5.835936e-02
5.198755e-02
1.294383e-01
1.663864e-01
1.895647e-01
1.288408e-01
5.493413e-02
3.046983e-02
1.054678e-01
-1.639066e-01
-1.947197e-01
-1.507084e-01
6.382158e-02
3.907535e-02
2.232688e-02
1.213185e-01
3.320700e-02
3.653126e-02
8.144788e-02
4.670052e-02
2.698687e-02
2.435455e-02
8.969714e-02
9.738431e-02
4.053971e-02
3.955721e-02
6.948193e-02
-2.194056e-02
-4.326867e-02
-3.146465e-02
-3.230184e-02
-5.468290e-02
-4.351331e-02
1.544635e-02
7.679322e-03
3.379539e-03
4.598359e-02
1.094874e-02
2.582085e-03
-3.758687e-03
4.601274e-02
3.365887e-02
-8.201313e-04
6.997527e-03
6.355213e-02
-5.106040e-02
-4.693905e-02
-5.975957e-03
-4.872090e-02
-7.522176e-02
-5.643054e-02
-4.717949e-02
-1.634802e-02
-4.992750e-03
-3.346651e-03
-5.154987e-03
1.441868e-03
-1.118736e-02
-1.480689e-02
-2.496107e-02
-2.165130e-03
-2.165582e-02
-6.430846e-02
-1.630009e-03
-4.163943e-02
-5.720786e-02
-3.041672e-02
-6.142322e-02
-1.435542e-01
1.189541e-01
4.983452e-02
-4.668353e-02
1.078591e-01
8.839312e-02
4.146624e-02
1.010477e-01
1.726688e-01
1.060220e-01
-3.158370e-02
-2.996586e-02
-8.721047e-03
-1.467374e-01
-8.538447e-02
-6.199245e-02
-9.340575e-02
-9.257035e-02
-7.828849e-02
-8.045153e-02
-6.479534e-02
-5.172360e-02
-5.492359e-02
-5.157908e-02
-2.174603e-02
1.224464e-02
8.725758e-02
4.611374e-02
1.150468e-01
1.134177e-01
5.010358e-02
2.206148e-01
1.567538e-01
5.996780e-02
-9.761412e-03
-7.381258e-03
5.009420e-02
-1.922737e-02
-1.322116e-02
4.148217e-02
-1.651548e-02
2.139913e-02
6.313910e-02
4.566813e-02
-1.411010e-03
-2.428429e-02
-8.462983e-03
-3.509878e-02
-5.892661e-02
-5.087740e-02
-5.390529e-02
-8.115803e-02
1.335115e-01
4.258801e-02
-3.722752e-02
7.769628e-02
3.197539e-03
-8.366527e-02
-2.708251e-02
-6.180752e-02
-5.702667e-02
5.680515e-02
3.585694e-02
-2.713601e-02
6.749197e-02
3.560304e-02
-2.702339e-02
5.111391e-02
5.276787e-03
-1.030909e-02
-3.964274e-02
2.646935e-02
-3.009859e-02
-7.737629e-02
-2.124152e-02
-5.417958e-02
-1.739056e-01
-1.313969e-01
-1.246841e-01
-2.348354e-02
1.536890e-03
1.953291e-02
-2.766501e-02
-2.919611e-02
-1.187268e-02
7.628891e-02
5.309141e-02
-2.830747e-02
-2.713239e-02
-2.748821e-02
7.217680e-03
1.137196e-02
-6.934493e-03
5.058420e-02
6.997284e-02
5.217401e-02
2.518298e-02
2.867592e-02
9.537400e-03
1.190592e-02
3.205603e-03
-1.215416e-03
-1.169803e-02
-1.388762e-02
4.256680e-03
1.343741e-02
8.474597e-03
7.073471e-03
4.641815e-02
7.377306e-03
2.199173e-02
-8.587585e-03
1.211489e-02
2.323642e-02
3.579633e-02
-8.062448e-02
-1.070945e-01
-8.271523e-02
-1.536516e-01
-9.203911e-02
-9.404767e-02
-1.331910e-01
-1.524979e-01
-7.271904e-02
8.675488e-03
-1.154250e-04
6.776005e-02
-4.078270e-02
-6.807072e-02
4.470297e-02
-5.335987e-02
-2.433084e-02
5.737138e-02
2.910761e-02
3.486072e-02
6.790552e-02
-3.910505e-02
3.153714e-02
5.116334e-02
1.670034e-02
5.257291e-02
7.257015e-02
1.346756e-02
2.807364e-02
-1.645620e-02
1.446613e-02
9.355986e-03
-5.297874e-02
3.982987e-02
1.751285e-02
-3.452610e-02
-1.061970e-01
-8.690467e-02
-2.549808e-02
2.338069e-02
4.521310e-02
3.675928e-03
9.341399e-02
1.002590e-02
-3.530183e-02
4.656596e-02
3.509561e-02
-7.305729e-03
7.105580e-02
4.028606e-02
2.599443e-02
2.100895e-02
1.154563e-02
-6.945886e-03
-8.273953e-02
-7.157296e-02
-5.652828e-02
-6.663746e-02
-6.424040e-02
-8.164869e-02
-1.334055e-02
-9.778639e-02
-1.418756e-01
-3.687198e-02
-1.844382e-02
-3.965518e-02
5.235560e-03
4.007444e-02
2.958202e-02
7.701888e-03
7.904138e-02
9.268468e-02
4.652992e-02
6.575110e-03
-2.605348e-02
4.843299e-02
-5.800628e-03
-2.668175e-02
6.153993e-02
1.039092e-02
-1.987140e-02
-1.330620e-01
-8.403590e-02
6.128923e-02
-1.392643e-01
-1.080802e-01
-1.533051e-04
4.889173e-03
-4.492830e-02
3.365623e-02
-3.837306e-02
-7.274906e-02
-3.051471e-02
-3.108375e-02
-4.756517e-02
-4.124502e-02
4.195591e-02
-1.955757e-02
-2.847049e-02
8.398109e-02
5.892565e-02
5.045156e-02
9.152022e-02
7.314236e-02
9.564003e-02
9.788476e-02
9.471367e-02
1.427806e-01
-5.156777e-02
-6.996111e-02
-4.751496e-02
-2.239891e-02
-2.664424e-02
-9.567937e-02
-6.099902e-02
-1.053068e-01
-1.251566e-01
1.285109e-01
7.490791e-02
5.045862e-02
1.207287e-01
6.562188e-02
4.942000e-02
7.133055e-02
3.003627e-02
-4.035740e-03
5.756420e-02
3.355922e-02
3.448234e-02
7.154093e-02
7.483986e-02
6.372534e-02
5.642177e-02
5.127867e-02
6.528994e-02
-4.116270e-02
1.280203e-02
3.542759e-02
-5.238089e-02
1.655457e-02
1.004376e-02
-2.895408e-02
-2.844197e-02
-6.263034e-03
-7.004106e-02
-1.342926e-02
-2.993220e-02
-2.010458e-03
2.616210e-02
1.026306e-01
-2.087151e-02
6.721057e-02
1.350674e-01
7.097339e-03
-2.406571e-02
-2.689755e-02
-1.026017e-02
-3.199167e-02
-2.984302e-03
-6.274661e-02
-5.400277e-02
-4.959340e-02
-7.972402e-03
1.572992e-02
-9.884555e-03
-2.558744e-02
-1.781706e-02
2.453710e-02
3.993733e-03
7.026722e-02
5.204765e-02
-1.212211e-02
-3.370703e-02
-9.393058e-03
-2.630496e-02
-3.754447e-02
-6.049609e-02
1.492397e-02
-4.517322e-02
-6.847508e-02
-7.274059e-03
-4.758062e-02
-5.483213e-02
-9.623205e-03
-1.474938e-02
-4.608014e-02
2.765818e-03
-6.179296e-02
-8.207635e-02
-9.282426e-02
-2.994126e-02
2.304658e-02
-2.538628e-02
4.081685e-02
4.990261e-02
5.988691e-03
7.376722e-02
3.677411e-02
5.790495e-02
2.198637e-02
-6.680183e-02
5.299808e-02
5.584814e-02
-5.618036e-03
-9.142889e-02
2.659597e-03
1.988389e-02
-6.794403e-02
-4.318556e-02
-6.018709e-02
-1.863509e-02
2.039046e-02
5.570581e-02
-1.425710e-04
8.275738e-02
9.879784e-02
2.900491e-02
1.234802e-01
1.277084e-01
8.559700e-02
1.807091e-01
1.815801e-01
5.434660e-02
1.029901e-01
1.177436e-01
4.997828e-02
4.996828e-02
-1.423844e-02
5.443706e-02
4.254668e-02
4.707604e-02
-6.743005e-03
1.865109e-02
-1.059087e-02
5.471556e-02
4.452964e-02
6.135977e-02
2.002453e-02
6.557400e-02
1.379963e-01
-3.229305e-02
3.845573e-02
3.933117e-02
-5.060429e-02
5.505873e-02
1.004761e-01
-3.162425e-02
5.700422e-02
1.772697e-01
8.157448e-02
2.203097e-01
2.586634e-01
-4.775048e-02
-5.212293e-03
5.183405e-02
-5.518592e-02
-1.107809e-01
1.571825e-01
1.075917e-03
1.611855e-01
2.926419e-01
-8.888056e-02
-9.439215e-02
-1.099205e-02
-7.436552e-02
-5.232706e-02
8.443448e-03
-8.549599e-02
-5.263905e-02
3.278479e-02
6.562158e-03
4.204021e-02
8.548925e-02
4.992727e-02
8.990163e-02
9.582825e-02
-1.048599e-02
-3.654832e-03
-7.847121e-03
7.498317e-03
6.766944e-02
8.062652e-02
6.012810e-02
7.627341e-02
1.123148e-01
-5.214508e-02
2.536279e-02
3.329260e-02
-4.865317e-02
6.315286e-03
4.187429e-02
5.399762e-05
1.259833e-02
6.733630e-02
-2.438109e-02
9.134971e-02
-2.339311e-02
-1.186684e-01
-6.602550e-02
-6.988677e-02
-9.524778e-02
-4.201309e-03
-9.579410e-02
-5.610807e-02
-6.403144e-02
-7.896996e-02
2.665869e-02
-2.199637e-02
-2.337730e-02
4.460808e-02
-4.634446e-02
1.063955e-02
7.125865e-02
1.808231e-03
3.385159e-02
-4.537525e-02
-3.230044e-02
-5.525261e-02
-1.526018e-02
1.689607e-02
2.152799e-03
-3.176497e-02
3.792311e-02
-1.720884e-02
-1.027445e-01
-2.083438e-03
9.999210e-02
-9.198907e-02
1.359350e-02
1.430982e-01
-5.674176e-02
7.721072e-02
1.195576e-01
-2.912894e-02
-9.362816e-02
-1.171207e-01
-8.774170e-02
-8.776855e-02
-1.866977e-01
-1.083554e-01
-1.652566e-01
-1.776033e-01
-1.009466e-02
1.543400e-02
8.791244e-04
1.016632e-02
1.753722e-03
1.097641e-03
-2.670753e-03
9.340429e-03
1.965356e-02
6.131773e-02
2.538483e-02
2.729713e-03
8.841161e-02
6.003051e-02
1.245102e-02
3.079780e-02
1.891700e-02
-1.672349e-02
-5.745076e-02
-8.077954e-02
-5.277029e-02
-5.818702e-03
-5.103202e-02
1.062375e-02
1.430290e-02
-2.323936e-02
2.848891e-03
-1.042284e-01
-6.045370e-02
-2.155035e-02
-4.356177e-02
-4.078192e-02
4.622134e-02
-3.142776e-02
3.914560e-02
5.026901e-02
7.414353e-02
7.775583e-02
2.017561e-02
1.251098e-01
4.755132e-02
1.850623e-02
8.208342e-02
2.607541e-02
2.875032e-03
-4.621568e-02
-1.599034e-02
-1.434833e-02
-2.940956e-02
1.892731e-02
-1.211144e-02
-2.861572e-02
2.268653e-02
4.119392e-03
1.456324e-01
9.691665e-02
-2.781015e-02
1.239193e-01
2.034864e-02
-1.294242e-01
-3.321420e-02
-1.445481e-01
-2.048116e-01
-1.055581e-02
-7.756551e-02
-8.138335e-02
-1.362317e-02
-3.436337e-02
-6.376152e-02
-1.266868e-02
-5.541044e-02
-7.855312e-02
7.270423e-02
-1.277540e-02
-4.314799e-02
3.734097e-02
-1.519487e-02
-2.643589e-02
1.896015e-02
-2.218111e-02
-1.789645e-02
3.501827e-02
3.850187e-02
4.289859e-02
3.241727e-02
4.755882e-02
2.427420e-03
1.186924e-02
2.739779e-03
-8.908669e-03
-2.652656e-03
-3.312295e-02
-9.705051e-03
-1.142257e-02
2.845282e-02
-2.994619e-02
-9.877263e-02
-3.615378e-02
-4.339849e-02
-1.271374e-01
-1.081906e-01
-6.256837e-02
-8.543702e-02
-9.799094e-02
2.439565e-02
-2.128755e-02
-1.126857e-02
4.070680e-02
6.393316e-02
8.076902e-02
5.094119e-02
9.022537e-02
2.688261e-02
1.213872e-02
9.705210e-02
2.658486e-02
-2.805790e-02
-2.261175e-02
2.673083e-02
5.029095e-02
-9.901911e-04
3.889765e-02
6.564312e-02
-3.088469e-03
2.971134e-02
4.282712e-02
-1.537241e-02
-1.786681e-01
-2.534740e-01
-1.596582e-01
-1.188138e-01
-2.378967e-01
-1.304902e-01
-2.325189e-01
-1.949012e-01
2.383842e-03
2.375173e-03
-3.309621e-04
7.102590e-04
3.464591e-03
2.789020e-04
1.132017e-03
-3.891173e-03
-1.472572e-03
-1.405633e-03
1.697907e-03
2.838905e-03
-9.781902e-04
-9.458918e-04
2.628865e-04
-3.939274e-03
-8.742366e-04
1.639226e-03
-3.002520e-03
4.470560e-04
2.883124e-04
-2.371163e-03
-1.364819e-03
-1.187685e-03
3.414920e-03
-1.672570e-03
-5.536955e-04
3.159436e-04
1.340820e-03
7.675190e-04
1.285305e-03
1.745058e-03
1.551943e-03
-7.323715e-04
1.101825e-03
-2.765285e-03
-2.672275e-04
-5.552199e-05
2.379534e-04
-1.033252e-03
-1.736564e-03
1.342459e-03
-7.974284e-04
-1.429543e-04
2.882275e-03
2.407461e-03
2.728863e-04
-4.405948e-06
3.965177e-04
-1.970535e-03
-1.154397e-03
1.109834e-04
-1.347538e-03
-1.933658e-03
-1.149316e-03
3.009487e-03
1.131813e-03
1.301739e-04
2.528573e-03
-3.149517e-03
2.901877e-04
9.676982e-04
-1.617354e-03
4.796294e-03
-3.105568e-03
-5.698699e-04
-5.867844e-04
9.558487e-04
3.272524e-04
-2.403071e-03
1.666381e-03
3.104086e-04
1.704816e-03
6.583605e-03
-4.190657e-04
-1.730840e-03
1.991834e-03
-2.734111e-03
-1.267283e-03
-2.648099e-03
2.682768e-03
3.493795e-03
-1.395967e-03
-1.546187e-04
-8.599155e-04
-1.489279e-03
4.013075e-03
-1.173437e-03
-4.823445e-04
5.050880e-04
2.915797e-04
1.565753e-03
2.025881e-03
-5.142229e-04
3.752720e-03
-4.561165e-06
1.311752e-03
2.208653e-03
1.578675e-03
1.007279e-03
1.537965e-03
-6.028853e-04
1.317502e-03
-1.215473e-03
9.166035e-04
-2.378160e-03
-3.588886e-03
5.483894e-04
3.504231e-03
-1.608303e-03
1.356505e-03
1.675617e-03
-2.067911e-03
-6.158926e-04
8.575666e-04
2.284183e-03
-7.029374e-04
-1.859633e-03
2.914714e-03
3.522246e-03
-3.222181e-04
1.788845e-03
2.047146e-03
-2.603356e-03
6.450434e-04
1.231643e-03
-1.553066e-03
1.865748e-04
6.332510e-04
-8.390590e-04
3.418078e-03
2.206872e-04
-3.296598e-03
9.323969e-04
-2.625697e-03
9.023098e-04
3.722611e-04
-1.001787e-03
7.910660e-04
-3.722434e-04
-6.653412e-04
2.106593e-03
-1.343217e-03
-5.733274e-04
3.244642e-02
-2.186930e-02
-4.441928e-02
8.286453e-02
2.140860e-02
-5.994547e-02
1.348495e-01
5.827121e-03
-6.928360e-02
4.914380e-02
-4.125493e-02
-1.476729e-01
1.239980e-01
6.992191e-02
-1.220730e-02
6.545277e-02
1.168670e-01
1.359192e-02
-1.907482e-02
-3.017031e-02
1.751178e-03
9.960256e-03
1.741884e-02
4.627720e-02
-1.164188e-02
-2.265968e-02
-2.325143e-02
-9.776887e-02
-6.303453e-02
3.750890e-02
-4.178845e-02
3.918406e-02
1.316204e-01
-1.781334e-02
3.213838e-02
8.941630e-02
-4.822467e-02
-1.433109e-03
2.319005e-02
-4.357094e-02
-1.017326e-02
5.794971e-02
-1.448143e-01
-6.735434e-02
2.476238e-02
-1.097391e-01
1.686214e-02
5.012086e-02
-6.682120e-03
9.091276e-02
5.947829e-02
-9.276511e-03
7.071870e-02
-2.732387e-03
1.486888e-01
1.073570e-01
3.176767e-03
6.778039e-02
1.135053e-02
5.749289e-02
1.391723e-02
6.113928e-02
5.577769e-02
5.708587e-02
-3.143271e-02
-1.235304e-01
7.616674e-02
-5.494642e-02
-9.716522e-02
5.770941e-02
1.010802e-01
-1.195272e-02
-7.626779e-02
-1.171996e-01
-1.157722e-01
8.865108e-03
-4.831298e-02
-9.339835e-02
-1.468164e-02
-4.170143e-02
-1.516374e-02
1.992544e-02
7.704004e-03
8.596624e-03
6.749715e-02
5.786717e-02
3.917017e-02
2.467894e-02
2.229794e-02
1.169806e-02
-4.731912e-03
1.185247e-02
-1.053070e-02
8.729267e-02
1.794846e-02
-4.387730e-03
8.281763e-04
6.790304e-03
-9.993215e-03
3.644179e-02
8.022210e-02
3.286978e-02
7.685240e-02
-8.419738e-03
-4.567229e-02
3.309981e-03
-6.780241e-02
-1.204190e-01
-4.182825e-02
-4.099541e-02
1.254449e-02
-5.421284e-02
-7.596171e-03
2.197687e-02
-6.474485e-02
-2.002397e-02
5.186237e-02
-1.142899e-01
-9.231146e-02
-4.160744e-02
-1.236543e-01
-2.177583e-02
-2.815852e-02
-6.437945e-02
-4.723564e-02
-1.865901e-02
3.908025e-02
4.121768e-02
-5.941562e-02
7.187034e-02
1.450941e-02
2.208735e-02
3.640211e-02
5.183723e-02
2.667240e-05
1.794021e-01
-3.418533e-02
-1.604385e-01
1.113224e-01
6.633655e-03
-9.898277e-02
-1.328915e-02
-1.108762e-02
-4.377592e-02
8.602428e-03
3.736091e-02
4.146520e-02
-2.703353e-02
-3.000031e-02
3.438269e-02
-5.490975e-02
-3.671335e-02
-2.407400e-02
-6.644084e-02
-5.198246e-04
1.024219e-01
-1.338379e-02
1.530296e-02
8.405941e-02
-2.803581e-02
-8.895849e-03
3.288894e-02
5.119957e-02
3.803439e-02
7.097914e-02
6.971366e-02
4.632850e-02
8.703078e-02
3.112607e-02
4.651195e-02
8.236525e-02
6.901482e-03
-2.758421e-03
-1.018163e-03
4.490922e-02
1.978623e-02
5.165355e-02
7.364045e-02
1.217107e-02
4.678917e-02
2.492611e-02
1.395085e-02
-2.046426e-02
8.018033e-03
-3.743334e-04
4.844064e-02
-2.814832e-02
-1.304305e-02
4.733836e-02
-1.832557e-02
1.208949e-02
-1.021248e-02
-7.345649e-02
9.757701e-03
9.259025e-03
-8.529792e-02
-6.767253e-02
-3.249896e-02
1.064168e-01
2.677623e-02
-8.831427e-02
1.809771e-01
1.283134e-01
1.442759e-02
9.464356e-02
1.179627e-01
6.079115e-02
-3.758356e-02
1.287481e-02
1.040073e-01
-1.124428e-01
-4.150226e-02
1.019201e-01
-1.807031e-01
-5.732559e-02
7.506640e-02
-1.782464e-02
-4.216253e-02
-9.168349e-02
2.794139e-02
-2.547205e-02
-1.182995e-01
9.081119e-02
3.675925e-03
-1.181651e-01
6.743081e-02
2.539246e-02
1.711742e-02
1.064779e-01
5.158530e-02
5.582386e-02
1.763363e-01
1.498238e-01
1.314345e-01
1.307837e-02
9.559590e-03
6.520657e-02
3.812117e-02
5.338090e-02
9.268717e-02
-3.052097e-02
1.007460e-02
6.544743e-02
2.582477e-02
3.381767e-02
6.505369e-03
-1.051811e-02
-1.114611e-02
3.372759e-02
-5.910864e-03
2.445178e-02
3.572241e-02
1.662488e-03
-9.946100e-02
-1.328787e-01
1.009747e-01
-3.789179e-02
-9.847047e-02
1.415128e-01
1.576838e-02
-2.560831e-02
-3.801881e-03
-2.814503e-02
-1.216006e-03
-3.757225e-02
-2.126810e-02
4.247153e-03
-5.675715e-02
-4.868605e-02
8.104321e-02
-7.102557e-02
-1.696221e-02
1.164718e-02
-9.495226e-02
-6.473262e-02
-2.911957e-02
-1.181210e-01
-8.710578e-02
-5.774289e-02
-1.143512e-01
-8.863194e-02
4.955167e-02
-7.585977e-02
1.820981e-02
3.079264e-02
-1.250280e-01
-9.477500e-02
-6.129083e-02
7.968450e-02
9.899701e-02
1.582018e-01
2.527153e-02
4.022030e-02
1.144981e-01
-7.885500e-02
-5.978142e-02
3.798378e-03
-8.612305e-02
-3.047723e-02
2.506962e-02
-8.203122e-02
-6.250754e-03
1.426291e-02
-1.216158e-01
-6.461404e-02
3.310526e-02
-9.458174e-02
-1.069026e-01
-1.308102e-01
6.049738e-02
3.198754e-03
-5.983710e-02
9.335021e-02
4.597167e-02
5.094244e-02
-5.884155e-02
-8.048379e-02
-1.190496e-01
4.101136e-02
-1.693580e-02
-5.184139e-02
1.148743e-01
6.019313e-02
4.041955e-02
-3.135185e-02
-8.159836e-02
-8.874424e-02
7.722110e-02
6.390801e-02
3.883242e-02
1.245473e-01
1.410346e-01
1.225054e-01
-8.631225e-02
-9.326822e-02
-1.235994e-01
-1.601505e-02
-3.769417e-03
-2.170113e-02
-4.551530e-02
-4.014750e-03
-1.919949e-03
8.348756e-02
1.409182e-01
9.236825e-02
-3.719981e-04
6.473048e-02
6.297473e-02
-1.148548e-01
-6.493820e-02
-9.851674e-02
-8.481120e-02
-6.738624e-02
2.866644e-02
-1.099832e-01
-4.379448e-02
-5.113818e-02
-1.333234e-01
-1.228356e-01
-8.202486e-02
2.808435e-04
6.942728e-03
1.616918e-02
-3.528146e-02
-4.851714e-03
1.011425e-04
-4.889258e-02
-5.064712e-02
-5.999805e-02
-4.368820e-02
-2.539837e-02
-3.370054e-02
-4.863222e-02
-6.578633e-02
-7.136755e-02
-3.778318e-03
-3.154251e-02
-8.748117e-02
3.147502e-03
-1.357734e-03
1.384333e-02
-2.594487e-02
1.061880e-03
2.565140e-02
-3.030840e-02
2.013358e-02
6.150347e-02
6.678516e-02
4.780132e-02
1.146591e-02
-1.724724e-03
1.476516e-02
-5.332456e-03
-8.052428e-02
-1.044064e-01
-1.002003e-01
-4.323828e-03
-6.602434e-02
-4.733741e-02
3.860170e-02
-7.964963e-02
-4.213837e-02
1.105266e-01
2.508001e-02
2.352550e-02
-8.226050e-02
-6.640860e-02
-6.011194e-02
1.539623e-02
2.938890e-02
3.982960e-02
3.077674e-02
-1.421458e-02
1.004339e-02
5.673386e-03
1.629803e-02
-3.729083e-02
5.804044e-02
9.731661e-02
-1.295919e-02
6.812885e-02
7.147328e-02
-1.665326e-02
-1.012495e-02
4.695560e-02
8.591155e-02
-9.795193e-02
-1.987090e-03
-4.754207e-02
-1.136905e-01
-4.760474e-02
-4.206212e-02
-1.365514e-02
3.443378e-02
5.491779e-02
-5.992685e-02
-4.200135e-02
3.017503e-02
-6.597274e-02
-2.277731e-02
2.721650e-02
2.794259e-02
1.208207e-02
-9.300093e-02
3.679962e-02
-5.137011e-02
-1.983808e-02
3.353834e-02
1.490491e-02
-2.431048e-02
-1.032810e-01
-4.440238e-02
-8.060721e-02
-1.458307e-01
-5.805569e-02
-1.362377e-01
-1.789431e-01
-1.573117e-01
-1.785025e-01
-9.164182e-02
-6.627893e-02
-8.234116e-02
-9.051186e-02
-4.960627e-02
-1.121748e-01
-9.604993e-02
-8.369318e-02
-1.277614e-01
1.006668e-01
-1.465875e-02
-1.203721e-01
1.159219e-01
2.214815e-02
-1.074591e-01
1.387341e-01
7.754271e-02
-5.073339e-02
1.111122e-01
4.433414e-02
4.717983e-02
1.116483e-01
3.180533e-02
2.459236e-02
8.695247e-02
5.515023e-02
3.044187e-02
5.082555e-02
3.980473e-02
1.914448e-02
1.073156e-02
-4.397169e-02
-4.672109e-03
6.343557e-02
4.629387e-02
6.771729e-02
-6.496642e-02
7.288266e-03
1.788327e-02
-6.721189e-02
-6.524088e-03
-1.687437e-02
-7.067287e-02
-8.394981e-02
-6.482983e-02
5.478806e-02
1.291878e-02
-7.374922e-03
1.082596e-01
3.878922e-02
6.509399e-02
1.386179e-01
1.378503e-01
9.925406e-02
3.761045e-02
9.449412e-03
-1.835334e-02
4.313150e-02
1.048400e-03
-1.023345e-02
1.373728e-02
6.194090e-04
-2.356394e-02
3.391567e-02
3.092436e-02
2.713392e-02
5.605068e-02
6.410310e-03
1.729160e-02
2.810939e-02
1.199349e-02
1.140149e-02
-3.394475e-02
-5.719978e-02
-1.169303e-01
1.847937e-02
-3.902395e-02
-4.760257e-02
1.907326e-02
-1.178834e-02
-8.360086e-03
-8.354429e-02
6.712498e-03
4.900645e-02
-1.149887e-01
-3.198909e-02
6.422019e-03
-9.367707e-02
-4.637406e-02
1.333068e-02
-1.967952e-02
-6.221342e-02
2.728525e-02
-5.020308e-02
-3.926933e-02
1.853801e-02
-1.287077e-02
-4.973209e-02
-5.788734e-03
-8.334845e-02
-9.126513e-02
-1.654357e-01
-3.213125e-02
-4.411444e-02
-1.882320e-01
-4.500732e-03
-7.590760e-02
-2.039715e-01
-8.062460e-02
1.335824e-02
3.121238e-02
-9.973024e-03
1.697587e-02
1.453122e-02
-9.334583e-03
4.942905e-02
3.217486e-02
3.968200e-02
1.508873e-02
1.756752e-02
-9.852665e-03
-2.178896e-02
-3.840498e-02
1.141455e-02
-1.985562e-02
-1.329757e-02
-1.092150e-02
-5.460627e-02
-6.272978e-02
-7.183461e-03
-8.158726e-02
-9.887084e-02
-7.318496e-03
-6.911879e-02
-6.153220e-02
5.367761e-03
-5.142796e-02
-9.057914e-02
8.224896e-02
1.272167e-02
-9.677479e-02
3.554622e-02
-1.226432e-02
-8.768088e-02
1.003263e-02
-4.546941e-02
-8.478338e-02
3.025209e-02
-1.564135e-02
-5.370659e-02
1.050685e-02
-4.078627e-02
-5.876325e-02
-1.298362e-01
-1.373593e-01
-9.055024e-02
-1.011934e-01
-3.892424e-02
-3.064512e-02
-8.081008e-02
-6.280778e-02
-2.749597e-02
-2.610777e-02
-2.750528e-02
-2.051646e-03
2.974562e-02
-7.757878e-03
2.306087e-02
-2.414849e-02
-3.087341e-02
3.208946e-03
6.275659e-02
4.523275e-02
8.735349e-02
-3.992184e-02
-6.596985e-02
5.492276e-02
-6.731225e-02
-5.685536e-02
1.189581e-02
2.773600e-02
-5.727828e-02
-1.232282e-01
8.647490e-02
2.545144e-02
-1.204649e-01
7.884567e-02
1.116421e-02
-1.278011e-01
5.179775e-02
7.992918e-02
9.399042e-02
-1.692040e-02
3.484263e-02
1.161855e-01
4.973609e-03
1.040259e-02
8.507021e-02
-3.855558e-02
-6.617094e-02
9.294259e-03
-5.802171e-03
-1.160123e-02
3.586383e-02
5.952427e-03
-9.853262e-03
1.187703e-02
-7.465538e-02
-5.855023e-03
3.716721e-02
-3.194813e-02
2.144586e-02
4.664445e-02
1.701152e-02
2.371647e-02
6.055219e-03
3.188124e-02
8.493227e-02
5.264297e-02
-1.921622e-02
1.557643e-02
5.871297e-02
-1.158662e-01
-4.923441e-02
-7.213625e-02
-4.280645e-02
-7.987218e-02
-5.170291e-02
-3.759270e-02
-6.173528e-02
-8.261954e-02
-3.492537e-03
-4.477184e-02
-5.873637e-02
8.270248e-03
3.285702e-02
-4.606164e-02
1.975223e-02
5.489236e-02
-1.823181e-02
1.796277e-02
5.175784e-02
1.000337e-03
1.409322e-01
1.195837e-01
7.812198e-02
1.512140e-01
9.721117e-02
1.497127e-01
1.221606e-01
1.499158e-01
1.709936e-01
4.299050e-02
-2.637996e-02
-1.158347e-01
7.708367e-02
1.131183e-03
-9.546877e-02
1.067899e-01
2.350624e-02
-6.171399e-02
2.473356e-02
1.285639e-02
-7.086329e-02
4.787057e-02
-1.814391e-02
-3.857594e-02
5.325668e-02
2.345771e-02
-4.404702e-02
2.424930e-02
-1.430031e-01
-2.147241e-01
6.092599e-02
-1.147994e-02
-4.130820e-02
7.037383e-02
6.562932e-02
7.063545e-02
9.598895e-02
1.806179e-02
-3.980667e-02
6.547613e-02
-1.470088e-02
-8.325405e-02
3.582576e-02
-4.549923e-02
-1.187900e-01
-1.476543e-01
-1.164939e-01
-5.570070e-02
-1.514778e-01
-5.688799e-02
-2.255564e-02
-8.569577e-02
1.288122e-03
2.714962e-02
-3.130935e-02
-6.417654e-02
7.186176e-03
2.929874e-04
-6.718693e-05
1.063492e-01
-3.606256e-02
3.087413e-02
1.683792e-01
-1.440368e-01
-3.501343e-02
5.695127e-02
-7.916924e-02
3.698179e-02
1.040917e-01
1.232759e-02
1.181320e-01
1.050409e-01
1.717997e-01
1.391184e-01
9.472718e-02
-2.096508e-02
-6.449085e-02
-3.577923e-02
-1.297972e-01
-1.158014e-01
-1.198914e-01
1.173090e-01
4.244344e-02
-1.355838e-01
1.405837e-01
-4.039597e-03
-1.245341e-01
-2.190234e-02
1.667950e-02
-5.702182e-02
-1.952171e-02
-5.177630e-02
-2.766283e-02
5.382933e-02
-7.159720e-02
-1.174255e-01
7.338426e-02
-9.555047e-02
-1.239142e-01
-3.688473e-02
-5.038283e-02
-2.406935e-02
2.154470e-02
5.463234e-02
4.161989e-02
9.473353e-02
1.382851e-01
9.142155e-02
-1.271993e-01
-1.966154e-02
-2.495127e-02
5.948896e-02
6.847693e-02
2.535529e-02
1.943553e-01
1.260517e-01
4.232651e-02
-9.064777e-02
7.209115e-02
4.518560e-02
1.219219e-01
8.814435e-02
-1.098904e-02
1.087718e-01
4.423925e-03
-6.258295e-02
3.609502e-02
1.208009e-02
-7.314256e-03
-7.889727e-03
-1.827668e-02
-6.883407e-02
-2.532287e-02
-5.481241e-02
-5.399690e-02
-6.279242e-02
-9.775562e-03
-8.220214e-02
-5.640681e-02
-5.485968e-04
-3.313557e-02
-1.129124e-01
-7.730400e-03
-6.312325e-04
5.997813e-02
2.791396e-02
-1.710698e-02
2.633877e-02
-1.964401e-02
2.145441e-02
9.412196e-03
-1.392935e-02
4.716727e-02
4.336461e-01
2.763551e-01
2.980705e-02
2.217743e-01
-2.932591e-02
-6.976303e-02
-1.784527e-02
-5.539374e-02
-1.544047e-01
-3.274851e-02
-5.299119e-02
-5.809188e-02
2.218036e-02
-1.377134e-02
-1.984871e-02
7.081093e-02
4.924168e-02
3.441261e-02
-3.349069e-02
2.955884e-02
8.124033e-02
-4.155297e-02
1.191895e-02
1.158049e-01
-1.868876e-02
3.943862e-02
8.260900e-02
-1.497685e-02
-3.584414e-02
-5.059324e-02
-2.590017e-02
-5.293312e-02
-6.562338e-02
-3.069876e-02
-6.384582e-02
-6.815855e-02
7.936838e-03
1.733107e-02
3.459831e-03
-4.856222e-02
-5.008882e-02
-7.278271e-02
-9.886400e-02
-1.045406e-01
-1.129648e-01
6.858176e-03
3.512563e-02
9.319367e-02
-4.699789e-02
1.527042e-02
5.551974e-02
-1.882414e-02
3.648215e-02
7.426444e-02
-1.031174e-02
8.062710e-03
8.970593e-03
-3.007374e-02
3.095009e-02
7.901634e-05
-3.307638e-02
6.572001e-03
-8.472320e-03
8.080602e-02
8.140665e-02
9.363648e-02
6.787174e-02
7.089749e-02
8.927901e-02
6.873745e-02
1.062954e-01
8.285943e-02
-1.067790e-02
-3.675144e-02
-2.617243e-02
-1.407098e-02
4.290615e-03
-5.144746e-03
-2.789772e-02
-5.669802e-02
-2.482977e-02
3.148063e-02
1.915282e-02
2.879667e-02
6.290378e-02
3.197110e-02
4.719373e-02
6.306323e-02
5.025041e-02
1.957398e-02
1.407265e-02
5.513015e-02
5.851035e-02
3.240703e-02
6.724852e-02
5.958720e-02
4.112980e-02
4.918111e-02
3.056493e-02
-3.543001e-02
-2.895220e-02
-3.817977e-02
-3.506507e-02
2.044209e-02
-9.355925e-03
-4.488581e-02
-1.682183e-02
-4.027413e-03
-4.645958e-02
-4.729743e-02
-2.047829e-02
1.324078e-02
-2.354350e-02
-1.836644e-02
1.720280e-02
4.738281e-02
4.685793e-02
7.000986e-02
3.080866e-02
1.400074e-02
2.783522e-02
-1.027198e-02
-5.467264e-03
1.364851e-02
-2.298876e-02
-7.193450e-03
2.220449e-02
-1.710578e-02
-8.340379e-03
4.193484e-02
-9.372159e-03
-1.235600e-02
6.086342e-02
4.512516e-02
-4.210325e-04
-7.989211e-03
1.779328e-02
-7.475516e-03
-2.557520e-02
7.498619e-03
-3.992622e-02
-3.094581e-02
-2.685156e-02
-5.694968e-02
-3.391863e-03
2.071617e-03
9.696720e-03
3.767706e-02
4.817714e-02
5.154589e-02
-3.087131e-02
1.141011e-02
-2.986662e-04
-1.780793e-02
-2.845717e-02
-2.725827e-02
-1.202906e-02
-3.081902e-02
-3.079361e-02
-2.735143e-04
-1.618963e-02
-1.919926e-02
1.119798e-02
-6.740310e-04
7.089382e-03
-1.797698e-02
-2.395006e-02
9.562097e-03
-1.710496e-02
-1.963380e-02
1.640827e-02
3.636387e-02
1.870906e-02
1.585845e-02
4.510947e-02
1.137291e-02
-1.840522e-02
4.414047e-02
2.490828e-02
-5.007610e-03
-3.292361e-02
-4.627856e-02
-3.691028e-02
-4.309481e-02
-4.615243e-02
-5.126885e-02
-4.173386e-02
-4.249445e-02
-5.392357e-02
1.929655e-02
2.220906e-02
-1.214163e-02
2.189365e-02
-3.829326e-03
-2.947111e-02
4.334623e-02
1.675639e-02
-1.605321e-02
-2.460828e-02
-2.159551e-02
-2.070387e-02
-4.694011e-02
-3.128608e-02
-4.895682e-02
-4.879274e-02
-3.949685e-02
-4.187136e-02
1.315219e-02
3.453276e-02
7.206292e-02
-4.168959e-02
-1.787006e-02
2.190558e-02
-7.609628e-02
-7.147840e-02
-3.530678e-02
-1.819717e-03
-4.421520e-02
-3.804486e-02
-2.094163e-03
1.493411e-03
-1.865537e-02
3.378768e-02
4.432766e-03
-1.017505e-02
6.321744e-02
4.433420e-02
3.558971e-03
4.531661e-02
3.080930e-02
2.850265e-02
2.227749e-02
1.694471e-02
3.002263e-02
2.070849e-02
1.410844e-02
2.103616e-02
2.267114e-02
3.148822e-02
3.234437e-02
2.179946e-02
2.749764e-02
2.570209e-02
-1.117665e-02
-3.810500e-02
-4.583970e-02
-3.797331e-02
-4.502735e-02
-5.143654e-02
-4.063520e-02
-4.799421e-02
-6.164658e-02
4.306985e-02
2.882260e-02
2.825861e-02
9.394467e-03
1.473642e-02
3.132736e-02
1.462719e-03
3.387222e-03
3.583284e-02
1.170210e-02
1.142214e-02
2.138065e-02
1.121654e-02
1.813244e-03
3.843997e-03
-1.029476e-02
-2.540654e-02
-2.906064e-02
1.794098e-02
-9.212071e-03
1.854704e-02
4.674974e-04
-2.531798e-02
-9.984043e-03
-1.366830e-02
-1.049329e-02
-7.036763e-03
2.549928e-02
-1.849530e-03
-1.336888e-02
2.227826e-02
1.716013e-02
2.163464e-03
2.694260e-02
2.059781e-02
2.579577e-02
1.085989e-02
5.242558e-03
-1.050940e-02
1.510657e-02
-9.884859e-03
2.731281e-02
1.440048e-02
3.483032e-02
4.149337e-02
-1.162110e-01
-1.177495e-01
-1.514599e-01
-8.244012e-02
-2.101071e-02
-1.523515e-01
-1.901262e-02
-4.402502e-02
-1.001416e-01
-2.161863e-02
-2.317078e-02
-1.550469e-02
1.232518e-02
-3.777091e-03
1.857552e-02
7.444065e-02
-8.501299e-03
-9.634054e-03
-1.008116e-01
-9.007071e-02
-7.860748e-02
-1.136000e-01
-9.101830e-02
-1.201998e-01
-1.163004e-01
-1.374844e-01
-1.701946e-01
3.009978e-02
1.619476e-03
2.567675e-02
-5.511843e-02
-8.191886e-02
-2.894144e-02
-3.894537e-02
-6.188596e-02
-4.898928e-02
-1.741130e-02
2.486460e-02
2.128598e-02
-5.061109e-02
-3.379361e-02
2.454603e-02
-5.081719e-02
7.306017e-03
3.664172e-02
1.073645e-01
4.450240e-02
7.238047e-02
8.751109e-02
5.624542e-02
1.425403e-02
2.135446e-02
3.105869e-02
-1.170753e-02
1.057428e-01
1.209048e-01
1.032403e-01
6.133565e-02
4.442897e-02
5.311459e-02
6.142690e-02
4.364387e-02
8.512499e-02
-7.163806e-02
-1.471443e-01
-1.847533e-01
-7.578626e-02
-1.314733e-02
-1.638950e-01
-8.188088e-02
-1.984886e-01
-1.931464e-01
9.078085e-02
3.608493e-02
8.458551e-03
2.994848e-02
2.495809e-02
-2.298334e-02
-2.862798e-02
2.830492e-04
-1.687756e-02
3.028010e-02
-3.965917e-02
-3.046758e-02
-9.201327e-03
-3.804973e-02
-3.059773e-02
-2.150181e-02
-6.661057e-02
-7.331340e-02
7.880528e-03
6.866031e-02
8.601066e-02
1.214395e-04
-4.843201e-03
3.921342e-02
3.199932e-02
5.020389e-03
-8.021685e-03
-1.253712e-01
-1.002598e-01
-9.953483e-02
8.408399e-03
2.137764e-02
-9.926421e-02
1.050797e-01
1.126862e-01
4.480321e-02
1.405297e-02
3.758037e-02
9.887917e-02
-6.985508e-02
-9.448501e-02
5.215771e-02
-8.353814e-02
-5.646990e-02
1.799120e-02
8.267592e-02
-2.908000e-04
2.093113e-02
6.942578e-02
-2.635032e-02
-5.840586e-02
1.237587e-01
8.319243e-02
-2.141671e-02
1.094509e-01
7.793442e-02
4.688438e-03
6.533721e-02
6.225457e-02
1.341585e-02
4.495247e-02
1.065177e-01
7.795277e-02
-7.970519e-02
-1.272867e-01
-2.174245e-01
-4.739346e-03
-1.597100e-02
-1.407627e-01
-1.383190e-02
-9.660997e-02
-1.033508e-01
2.889535e-04
-5.736179e-03
-3.332975e-03
2.241281e-03
-1.020665e-02
3.613303e-04
3.131115e-02
1.129375e-03
7.288022e-03
4.140648e-02
1.270407e-02
3.044670e-03
-3.285319e-04
-7.684826e-03
1.340284e-02
-2.346655e-02
-1.938072e-02
1.890079e-02
-9.040818e-03
-1.816340e-02
-4.041738e-03
3.535747e-03
-1.007490e-02
3.303557e-03
1.413688e-02
-2.148233e-03
1.725974e-02
-1.828080e-02
-1.926269e-02
-8.648242e-03
-1.801413e-03
1.046685e-03
7.571737e-03
-7.283246e-04
4.551730e-03
3.401217e-03
-3.289593e-02
-3.532467e-02
1.072697e-02
-3.692877e-02
-3.221518e-02
1.833601e-02
-7.163906e-02
-6.520347e-02
-2.185998e-02
-3.002398e-02
-2.746467e-02
-2.187542e-02
-1.724613e-02
-4.279266e-03
-2.698220e-02
-3.139507e-02
-3.808596e-02
-5.182580e-02
2.015112e-02
1.012004e-02
2.064467e-02
2.381217e-02
3.195703e-02
1.445439e-02
3.032310e-02
3.087107e-02
1.073547e-02
6.202824e-02
3.256077e-02
2.363401e-02
3.095390e-03
-6.969477e-03
9.091771e-03
-3.843680e-02
-5.641925e-02
-3.021212e-02
-5.521473e-02
-6.702745e-02
-5.426983e-02
-4.143875e-02
-4.114619e-02
-4.438585e-02
-4.787103e-02
-4.913069e-02
-2.616011e-02
-4.007905e-02
-4.961391e-02
-4.752486e-02
-6.481645e-02
-4.714043e-02
-5.085808e-02
-7.668945e-02
-7.097126e-02
-6.626766e-02
2.633698e-03
-9.138891e-03
8.987610e-03
-9.104970e-03
-1.609403e-02
-2.057313e-02
-1.825576e-02
-4.271354e-02
-4.070933e-02
2.338639e-02
1.082714e-02
5.113849e-02
1.799117e-02
-1.119681e-02
-9.982039e-03
4.832805e-03
-4.845477e-02
-6.200438e-02
2.875045e-02
-1.307132e-02
-4.162294e-02
5.941733e-02
-5.028911e-03
-2.386297e-02
7.134694e-02
1.511841e-02
-1.165551e-02
-1.306138e-02
-4.495704e-03
2.001996e-02
-1.065925e-02
-3.188887e-02
-2.322318e-02
-1.901669e-02
-4.904202e-02
-4.168754e-02
2.105113e-02
4.342910e-02
8.382148e-02
2.489068e-02
4.143762e-02
1.050578e-01
3.881614e-04
4.108291e-02
1.036552e-01
-1.702573e-02
-9.121567e-03
1.085540e-02
-4.358930e-02
-3.457303e-02
8.445183e-03
-4.874515e-03
-1.655742e-02
4.560605e-03
5.376120e-02
5.513709e-02
-3.829066e-03
-1.530646e-02
-6.092852e-03
-1.056342e-02
-5.756721e-02
-4.515914e-02
-3.262570e-02
1.425219e-01
5.363006e-02
-2.683145e-02
-1.046433e-02
1.071912e-02
-1.390330e-02
-9.198878e-02
-2.669589e-02
6.963721e-03
-4.938908e-02
-9.175524e-02
-4.026997e-02
-3.552791e-02
-1.092250e-01
-7.802032e-02
-1.511989e-02
-9.780124e-02
-5.329785e-02
-1.049111e-01
-1.508252e-01
-2.875287e-02
-1.689508e-01
-2.053029e-01
-5.849643e-02
-1.461551e-01
-1.869174e-01
-2.910495e-02
-2.944805e-02
-6.385652e-02
5.033885e-02
4.480509e-03
-3.775612e-02
9.710011e-02
-2.872322e-02
-6.355884e-02
6.056680e-02
4.397183e-02
-1.822061e-02
1.597651e-02
-2.800492e-03
1.967724e-04
3.934813e-02
1.999072e-02
-8.014461e-04
6.034407e-02
-7.308698e-02
-6.162303e-02
1.677397e-02
-1.849679e-01
-1.189908e-01
-8.226330e-02
-2.323574e-01
-2.409235e-01
-1.189389e-01
1.216806e-01
1.161816e-02
9.352541e-03
7.012127e-02
-1.487529e-02
2.498695e-04
1.108160e-02
-1.135684e-02
4.782207e-02
-2.595950e-02
-1.086031e-01
-1.207461e-01
-6.976161e-02
-1.444870e-01
-1.450256e-01
2.888845e-02
-6.138704e-02
-4.723344e-02
-1.352716e-01
-1.367867e-01
-1.217648e-01
-1.481977e-01
-1.082371e-01
-1.205989e-01
-7.676987e-02
-6.164841e-02
-5.016647e-02
1.245113e-01
9.079911e-02
8.286739e-02
1.511587e-01
8.309708e-02
4.715497e-02
1.497099e-01
9.174097e-02
1.725748e-02
-2.573205e-02
5.822509e-02
1.424881e-01
-5.604825e-02
3.974339e-02
1.344667e-02
-6.103785e-02
-7.400197e-02
-1.091657e-01
1.013991e-01
-5.464967e-02
-1.363795e-01
1.567258e-01
-9.568191e-02
-1.299261e-01
1.371501e-01
-2.808321e-02
-8.720104e-02
6.404275e-02
5.388119e-02
-9.286991e-03
6.224562e-02
5.773399e-03
2.305674e-02
5.428736e-02
4.728642e-02
4.710947e-02
1.456871e-02
-2.903896e-02
6.230604e-02
-3.188029e-02
2.132441e-02
2.676629e-02
-5.205052e-02
-7.727445e-02
-1.634120e-02
-7.295156e-02
-6.173776e-02
-2.822698e-02
-1.010791e-01
-3.746369e-02
-4.338223e-02
-3.351223e-02
2.380366e-02
1.593812e-02
-6.218820e-02
-5.717115e-03
4.366655e-02
-8.253971e-03
2.265961e-02
-1.443054e-02
2.694073e-02
-6.703567e-02
-4.264534e-02
1.458845e-01
-4.998667e-02
-1.695669e-01
1.133950e-01
-3.000102e-02
-1.966648e-01
7.605300e-02
-4.797434e-02
-2.089023e-01
-2.049814e-03
-1.266281e-02
-1.128229e-02
5.626997e-03
-1.150438e-02
3.032407e-02
3.892934e-02
1.041037e-02
6.408273e-02
-9.641992e-02
-6.608614e-02
-2.271471e-02
-7.204282e-02
-2.356567e-03
6.657390e-02
-1.377653e-02
2.872697e-02
1.046917e-01
6.755929e-02
-3.951544e-02
-1.086608e-01
1.129772e-01
-3.267908e-02
-9.382100e-02
1.099239e-01
3.635041e-02
-4.961814e-02
3.382281e-02
1.306151e-02
-5.366506e-02
2.846834e-02
1.279146e-02
-3.848378e-02
5.201032e-02
1.097847e-02
-7.962081e-02
4.870959e-02
-1.718071e-02
-2.017862e-01
8.989727e-02
8.699053e-02
-1.536545e-01
3.030440e-02
6.507667e-02
-1.332410e-01
1.431832e-01
7.041471e-02
-5.298136e-02
1.598525e-01
7.045279e-02
-4.920883e-02
8.317220e-02
-3.777540e-04
-1.513118e-01
-1.494472e-01
-7.850997e-02
-1.681444e-02
-7.108072e-02
-1.894061e-02
-2.057578e-02
-4.193552e-02
-1.005924e-02
-4.331325e-02
-9.375530e-03
-4.395097e-02
-7.919230e-02
1.214917e-02
-4.827425e-02
-6.800537e-02
2.505923e-02
7.516024e-03
-6.334982e-02
-6.839272e-04
8.801735e-03
-5.547452e-02
8.550212e-02
2.656730e-02
-4.538834e-02
4.880319e-02
3.792201e-02
-3.703757e-02
8.313321e-02
6.862164e-02
-2.818248e-02
1.198905e-01
4.756910e-03
-1.094560e-01
8.246430e-03
-6.488046e-02
-1.461036e-01
-2.355462e-01
9.120489e-04
1.376300e-01
-2.035563e-01
1.660129e-02
2.014798e-01
-1.641913e-01
5.050471e-02
2.417791e-01
1.863190e-02
2.208568e-02
-1.364290e-03
-5.687634e-02
4.759658e-02
3.736143e-03
-3.204517e-02
-6.481519e-02
-1.912765e-02
1.415453e-02
-1.873728e-03
-7.961293e-02
7.688914e-02
-1.310197e-02
-8.308442e-02
1.029992e-01
-1.702112e-02
-9.043234e-02
1.739550e-01
5.573534e-02
-7.140252e-02
1.513523e-01
-1.168858e-02
-1.178479e-01
1.833203e-01
2.329139e-03
-9.224031e-02
5.318171e-02
7.859132e-02
2.500515e-02
6.079028e-02
6.262494e-02
1.154759e-01
-4.806678e-02
-1.797926e-02
4.430191e-02
-1.933325e-01
-1.791693e-01
-1.196738e-01
-1.806747e-01
-1.360486e-01
-1.338340e-01
-8.249756e-02
-1.181312e-01
-1.110328e-01
4.129618e-02
8.442672e-02
8.054388e-02
1.823288e-02
6.375761e-02
1.357403e-01
-6.092179e-02
-4.964197e-02
3.260164e-02
2.668527e-02
6.818608e-04
-2.610365e-02
9.487693e-03
-5.394896e-02
-6.143241e-02
1.200985e-02
-6.614164e-02
-1.093627e-01
-2.058554e-01
-1.515236e-01
-1.241145e-02
-1.673311e-01
-1.308470e-01
-1.020319e-01
1.877714e-02
-5.677257e-02
-4.657065e-02
-8.590218e-02
-9.540557e-02
-6.166662e-02
-7.468681e-02
-2.545443e-02
-6.040492e-02
-9.580961e-03
-4.868865e-02
-6.833874e-02
5.375308e-02
8.459496e-03
-6.796477e-03
1.239047e-01
6.719972e-02
2.397252e-02
1.548097e-01
1.851722e-01
1.265267e-01
-1.151625e-01
-1.204583e-01
-1.070838e-01
-1.386328e-01
-8.200806e-02
-1.309602e-01
-1.282493e-01
-1.162428e-01
-5.033184e-02
2.252723e-02
2.222773e-02
7.802695e-03
-2.026454e-02
-6.158713e-02
-6.223195e-02
-7.055038e-03
-3.510305e-02
-7.614670e-02
-4.367432e-02
-3.857594e-02
-4.063127e-02
-1.378046e-02
-1.309980e-02
-1.853292e-02
-3.870443e-03
-3.073887e-02
-5.489289e-02
-2.261873e-02
1.042552e-02
2.276206e-02
3.209176e-02
5.160600e-02
1.966433e-02
6.105369e-02
2.342526e-02
4.478906e-02
6.298242e-02
3.699976e-02
-6.355962e-03
1.786724e-01
1.445435e-01
1.695050e-01
7.931957e-02
1.724674e-01
1.958770e-01
2.744495e-02
-4.239009e-02
-2.116224e-02
-1.509540e-03
-8.774591e-02
-3.069307e-02
-3.396530e-02
-9.387229e-02
-6.945985e-02
3.272671e-02
2.353963e-02
-2.208611e-03
1.627985e-02
-5.981556e-02
7.834608e-03
2.787244e-02
1.191199e-02
-1.843572e-02
-7.755782e-02
-6.654149e-02
-4.576571e-02
-5.113255e-02
-7.734277e-02
-9.383056e-02
5.747314e-02
-4.807967e-02
-9.314819e-02
-1.263194e-01
-1.582995e-01
-1.424852e-01
-1.207529e-01
-6.713167e-02
-1.521445e-02
-5.437122e-02
-6.868752e-02
-1.264811e-02
-1.576022e-02
-1.112502e-02
-4.240848e-02
-3.587242e-03
-4.506850e-02
-1.813597e-02
-3.924323e-02
-1.624888e-02
-1.462406e-02
-1.414652e-02
6.853394e-02
1.325699e-01
-5.039466e-03
3.329046e-02
1.236248e-02
-1.143251e-02
-4.768025e-02
-2.226740e-02
-2.969942e-02
-1.440140e-01
-1.845998e-01
1.120328e-01
4.222472e-02
-4.159548e-02
3.233458e-01
3.537779e-01
2.284701e-01
-3.852701e-02
-3.052842e-02
-9.896032e-04
-7.498992e-02
-3.055524e-02
-1.119889e-02
-3.400615e-02
-2.363766e-02
1.059812e-03
5.336319e-02
9.911141e-02
6.187315e-02
-2.787194e-02
6.728495e-02
3.093587e-02
-1.353259e-01
-9.061723e-02
-1.901871e-03
-8.288305e-02
-3.678994e-02
-5.747037e-02
-9.581008e-02
-3.472099e-02
-4.033704e-02
-9.868978e-02
-9.810459e-02
-8.953751e-02
1.318311e-01
2.024847e-01
1.880610e-01
8.459707e-03
5.881459e-02
2.004594e-01
-9.332857e-02
3.370896e-03
1.358369e-01
-1.495314e-02
1.475980e-02
6.057067e-02
-7.604524e-02
-6.685010e-02
-1.216925e-02
8.693426e-03
8.653338e-02
6.180993e-02
-8.782549e-02
-9.979939e-02
-4.528167e-02
9.938622e-03
-4.355991e-02
-2.327721e-02
-4.688432e-03
-5.302077e-02
-3.595062e-02
-3.493956e-02
-5.397113e-02
-4.154601e-02
-7.592559e-03
-5.146753e-02
-6.351699e-02
-6.141484e-02
-1.115159e-01
-1.105742e-01
2.008397e-02
5.828153e-02
5.841328e-02
8.961068e-03
5.592512e-02
5.105402e-02
-6.595343e-02
-6.065167e-02
-3.516517e-02
-5.900068e-02
-2.142621e-02
-1.194119e-01
-2.636557e-03
-3.022792e-02
-2.783744e-02
-2.507703e-02
7.214181e-02
6.182108e-03
-3.849759e-02
2.289661e-02
5.008890e-02
-6.753192e-02
-1.490503e-02
-4.043120e-02
-3.565443e-02
-5.010680e-02
-7.518167e-02
6.832350e-02
3.265496e-02
-2.731688e-02
4.840102e-02
7.288310e-02
9.337601e-02
4.470233e-02
1.509176e-01
1.433565e-01
4.728112e-02
1.135204e-01
1.053018e-01
-6.749636e-03
2.398743e-02
9.370842e-02
-7.808994e-02
-3.733880e-02
-2.395790e-03
1.833687e-02
2.232885e-02
3.556054e-02
-2.614039e-02
-6.505983e-02
-1.616926e-03
-1.993482e-02
5.356881e-02
-3.046981e-03
6.231816e-03
-4.967842e-04
-2.465062e-02
1.271474e-02
4.516466e-03
2.092344e-02
1.259751e-02
1.471055e-02
3.861899e-02
-8.478113e-02
-5.008582e-02
1.855185e-04
-4.053246e-02
2.317094e-02
6.796339e-02
4.410951e-02
1.027095e-01
3.823404e-02
3.126566e-02
1.912565e-02
-6.819894e-03
1.081209e-02
-9.996471e-03
-1.956386e-02
1.076446e-02
1.331675e-02
2.205785e-02
5.071340e-02
1.690520e-02
1.837735e-02
3.159431e-02
8.494911e-03
1.004817e-02
2.118179e-02
1.831840e-02
2.546784e-02
-7.123607e-02
-6.188307e-02
-4.051042e-04
-8.336543e-02
1.149952e-02
4.397197e-02
-6.164527e-02
3.266067e-02
1.080800e-01
-4.148982e-02
-6.576523e-02
-6.471943e-02
-7.135226e-02
-6.529260e-02
-4.482162e-02
-1.149615e-01
-9.109541e-02
-5.299099e-02
1.607070e-02
1.662748e-02
1.351952e-02
7.413585e-02
3.400408e-02
9.354318e-03
-1.304220e-02
-7.597636e-02
-7.913196e-02
4.195962e-02
-2.053925e-02
-9.926059e-03
-4.794293e-02
-8.748309e-02
-1.347866e-02
-4.412433e-02
-2.769332e-02
3.577022e-02
1.012385e-01
4.526683e-02
2.959147e-02
1.462995e-01
5.820392e-02
2.966980e-02
1.389651e-01
2.610396e-02
-1.707150e-02
-8.405817e-03
9.961348e-03
3.379597e-02
4.256554e-03
1.465824e-02
3.974394e-02
3.518483e-02
3.811180e-02
4.344391e-02
-2.738786e-02
-2.622060e-03
1.028328e-02
-4.402109e-02
5.716220e-03
2.660031e-02
-1.111472e-02
3.875886e-02
5.541196e-02
-1.007476e-01
-8.872869e-02
-4.363279e-02
-1.104254e-01
-7.236261e-02
-6.147222e-02
-1.075373e-01
-8.783703e-02
-2.948476e-02
7.925010e-02
3.140523e-02
-5.347039e-02
1.498777e-01
2.708485e-02
-3.552869e-02
1.272962e-01
2.397726e-02
-3.036509e-02
-4.617889e-02
-1.224563e-02
-4.236944e-03
-6.008535e-02
-2.368308e-02
-7.685372e-03
-6.223794e-02
2.395198e-02
5.579676e-02
-4.005698e-02
-8.013929e-02
-3.207624e-02
-5.225145e-02
-6.363955e-02
-3.224671e-02
-7.775761e-02
-8.204977e-02
-1.333471e-02
5.239056e-03
4.314705e-02
7.227883e-02
6.792400e-02
5.412193e-02
6.915019e-02
6.987079e-02
6.174363e-02
3.093871e-02
2.012728e-02
5.318461e-02
-1.463452e-02
4.655511e-02
9.535306e-02
8.468021e-02
-1.493985e-02
8.213148e-02
7.772266e-02
2.411450e-02
5.394189e-02
1.290603e-01
8.534038e-03
8.584078e-02
6.495991e-02
-5.613891e-02
-4.153059e-02
-1.126477e-02
-6.810948e-02
-1.243521e-01
-1.616308e-01
9.603491e-02
3.926080e-02
5.033610e-02
2.912268e-01
3.540720e-01
3.379897e-01
-7.812379e-02
-2.110386e-02
-3.125616e-02
7.050793e-02
1.633479e-01
1.289185e-01
1.376694e-01
2.198911e-01
2.190636e-01
5.517621e-02
2.013778e-02
2.902349e-02
-1.712917e-03
1.209597e-01
4.723489e-02
5.607999e-03
9.562877e-02
8.448856e-02
3.711569e-02
2.826127e-02
5.509834e-02
5.827559e-02
3.391685e-02
1.037034e-01
1.009162e-02
3.346362e-03
-3.509663e-03
-3.540902e-02
-3.335079e-02
-3.555908e-02
-1.338293e-02
3.738359e-02
-1.262261e-02
-4.801041e-02
-1.985036e-02
-1.044867e-01
-1.376414e-01
-1.433308e-01
-1.648052e-01
3.226725e-02
-2.069454e-02
5.178035e-02
2.193118e-01
3.153065e-01
1.846821e-01
-1.547805e-02
3.197971e-02
1.053358e-01
-9.547703e-03
2.260187e-02
7.542064e-02
-4.150076e-02
-2.158568e-02
3.300421e-03
-1.411816e-02
2.289836e-02
1.678925e-02
2.423871e-02
4.035540e-02
3.392775e-02
5.504785e-02
9.156585e-02
4.159107e-02
1.082263e-01
1.248328e-01
5.691496e-02
5.522046e-02
6.949227e-02
3.952138e-02
-1.037972e-01
-8.477624e-02
-6.320238e-02
6.763904e-02
1.374775e-01
1.366289e-01
1.107986e-01
9.376103e-02
2.349416e-01
-4.369986e-02
-2.331758e-02
6.790505e-02
-1.261712e-01
-3.822239e-02
-1.339983e-02
-7.172577e-02
1.386768e-02
-4.030809e-02
-3.209906e-02
5.152579e-02
2.005277e-02
-3.812406e-02
-5.673928e-02
-9.638955e-02
-9.882170e-03
-2.623693e-02
-1.199973e-02
5.425273e-03
3.338925e-02
7.137822e-02
-4.235149e-02
4.407704e-02
2.609988e-02
-4.573929e-02
4.998876e-03
7.115791e-02
-3.846015e-02
1.477664e-02
5.802382e-02
9.347347e-02
1.539450e-01
1.205160e-01
3.589369e-02
3.293910e-02
1.326834e-01
-8.535523e-02
-6.880434e-02
-8.132164e-02
-1.826702e-02
-7.869396e-03
-4.459849e-02
-3.180020e-02
-4.966290e-02
-7.060807e-02
-2.662140e-02
-1.452681e-02
-2.409066e-02
-2.625579e-03
9.083139e-03
-6.557889e-02
4.482665e-02
4.187158e-02
2.520171e-02
2.021791e-02
9.213416e-02
1.094310e-01
-1.195156e-01
-9.592433e-02
-5.432954e-02
-1.806153e-01
-1.355408e-01
-4.982248e-02
-1.692580e-01
-1.443453e-01
-6.245163e-02
-3.298990e-02
1.248625e-02
3.940730e-02
-4.195384e-02
3.387434e-03
1.462758e-02
-9.056410e-02
-6.228903e-02
-5.560642e-02
1.130315e-02
1.343849e-02
5.044314e-02
3.205784e-02
2.934674e-02
8.881692e-02
-4.547312e-02
-1.528329e-02
1.726880e-02
2.338229e-02
3.459319e-02
-2.780516e-02
8.273230e-02
1.110704e-01
2.407520e-02
8.881529e-02
1.473365e-01
4.874117e-02
-1.066510e-01
2.408004e-02
8.508372e-02
1.562010e-02
7.559419e-02
1.870098e-01
1.399513e-01
2.493735e-01
2.871394e-01
8.864755e-02
8.981698e-02
5.457513e-02
4.234628e-02
-5.437657e-02
9.789984e-03
-1.883390e-02
1.193167e-02
3.281777e-02
-1.146654e-01
-1.563211e-01
-1.270120e-01
-7.909524e-02
-8.288169e-02
-4.881310e-02
-9.478109e-02
-8.477122e-02
-4.571155e-02
6.891097e-03
1.779393e-03
-1.894455e-02
-1.123327e-02
-1.543949e-02
-7.917798e-04
-2.304227e-02
-1.836069e-02
-8.315621e-03
-3.452265e-02
-2.714757e-02
-4.850178e-02
-7.062720e-03
2.330716e-02
5.393378e-02
6.398730e-04
7.183237e-02
5.966139e-02
-6.627267e-02
-3.682499e-02
2.713410e-02
-4.217228e-02
-1.155744e-02
2.848477e-02
4.226131e-02
9.007607e-02
1.924992e-02
7.389881e-02
3.503324e-03
-2.761105e-02
5.351126e-02
2.874229e-02
-1.242991e-02
1.113278e-02
-4.951554e-02
-3.105923e-02
-5.866796e-02
-5.599708e-02
-3.268809e-03
-1.257587e-02
-4.236205e-02
-3.757170e-02
5.446577e-02
-2.521469e-03
-3.511982e-02
-4.777523e-03
-8.995034e-03
1.084500e-01
7.210919e-02
3.062168e-02
1.118990e-01
4.503581e-02
3.292057e-02
7.270172e-02
-5.464225e-02
-5.484537e-02
-1.630168e-02
1.875376e-02
-1.282169e-02
1.325662e-01
5.946865e-02
1.622973e-01
1.899957e-01
-2.141055e-03
-2.687379e-02
-1.197913e-02
3.193604e-03
1.075625e-02
3.625767e-03
-5.720095e-03
1.590913e-02
3.450309e-02
3.518426e-02
6.313477e-02
5.881107e-02
-1.463486e-02
-1.728118e-02
1.391546e-02
-2.302235e-02
-1.306645e-02
3.890523e-02
-4.521703e-02
-3.486111e-02
-2.332782e-02
-2.705141e-02
-3.999304e-02
-1.433681e-02
1.095893e-02
-1.553370e-02
3.882383e-03
5.369471e-02
1.938523e-02
-1.088654e-02
3.305545e-02
-1.932248e-02
-3.647337e-02
5.797972e-02
2.112499e-02
-1.009499e-02
-4.331198e-03
-1.505004e-02
-1.616416e-02
-2.541427e-02
4.421408e-03
-1.164170e-02
-2.135914e-02
1.496073e-02
1.557992e-02
4.116931e-02
4.560917e-02
8.608334e-03
4.636011e-02
4.234572e-02
2.585312e-02
5.864854e-02
9.216515e-03
-4.711340e-03
-4.717663e-02
-3.027513e-02
-6.911306e-02
-4.371441e-02
7.737984e-03
-7.024387e-02
-1.207312e-01
-1.001963e-01
-1.464599e-01
-1.969721e-02
-2.568621e-02
2.185309e-02
-3.784243e-02
-7.821378e-02
-3.935951e-02
-5.627163e-02
-7.995734e-02
-6.727821e-02
1.645529e-02
3.483295e-02
2.444328e-02
2.717957e-02
2.451193e-02
5.152076e-02
2.664773e-02
3.849807e-02
3.704247e-02
-6.137410e-02
-7.268064e-02
-6.846208e-02
-5.360078e-02
-5.286660e-02
-5.809497e-02
-5.557630e-02
-3.682624e-02
-2.511315e-02
-3.329717e-02
-1.912920e-02
4.814533e-03
-6.533644e-02
-3.844024e-02
-1.986993e-02
-4.242501e-03
1.818609e-02
3.685610e-02
-1.039348e-01
-1.871478e-01
-1.992514e-01
-1.632050e-01
-1.077561e-01
-2.040979e-01
-1.914756e-01
-1.784308e-01
-1.482666e-01
1.080141e-02
1.200660e-02
3.467328e-02
7.030834e-03
-4.353635e-02
4.585293e-02
-2.920185e-02
5.139456e-04
9.971472e-03
6.407882e-03
4.801101e-02
4.600414e-02
8.923073e-03
6.247403e-02
6.284938e-02
-5.268265e-03
1.124852e-02
2.876369e-02
4.585690e-03
5.296778e-03
4.846104e-02
-9.931513e-03
-1.005686e-02
2.532725e-02
4.046515e-02
3.455731e-03
2.942687e-02
-1.026052e-01
-8.794092e-02
-5.619657e-02
-4.151116e-02
-5.038380e-03
5.316706e-03
6.903802e-03
3.064526e-03
1.906513e-02
