-6.754288e-02
2.037053e-01
1.740782e-01
-1.049841e-01
-2.655828e-01
-2.481051e-01
1.423172e-01
1.387881e-01
9.843526e-02
9.123793e-02
7.412239e-02
2.434085e-02
-2.216213e-02
-5.429132e-02
-7.107529e-02
9.369867e-02
6.585537e-02
1.074393e-01
-1.278465e-01
-1.447015e-01
-1.117143e-01
-2.518268e-02
9.562176e-02
1.864658e-01
-1.049710e-01
-1.153848e-01
-4.232984e-02
1.478026e-02
1.097031e-01
1.520216e-02
-2.405384e-02
-1.509413e-01
7.636169e-02
8.698055e-02
-3.530614e-02
-1.732811e-01
3.015051e-03
-3.241757e-03
1.521771e-04
1.149197e-03
1.537538e-03
-1.138361e-03
3.807003e-04
-2.645667e-03
5.919348e-04
-1.594635e-02
-3.667910e-02
6.327304e-02
4.219872e-02
2.724114e-02
7.846430e-02
-1.553907e-01
-7.428107e-02
-6.518182e-02
-8.746034e-03
-2.552501e-02
8.887952e-02
1.293544e-01
1.516021e-01
-2.489692e-02
5.683199e-03
-8.364937e-02
-6.572010e-02
1.756881e-01
3.699312e-02
-7.780624e-02
1.417345e-01
1.791877e-02
1.104466e-01
2.157568e-02
9.738965e-02
2.547349e-01
-1.324210e-01
-3.986728e-02
8.586048e-02
-1.910032e-03
1.938120e-02
-1.163965e-01
-8.138628e-02
3.425630e-02
-5.556298e-02
-2.671773e-03
-1.536621e-03
-4.884425e-05
8.982754e-04
9.398510e-04
1.107053e-03
3.982378e-03
1.128792e-03
3.722623e-04
6.443314e-02
1.085339e-01
5.825476e-02
-3.507963e-03
1.912680e-02
-3.186882e-02
2.142696e-02
1.019301e-01
-1.024371e-03
1.225097e-01
1.492570e-01
1.422978e-01
-2.805524e-02
1.236793e-01
9.764399e-02
2.370304e-02
1.294908e-02
1.937475e-02
9.111393e-02
3.490138e-02
-2.800642e-02
-8.890071e-02
-8.380770e-03
-2.266890e-02
-9.897371e-02
-1.236762e-01
-9.637596e-02
3.074507e-02
9.831958e-02
7.685219e-02
-3.651117e-02
-1.002765e-01
-1.255348e-02
8.107659e-02
8.854860e-02
1.310217e-01
9.724268e-02
2.423942e-02
8.767369e-02
1.492836e-01
2.116401e-01
1.748763e-01
4.732232e-02
3.707909e-02
1.198370e-01
4.013306e-03
5.781837e-02
5.064290e-02
6.320303e-02
1.552433e-01
1.291898e-01
-9.944302e-02
3.124273e-02
2.751650e-02
-9.700850e-02
-5.690189e-02
1.976139e-01
1.063944e-01
7.454615e-02
3.672528e-02
8.589804e-02
1.517428e-02
-3.632748e-02
-1.368370e-03
-1.433171e-02
-4.299554e-02
-2.923653e-02
-4.257612e-02
-4.408408e-02
-3.619497e-02
-2.485608e-02
1.556116e-02
4.610030e-02
-2.101478e-02
1.172420e-02
-5.143230e-02
-8.892459e-02
-1.763833e-01
-3.756589e-02
-8.372807e-02
-5.283258e-02
1.010442e-01
1.791589e-01
1.175045e-01
1.388163e-01
6.902209e-02
-1.575616e-01
4.653740e-02
-1.389552e-01
1.452288e-02
-1.215697e-03
-6.625133e-04
8.481262e-04
3.371729e-03
1.023597e-03
-4.566733e-04
-1.704986e-03
1.754712e-03
-1.011130e-03
5.097084e-02
4.945456e-02
-3.988082e-02
7.889399e-02
-5.108296e-02
-2.873180e-02
-3.141491e-02
-6.464983e-02
5.739524e-03
6.490687e-02
-2.428580e-02
-2.153691e-02
-1.292920e-01
6.132368e-02
1.833704e-01
-5.607678e-03
7.293951e-02
1.631181e-02
6.634122e-03
5.131491e-02
-2.453812e-02
-3.060880e-02
-1.154152e-01
-2.336996e-03
-1.095531e-01
-5.303445e-02
9.288336e-02
-3.014385e-02
1.292086e-02
4.878793e-02
9.414797e-02
5.229564e-02
1.832483e-03
1.314279e-02
-1.268399e-01
-7.906044e-02
1.167884e-04
-1.326332e-03
1.170434e-03
1.739008e-03
2.106084e-03
1.071266e-03
-6.490894e-05
-1.314665e-03
8.353936e-04
8.469899e-03
-3.650145e-02
3.870074e-02
1.649202e-02
-9.552619e-02
-1.709566e-02
-5.061278e-02
-1.126340e-01
-1.953439e-02
-4.892344e-02
-9.481163e-02
-9.296989e-02
-5.698815e-02
-1.294809e-01
-5.752641e-02
-5.518835e-02
-4.057056e-02
-1.472893e-02
5.202047e-02
-7.253844e-02
-3.481144e-02
-1.835567e-02
-9.227332e-02
3.362434e-02
8.724893e-03
3.931933e-02
3.234917e-02
7.844330e-02
8.256144e-02
6.908336e-02
1.209193e-01
-4.664167e-03
-1.359464e-02
1.972361e-02
-1.333759e-01
-8.750922e-02
6.119639e-02
1.375545e-02
-3.431273e-02
-4.517405e-02
9.523432e-03
2.996900e-02
-5.711807e-03
1.411817e-03
-1.199961e-02
1.125688e-02
2.167088e-04
3.132254e-02
1.876085e-02
1.660016e-02
-5.285695e-02
1.154679e-01
5.231429e-02
-2.687223e-02
5.386880e-02
8.907759e-02
9.303058e-02
-4.424369e-02
-7.946760e-02
-7.417489e-02
-1.113340e-01
-1.340531e-01
-6.048269e-02
3.000977e-02
1.167258e-02
-2.051351e-02
4.699892e-02
7.504980e-02
4.575438e-02
3.561058e-02
3.542655e-02
4.900157e-02
-2.347353e-02
3.519230e-03
-5.098610e-03
-3.648099e-03
6.592928e-03
2.587867e-02
4.852756e-02
1.151127e-01
7.470388e-02
1.544374e-02
8.364241e-03
-3.679034e-02
-4.307051e-02
-1.745290e-02
2.397429e-02
2.031392e-02
5.047176e-03
-2.586707e-02
-2.979491e-03
1.163144e-03
1.957419e-03
-2.461944e-03
-2.760051e-03
1.771693e-03
-9.282434e-06
-4.206807e-04
-3.166686e-03
4.696037e-02
1.584214e-02
1.648214e-02
8.044023e-03
4.721779e-02
2.717858e-02
-2.390759e-02
4.680316e-02
5.031016e-02
-1.666021e-02
-2.011421e-02
-1.324647e-02
3.591474e-02
4.925008e-02
7.003052e-02
1.607732e-03
3.381990e-02
4.069344e-02
-7.923929e-02
-2.295228e-02
-7.708816e-03
-4.984943e-02
-2.337564e-02
1.008881e-02
3.415342e-02
-7.592892e-03
-3.336141e-02
5.695496e-02
-1.708192e-02
-2.617483e-02
1.005899e-01
2.254388e-02
-1.249149e-02
-1.759628e-02
-4.789789e-02
1.781382e-03
-1.200498e-03
9.129870e-04
-2.060610e-03
1.450863e-03
-5.131328e-04
-1.040286e-03
-2.368266e-03
-2.161454e-04
3.141413e-03
-2.816572e-02
8.329735e-03
2.254606e-02
5.042971e-03
2.058049e-02
5.924072e-02
5.625741e-02
3.255796e-02
4.428911e-02
-2.816914e-02
-7.188626e-02
-1.326859e-01
-6.208513e-02
-5.549787e-02
-8.970879e-02
1.197886e-02
6.375086e-02
7.085954e-02
-7.967385e-03
1.509855e-02
2.741101e-02
-1.631341e-02
-1.216720e-02
2.177098e-02
-4.785516e-03
-4.168418e-02
-3.253081e-02
-6.053735e-02
-4.261582e-02
-3.028107e-02
1.571485e-03
-5.207348e-04
-1.028010e-02
7.861241e-03
2.023064e-02
1.616570e-03
7.586108e-03
1.223394e-02
3.992660e-03
9.717222e-03
-1.502243e-02
-9.794644e-03
1.253383e-02
-7.652452e-03
8.337575e-03
7.988123e-02
9.776713e-02
4.953170e-02
3.067791e-02
2.037084e-02
1.231837e-02
-7.863377e-02
-1.037778e-01
-1.103250e-01
-7.429118e-02
-3.721225e-02
-2.877252e-02
6.127729e-02
7.015142e-02
3.500659e-02
-2.942684e-02
-5.407569e-02
-1.375298e-02
-2.451546e-02
-6.932001e-03
-5.609944e-03
1.988476e-02
-1.810286e-03
2.213749e-02
3.580979e-02
5.644315e-02
3.939752e-02
3.812810e-02
-1.204580e-03
-5.691123e-02
1.369547e-02
5.149241e-03
1.941876e-02
-4.793948e-02
-1.250046e-01
-1.015029e-01
-5.564528e-02
-2.905747e-02
-1.551834e-02
-6.536979e-03
1.239324e-02
6.202210e-02
1.580568e-03
2.793564e-02
-8.211716e-03
2.012569e-03
4.378460e-03
4.403096e-04
-1.490860e-03
-1.326419e-04
-6.516983e-04
5.735748e-04
-5.000571e-03
1.414309e-04
1.682044e-02
4.197646e-02
1.410588e-03
1.880812e-03
1.852237e-02
-7.025964e-04
-2.976394e-02
-3.590032e-02
1.828528e-02
-1.701458e-02
-4.807466e-02
-3.494459e-02
4.072953e-02
2.010310e-02
3.300392e-03
-1.870941e-02
2.203707e-02
-1.577024e-02
-6.344096e-02
-9.678143e-02
-1.029420e-02
2.245518e-02
9.086025e-03
-7.022953e-02
5.887350e-02
-3.793184e-03
5.727204e-02
-1.844571e-02
-1.370407e-02
3.224511e-03
1.746962e-02
-1.627598e-02
-7.281311e-03
-1.246505e-02
-6.851287e-02
2.526919e-02
5.932050e-05
1.762325e-03
2.460028e-04
-1.071214e-03
-1.052478e-03
-6.980360e-04
-1.274201e-03
1.052727e-04
-2.530792e-03
-2.070074e-02
3.940007e-03
3.087129e-03
-2.139529e-02
-5.305645e-03
-1.541935e-02
-2.613465e-02
-6.272163e-03
-6.960627e-03
4.740901e-03
-5.928426e-02
-5.483776e-02
-1.427937e-01
-1.708291e-01
-9.291995e-02
-4.682215e-04
-9.734728e-02
-8.004137e-02
-4.716019e-02
-3.302103e-02
-2.737362e-02
-8.632419e-03
-2.100548e-02
2.311351e-03
-6.506335e-04
2.458293e-02
3.994312e-03
-1.515263e-02
-5.112266e-02
-4.792241e-02
4.541363e-02
3.376202e-02
8.017384e-03
-1.579390e-02
1.897557e-02
2.000154e-02
5.170638e-02
4.660421e-03
1.319580e-02
-1.400849e-02
-1.959804e-02
2.542063e-02
-2.960640e-02
-5.153231e-02
-3.372363e-02
-2.793354e-02
-2.126553e-02
-5.062281e-03
-1.327354e-03
-3.080522e-02
-1.698423e-02
-7.079424e-02
-7.837530e-02
-8.272431e-02
5.944245e-02
1.171598e-02
4.827270e-02
-6.549951e-03
8.833178e-03
-3.936350e-02
4.926254e-02
2.370738e-02
-3.897961e-02
5.215824e-03
1.752410e-02
2.404319e-02
4.185853e-02
1.745566e-02
5.095619e-02
-2.597084e-02
-2.042086e-03
3.140104e-02
-9.207411e-02
-2.479782e-02
-3.736690e-02
-9.377114e-02
-2.520763e-02
-3.222023e-02
-2.271825e-02
-8.052369e-03
2.561011e-03
-4.848354e-02
1.215187e-03
-4.108369e-02
-4.635772e-02
9.648596e-02
-1.758341e-01
-2.718395e-02
7.265886e-03
-8.451229e-02
-5.448305e-04
1.241386e-04
1.724840e-03
-3.140258e-03
6.480693e-04
-3.715501e-03
-1.352381e-03
-2.233959e-03
-2.580104e-03
4.915972e-02
-9.953299e-03
-1.608267e-02
1.516013e-01
-7.105649e-02
5.098972e-02
1.163978e-01
-1.164985e-01
5.408317e-02
-4.870246e-02
-1.931210e-03
-2.243876e-02
-1.406239e-01
2.089055e-02
9.308946e-02
-7.283132e-02
4.505229e-03
2.056717e-02
3.177398e-02
2.877541e-03
-6.332301e-02
-3.590138e-02
-2.920949e-03
-3.086578e-02
-7.308422e-02
7.881242e-03
6.875060e-02
6.174132e-02
1.399881e-03
4.303008e-02
7.587084e-02
-1.056158e-01
4.212484e-02
7.316660e-02
-2.003485e-01
1.668849e-02
1.061838e-05
7.494657e-04
-9.573434e-04
2.109304e-04
7.944440e-04
6.225282e-04
-1.700905e-03
-2.598982e-03
-7.791449e-04
3.350188e-02
-2.409054e-02
3.866573e-02
5.859554e-03
-3.828777e-02
4.543358e-03
3.393031e-02
-8.747021e-03
7.504692e-02
-5.650624e-03
-3.435213e-02
-1.006701e-01
-1.381133e-02
-1.111579e-01
-6.150780e-02
-1.768889e-02
-8.235062e-02
-8.321843e-02
3.648482e-02
-3.767891e-02
-2.484271e-02
4.215293e-02
-2.428741e-02
-4.104273e-02
-2.280944e-02
7.082316e-02
-2.865598e-02
-4.902107e-02
-4.529758e-03
-3.035403e-02
-4.934481e-02
6.828376e-03
-9.296370e-02
3.629626e-03
-3.996086e-02
-7.856361e-02
2.211959e-02
2.525910e-02
1.747924e-02
-2.347686e-02
9.771825e-03
-3.979659e-03
-2.981018e-02
1.597637e-02
-6.404781e-03
-2.239381e-02
-7.256903e-02
-4.279715e-02
-6.966462e-03
1.374242e-02
-3.344319e-02
-8.873901e-02
-8.994489e-02
-1.126178e-01
-2.697873e-02
3.488488e-02
-6.317076e-02
-2.073370e-02
4.023230e-02
1.086899e-02
1.667617e-03
9.057917e-02
7.130811e-02
2.581092e-02
5.122554e-02
5.441409e-02
-1.457422e-02
1.528162e-02
4.040245e-02
-2.074160e-02
-3.312022e-02
1.068796e-02
-6.134528e-03
-2.345471e-02
-6.571320e-02
-4.372400e-02
-2.422366e-02
-1.051008e-01
2.722596e-02
2.936643e-02
3.981357e-03
-8.085829e-02
3.384789e-02
-6.045602e-03
-7.772304e-02
2.731964e-02
8.114339e-02
6.733412e-02
2.887502e-02
5.381105e-02
-2.415854e-03
-1.798135e-03
-1.894083e-05
2.270251e-03
-6.704807e-05
1.204574e-03
2.662874e-04
-1.423694e-04
2.156858e-03
1.925036e-02
1.676333e-02
8.588213e-02
3.970275e-02
-8.130180e-03
6.912695e-02
6.463329e-02
1.608761e-02
8.323203e-02
-1.256686e-02
2.590390e-03
-1.421921e-02
-7.387944e-03
5.692782e-02
-3.264032e-02
-9.346139e-03
8.034316e-03
2.844974e-03
2.834457e-02
-1.964656e-02
2.674594e-03
7.469473e-02
8.055858e-02
-2.134160e-02
9.793730e-02
9.911846e-02
1.634873e-02
-5.089950e-02
-5.869649e-02
-2.005181e-02
-1.925265e-02
-7.674979e-02
-3.239221e-02
-5.477529e-02
2.671182e-02
8.058982e-02
1.772946e-04
9.506947e-04
3.884274e-03
1.651632e-03
1.917528e-03
1.183503e-03
7.649334e-04
-1.198328e-03
4.837169e-03
2.035248e-02
8.855901e-03
-4.355176e-02
1.669305e-03
-1.939757e-02
-4.170264e-02
-2.914085e-02
-6.354241e-02
-8.966548e-02
-1.095737e-01
-5.181851e-02
-2.144322e-02
-9.099147e-02
-4.642139e-02
-1.999510e-02
-6.965666e-02
-6.683335e-02
-4.956064e-02
3.906007e-02
2.156894e-02
3.999750e-02
5.572454e-02
7.570302e-02
3.237484e-02
1.673699e-02
6.951257e-02
3.921222e-03
-4.532886e-03
3.090635e-02
1.220287e-02
-9.592164e-04
-1.822028e-02
1.677018e-02
-1.033952e-02
2.520235e-02
-1.191986e-02
7.371981e-02
7.430588e-02
4.666891e-02
3.699351e-02
1.037479e-01
2.999203e-02
8.003037e-02
1.274112e-01
5.177087e-02
-6.147133e-02
-9.787199e-02
-4.085943e-02
-1.904818e-02
1.156595e-02
8.919399e-03
-1.847278e-02
8.569466e-03
1.608302e-02
-2.622783e-02
-1.590457e-01
-1.102519e-01
6.231888e-02
6.180477e-03
-8.560023e-02
6.705735e-02
9.142522e-02
6.883668e-02
-6.135199e-02
-8.736061e-02
-6.589796e-02
9.625318e-02
-1.236034e-02
-4.981204e-03
8.063362e-02
-1.278247e-03
-3.947364e-02
7.980912e-02
2.274861e-01
2.431343e-01
1.419894e-01
1.883149e-01
2.453636e-01
5.394938e-02
1.564548e-01
1.110227e-01
-5.086678e-02
-1.097746e-02
5.849202e-02
4.316560e-02
5.799253e-02
-3.819158e-02
2.746198e-02
2.130280e-02
-1.652329e-02
-9.257802e-04
-4.992217e-04
5.500652e-04
9.864806e-04
1.322872e-03
1.056871e-03
-3.377937e-03
-1.304069e-03
-1.203432e-03
-1.739691e-02
8.179203e-03
2.343437e-02
-8.236412e-03
5.432653e-03
-3.016955e-02
5.656670e-02
7.047110e-03
-2.657413e-02
1.018918e-01
1.744259e-01
9.081807e-02
-7.777698e-02
4.099992e-02
9.686759e-02
-6.760112e-02
-8.203638e-02
-1.508947e-02
8.624604e-02
1.249062e-01
1.191627e-01
1.354385e-02
4.354805e-02
2.030044e-01
-1.688476e-02
4.347204e-02
3.517694e-02
-6.147096e-02
3.634058e-02
6.159185e-02
-1.342809e-01
-3.346047e-02
1.316029e-01
-1.157910e-01
-1.233166e-01
-3.659523e-02
-1.872625e-03
1.045205e-03
-1.077659e-03
1.243223e-03
-1.255081e-03
-1.251364e-03
-3.370531e-04
1.272496e-03
2.378330e-05
-1.123036e-01
-1.719106e-01
-1.103201e-01
-1.481065e-01
-1.509718e-01
-9.816653e-02
-1.357902e-01
-8.332973e-02
5.220243e-02
-2.994925e-02
-1.822786e-02
9.988969e-02
1.553492e-02
-1.858672e-02
7.258557e-03
5.470140e-03
-2.287941e-02
-7.855882e-02
1.205091e-03
1.792318e-02
1.809055e-02
-4.168059e-02
-1.007696e-01
-1.124320e-01
-7.740784e-02
-6.352010e-02
-8.694641e-02
1.847034e-02
3.812690e-02
5.357777e-02
7.554226e-02
9.470036e-02
3.669521e-02
1.228467e-01
1.680059e-01
1.294492e-01
1.844545e-02
-5.381790e-03
-5.805443e-02
-2.457663e-02
-3.141759e-02
-8.276632e-02
2.523083e-02
9.690163e-03
-9.449801e-02
8.028280e-02
2.212300e-02
-1.683030e-02
-2.622062e-02
-1.809667e-02
-4.005751e-02
-6.036627e-02
-1.030725e-02
1.475491e-02
3.165360e-02
-1.649396e-01
-2.351055e-02
-1.507441e-01
-2.317598e-02
-5.880710e-04
2.550470e-02
7.551643e-02
6.467794e-02
-3.408161e-02
-3.295809e-02
-9.581793e-04
-2.905819e-02
-2.969504e-02
-1.059496e-01
2.916814e-02
-1.800444e-02
-8.004638e-02
9.314156e-03
-3.860518e-02
1.974511e-02
4.049591e-02
2.052754e-01
4.402329e-02
-6.722507e-02
-7.402185e-02
-9.320074e-02
-1.337498e-01
-1.055505e-01
-5.596675e-03
1.823299e-01
1.422386e-01
5.810834e-02
-5.388995e-02
-5.700544e-03
-8.709137e-02
-1.104242e-03
9.764859e-04
1.771833e-03
7.732097e-04
1.255680e-03
-4.401198e-03
9.201013e-04
4.052638e-04
-8.529360e-04
-4.416638e-02
-2.714629e-02
4.557601e-03
1.208695e-02
6.145637e-02
-5.632128e-02
-2.834759e-02
-8.241896e-03
2.137001e-02
2.493245e-02
9.626637e-02
-1.896639e-02
1.959684e-02
-3.568862e-02
4.461492e-02
-1.162056e-01
-5.396588e-02
5.275620e-02
-8.446760e-02
-7.184633e-02
4.069382e-02
-2.034128e-02
-8.690777e-02
2.164530e-02
8.406415e-03
8.307082e-02
-1.378650e-01
-2.089859e-02
-1.024087e-01
-1.463252e-01
-6.238900e-02
5.737473e-02
4.435617e-02
1.328968e-01
5.008502e-02
-2.322016e-02
2.006574e-03
6.201521e-04
6.970910e-04
-2.050638e-03
-3.033640e-03
-1.391529e-03
-6.129100e-04
7.878332e-04
1.656655e-03
2.207195e-02
7.006865e-02
-3.588771e-03
1.065697e-01
1.409232e-01
5.734099e-02
6.329001e-02
6.248299e-02
-2.274949e-02
2.030345e-03
4.803590e-02
7.124838e-03
4.155369e-02
-4.167480e-02
3.818938e-02
-6.454761e-02
-7.473977e-02
-1.053016e-01
3.556512e-02
1.153976e-01
7.646041e-02
4.013148e-02
3.215557e-03
-6.871381e-02
-4.218146e-03
-2.304075e-02
-3.569510e-02
-1.029902e-01
-1.266790e-01
-2.150747e-02
-1.978896e-02
5.267814e-02
8.068515e-02
6.085443e-02
1.883778e-01
1.233916e-01
-4.147865e-02
5.086659e-02
-6.286222e-02
1.456591e-01
1.834419e-02
-1.035519e-02
-6.583345e-02
-5.589098e-02
-6.597214e-02
1.009822e-01
1.741307e-01
3.736426e-02
3.599200e-02
1.195378e-02
1.828975e-02
3.644826e-02
9.735816e-02
7.925329e-02
4.294861e-02
-3.973986e-02
-1.816788e-03
-5.602289e-03
6.748920e-02
5.166990e-02
-4.106259e-03
-1.617816e-02
-3.391995e-02
-1.397479e-02
-3.749257e-02
-3.081930e-02
-4.734735e-03
-2.216535e-02
-1.968835e-02
-1.408798e-02
-1.619630e-02
-3.100529e-02
-2.740604e-02
2.577095e-02
5.834408e-03
-2.189928e-02
-4.543475e-02
-7.416780e-02
-5.709406e-02
-1.718002e-02
-2.581768e-02
2.499324e-02
-5.642117e-03
-4.986464e-02
8.006404e-02
1.099549e-01
-1.227486e-02
2.348345e-02
1.006195e-02
3.952148e-02
-2.458031e-03
6.135017e-04
-4.497367e-04
-1.030208e-03
1.962168e-03
-3.367628e-03
-2.126679e-03
1.896748e-04
4.914756e-04
-2.200707e-03
-6.085861e-02
-4.423232e-02
3.205201e-03
-7.052248e-02
-5.714783e-02
-4.349450e-03
-2.118339e-02
-5.656414e-02
-9.133911e-03
-1.835750e-02
3.183503e-03
-2.002768e-02
-1.603724e-01
-5.886615e-02
5.130869e-02
6.873047e-03
-3.057494e-02
3.964100e-02
4.236703e-02
7.778679e-03
-9.328919e-03
4.995585e-02
2.750267e-02
-1.009663e-01
-7.973902e-02
-3.804149e-02
-1.493881e-02
-5.473034e-02
-2.964074e-02
6.564055e-02
-8.772329e-03
-6.709314e-02
3.575091e-02
-1.477370e-02
-3.212410e-02
2.239545e-03
-6.059591e-03
-3.867698e-04
-5.939256e-04
7.317225e-04
-3.531157e-04
-1.287304e-03
-1.961816e-03
1.012625e-03
1.881632e-02
-2.257603e-02
-2.423964e-02
-3.068003e-02
-6.125603e-02
-6.138948e-02
-3.573169e-02
-1.794138e-02
-1.176296e-02
-1.906225e-02
1.700974e-02
5.535085e-02
-1.173646e-02
-6.351789e-02
-1.884093e-02
-9.963742e-02
-6.691954e-02
-4.805263e-02
6.230770e-04
-3.192458e-03
-6.729944e-02
9.360559e-03
1.374794e-02
-2.000211e-02
-3.259169e-02
-4.106754e-03
-1.251393e-02
-2.634494e-02
-3.293391e-02
-1.275002e-02
-7.614783e-03
2.494052e-02
6.304354e-02
4.953312e-03
-5.754025e-02
-3.072469e-02
-2.795508e-02
-2.882586e-03
2.717736e-02
-1.951466e-02
-3.357853e-02
-3.647131e-02
6.786137e-03
2.550356e-02
-7.849642e-03
-7.189589e-03
1.898394e-02
2.302865e-02
1.168348e-02
9.413729e-03
3.331344e-02
4.341787e-03
-2.742824e-02
-2.838764e-02
8.006307e-02
5.965475e-03
-9.011371e-03
2.124218e-02
1.372114e-02
1.548735e-02
1.897956e-02
3.328090e-02
1.697807e-02
4.168545e-02
-2.366588e-03
-8.054296e-03
4.552284e-02
3.987526e-03
-1.149826e-02
2.571205e-02
9.665813e-04
-1.298871e-02
-2.018916e-02
-1.409363e-02
-4.277218e-02
-5.223826e-02
-6.757061e-02
-9.312207e-02
-2.820264e-03
-8.265141e-02
-1.214638e-01
-6.968202e-02
-5.034387e-02
-4.974378e-02
-6.354360e-03
-1.110603e-02
-4.852365e-02
3.139304e-02
6.974636e-02
7.182700e-02
-6.032405e-04
5.574431e-03
-1.612779e-03
1.356309e-03
-3.656286e-03
7.033602e-04
-1.063695e-03
1.689598e-03
-7.548982e-04
-1.213316e-02
-4.698531e-02
2.243968e-02
-3.733841e-02
-5.298634e-02
6.037539e-03
-3.468658e-02
-2.447860e-03
9.370191e-04
6.724009e-03
4.600745e-02
2.280812e-02
-1.401160e-02
-2.519975e-02
-2.876264e-02
1.484829e-02
2.510009e-02
-4.991623e-02
9.681204e-02
7.030070e-02
6.449826e-02
1.063356e-01
2.673505e-02
1.241017e-02
2.265843e-02
-7.726833e-02
-4.059529e-02
-3.869443e-04
-8.720507e-03
2.230320e-02
-2.395634e-02
-1.366071e-02
2.982359e-02
-2.236589e-02
-8.800213e-03
7.991043e-03
4.424634e-04
-8.272731e-04
-4.268910e-03
1.109273e-03
2.953751e-04
1.486373e-03
9.788226e-04
5.014902e-03
-2.087632e-03
5.031379e-02
5.740674e-02
1.376999e-02
5.856095e-02
1.085726e-01
7.110243e-02
8.823083e-02
1.171101e-01
4.260378e-02
-1.558551e-02
-1.810380e-02
2.789056e-02
7.645104e-02
6.102012e-02
1.092909e-01
1.232679e-01
1.155124e-01
6.446996e-02
-6.339350e-02
-3.529217e-02
-8.236988e-03
-5.034165e-02
7.057628e-03
3.363427e-02
-4.855183e-03
4.390491e-02
6.718291e-02
2.559060e-02
-2.409780e-02
-2.548633e-02
1.049378e-02
-1.936874e-02
-5.149387e-02
-4.954400e-02
-8.780380e-02
-6.856161e-02
2.857892e-03
1.630880e-02
4.130053e-03
-2.665816e-02
-4.734254e-02
-2.475096e-02
1.436543e-02
-3.781623e-02
-7.621453e-02
5.086563e-02
3.614999e-02
2.313886e-03
-1.057254e-02
-2.551859e-02
-2.163305e-02
-2.612147e-02
5.299123e-03
6.905331e-02
2.775199e-02
-4.481182e-02
2.335717e-02
1.116406e-02
1.196294e-01
1.876891e-02
3.203672e-02
4.363752e-02
4.838746e-02
-1.480870e-02
1.613999e-03
1.107062e-02
-3.597444e-02
-5.840981e-02
-7.761029e-02
-2.813373e-02
-2.365108e-02
-5.804618e-02
-9.638467e-02
-9.027455e-03
-2.884463e-02
-1.125606e-01
1.715588e-02
6.068663e-03
-2.809354e-02
6.361557e-02
6.916334e-02
8.839906e-02
-6.497808e-03
1.232837e-01
-7.105199e-04
9.799463e-02
-1.483875e-01
9.611102e-02
7.181452e-02
-1.826381e-02
1.355145e-03
4.481975e-03
-2.050515e-03
-5.152272e-04
-1.960909e-03
2.150512e-04
-3.097509e-03
-3.467460e-03
-6.052037e-04
2.434530e-02
-1.779965e-02
3.192028e-03
5.877773e-02
-6.636465e-02
8.299872e-02
1.357487e-01
-7.766343e-02
4.194312e-02
3.719293e-03
8.172872e-02
-7.644119e-02
-8.828057e-02
-4.751153e-02
1.077278e-01
-1.006343e-03
1.649198e-02
-9.327025e-02
9.085528e-03
8.494344e-02
1.119312e-01
6.776182e-02
6.153452e-02
6.838794e-02
8.531493e-02
2.160123e-01
4.136457e-02
9.894935e-02
-8.866691e-02
7.558143e-02
8.356036e-02
-3.421373e-02
1.087701e-01
1.710672e-01
3.955880e-03
2.294787e-02
4.673644e-03
-3.080106e-03
5.812402e-04
-4.039456e-03
2.656159e-03
-1.743998e-04
-2.318070e-03
-1.366916e-03
-2.720173e-03
-3.220759e-02
-2.655351e-02
-3.052318e-02
-4.185437e-02
-5.836313e-02
-6.742230e-02
-7.473008e-02
-9.080794e-02
-7.933671e-02
-4.072056e-03
6.267024e-02
7.215209e-02
-8.765125e-03
-5.472058e-02
7.003631e-02
-8.058885e-02
-4.996788e-02
-6.424662e-02
2.703006e-02
3.468766e-02
4.405026e-02
4.005667e-02
2.678721e-02
-7.499546e-02
1.941803e-02
1.004224e-01
9.987132e-02
-3.701904e-02
-4.109925e-02
2.699479e-02
1.638351e-02
4.587431e-02
-6.011363e-02
-3.594687e-02
-9.035582e-02
-2.889735e-02
9.517001e-02
1.346448e-01
-5.303578e-02
5.849988e-02
8.549654e-02
1.022124e-01
5.755319e-02
1.836567e-01
-5.970453e-02
-1.355932e-02
-2.246634e-02
-4.342267e-02
-6.484636e-03
-1.782098e-03
1.017356e-03
9.522466e-03
-2.039144e-03
2.304070e-02
8.705328e-02
3.425169e-02
-1.912963e-02
-1.549734e-02
-9.941538e-05
-1.153484e-01
1.457707e-03
-7.395890e-02
-2.373593e-02
2.293046e-02
9.537944e-02
1.876772e-02
-3.189470e-02
1.810960e-02
-1.818489e-02
-1.830253e-02
4.907538e-02
1.374035e-02
-3.856109e-02
2.432338e-01
1.317873e-01
-2.901037e-02
2.147665e-01
3.741970e-01
1.855265e-02
3.312820e-01
3.063471e-01
5.945446e-02
-1.889612e-02
-5.653721e-02
-5.900420e-03
1.411202e-01
6.574208e-02
-1.297425e-01
1.297803e-03
1.365003e-01
3.192402e-03
-1.186275e-04
8.145574e-04
3.235766e-04
-6.035761e-04
-2.071455e-03
-2.975913e-03
-3.103383e-03
-1.559007e-03
-4.728226e-02
-5.474739e-02
-8.797103e-02
7.588638e-02
-7.180966e-03
8.442958e-02
1.547395e-01
3.910103e-02
1.004880e-01
-6.861378e-02
-1.660489e-02
9.587456e-02
-5.541386e-02
-8.785586e-02
6.839853e-02
1.322774e-01
1.041492e-01
-1.207334e-01
4.344416e-02
8.538811e-02
8.859789e-02
8.194882e-02
2.496149e-01
1.543230e-01
1.249487e-01
3.927128e-01
2.003748e-01
2.844945e-02
-8.669423e-02
5.870473e-02
9.020083e-02
3.644998e-02
-8.157878e-02
3.753470e-02
3.956564e-02
-5.364832e-02
1.748438e-04
3.775287e-04
3.053929e-04
-5.254356e-04
-2.989067e-03
-2.402029e-03
-4.468100e-04
-1.479132e-04
2.628820e-03
-1.140459e-01
-7.334954e-02
-2.479030e-02
-2.916937e-02
-3.086786e-02
1.017593e-02
2.194982e-02
2.826821e-02
1.133067e-02
1.230849e-01
1.655214e-01
1.387249e-01
1.310470e-01
1.564145e-01
8.529904e-02
-1.556017e-01
-5.634140e-02
-8.811580e-02
-7.360214e-03
-1.918826e-02
-5.555048e-02
3.909348e-02
-4.725741e-03
-8.235691e-02
-1.829422e-02
6.388162e-02
7.718736e-02
3.814466e-02
1.210866e-02
-1.816436e-02
-2.161080e-03
1.179931e-01
1.014505e-01
2.458905e-02
-9.297901e-02
5.313269e-02
1.501518e-02
-7.478866e-02
-9.440355e-02
-4.425139e-02
-3.150616e-02
-1.622056e-01
-4.251948e-02
4.764875e-02
-1.328686e-01
-2.315854e-02
-1.648201e-02
-1.227994e-01
-4.813172e-02
-6.197934e-03
1.296857e-02
9.165455e-03
-1.976040e-02
-6.328844e-02
-1.467833e-02
-1.554601e-02
-3.268213e-02
1.321327e-02
3.630783e-03
-2.276262e-02
-8.055100e-04
3.441552e-02
-1.472595e-02
-3.634322e-03
-7.691925e-04
-3.081697e-02
1.293558e-03
1.014017e-02
4.920545e-03
2.165172e-02
4.114377e-02
3.270225e-02
-2.114811e-02
5.165455e-03
1.285372e-03
-2.222824e-02
-9.204640e-03
1.634397e-02
-1.258060e-02
-6.615567e-03
-2.215094e-02
4.353430e-02
2.717482e-02
-2.027429e-02
-2.116988e-02
1.195783e-02
-6.224008e-02
1.448115e-02
2.619928e-02
-2.227856e-02
2.268175e-03
-3.038122e-03
-1.102078e-04
1.680434e-03
1.732491e-03
3.286054e-04
1.663626e-03
1.484152e-03
-1.996248e-03
-2.937004e-02
1.594234e-02
2.579468e-02
-1.763489e-02
-5.093583e-02
-3.139822e-02
-2.306810e-02
-4.109890e-02
-1.543218e-02
-1.242743e-02
1.929435e-02
6.019169e-02
-3.167842e-02
-2.665745e-02
4.258222e-02
-1.440181e-02
1.172400e-02
2.245786e-02
-9.467030e-02
-7.550772e-03
-2.981861e-02
-6.799234e-02
-3.673602e-02
-3.255314e-02
-7.648750e-02
-1.871956e-02
-6.697163e-02
-4.510842e-02
-4.310225e-02
2.135212e-02
-3.040948e-02
-5.732336e-02
-1.987940e-02
-2.139603e-02
-1.498488e-02
-2.507606e-02
-9.470357e-04
2.787483e-03
-2.900768e-03
-1.460109e-03
-1.064629e-04
-3.927885e-03
1.508904e-03
-2.844647e-03
1.579365e-03
4.591508e-02
6.591456e-02
4.989379e-02
1.553023e-02
5.437361e-02
1.670866e-02
5.433850e-03
2.681977e-02
-2.481725e-03
-5.064579e-02
-5.400715e-02
-6.823698e-02
-3.604031e-02
-5.387821e-02
3.091581e-04
3.901406e-02
4.161564e-02
5.113727e-02
1.101565e-03
-4.566273e-02
6.031707e-03
-3.243469e-02
-5.562388e-02
-4.732176e-03
-2.871369e-02
-2.372102e-02
2.770516e-02
7.785516e-03
4.596211e-02
3.797096e-02
-1.902008e-02
2.212467e-02
9.127359e-03
-3.612900e-02
-1.230057e-02
-1.752256e-02
5.195913e-03
1.658945e-03
1.296268e-02
-4.158073e-02
-5.591615e-02
-3.370396e-02
-2.791693e-02
1.462085e-02
1.374128e-02
3.168654e-02
5.511576e-02
1.266211e-02
2.692153e-02
1.176792e-02
2.432876e-03
1.171119e-02
-4.784798e-03
5.611681e-03
3.967268e-02
-8.308493e-02
1.587203e-01
-3.376027e-02
2.470660e-01
1.091847e-02
1.444815e-02
-1.269688e-01
-1.482972e-01
-1.836719e-02
2.544674e-02
2.761566e-02
-3.338343e-02
-3.061743e-02
5.635691e-02
3.313419e-02
2.694097e-02
2.647920e-02
-4.696745e-03
7.206570e-02
2.402552e-03
3.351252e-02
-1.834161e-03
-1.211318e-01
-9.447774e-02
-8.041678e-03
-1.220021e-03
-1.461467e-01
-1.651511e-02
-7.400431e-02
-8.760408e-03
8.621220e-02
-3.645282e-01
-1.270547e-02
-1.671771e-01
5.193903e-02
1.933904e-03
4.098302e-03
1.245429e-03
1.997194e-03
2.713830e-04
2.813481e-03
-1.133535e-04
-3.297993e-03
2.032102e-03
4.232706e-02
7.725508e-03
-8.464158e-02
7.986985e-02
-1.980348e-01
-3.555050e-02
4.905124e-02
-7.656585e-02
-5.498558e-02
1.898577e-02
2.874425e-02
-1.626518e-03
-1.198460e-01
-1.349089e-01
1.613060e-01
-2.099872e-02
3.997917e-02
-1.099651e-01
-7.682629e-02
-5.939538e-02
1.041700e-01
-1.167931e-01
5.540378e-03
-1.253616e-01
-8.606591e-02
-2.035362e-01
-1.160250e-01
-2.577980e-02
-1.690227e-02
8.029409e-02
1.226778e-01
-3.234161e-02
-3.254932e-02
1.242267e-02
-2.765308e-02
-3.947250e-02
9.343603e-04
-3.320155e-04
-3.146040e-03
2.450824e-03
4.572698e-04
6.866069e-04
-1.961985e-03
6.200044e-05
-1.452131e-03
2.306860e-02
3.240205e-02
5.391870e-02
9.233756e-02
8.109672e-02
4.306115e-02
9.899481e-03
1.220904e-02
-2.373357e-02
2.875833e-02
-4.281237e-02
-4.841111e-02
3.964280e-02
1.719373e-02
-3.149902e-03
-1.080570e-01
2.559602e-02
1.414781e-02
3.716299e-02
-1.147288e-01
-4.283610e-02
-1.275881e-03
-1.129088e-02
-8.061635e-02
-1.118308e-01
5.963209e-02
-5.356941e-02
-3.595758e-03
-6.310093e-02
3.976686e-02
2.125310e-03
3.350471e-02
-1.829638e-02
-1.985249e-02
-1.881543e-01
-1.196411e-02
1.279833e-01
1.570814e-01
7.393569e-02
-5.506847e-02
9.120153e-02
1.863483e-01
2.307150e-02
6.855740e-02
-1.893553e-02
1.526824e-02
2.760508e-03
6.654424e-02
-2.007603e-02
9.116575e-02
1.135064e-01
3.920039e-02
-2.572681e-02
4.762118e-02
3.240616e-02
-3.858046e-02
-2.364898e-03
-4.660592e-02
-3.428635e-02
5.572841e-02
5.783820e-02
5.930535e-02
6.559980e-02
9.599661e-03
1.239072e-02
-1.711817e-02
2.703638e-02
-4.985558e-03
-2.306462e-02
1.436646e-02
2.343863e-02
-1.016777e-03
-1.442161e-02
3.531169e-03
-3.887028e-02
-2.893714e-02
-2.895249e-02
2.792906e-02
-8.185067e-04
-2.925425e-02
-3.470370e-03
6.459802e-03
3.956899e-03
3.114291e-03
5.433562e-02
9.551685e-02
4.506359e-02
5.570898e-02
3.689367e-02
2.208113e-02
-1.843541e-03
8.524634e-04
3.915812e-03
-6.113158e-04
-1.451488e-03
7.505567e-05
-3.520705e-03
3.546673e-04
-1.983836e-03
5.088897e-02
2.353640e-02
-5.767235e-02
8.971379e-02
-9.852617e-03
-4.096053e-02
6.842721e-02
-2.126369e-02
-5.926079e-02
4.642974e-03
-8.004733e-04
1.465073e-02
2.770363e-02
-9.182784e-02
-1.674819e-02
4.922951e-02
-2.399904e-02
1.397043e-02
2.289287e-02
-1.768134e-02
1.661344e-02
-3.129489e-02
8.516310e-02
5.640535e-02
-4.144915e-02
-5.410279e-03
6.331169e-02
9.660229e-03
-2.259876e-03
-5.235824e-02
8.277154e-02
5.856595e-03
-9.525766e-02
5.527949e-02
3.935293e-02
-5.357220e-02
-1.305343e-03
-2.886045e-03
-1.013291e-03
-2.085461e-03
2.005431e-03
-5.869344e-04
-1.103991e-03
1.295361e-03
2.500127e-03
-2.726616e-02
-1.457208e-02
-9.866391e-04
-4.264915e-02
-1.737496e-02
-9.574981e-03
-4.317326e-02
7.341378e-03
1.023236e-02
-7.332876e-02
-9.858786e-03
2.411258e-02
-2.555935e-04
-7.185571e-03
2.876080e-02
2.957419e-02
-1.600646e-02
3.459449e-02
1.966442e-02
-2.593364e-02
-9.602254e-02
2.181644e-02
4.918680e-02
-4.841544e-02
-6.857767e-03
9.626971e-03
-1.362103e-02
-2.249520e-02
-3.073711e-02
-3.527121e-02
-5.235753e-02
-2.767077e-02
-1.652151e-02
-2.485681e-02
-4.472815e-02
-9.989427e-03
-9.615717e-03
1.757225e-02
4.175967e-02
1.623705e-02
6.930200e-03
-7.790043e-03
-2.142665e-02
2.051145e-02
2.329131e-02
-1.055090e-02
2.165976e-02
2.208251e-02
-3.185458e-02
-1.837433e-02
2.516816e-02
-1.008505e-02
-1.080321e-02
2.906755e-02
5.208885e-02
-2.393574e-02
-3.741409e-03
-1.702856e-02
-6.037239e-02
-1.534714e-01
4.711708e-02
-4.317556e-02
-6.719885e-02
5.700386e-02
3.826588e-02
1.945750e-02
-3.065434e-02
-3.934409e-02
6.961924e-03
-2.011076e-02
2.309910e-03
1.862491e-02
2.246738e-02
7.354634e-02
-5.340625e-02
-5.208018e-02
2.416176e-02
-6.280784e-02
3.884228e-02
4.477109e-02
2.815943e-02
-4.801362e-02
1.570378e-02
3.354881e-02
-5.060535e-02
-2.524038e-02
-2.998136e-02
-2.571039e-02
-2.273676e-02
1.011016e-01
2.839389e-03
7.236275e-05
-2.365103e-03
-2.056230e-04
-2.850462e-04
-8.084567e-06
-2.093283e-04
3.083973e-04
2.251161e-03
1.571551e-02
-1.266464e-02
-2.763903e-02
-1.025563e-02
-4.140448e-02
-1.180444e-02
1.269684e-02
4.467777e-02
9.811143e-03
-3.130934e-03
-5.161053e-02
-3.461015e-02
-1.236078e-02
-5.029878e-02
1.999982e-02
1.056160e-01
1.145201e-01
-3.031204e-03
4.114225e-02
8.896830e-02
-2.852426e-02
4.388339e-02
-3.769522e-02
6.713356e-03
2.671493e-02
-8.379456e-03
-2.682992e-02
7.654030e-03
9.187161e-02
7.657256e-02
5.225986e-02
1.010425e-01
5.457601e-02
-9.228072e-02
-3.917473e-02
1.089833e-02
1.096436e-05
1.273919e-03
-4.311326e-04
-7.663582e-04
-1.364810e-03
-1.236115e-03
-2.020477e-03
6.416668e-04
-1.844015e-03
-1.273614e-03
-4.598410e-02
-4.990032e-02
-2.978789e-02
-5.273069e-02
-3.317133e-02
-1.193187e-02
-2.786951e-02
7.316846e-03
3.802049e-03
-3.154647e-03
-4.088362e-02
5.609919e-02
-7.402808e-03
-2.342059e-02
5.662189e-03
9.838925e-03
1.308953e-02
5.102940e-02
2.795249e-02
5.418947e-03
1.234320e-02
1.039673e-02
3.209196e-02
1.062530e-02
5.873632e-02
7.034405e-02
2.599927e-02
3.894823e-02
3.671787e-02
-2.092758e-02
-2.393915e-02
-7.370515e-02
-4.865592e-02
-9.155876e-02
-7.376817e-02
7.228067e-02
-8.137716e-03
5.782306e-03
-4.855775e-02
-5.592028e-02
3.097723e-02
-1.055288e-02
-4.670444e-04
1.351578e-02
-2.582864e-02
-4.912446e-02
2.508072e-03
-5.319245e-02
-8.112805e-02
-1.652370e-02
-1.117030e-01
-1.189379e-01
-8.217999e-02
