4.680447e-02
8.709333e-02
7.807188e-02
4.689416e-02
1.336505e-01
1.320443e-01
1.370366e-02
6.344201e-02
6.613621e-02
-6.319739e-03
-1.873539e-02
4.329444e-02
-4.400681e-02
-7.281553e-02
7.959860e-03
-3.873650e-02
-9.774863e-02
-2.180550e-02
8.777723e-02
1.088297e-01
8.404382e-02
1.382467e-02
5.218409e-02
9.432447e-02
3.112881e-02
6.786858e-02
1.483538e-02
-6.526762e-02
2.390079e-02
6.468459e-02
-9.476454e-03
6.501640e-02
2.128466e-02
-3.940954e-02
1.306599e-02
-5.970164e-03
6.854150e-03
-7.842701e-02
-3.794326e-02
-7.793084e-02
-2.013005e-01
-1.724518e-01
-4.329326e-02
-1.626067e-01
-1.323885e-01
-1.044014e-01
8.754000e-02
-4.263608e-02
-6.780326e-02
7.523072e-02
-3.641744e-02
-9.144970e-02
1.330169e-01
-1.187626e-02
7.657946e-02
1.249846e-01
1.419787e-01
7.002036e-02
8.999513e-02
1.127073e-01
-1.066648e-03
9.902952e-03
6.783138e-02
3.575938e-02
3.186079e-02
3.763326e-02
-6.928334e-03
5.181760e-03
4.556210e-02
-4.167710e-02
-9.120101e-02
-3.980656e-02
-5.661656e-02
-3.958648e-02
4.098916e-02
-1.366773e-02
8.348659e-02
7.518546e-02
7.043073e-03
6.513972e-02
5.650816e-04
-1.713703e-04
-3.681695e-02
-3.499214e-02
3.964672e-02
1.729641e-02
4.983053e-03
6.689954e-02
3.109633e-02
6.055543e-02
-2.712637e-02
-3.878819e-02
-2.574200e-02
5.344158e-04
-3.525031e-03
-7.467187e-02
-3.686282e-02
-7.266349e-03
-2.962031e-02
-1.752481e-02
-3.599332e-02
-1.943889e-02
3.478107e-02
3.994062e-02
3.404402e-02
1.984087e-02
6.751480e-03
5.263128e-02
6.398240e-02
-1.604636e-04
2.823060e-02
-7.063994e-02
-1.064071e-01
-9.200928e-02
-6.101060e-02
-1.283477e-01
-1.016464e-01
3.074202e-02
-4.338761e-02
-1.323733e-02
-1.646446e-02
-1.066990e-01
-1.074789e-01
5.373346e-02
-7.055961e-02
-6.415086e-02
3.240981e-02
-9.139612e-04
2.222185e-02
-3.563613e-02
-3.158340e-02
-1.575528e-02
4.747071e-02
-5.635040e-02
4.202158e-02
-1.215955e-01
-5.030486e-02
-3.231933e-01
2.834180e-01
3.214107e-01
3.758554e-01
-2.007171e-01
9.178012e-04
-3.114862e-01
-1.734858e-03
-5.076655e-03
2.186093e-03
-7.601208e-02
-7.894182e-02
-1.039755e-01
-3.836344e-02
-6.987729e-02
-8.824570e-02
5.305707e-02
2.864160e-02
-3.232377e-02
1.658452e-01
-3.655908e-02
1.648692e-01
9.690145e-02
1.680971e-01
1.937750e-01
-4.829515e-02
-2.176793e-02
7.137223e-02
2.143880e-02
3.114419e-02
1.083217e-02
2.048224e-02
3.239735e-02
6.161095e-02
-3.448981e-02
1.901012e-02
7.244740e-02
4.343629e-02
1.558004e-01
1.956069e-01
1.056914e-01
1.627927e-01
1.620441e-01
7.739869e-02
3.421428e-02
-6.925807e-02
9.042768e-02
6.755820e-02
-6.642200e-03
2.575900e-02
2.861279e-02
-9.301430e-03
-2.223126e-01
3.350312e-02
-1.968827e-01
2.082350e-01
1.090431e-01
2.734304e-01
-1.915868e-01
4.823613e-02
-1.914663e-01
-2.767478e-02
-1.306397e-01
-7.982414e-02
-3.477981e-02
-1.176067e-01
-4.855936e-02
-1.261557e-02
-6.183412e-02
-3.469805e-02
5.261264e-03
2.940852e-03
-4.703491e-03
-3.023452e-03
-6.403746e-02
-7.323219e-02
-3.289257e-03
-2.928122e-02
-3.987763e-02
7.339216e-02
9.229427e-03
8.778135e-02
1.950072e-02
4.944462e-02
2.914457e-01
9.790828e-02
2.244943e-01
3.354356e-01
-3.436240e-03
-2.932907e-02
-3.782070e-03
-7.736392e-02
-9.984316e-02
-2.568198e-03
-9.252676e-03
-4.800222e-02
2.551318e-03
-6.726251e-02
3.089273e-02
-1.392142e-02
-4.182502e-02
7.197170e-03
9.707989e-02
-5.062433e-02
2.991597e-03
-1.382553e-02
3.567830e-02
4.008055e-02
3.828050e-02
5.379962e-03
3.061981e-02
9.700267e-02
-6.753679e-02
-6.002611e-02
-2.689279e-02
4.881652e-02
-5.112433e-02
-5.478444e-02
1.687240e-02
-1.527913e-01
-5.255701e-02
-8.465797e-02
-1.111903e-01
-1.092977e-01
-1.197658e-02
-9.127478e-02
-8.002494e-02
-1.621189e-02
-7.154143e-02
-4.515549e-02
-1.808275e-02
-4.332035e-02
-2.982543e-02
2.221953e-02
5.188950e-02
-6.259606e-02
1.541129e-02
-4.045536e-02
-4.035486e-02
-5.947152e-03
-2.333461e-02
-1.202696e-02
1.936022e-01
-1.330564e-01
2.097568e-02
2.372949e-02
-1.955887e-01
8.619009e-02
9.958583e-02
-1.597434e-01
1.428623e-01
2.234530e-03
2.506679e-03
-4.026189e-03
2.337112e-03
-7.752977e-03
-4.578218e-03
-1.632797e-02
-3.388013e-02
-2.929798e-02
-2.902728e-02
2.152517e-02
2.600737e-02
-1.866228e-02
3.758675e-02
2.138774e-02
-1.040100e-02
2.981885e-02
-2.138198e-02
-2.261998e-03
-5.926298e-03
2.882322e-03
1.212578e-02
1.193400e-02
2.220187e-02
-1.136759e-02
-6.565126e-03
-4.878138e-03
4.978425e-02
4.053001e-02
-2.016586e-02
8.345833e-02
2.969056e-02
-4.309380e-02
7.380027e-02
-3.667026e-03
-6.342325e-02
7.197174e-03
-6.564168e-03
-5.148345e-03
-6.327645e-04
-1.037188e-02
-1.974148e-02
-6.261849e-03
-1.684413e-02
-2.245894e-02
9.162275e-03
5.197171e-03
-1.369586e-02
2.155498e-02
1.892066e-02
-1.371578e-02
3.423666e-02
1.651163e-02
-2.729618e-02
2.029182e-02
2.113493e-02
7.433609e-03
2.878923e-02
2.972476e-02
1.338969e-02
2.784551e-02
2.564956e-02
2.072619e-02
1.608310e-02
-1.322221e-02
-1.385639e-02
1.354750e-02
-1.448562e-02
-3.963289e-03
1.455091e-02
-2.193437e-03
6.355806e-04
-4.581830e-03
2.868426e-02
1.810564e-02
1.582287e-02
4.498954e-02
1.796305e-02
2.113008e-02
3.061461e-02
-3.004130e-03
-5.728863e-04
7.785684e-03
-1.793560e-03
-3.278944e-03
3.964602e-03
-4.891163e-04
-6.048785e-03
-1.292259e-03
6.219341e-04
-9.239847e-03
-1.980661e-02
-1.544854e-02
-2.050911e-03
-1.654353e-02
-3.008461e-02
-1.933290e-02
-1.375794e-02
-2.426265e-02
-8.272672e-03
-7.313793e-03
-4.088285e-03
-1.044022e-02
-1.357282e-02
-1.398044e-02
-3.255581e-03
-1.872823e-03
-2.692924e-03
-1.782101e-02
1.693368e-05
9.118027e-03
-1.802726e-02
4.379261e-04
1.408901e-02
-1.558710e-02
-5.935017e-03
8.204400e-03
4.161699e-03
1.206694e-02
3.983799e-03
1.414532e-03
5.711854e-03
4.229827e-03
8.611438e-04
7.630364e-03
-1.290288e-03
1.078100e-02
-6.989465e-03
9.394595e-03
1.894383e-03
-8.379178e-03
1.406812e-02
2.017023e-03
-4.304165e-03
1.123460e-02
-2.966049e-02
1.577810e-02
2.600916e-02
-1.821061e-02
2.292182e-02
-2.635238e-02
1.292087e-02
3.182319e-02
-4.298478e-02
-2.756650e-02
-1.221221e-02
-3.471588e-02
-1.176970e-01
-8.355912e-02
-6.814048e-02
-8.246990e-02
-5.184149e-02
-5.190041e-02
-4.017511e-02
3.323456e-02
-1.149144e-03
-1.043139e-01
3.504999e-02
-1.064083e-02
-5.714239e-02
3.609962e-02
-1.106681e-02
2.348193e-02
1.552881e-02
7.841267e-03
-1.520419e-02
-6.586821e-02
-4.364043e-02
-4.341470e-02
-4.443945e-02
3.465442e-03
3.148927e-02
-2.897773e-02
-5.960046e-02
4.330735e-02
-5.587364e-02
-8.937357e-02
9.129051e-02
-3.204244e-02
-3.928806e-02
5.873276e-02
1.842417e-01
1.513739e-01
1.081797e-01
2.238092e-01
2.039057e-01
5.521454e-02
1.552592e-01
1.211952e-01
1.706361e-02
-7.240291e-03
1.326288e-02
-3.981602e-02
4.147945e-02
-5.826949e-02
1.550418e-02
1.680093e-03
1.468567e-02
5.091746e-03
4.604080e-02
1.713313e-02
1.999510e-02
5.016556e-02
2.021587e-03
3.688759e-03
3.487740e-02
-2.212795e-02
-4.484626e-02
-3.804739e-02
-3.860854e-02
-5.563300e-02
-6.389356e-02
-5.477363e-02
-3.718434e-02
-8.028507e-02
-7.009234e-02
-1.022680e-01
-9.145094e-02
-3.114017e-02
-1.067003e-01
-6.621505e-02
-3.709419e-02
1.853134e-03
-1.603533e-02
1.640194e-02
4.935150e-02
2.180634e-02
7.840772e-02
-1.675127e-02
5.920479e-03
5.766751e-02
-5.022119e-02
-4.559279e-02
4.789359e-02
-4.373271e-02
-5.220383e-02
-1.308316e-01
-9.716755e-02
-8.939886e-02
-1.277958e-01
-1.466019e-01
-1.255972e-01
-1.128674e-01
-6.186634e-02
-6.673946e-02
-1.485753e-02
-4.909625e-02
-5.491058e-02
-2.724914e-02
-7.505786e-02
-9.473575e-02
-6.365662e-02
-1.588948e-02
6.337948e-02
3.306765e-02
1.280264e-02
7.403636e-02
9.937602e-02
6.817582e-02
8.166391e-02
1.047313e-01
4.786086e-02
1.080185e-01
1.040356e-01
4.024905e-02
8.646584e-02
1.153265e-01
-1.941370e-02
3.354058e-02
5.805527e-02
-5.489158e-02
1.737998e-02
2.009101e-02
-6.176551e-02
2.112222e-02
4.317248e-02
-3.195699e-02
6.842309e-03
1.661744e-02
-4.158629e-02
-1.032398e-01
-5.242435e-02
-8.059484e-02
6.730524e-02
-2.437644e-03
2.702017e-02
1.710271e-02
2.657619e-02
4.613327e-02
-2.797892e-02
-2.699095e-02
1.656586e-02
-2.280433e-02
5.867367e-03
1.874302e-02
-4.617309e-03
2.116535e-02
8.575957e-02
-4.504775e-02
3.990649e-02
1.606553e-01
-8.042125e-02
4.883342e-02
1.363497e-01
6.648532e-02
5.201305e-02
-1.076327e-01
-1.094698e-01
-8.565404e-02
-1.759946e-02
2.344660e-02
2.390546e-02
6.963171e-02
1.346404e-01
1.541784e-01
9.041608e-02
4.670310e-02
1.249666e-01
9.200629e-02
1.049596e-01
2.146300e-01
1.131139e-01
1.964392e-01
2.570639e-01
-2.994003e-02
6.109969e-02
8.754755e-03
3.707860e-02
1.048117e-01
7.931942e-02
3.689538e-03
7.450394e-02
3.334578e-02
-8.132709e-02
-1.765200e-03
-3.036636e-02
1.478425e-01
-6.686572e-02
9.590422e-02
1.196556e-02
-5.889860e-02
-6.893499e-02
-7.092998e-02
-9.333605e-02
-2.958563e-02
2.374295e-02
-2.265886e-02
4.802696e-02
3.050239e-02
1.252390e-02
1.066687e-01
2.697675e-03
5.326028e-02
-6.328746e-02
5.324886e-02
9.477901e-02
-3.253986e-02
4.973037e-02
6.755857e-02
-6.370888e-02
1.025681e-01
-1.290525e-02
-5.361768e-02
3.757064e-02
-3.914765e-02
5.297575e-02
-9.378503e-02
-1.192938e-01
1.428281e-02
-1.747898e-03
3.769514e-02
8.344695e-02
4.078047e-02
7.120690e-02
1.405237e-01
-6.411996e-03
4.447890e-02
7.475863e-02
-3.109347e-02
-4.072860e-02
-1.524608e-02
-1.827891e-02
-1.221128e-01
4.068064e-02
1.479107e-01
4.410509e-03
1.392186e-02
2.170423e-02
2.436479e-02
1.345871e-02
-2.737313e-02
-1.847916e-02
-3.494591e-03
-2.162013e-02
-6.102587e-02
-3.300764e-02
3.573086e-02
8.263677e-03
-6.975669e-02
1.020676e-01
8.526998e-02
-4.052474e-02
5.938858e-02
1.125643e-01
-3.986110e-02
8.665478e-03
7.414376e-02
3.528663e-02
6.984019e-02
9.266142e-02
4.804066e-02
2.287530e-02
7.834665e-02
-1.088077e-03
5.725276e-02
7.958198e-02
-9.877636e-02
8.237200e-02
8.173975e-02
-1.246497e-01
6.153787e-02
9.486242e-02
-1.309002e-01
1.161115e-01
-1.461267e-01
5.994814e-02
8.152554e-02
-7.199612e-02
5.710420e-02
1.376865e-01
-3.095026e-01
2.550553e-01
-1.030047e-02
-2.165166e-03
2.403889e-03
7.244019e-03
8.530024e-04
-2.001484e-02
3.746236e-02
3.125229e-02
-1.005313e-02
-7.304607e-02
-9.524568e-02
-1.043807e-01
-9.491614e-02
-7.000563e-02
-8.464125e-02
-6.380352e-02
1.389696e-02
-4.896919e-02
-4.088632e-02
-3.122573e-02
-6.440990e-03
-1.775984e-02
1.234303e-02
1.285987e-02
6.672381e-02
8.458576e-02
7.866035e-02
-9.001411e-02
-3.864501e-02
4.141265e-03
-4.684562e-02
1.305384e-02
-6.708255e-03
4.303566e-02
2.842220e-02
1.765230e-02
-3.127678e-02
-1.906150e-02
-1.452916e-02
-3.999292e-02
-1.520524e-02
5.641232e-03
-4.085897e-02
-5.892260e-03
3.502770e-03
1.282549e-02
-8.461470e-03
-1.402351e-02
3.295300e-02
-1.432334e-02
1.894197e-02
-1.663605e-02
-3.495346e-02
-4.302982e-02
-7.044630e-03
8.833295e-03
7.728881e-03
1.045430e-02
3.766945e-02
1.888176e-02
1.313687e-02
3.418526e-02
2.340410e-02
2.493777e-02
-1.118655e-02
-3.230616e-02
3.226091e-02
1.483239e-04
-1.456869e-02
1.806354e-02
-1.039097e-02
-1.016827e-02
-2.857825e-02
-4.994950e-02
-2.752342e-02
-4.465673e-02
-4.910232e-02
-3.420410e-03
-4.037672e-02
2.022780e-02
7.876340e-03
-4.517011e-02
-3.742205e-02
-2.027800e-02
-6.033647e-02
-4.227882e-02
-2.806851e-02
-4.756058e-02
-4.248230e-02
-3.959938e-02
4.618930e-02
1.431717e-02
8.483279e-03
4.304767e-02
1.466807e-02
1.247522e-02
2.418200e-02
-1.223390e-02
-9.281421e-03
-1.432211e-02
-9.759258e-03
-2.725932e-02
1.764314e-03
5.570246e-03
4.618861e-03
-1.629855e-02
-8.845929e-03
-1.220782e-02
5.226786e-02
1.623915e-02
9.543356e-03
1.076546e-02
1.989620e-02
1.016935e-02
-1.525602e-02
1.789614e-02
2.378535e-02
-5.650609e-02
-5.066267e-02
-1.523011e-02
-6.768273e-02
-6.448781e-02
-1.728782e-02
-7.011382e-02
-4.604425e-02
-8.317376e-03
7.841962e-03
-7.367847e-03
-3.092555e-02
-1.012242e-02
-1.728647e-02
-4.967401e-02
-1.941795e-02
-1.825362e-02
-5.603726e-02
-3.564067e-02
-2.788642e-02
1.634279e-02
-2.509801e-02
7.711606e-02
2.095462e-02
-7.773414e-02
2.016969e-02
-4.842891e-02
-2.187300e-02
-5.531428e-03
-4.498584e-04
5.029476e-03
1.736728e-02
2.332535e-02
3.897417e-03
1.158531e-02
8.109284e-03
6.559929e-02
-1.399323e-02
3.365309e-02
5.273679e-02
-1.872970e-02
3.892663e-02
1.803756e-02
-4.552832e-02
2.940681e-02
1.399412e-02
1.390570e-02
1.544926e-02
7.780506e-03
3.273780e-03
2.146349e-04
5.302084e-04
-1.458726e-02
-5.114533e-03
-4.165881e-02
-2.107357e-02
3.890220e-02
-6.266039e-02
-1.332980e-02
4.327489e-02
-6.339377e-02
1.184803e-04
3.506643e-02
1.555090e-02
1.143106e-02
1.428247e-03
8.595620e-03
4.975888e-03
-7.091898e-03
6.567283e-03
3.943111e-03
4.759797e-06
-1.491611e-02
-2.570971e-02
1.035426e-02
6.454993e-03
-2.477437e-02
1.467695e-02
-6.173643e-03
-3.481345e-02
4.794478e-03
-3.432436e-02
-1.975436e-02
6.540123e-04
-3.880863e-02
-2.227338e-02
-1.206363e-03
-3.409502e-02
-2.285047e-02
-2.935076e-03
-2.001919e-02
2.819626e-02
8.341474e-03
-2.829637e-02
1.039441e-02
-7.565460e-03
-1.929720e-02
1.131351e-02
-5.811170e-03
1.837631e-02
-2.769744e-02
-1.829823e-02
1.457215e-02
-3.262266e-02
-1.816451e-02
-6.115595e-03
-2.084269e-02
2.939985e-03
3.243162e-03
-3.321010e-03
3.402261e-03
1.197003e-02
8.064255e-03
1.336185e-02
1.040122e-02
5.374804e-03
1.537336e-02
-2.745270e-02
8.840043e-04
2.397691e-03
-1.589823e-02
2.626559e-02
2.379662e-02
-1.782181e-02
8.956544e-03
3.731434e-03
-7.229436e-03
-1.102344e-02
-1.442741e-02
-4.073192e-03
-6.428547e-03
-1.512749e-02
-8.756422e-03
-8.551370e-03
-1.374927e-02
1.680358e-04
-3.718556e-02
-4.247706e-02
1.037491e-02
-9.012834e-03
-2.658977e-02
3.913520e-03
-1.763851e-02
-2.372470e-02
3.619851e-03
-1.494655e-02
-2.063868e-03
2.762315e-03
-6.174754e-03
-2.009486e-03
5.556229e-03
-8.184155e-03
-2.987853e-03
-6.839275e-03
1.891127e-02
-5.264837e-03
8.150064e-04
1.902158e-02
-3.526407e-03
-7.042328e-03
1.010100e-02
-2.062703e-02
1.774027e-02
-1.545488e-03
3.271275e-02
-2.655530e-02
-5.218976e-02
3.693847e-02
-2.517902e-02
-4.641324e-02
5.065330e-02
-1.666901e-02
-3.864905e-02
-2.424870e-02
-1.948054e-02
-2.987815e-02
-1.512347e-02
-4.244586e-02
-2.892423e-02
-1.857878e-02
4.129817e-02
-4.584284e-02
1.522192e-02
3.581077e-02
-2.001152e-02
2.949679e-02
3.531874e-02
1.625939e-02
6.051385e-02
-2.603424e-02
-1.221271e-02
-2.217573e-02
3.242727e-02
1.301139e-02
1.124616e-02
7.379490e-03
4.012167e-03
-3.187606e-02
2.821671e-02
-2.253080e-02
5.801114e-02
1.112360e-02
1.169571e-02
8.518315e-02
1.266678e-03
5.122160e-02
4.412121e-02
1.425907e-02
3.132877e-02
3.181971e-02
1.883810e-03
1.329771e-02
1.381769e-03
-4.900811e-02
-3.543125e-02
-4.146911e-02
5.338860e-02
-6.954200e-02
1.083124e-01
-3.089043e-02
-1.066941e-01
-5.928496e-02
9.553901e-02
-4.257977e-02
1.067685e-01
2.534763e-02
3.527854e-02
5.304065e-02
4.876744e-02
6.685697e-02
5.604851e-02
3.890002e-02
3.586416e-02
2.737764e-02
-2.127952e-02
-2.101844e-02
-2.185308e-02
3.300054e-03
2.919109e-02
2.531465e-02
1.201883e-02
2.265009e-02
1.316217e-02
4.736200e-02
1.903797e-02
-2.972274e-02
1.298112e-02
-3.709539e-03
6.997803e-02
-2.393043e-02
1.294733e-02
4.449287e-02
-1.194102e-02
1.864727e-02
2.214036e-02
-2.621297e-02
-3.139385e-03
-2.806648e-03
-1.903638e-02
-6.840628e-03
6.876918e-03
-5.619661e-02
-5.130853e-02
3.066363e-02
-2.068095e-02
-5.033308e-02
-1.879795e-02
3.003947e-02
1.163509e-02
-3.628411e-03
1.389351e-02
2.610273e-02
3.185421e-02
-1.381882e-02
-1.793994e-03
-1.898852e-02
2.421139e-02
2.766462e-02
3.405816e-02
2.928650e-03
-1.089487e-02
-4.158533e-03
5.004578e-02
5.576648e-02
3.315519e-02
4.972757e-02
4.232244e-02
2.564679e-02
-6.415153e-03
3.572939e-02
3.416615e-02
-2.088550e-02
1.940388e-02
2.168949e-02
-3.778400e-02
-3.520032e-03
-1.478895e-02
1.438807e-02
-2.618770e-02
-9.126307e-03
-9.415702e-03
-4.129367e-02
-2.613643e-02
1.348691e-02
-1.010493e-02
7.087226e-03
1.044168e-01
-3.595236e-02
-6.650159e-02
7.602823e-02
2.016682e-03
-1.196235e-02
5.697184e-03
6.645862e-03
6.628687e-03
-2.937409e-03
-4.701217e-03
-6.085558e-03
-2.971844e-03
3.468697e-03
-7.627768e-03
-9.907128e-03
-1.221623e-02
-1.662230e-02
7.142497e-02
3.025784e-02
-2.403260e-02
3.975692e-02
2.280030e-03
-7.240042e-02
-1.555207e-02
-2.629813e-02
-8.424623e-02
8.158652e-03
2.919878e-02
2.771268e-02
4.034874e-02
6.801792e-02
4.976259e-02
1.062921e-02
1.901703e-02
-2.959704e-02
4.122689e-02
-8.571809e-03
-3.753237e-02
3.973509e-02
-6.488667e-02
-5.554128e-02
-1.526969e-02
-1.062338e-01
-5.755124e-02
1.327477e-02
1.419800e-02
3.782848e-02
-3.120354e-03
1.241884e-02
4.200017e-02
8.508071e-03
1.429923e-02
3.769713e-02
4.633393e-03
-1.005958e-02
-4.175516e-03
-8.249675e-04
1.421030e-02
-1.791721e-02
4.913204e-02
8.029312e-03
-1.972716e-02
-4.673457e-03
-3.516252e-03
-1.102799e-03
8.952077e-03
4.323456e-03
3.462093e-03
4.428319e-03
1.685460e-02
2.376599e-02
-4.165553e-03
-1.842773e-02
-1.408644e-02
-3.265400e-03
-8.873704e-03
6.162521e-04
-4.355398e-02
-2.420131e-02
3.491094e-03
1.275181e-02
4.841370e-02
6.673741e-03
2.206071e-02
2.873088e-02
-2.166586e-03
2.261252e-02
6.337789e-03
4.735104e-02
2.412332e-02
3.306127e-02
2.945673e-02
1.737790e-02
1.995906e-02
1.792615e-02
2.317035e-02
2.661636e-02
1.844452e-02
3.851043e-02
-3.407366e-02
1.134658e-02
5.348474e-02
-2.433900e-02
-3.184908e-02
2.928243e-02
-1.302557e-02
-4.699317e-02
7.306906e-03
1.812742e-02
1.928066e-02
-1.274780e-04
-3.533449e-04
6.506563e-03
3.628025e-02
3.914107e-02
4.398941e-02
1.263078e-02
2.480004e-02
-9.964279e-03
4.935788e-03
5.156715e-03
2.012187e-03
-6.344932e-03
1.201771e-02
6.780650e-03
1.975265e-02
1.828158e-02
1.728911e-02
1.534222e-02
1.613805e-02
3.337453e-02
2.068098e-02
2.356810e-02
3.039755e-02
1.467758e-03
-1.443742e-02
-2.081364e-02
-2.178000e-02
-2.692615e-02
-1.439652e-02
-2.543349e-02
-2.741380e-02
7.567758e-03
3.459248e-03
4.691343e-02
4.528050e-02
5.467119e-02
-7.630678e-02
-6.444626e-02
-2.159892e-02
-4.147496e-02
4.100552e-02
-8.637521e-03
4.552330e-03
-1.441111e-03
2.461700e-03
1.306884e-02
1.514968e-02
-3.800731e-03
9.811890e-03
8.018303e-03
-1.967907e-02
-5.849028e-03
3.696684e-03
-5.200163e-03
-1.279769e-02
1.148781e-02
2.358053e-03
1.546849e-02
1.077217e-02
-3.726226e-03
-1.340535e-02
-6.254461e-03
-1.251504e-02
-1.650684e-02
7.426304e-03
6.095568e-03
5.878779e-04
1.410354e-02
-5.831114e-02
-1.819151e-03
2.685723e-02
-5.421553e-02
1.869559e-02
6.803385e-03
-2.473812e-02
2.100273e-02
-4.169042e-03
7.886134e-03
-2.590224e-03
8.282067e-03
9.356157e-03
3.222309e-03
7.314071e-03
1.031382e-02
6.815526e-03
8.545091e-03
-1.243645e-03
-2.060501e-02
1.094060e-02
-1.810023e-02
2.162223e-03
1.808048e-02
-6.718454e-03
-1.427286e-02
2.779351e-02
3.778160e-04
2.492653e-03
1.409271e-02
-7.186323e-03
-3.876843e-03
1.410863e-02
-1.446417e-02
-1.155664e-02
7.195996e-03
4.608387e-03
1.172707e-02
5.194610e-03
4.303511e-03
9.005425e-03
1.072185e-02
2.361019e-03
1.579993e-03
5.188634e-03
-1.074212e-02
-1.742762e-02
3.448451e-03
-2.619421e-02
-1.714989e-02
4.585260e-03
-1.702791e-02
5.023255e-03
1.491691e-02
2.012120e-02
8.103166e-03
5.768198e-03
9.757397e-03
5.771172e-03
7.067929e-03
-8.220864e-03
-9.134647e-03
2.005702e-03
1.268480e-03
1.181544e-02
1.490958e-02
-1.330276e-03
7.407467e-03
9.075423e-03
-3.325616e-03
-1.675224e-03
4.415710e-03
1.754259e-03
-3.537360e-04
1.714316e-04
-4.748468e-03
-9.323130e-03
1.063375e-03
-1.144625e-03
-1.031866e-02
3.214023e-03
5.033616e-03
-4.389335e-03
7.955373e-03
1.591424e-03
-1.357713e-02
1.018151e-02
-1.311744e-03
-9.722808e-03
1.247201e-02
1.766025e-02
9.173023e-03
2.156716e-02
1.256389e-02
3.231505e-03
2.486868e-02
6.833754e-03
-3.412754e-03
2.222681e-02
4.460191e-03
9.862559e-03
7.828642e-03
5.793379e-03
1.529122e-02
9.976006e-03
7.030390e-03
1.442079e-02
9.671325e-03
-4.315916e-02
2.918167e-03
4.571286e-02
-3.053551e-02
4.110694e-02
7.568446e-02
-6.380359e-02
1.777814e-02
3.273447e-02
-7.363265e-03
-5.578646e-03
7.321996e-03
1.762106e-03
8.367633e-03
1.939107e-02
-1.166801e-02
-4.792670e-03
2.996002e-03
-2.980417e-02
3.171624e-02
1.483355e-02
-2.245285e-02
5.250089e-02
1.109828e-02
-1.582316e-02
3.315297e-02
9.088845e-03
2.901662e-03
1.265510e-02
1.607803e-02
3.836831e-03
1.764918e-02
1.891930e-02
2.435809e-03
8.080503e-03
6.525586e-03
3.721616e-02
3.820799e-02
-3.155715e-02
4.495082e-02
2.100245e-02
-6.226553e-02
3.930918e-02
1.531893e-02
-4.630820e-02
2.799912e-03
7.625688e-03
5.798140e-04
-1.365908e-04
2.579696e-03
1.095999e-02
1.244659e-02
1.209231e-02
1.875097e-02
2.417883e-02
5.943018e-04
-3.934512e-02
5.455308e-03
-7.466062e-03
-3.622843e-02
1.251133e-02
2.035944e-02
-2.089603e-02
2.088732e-02
1.850845e-02
-5.033530e-03
2.468246e-02
2.533741e-02
1.282209e-03
2.307602e-02
2.597170e-02
-4.330230e-03
-2.373511e-03
-2.446136e-02
-1.060850e-02
1.522488e-02
-2.133679e-02
3.292374e-03
7.823797e-03
-2.024999e-02
-5.334110e-03
-2.277630e-02
9.782917e-03
3.471307e-02
-2.825277e-03
1.741391e-02
1.346908e-02
5.629489e-03
7.529212e-03
2.215207e-02
9.143158e-03
7.213282e-03
2.431337e-02
4.890411e-03
1.742479e-02
1.368576e-02
3.394447e-03
9.768213e-03
9.846848e-03
3.103066e-02
-9.327109e-03
-4.181982e-02
1.654207e-02
-1.494003e-02
-4.648389e-02
1.854285e-02
2.682924e-02
-7.013476e-03
1.022365e-02
1.046447e-03
1.432931e-02
1.229141e-03
-1.360550e-03
-2.574284e-03
6.582259e-03
1.042085e-02
1.933245e-02
-1.954501e-02
1.663179e-02
-1.454174e-02
-1.416315e-02
3.039741e-02
1.083499e-02
1.504745e-04
2.671695e-02
3.560301e-02
-6.272917e-03
1.523106e-02
1.937108e-02
1.169014e-02
2.524891e-02
2.656350e-02
1.027501e-02
2.116104e-02
1.182634e-02
-8.755381e-03
2.732813e-03
1.626864e-02
-5.048337e-03
-6.590157e-03
1.948580e-02
-5.510656e-03
-7.934447e-03
1.774636e-02
-1.965794e-02
6.857078e-03
2.542192e-02
-1.474265e-02
4.240444e-02
-3.529834e-02
2.201664e-02
1.464774e-02
-4.551760e-02
-1.602195e-02
-3.829332e-02
-2.718769e-02
-1.546528e-02
-5.657712e-02
-2.638391e-02
-2.724752e-02
-8.198496e-02
-8.459380e-02
5.588866e-03
-1.017486e-01
3.281530e-02
1.204150e-01
9.467422e-02
1.168839e-01
6.423166e-02
7.911344e-02
1.101721e-01
-3.363166e-02
-9.320551e-02
-2.629064e-02
-7.198165e-03
-4.837538e-03
1.198953e-01
-3.530569e-02
-8.472637e-02
8.129543e-02
-3.389538e-02
3.412125e-03
-1.469471e-02
2.128928e-02
1.455838e-01
6.016843e-02
4.667863e-02
1.586803e-01
-6.883217e-03
-3.033955e-02
9.357397e-03
8.076898e-02
-6.587680e-02
-1.221003e-01
-4.348877e-02
-2.751761e-03
-8.885052e-02
-8.743078e-02
1.155459e-01
-1.813630e-01
1.494347e-01
5.658889e-02
-2.589020e-01
-3.421931e-02
1.386746e-01
-1.153417e-01
1.551682e-01
-3.885998e-02
-1.266338e-01
-5.782499e-02
-6.906190e-02
-1.152062e-01
-5.404398e-02
-4.274317e-02
-7.505139e-02
9.331078e-04
4.386506e-02
-4.800991e-02
-6.771006e-02
5.876476e-02
3.574588e-03
-8.323079e-02
1.021432e-01
5.577157e-02
-2.172399e-02
5.857555e-02
1.989297e-02
-2.656178e-02
1.150624e-01
-6.524778e-03
-1.011406e-02
6.645977e-02
-2.751913e-03
-4.117528e-02
-8.549036e-03
8.290052e-02
-5.722911e-03
3.503160e-02
1.212571e-01
2.984905e-02
-5.167178e-02
1.086279e-01
2.768872e-02
2.021582e-02
-2.814025e-02
9.295491e-02
1.295324e-01
5.607961e-02
8.051197e-02
1.802595e-01
1.526643e-01
1.620069e-01
2.936110e-02
7.537292e-02
5.520429e-04
6.035532e-03
-8.299083e-03
-1.024356e-01
5.204113e-02
8.742706e-02
5.139795e-03
2.172153e-02
7.272093e-02
-2.966571e-02
4.453119e-02
1.810005e-01
1.511939e-02
-6.268016e-02
1.029715e-01
2.133288e-02
1.254617e-01
1.400649e-01
3.702661e-02
1.327235e-01
1.366216e-01
-1.535676e-02
8.067623e-02
7.818431e-02
-5.029012e-02
-8.517273e-04
-2.530380e-02
-6.047024e-02
6.100443e-02
1.124279e-02
-4.021471e-02
-3.964189e-03
3.863688e-02
-6.442210e-02
-7.531918e-02
9.940478e-02
3.815559e-03
-1.679770e-01
-3.107218e-02
-7.743474e-02
-1.211798e-02
2.082034e-01
-2.339156e-02
-4.473203e-02
-5.458630e-02
-4.299586e-02
-2.967437e-02
-5.841547e-02
-5.854904e-02
-1.859218e-02
-3.607624e-02
-4.700265e-02
-1.053724e-02
5.870905e-02
8.272769e-03
3.227160e-02
6.744040e-02
7.224155e-03
1.663159e-02
5.351036e-02
1.021302e-02
-9.186628e-02
-6.844908e-02
-2.898517e-02
-2.397230e-02
-7.621713e-04
2.731842e-03
-3.314321e-03
-1.017491e-03
1.962216e-02
4.884975e-02
-2.413015e-02
-3.319154e-02
5.824658e-02
-6.248259e-03
-3.361083e-02
3.269801e-02
-2.663205e-02
-1.618525e-02
-1.790447e-02
-2.034926e-03
-9.638971e-03
-5.602764e-02
-4.721561e-02
-5.369084e-02
-3.299903e-02
-4.645212e-02
-5.146374e-02
-2.085657e-02
1.427540e-03
8.698960e-03
8.107771e-02
-1.265428e-02
5.806957e-02
-4.005719e-02
-4.983458e-02
-1.100291e-02
-9.597146e-03
-4.945049e-02
-7.856771e-02
-2.798176e-03
-2.989836e-02
-6.030479e-02
-1.100518e-02
-2.323131e-02
-6.056500e-02
-2.472762e-02
-5.139530e-02
-1.922676e-02
-1.275271e-02
-3.984332e-02
-1.477683e-02
-1.513184e-02
-4.297349e-02
-2.582216e-02
1.861397e-02
-2.716834e-02
-6.289915e-02
5.772361e-03
-4.849900e-02
-6.792647e-02
-3.748233e-02
-6.571383e-02
-4.982127e-02
-1.892530e-02
-1.200511e-02
-4.701409e-02
-2.099643e-02
-1.226541e-02
-3.843362e-02
-8.761196e-03
1.255470e-03
-2.830460e-02
-1.873906e-02
4.184386e-02
-4.986133e-03
-1.430749e-02
4.666410e-02
2.417608e-02
9.310191e-03
4.302483e-02
5.141238e-02
-1.076785e-02
2.094724e-02
6.989222e-03
-1.621857e-02
6.410504e-04
3.890347e-03
-2.893811e-02
-1.343601e-02
-6.762156e-05
-3.919015e-03
1.763376e-02
-1.272061e-04
-1.453514e-02
1.818132e-02
6.655166e-03
-4.106001e-02
-1.304800e-02
-9.285585e-03
-2.150718e-02
-2.822811e-02
-3.293666e-02
-3.753743e-02
-3.757825e-02
-5.988842e-02
-3.559516e-02
-4.563650e-02
-6.039344e-02
-3.672339e-02
-1.159932e-03
-1.714763e-02
-1.731456e-02
-1.901103e-03
-4.737079e-02
-1.318752e-02
9.000124e-03
-5.279542e-02
-9.328306e-02
1.625627e-02
-3.666911e-02
7.629167e-02
1.116406e-01
2.916529e-03
-5.230499e-02
-1.757248e-02
-5.358226e-02
3.449941e-02
2.793242e-02
3.628155e-03
5.233632e-02
2.338251e-02
1.349643e-02
2.758006e-02
1.402794e-02
-1.328287e-02
-1.129287e-01
-6.228820e-03
3.052986e-05
-1.484135e-01
7.844531e-03
2.151219e-03
-6.628567e-02
9.537089e-03
6.766932e-02
8.130261e-02
5.947712e-03
-7.839750e-03
3.924138e-02
2.074540e-02
4.305278e-02
2.304504e-02
3.407907e-02
4.895439e-02
2.533214e-02
2.986753e-02
-6.926271e-02
3.122750e-02
7.878715e-02
-8.376957e-02
3.101066e-02
7.792638e-02
2.372566e-02
3.439907e-02
-6.465569e-03
7.246009e-03
4.499846e-02
-2.202603e-02
-1.688004e-02
6.245856e-02
1.910798e-04
-1.075111e-02
2.018100e-02
2.256539e-02
-4.137797e-03
-1.026607e-01
2.957574e-02
-7.131985e-02
-1.016685e-01
6.535304e-02
-2.140796e-02
-1.385107e-02
-5.396232e-02
-1.854569e-03
-3.590935e-02
-7.980625e-02
-2.087448e-02
-3.434579e-02
-8.421953e-02
-1.984379e-02
2.577729e-02
-3.086517e-03
4.246176e-02
6.437138e-02
5.984886e-02
6.013341e-02
2.528931e-02
1.439034e-02
1.130391e-02
1.567131e-01
1.108113e-01
6.140029e-02
9.871349e-02
5.431367e-02
-3.739034e-02
7.839429e-02
-1.143586e-02
-8.639136e-02
-2.143584e-02
1.090389e-02
-2.137372e-02
-2.061618e-02
2.365848e-02
1.997489e-03
-1.551417e-02
-2.093303e-03
5.351256e-03
-8.534735e-02
-1.474558e-02
-4.906503e-02
-1.611488e-01
-4.346880e-02
-6.039682e-02
-1.390497e-01
1.561551e-02
8.526203e-03
5.026262e-02
4.611127e-02
3.249765e-02
6.062356e-02
4.387360e-02
1.930037e-02
6.105592e-02
4.183218e-02
3.526405e-02
-7.848171e-02
-3.843221e-02
2.030640e-02
-9.225992e-02
-3.309493e-02
2.637446e-02
-3.819801e-02
-6.529353e-02
5.017619e-02
5.581530e-03
-3.877722e-03
-5.032279e-03
7.108949e-04
1.283683e-02
1.221404e-02
1.438763e-02
1.255209e-02
1.563765e-02
-9.191957e-02
4.945779e-02
-1.328644e-02
-9.616302e-03
7.501142e-02
-2.372071e-03
1.388129e-02
4.948521e-02
3.109049e-03
-9.429991e-02
-4.509520e-03
1.019377e-01
-6.537651e-02
3.180031e-01
-7.781865e-02
-2.457510e-02
-1.524983e-02
-8.472998e-02
-7.475023e-02
-5.737496e-02
-4.736199e-02
-7.373578e-02
-8.392877e-02
-8.541729e-02
-3.571920e-02
-2.418785e-02
-2.259695e-02
1.574759e-01
6.288134e-02
-9.332161e-02
1.190568e-01
4.253687e-02
-1.231872e-01
9.688942e-02
4.447378e-02
-5.595240e-02
-8.285690e-02
-6.510588e-02
-1.258906e-02
-1.020373e-01
-1.030123e-01
-5.568992e-02
-4.150112e-02
-3.977553e-02
5.580269e-03
1.491500e-01
3.001184e-02
4.280269e-02
1.233136e-01
-8.766901e-02
-1.056869e-02
9.380078e-02
-4.417900e-02
3.627082e-02
-7.143476e-02
-2.256586e-02
-5.995302e-02
-5.822103e-02
-2.339744e-02
-7.008234e-02
-4.114450e-02
-3.650048e-02
-8.461053e-02
-4.839965e-02
-4.151626e-02
-2.075274e-02
4.102895e-02
2.831168e-02
3.985770e-03
-1.591086e-03
5.420178e-03
-4.074746e-02
1.489157e-02
-3.138621e-02
-2.138792e-02
1.732776e-02
-1.990590e-02
8.667552e-03
2.570775e-02
-1.373085e-02
4.869928e-03
-5.478101e-04
4.469151e-02
5.542494e-02
-8.209788e-03
2.152719e-02
5.859869e-02
-3.579982e-02
-1.106119e-02
1.541159e-02
-3.031106e-02
-5.398693e-03
3.577007e-02
-4.651237e-02
-1.110741e-02
3.056255e-02
-4.222510e-02
-3.795428e-02
3.568943e-03
2.824819e-02
-2.105759e-04
-2.315379e-02
1.681147e-03
-2.836390e-03
-3.365821e-02
-2.479462e-02
-2.216575e-02
-6.181923e-02
6.061910e-02
-8.562358e-02
-8.025693e-02
6.914602e-02
-4.988271e-02
-9.069275e-02
1.081113e-01
6.191490e-02
-7.140348e-03
-6.936377e-02
-7.138775e-03
3.373633e-02
-4.748900e-02
-1.841033e-02
4.537822e-02
-3.178222e-02
8.262221e-04
3.955754e-02
3.631735e-03
2.771853e-02
-1.016457e-01
1.115962e-02
5.893059e-02
-7.707037e-02
3.472072e-03
5.671812e-02
-4.823094e-02
-2.791939e-02
-2.321236e-02
-3.713837e-02
-1.866016e-02
-2.447051e-02
-4.627562e-02
-3.900186e-02
-3.919356e-02
-6.376414e-02
-5.203025e-02
9.573653e-02
4.885077e-03
-4.722917e-02
1.135927e-01
1.811607e-02
-3.945289e-02
9.521155e-02
2.070199e-02
4.230031e-02
-1.361340e-03
-3.700728e-02
8.222272e-02
2.493776e-03
-1.438048e-01
3.612963e-02
-4.685382e-02
-1.771330e-02
-3.237974e-03
7.445690e-03
-2.451261e-04
3.713472e-02
4.140241e-02
6.534287e-03
3.105911e-02
-3.450927e-03
-1.209376e-02
-1.884709e-03
1.531922e-02
-4.886720e-02
2.506266e-03
2.069057e-02
-4.497236e-02
-1.389485e-02
-2.842437e-02
-8.483871e-02
-9.160197e-03
-9.741109e-04
-1.071640e-02
-4.428610e-02
-3.553303e-02
-3.353144e-02
2.958524e-02
2.646811e-02
1.432669e-02
1.248147e-02
-3.026191e-02
-8.528250e-03
-1.876991e-02
-3.531848e-02
-2.870855e-02
-3.292846e-02
-8.523769e-03
7.760695e-03
4.695893e-02
3.398154e-02
2.577489e-02
-4.745965e-02
-7.971733e-02
-5.596434e-02
-8.006710e-02
-1.307772e-01
-7.142753e-02
-6.984899e-02
-1.518288e-03
7.113362e-03
4.046355e-02
8.782666e-05
3.408040e-02
-3.063823e-02
-2.877549e-02
-6.725837e-02
-7.195599e-03
-4.428840e-02
-5.822019e-02
-2.176548e-02
-6.214011e-02
-6.352260e-02
-4.882063e-02
-6.852196e-02
-5.800362e-02
-6.175644e-03
9.322555e-03
3.299521e-02
-3.200954e-02
-4.543202e-02
-7.658577e-03
-3.603380e-02
-5.945070e-02
-8.653512e-03
4.397576e-02
5.935406e-02
3.821199e-02
6.197606e-02
4.485382e-02
-2.859015e-02
3.010480e-02
-5.711776e-02
-1.102230e-02
-2.988549e-03
-3.164994e-02
-5.802913e-02
-8.858967e-03
-2.665019e-02
-6.358300e-02
1.760527e-02
1.639940e-03
-4.910455e-02
-2.401666e-02
-3.929219e-02
-1.484304e-03
-1.003827e-02
1.662489e-02
3.623731e-02
3.887013e-02
1.296788e-02
4.629821e-02
-2.228128e-02
2.303555e-02
-6.929327e-03
-1.685074e-02
1.086461e-02
7.999648e-04
-6.832191e-02
-4.906463e-02
-4.145803e-02
8.099256e-02
7.066427e-02
6.895090e-02
2.440098e-02
1.231340e-02
1.898430e-02
-3.387819e-02
-3.510430e-02
-1.482206e-02
-7.561381e-03
-3.955732e-02
-3.214634e-02
-4.132112e-02
-8.786333e-02
-8.448680e-02
-4.271712e-02
-9.565485e-02
-1.065060e-01
-6.466626e-03
1.798122e-02
1.563537e-02
3.282791e-02
2.849836e-02
1.026924e-02
-3.928257e-04
-9.165296e-03
-1.049083e-02
1.721735e-02
4.790954e-02
-1.577830e-02
1.036870e-01
1.073936e-01
-3.577317e-02
2.401487e-02
-9.417640e-02
-6.806547e-02
