8.056834e-02
-7.666239e-02
-1.106554e-01
-2.872960e-02
4.083773e-02
2.959751e-02
2.469103e-02
1.179287e-02
4.648956e-02
7.570234e-02
4.750443e-02
9.575615e-03
3.284266e-02
2.921299e-02
-1.809433e-02
-2.023751e-02
-4.900664e-02
-5.528084e-02
-4.890941e-02
-4.117387e-02
-5.437500e-02
-1.891948e-03
-1.066527e-01
-7.423948e-03
-5.190285e-02
-4.555647e-04
-1.807913e-01
1.900240e-02
-2.579299e-02
-7.680954e-03
-8.014787e-03
-6.570741e-03
-7.460300e-03
4.387602e-04
2.614106e-02
4.103925e-03
-1.125794e-01
1.092691e-02
1.376775e-01
7.453640e-02
1.184980e-01
1.247204e-01
-5.566337e-02
-2.239176e-01
5.926310e-02
1.571144e-02
1.940167e-01
1.055706e-01
-2.430840e-02
-7.696243e-02
1.286162e-01
8.319843e-02
2.075764e-01
2.419425e-01
3.663866e-02
-2.336686e-01
2.664188e-02
2.186135e-01
2.815795e-01
3.566677e-01
1.265248e-01
3.022116e-01
3.204223e-01
1.517226e-02
-2.679549e-03
-1.321165e-02
3.760285e-03
-1.464421e-02
-2.984059e-02
1.159460e-02
-2.312711e-02
-2.073662e-02
-3.365712e-02
1.888796e-02
-1.313565e-02
-8.862785e-02
-4.720053e-03
5.466801e-03
-3.471105e-02
1.137849e-02
-4.049263e-02
2.960899e-01
2.301833e-01
3.951674e-01
5.638349e-02
-2.908214e-01
1.196781e-01
1.180345e-01
2.518688e-01
2.443703e-01
1.434769e-01
-9.458608e-03
-6.921753e-02
-1.174392e-01
1.422587e-02
2.305688e-02
-2.883505e-02
-1.282717e-01
-8.460537e-02
-8.548599e-02
-7.086199e-02
-9.556410e-03
7.915404e-02
9.852093e-02
3.057437e-02
3.965031e-02
1.008951e-01
5.188903e-02
-1.934477e-02
-5.900718e-02
-5.572068e-02
-2.015209e-02
-3.831906e-02
-1.814440e-01
-1.060090e-01
-4.664475e-02
-8.754231e-02
7.943700e-02
-1.486681e-01
-1.156355e-02
-1.233363e-02
-8.494604e-02
-6.342731e-02
-1.031057e-01
-1.080679e-01
-1.425130e-01
-7.472160e-02
2.179603e-02
2.528711e-02
-6.995474e-03
1.390339e-01
1.496854e-01
-1.472772e-02
7.581918e-02
1.489157e-01
-2.745881e-02
4.182866e-02
9.099264e-02
-6.123608e-03
6.258730e-02
2.911599e-02
-5.875595e-02
8.673525e-03
1.094406e-01
3.145070e-02
8.933046e-02
-3.290147e-02
1.077477e-02
-8.060881e-02
4.046052e-02
-9.791423e-02
-1.542168e-02
7.684426e-02
4.955651e-03
-1.015372e-03
-9.918595e-03
-2.101545e-02
-1.610086e-02
-7.894549e-03
-1.085368e-02
-7.565485e-03
-4.934368e-03
-2.856022e-02
-8.536599e-02
-9.926864e-03
-6.615584e-02
4.982305e-02
2.078549e-02
3.534153e-02
6.491219e-02
4.244785e-02
-2.523654e-02
1.825562e-02
3.016789e-02
-3.997797e-03
2.827783e-02
2.174186e-02
-2.978410e-02
-1.015003e-02
2.542160e-02
-4.005298e-02
-7.803119e-02
4.229416e-02
-6.243101e-02
7.998724e-02
1.050418e-01
1.127351e-01
9.582589e-02
-1.071504e-04
-1.113477e-01
-5.719193e-02
2.003509e-02
-6.847985e-02
-7.362538e-02
-1.249239e-01
-9.759457e-02
-9.453662e-02
-5.303568e-02
6.193507e-02
7.243183e-02
3.993108e-02
-5.984858e-02
-4.148006e-02
4.966083e-03
6.113627e-03
2.686816e-02
3.501600e-02
8.550989e-03
2.545819e-02
-3.329121e-02
3.203713e-02
3.153291e-02
-3.015604e-02
2.560697e-02
1.056649e-02
-2.500680e-02
-6.780197e-02
1.102157e-02
6.006929e-02
-7.222774e-03
2.601819e-02
6.368724e-02
-3.803780e-03
5.178318e-02
1.095460e-01
-4.289069e-02
-6.552755e-03
4.989397e-02
1.380064e-01
9.739243e-02
6.723313e-02
-3.490521e-02
-3.523187e-02
4.412334e-02
4.839282e-02
-1.167290e-02
7.182415e-02
9.364219e-03
-2.319409e-02
5.192411e-02
-6.551938e-03
9.145104e-02
-4.681995e-02
1.738747e-02
4.805192e-03
6.191418e-02
-3.331647e-02
8.160024e-03
5.753387e-02
-3.820948e-02
3.293672e-03
4.043325e-02
-3.671368e-02
6.407036e-02
2.624701e-02
8.924490e-02
7.151669e-02
5.898413e-02
6.443762e-02
3.944734e-02
-3.214147e-02
-5.961934e-02
-5.532299e-02
-5.282234e-02
-1.327457e-01
-1.100346e-01
-2.247294e-02
-1.103382e-01
4.669077e-02
4.335169e-02
3.721367e-03
2.058259e-02
8.481781e-02
-7.977406e-03
4.947885e-02
9.223091e-02
2.477716e-02
4.041606e-02
7.697342e-02
-2.201469e-02
-1.649326e-02
-1.128495e-02
-2.111635e-02
-4.953519e-04
-2.628155e-03
2.531225e-02
7.226999e-03
2.069776e-03
1.074458e-02
-6.339242e-03
-8.529815e-03
-1.507380e-02
-2.901618e-02
-1.638840e-02
-6.050692e-04
1.018641e-02
5.671819e-02
-3.212514e-03
2.336021e-04
-9.788838e-03
7.351029e-04
9.747326e-03
1.319568e-02
2.665605e-03
2.421468e-03
1.625533e-02
-6.725375e-03
-4.098466e-02
-3.444331e-02
-3.612512e-02
-2.734346e-02
1.168551e-02
3.901267e-02
3.835984e-02
2.628869e-02
4.296995e-03
-3.016602e-03
9.733144e-05
1.576361e-02
2.762851e-02
1.345520e-02
-4.822210e-03
-1.606488e-02
-1.802038e-02
-1.563150e-02
-3.870260e-02
-3.223517e-02
5.737711e-04
-6.803730e-03
4.621990e-02
6.124106e-02
5.755371e-02
6.241466e-02
1.229666e-02
-4.627570e-03
-9.602975e-03
6.192582e-03
-2.185329e-02
-3.272538e-02
-6.614479e-02
-7.869177e-02
-7.475664e-02
8.225533e-02
7.151789e-02
4.595002e-02
-3.533326e-02
-8.410013e-02
-7.732441e-02
8.468134e-02
9.274458e-02
8.214524e-02
-8.153535e-03
-2.161841e-03
-4.044963e-03
1.621961e-04
3.686515e-03
2.611366e-03
3.777045e-03
1.074482e-02
1.264769e-02
6.373593e-03
4.681199e-03
-1.808727e-02
1.535889e-02
-5.622493e-03
-9.714715e-03
-6.149449e-03
2.953552e-03
-8.882840e-03
-7.212317e-02
-1.213466e-01
-8.168947e-02
4.020033e-02
6.156614e-02
6.385438e-02
-3.225099e-02
-2.301858e-02
-5.044648e-02
-8.142465e-02
2.088036e-02
-2.348618e-02
3.475455e-03
-2.923108e-02
-1.830562e-02
-4.155368e-02
-3.222839e-02
-1.132112e-02
4.146292e-02
7.308248e-02
6.073182e-02
3.948784e-02
7.214929e-02
7.668769e-02
2.293268e-02
2.424932e-02
3.029550e-02
-1.141516e-02
-8.540067e-03
5.653033e-03
3.040146e-02
1.124423e-02
3.623541e-02
-1.027938e-03
2.081149e-02
-1.649792e-02
1.120549e-04
-8.846184e-03
2.038141e-03
3.573734e-02
-3.403411e-02
6.799486e-03
4.828500e-03
1.172640e-02
1.864341e-02
-4.340770e-03
-9.662936e-03
8.978458e-03
7.600765e-03
3.338015e-02
4.563363e-02
4.439706e-02
5.480257e-02
5.475736e-02
7.567919e-03
-5.482365e-03
-5.200347e-03
3.620573e-02
3.056004e-02
4.405832e-02
1.439370e-02
1.545801e-02
4.805820e-03
-1.910205e-02
-2.948192e-02
2.144326e-02
-3.138334e-02
7.293893e-02
2.991224e-02
4.688285e-02
2.093058e-02
-2.132400e-02
-1.416126e-02
-1.640760e-02
-1.827465e-02
-1.246073e-02
-1.291835e-02
-1.992349e-02
-1.691642e-02
-1.619873e-02
-2.133811e-02
2.500581e-02
1.612401e-02
-2.709855e-02
-4.954297e-03
-3.374277e-02
-4.081983e-02
-5.634779e-02
-8.869746e-02
-2.401676e-02
-1.051169e-02
-2.768374e-03
-2.685026e-02
-3.627669e-03
9.457062e-03
-1.695661e-02
6.835696e-03
-6.054226e-03
-8.738063e-03
-4.951973e-02
-1.724252e-02
-1.965691e-02
-1.462217e-02
-4.990986e-02
-6.013511e-02
-1.458040e-01
-1.918866e-01
-1.344309e-01
4.682053e-02
1.506008e-03
1.303086e-02
-4.024461e-02
-8.380461e-02
-5.808199e-02
2.014280e-02
2.162335e-02
-3.361594e-02
-5.393886e-02
-1.033679e-01
-6.825424e-02
4.913945e-03
2.014297e-02
-2.726362e-02
2.049250e-02
-1.707366e-02
7.328180e-03
2.504935e-04
8.223598e-03
1.260240e-02
-1.139727e-02
3.699002e-03
2.547730e-02
-1.951945e-02
8.958314e-03
2.199280e-02
3.537890e-02
6.866496e-03
-9.396742e-04
6.248966e-02
8.159705e-02
6.280501e-02
6.989849e-02
7.457255e-02
4.916461e-02
-1.189477e-01
-8.615792e-02
-1.200051e-02
-1.148666e-01
-1.684958e-01
-1.057003e-01
-2.048730e-04
2.682775e-02
3.326932e-02
3.978643e-02
5.283481e-02
-1.607705e-02
-1.921105e-02
1.351317e-01
-3.823581e-03
4.154810e-02
-4.145099e-02
4.838128e-02
-3.934073e-02
-2.563519e-02
-1.776074e-02
-4.059459e-02
-6.931145e-02
-3.639545e-02
-2.310844e-02
-2.814410e-02
3.455874e-03
2.409764e-02
3.050562e-02
-2.919580e-03
4.390271e-02
-4.155733e-02
-3.295917e-02
-7.122402e-02
-1.447240e-01
-1.574543e-02
4.805076e-02
6.365894e-02
-3.446946e-02
4.200049e-02
6.130305e-02
-2.065497e-02
-3.104544e-02
-8.736020e-03
-4.378637e-02
-6.161987e-02
-7.519664e-02
-3.970039e-02
-3.471975e-02
-6.072276e-02
-4.394287e-02
-5.775478e-02
-5.389109e-02
-3.415069e-02
-5.309607e-02
-5.040642e-02
-5.197497e-02
-4.006410e-02
-5.481386e-02
-4.683156e-02
-4.929122e-02
-4.884081e-02
-2.826492e-02
5.929456e-02
3.902834e-02
8.576551e-03
-5.839658e-03
-2.382256e-02
-1.303350e-02
-2.570165e-02
-2.308203e-04
1.464907e-02
1.881134e-03
-3.842493e-03
-2.710821e-03
2.370269e-03
1.574086e-03
-1.674882e-03
1.046482e-02
1.113788e-02
7.661914e-03
-2.283263e-03
-1.503226e-02
5.352283e-03
4.152618e-05
2.128656e-02
2.107375e-02
9.618076e-03
1.419744e-02
-9.894498e-03
1.318625e-03
4.391895e-03
4.261382e-03
2.324226e-03
5.454969e-03
2.852667e-03
-8.118465e-03
-5.845523e-03
-4.860587e-03
-6.570131e-04
-6.551562e-02
-4.467364e-02
-1.042974e-02
6.360248e-02
7.503361e-02
1.233992e-02
1.057292e-02
-4.368296e-02
-9.839949e-04
2.471174e-02
2.402689e-02
4.413658e-02
3.098027e-02
1.566406e-03
-2.397457e-02
-3.214990e-02
-1.494156e-02
5.308622e-02
3.902450e-02
3.168593e-02
-5.386032e-02
-5.482990e-02
-2.029293e-02
2.754995e-02
2.865790e-02
1.325399e-02
3.311122e-04
6.109755e-05
1.941970e-03
1.376610e-03
1.305048e-03
-1.340494e-03
-3.019155e-03
-5.038902e-03
-6.126832e-04
1.603114e-02
1.195630e-02
-6.061505e-04
7.515837e-03
-7.513344e-03
-1.899513e-02
-3.105767e-02
-3.251443e-02
-2.124941e-02
-5.386159e-02
-7.713530e-03
2.673117e-02
2.319132e-02
1.736920e-02
-5.284882e-03
-2.583666e-02
-1.425708e-02
2.436863e-02
1.932422e-02
-1.420366e-02
-6.709522e-03
-1.380730e-02
-2.977125e-02
1.886437e-02
3.499619e-03
3.104313e-02
-7.849229e-03
9.384606e-03
-2.515391e-03
-4.030941e-03
-1.813715e-03
-7.567128e-04
3.761736e-03
8.568604e-03
-2.407899e-03
-1.090780e-02
1.024020e-02
1.755420e-02
2.436211e-02
8.230305e-03
2.066981e-02
8.088119e-03
1.431264e-02
-1.308954e-02
-3.640622e-02
-5.195866e-03
-1.090602e-02
-3.800874e-03
5.715527e-03
-3.141341e-03
1.652062e-02
3.702190e-03
1.779790e-02
-1.202833e-02
-2.591438e-02
-3.141194e-02
-2.391979e-02
-2.999656e-03
2.835261e-03
4.292141e-04
-5.167188e-03
-5.247348e-03
-5.620206e-03
-8.835176e-03
-2.074082e-02
-1.192880e-02
1.026501e-02
1.791762e-02
1.430922e-02
5.576431e-03
-1.135072e-02
-1.387913e-02
-1.413215e-02
4.025978e-02
1.813168e-02
-2.015126e-02
-1.811329e-02
-2.230975e-02
-2.124189e-02
-2.382361e-02
-2.952396e-02
5.580138e-03
1.583350e-03
-2.722737e-03
8.618046e-04
3.800458e-03
-6.380873e-05
3.334704e-03
-1.790264e-03
-1.449787e-03
1.329611e-02
-7.754405e-03
1.827149e-02
-8.561092e-03
3.202103e-03
-2.263917e-02
-1.166219e-02
-2.550798e-02
9.230508e-03
-1.222960e-02
-1.263856e-02
-2.068058e-02
8.444269e-03
3.192253e-03
1.353670e-02
1.343133e-02
5.954472e-03
1.411850e-02
2.722510e-02
2.359812e-03
-3.605543e-03
-1.817547e-02
5.978113e-03
4.335669e-02
3.359633e-02
1.832149e-02
1.973081e-02
-3.367425e-02
-8.434677e-03
2.253132e-02
-7.306227e-03
3.174799e-03
6.023518e-03
-1.850983e-02
-1.060840e-02
-2.750444e-03
4.847299e-04
-3.005434e-03
-3.058073e-02
-3.853164e-02
-5.138093e-02
-2.005612e-02
-1.185512e-02
1.394889e-02
2.633824e-02
-9.685247e-03
-5.831695e-03
2.447451e-03
6.439318e-05
8.707436e-03
-6.124097e-04
5.281272e-03
-5.680796e-04
-5.111278e-03
-3.673738e-03
-2.192746e-04
-7.069638e-03
-1.784479e-03
5.983309e-03
-1.399281e-02
-2.711351e-04
-1.062985e-02
-1.114634e-02
-6.581719e-02
-5.824631e-02
-2.117793e-02
2.406077e-02
2.972265e-02
-1.182351e-03
-6.300629e-02
-6.540091e-02
-3.231746e-02
-7.606405e-02
2.883313e-02
-3.616383e-02
-2.931775e-02
-8.125280e-02
-8.245306e-03
-5.461158e-02
-7.115798e-02
-2.248321e-02
9.558534e-03
-4.650620e-03
-6.925395e-03
1.268818e-02
2.427377e-03
3.361695e-03
-5.762784e-03
-6.364172e-03
-7.472929e-03
-3.389151e-02
-3.173952e-02
-9.977118e-03
-3.954975e-02
1.069684e-02
5.627491e-02
-2.217005e-02
3.446110e-02
2.000691e-02
-1.888390e-02
2.079351e-02
1.127447e-03
-3.108529e-02
3.475794e-03
-2.310205e-02
2.209180e-03
-1.667816e-02
-6.949957e-03
-3.941917e-02
-3.204959e-02
-3.442296e-02
1.904705e-03
-4.801228e-03
-1.238313e-02
3.220570e-02
1.682835e-02
9.218210e-03
8.713211e-03
8.543844e-03
4.390977e-03
1.687575e-02
1.896630e-02
4.007687e-02
6.819629e-03
3.709444e-03
-4.587412e-04
-8.119601e-02
-1.563009e-02
-3.174923e-02
3.009896e-03
1.341630e-02
-2.489826e-03
-1.120976e-03
-4.295989e-02
-6.841029e-02
-1.050598e-02
8.267928e-03
8.806244e-03
-5.961275e-03
-3.333655e-03
4.193828e-04
6.183929e-03
1.125383e-02
4.176727e-03
1.731124e-02
7.124830e-03
4.692839e-03
3.878009e-02
2.211202e-02
3.150892e-02
2.494539e-02
2.171893e-02
1.620581e-02
3.598734e-02
1.539340e-02
1.216992e-02
-8.292762e-04
2.023703e-02
2.845315e-02
4.312989e-02
5.095137e-02
3.446580e-02
7.733374e-02
4.613809e-03
-1.006447e-01
-5.449424e-02
-6.397311e-02
-6.283227e-02
-1.532950e-02
5.100699e-02
-6.531047e-02
-8.478175e-02
-6.591848e-02
-6.134888e-02
3.811582e-02
4.633114e-02
4.298246e-03
4.231593e-02
6.916046e-02
6.749839e-02
-1.351185e-02
5.406250e-03
-5.617997e-02
3.535192e-02
3.349626e-02
4.569501e-02
-2.265420e-02
-1.857586e-03
-1.256384e-02
-2.498500e-02
-2.121742e-02
-1.620348e-02
-3.498521e-02
-3.256636e-02
-2.817366e-02
-1.999283e-02
-3.125528e-02
-3.135885e-02
-3.160373e-02
-5.974501e-02
-4.779506e-02
-8.891273e-02
-9.671301e-02
-9.166118e-02
-9.198713e-02
-1.119177e-01
-1.083744e-01
2.084303e-02
1.818869e-02
2.768412e-02
3.618824e-02
3.279423e-02
-8.219043e-02
-1.593959e-02
-3.891404e-02
-9.400889e-02
-1.233350e-01
7.577643e-04
-1.726666e-02
2.479836e-02
-1.113625e-01
4.205407e-02
-1.548770e-02
7.123083e-02
2.329753e-02
2.288340e-02
4.561998e-02
2.191729e-03
6.235669e-02
8.792015e-02
7.621685e-02
-7.015169e-03
3.339122e-03
3.638596e-03
3.213200e-02
-5.550288e-02
-7.126488e-02
-6.479596e-02
-1.989722e-02
-3.249392e-02
3.159720e-02
1.359221e-02
-7.468347e-03
-4.672264e-02
4.129318e-02
2.024375e-02
6.221629e-02
4.734255e-02
3.784465e-02
7.934908e-02
7.491069e-02
5.083319e-02
-3.500159e-03
1.384261e-02
1.365552e-02
-3.162169e-04
2.090753e-02
3.068854e-02
-6.500825e-03
2.391554e-03
3.132229e-03
-6.103997e-03
1.836765e-02
-4.291165e-03
-1.409695e-02
2.595793e-02
2.917710e-02
-2.696559e-02
1.002441e-03
-3.268863e-02
-2.275490e-02
1.159175e-01
1.060861e-01
1.538716e-01
2.207696e-01
2.095205e-01
2.546815e-02
-1.088245e-01
-5.438621e-02
4.395758e-02
5.481629e-03
7.132098e-03
3.666517e-03
-2.702869e-02
-2.148715e-02
1.683950e-02
-1.820603e-02
-1.378674e-02
1.024411e-01
1.849748e-01
1.401087e-02
6.916824e-02
-2.157740e-02
-2.836191e-02
-2.517354e-02
6.524554e-02
3.332561e-02
7.124707e-02
3.459137e-02
4.568677e-02
-9.553865e-03
-4.484653e-03
5.378544e-02
-4.793270e-02
-3.203214e-02
4.307842e-02
1.282407e-01
3.026069e-01
1.398723e-01
-8.155772e-02
-3.466389e-01
1.393144e-01
2.054523e-01
2.365909e-01
2.566716e-01
-1.787255e-03
-5.866639e-02
1.169705e-03
2.113187e-01
2.298900e-01
1.467342e-01
-2.259510e-02
-2.166468e-03
-2.299284e-02
-7.340255e-02
-3.291272e-02
-4.425440e-02
7.269683e-02
1.469046e-01
1.041372e-01
-3.197483e-02
3.875553e-02
-5.808787e-02
-2.366735e-03
1.611171e-02
-2.438099e-02
-8.656021e-03
2.668989e-02
1.186888e-02
1.663507e-02
2.618250e-02
1.740147e-02
3.086025e-02
7.353639e-02
1.089726e-01
8.022242e-04
3.869984e-02
9.213974e-02
9.704672e-03
4.440047e-02
1.277086e-02
-9.148072e-02
-2.282785e-01
-1.588174e-02
7.623091e-02
1.166275e-01
3.797542e-03
-1.982944e-02
-6.197317e-02
-2.356449e-02
-9.679136e-02
1.238323e-01
3.226901e-02
8.693513e-02
-8.772831e-02
4.439059e-02
4.967171e-02
8.990580e-02
1.397839e-02
-3.180801e-02
-5.602857e-02
-2.975697e-02
-6.722647e-02
-5.443419e-03
1.008832e-02
-2.893040e-02
-8.960430e-02
-8.151287e-02
2.286622e-01
9.060453e-02
2.068036e-02
-3.757942e-02
1.563239e-01
1.700896e-01
5.883638e-02
1.867514e-01
1.943252e-01
1.462346e-01
1.555317e-01
2.943165e-02
7.974982e-02
2.669689e-03
1.890154e-02
8.103732e-03
-5.875293e-02
7.031041e-02
1.229969e-02
5.554222e-02
-3.733268e-03
-2.030479e-02
-2.298530e-02
1.432210e-02
-1.206067e-01
-9.251890e-02
-9.505015e-02
2.838825e-02
4.362364e-02
6.802863e-02
-1.164440e-01
-3.131201e-02
-1.913736e-02
7.096131e-02
5.762553e-02
4.799915e-02
6.769780e-03
3.011571e-03
1.686969e-02
6.161499e-03
-1.623460e-02
9.157112e-03
-7.866179e-03
1.182577e-02
2.452406e-02
1.330570e-02
1.210585e-02
6.146426e-03
1.259410e-03
3.376230e-03
4.478178e-03
1.547016e-03
9.847294e-03
4.383145e-03
1.783985e-02
8.486601e-03
-5.893646e-03
6.417725e-03
-1.821661e-03
9.756377e-03
3.071566e-02
2.269252e-02
2.174333e-03
-3.683204e-03
-1.921660e-02
-6.231661e-03
1.135202e-02
1.269308e-02
3.087110e-02
2.184799e-03
1.171709e-02
1.158713e-02
5.253503e-02
-4.787437e-02
-1.924077e-02
2.113915e-02
5.686709e-03
5.579879e-02
4.921554e-02
8.261298e-02
6.001256e-02
-2.098164e-02
-4.478782e-02
-8.930782e-02
7.263998e-03
-1.005869e-02
-3.282579e-02
2.790588e-02
-1.291512e-02
-2.731359e-02
6.297695e-03
4.039831e-03
1.237308e-03
-1.150845e-02
-6.155815e-02
-6.643866e-02
2.317970e-02
3.051748e-02
1.277945e-02
-5.867718e-03
-5.133155e-03
-6.404140e-03
-5.246098e-03
-2.028204e-05
7.943269e-04
-5.391468e-03
-3.207387e-03
3.268787e-03
1.000228e-03
2.656168e-02
2.133645e-02
4.498672e-02
4.913622e-02
6.121738e-02
1.070202e-02
4.008735e-02
5.023645e-02
3.788254e-02
-1.483287e-03
-2.726759e-02
6.928781e-02
1.174509e-01
7.776601e-02
-2.387964e-02
-7.751469e-02
-8.566822e-02
9.056863e-03
-7.625741e-03
3.917413e-02
3.217660e-02
-5.276954e-02
8.300347e-03
-5.562332e-02
1.032200e-02
-3.905449e-02
-1.818307e-02
-1.688319e-02
-1.021070e-02
3.539287e-03
-4.894217e-03
2.116817e-02
-2.639467e-03
5.013169e-03
9.180659e-03
-5.222650e-03
-3.570678e-02
2.018498e-03
1.897039e-02
1.883441e-03
3.930264e-02
3.493637e-02
4.489749e-02
-2.158274e-02
1.264034e-02
8.429355e-04
2.112855e-02
3.385531e-02
-3.790047e-03
-1.317474e-02
1.804820e-02
1.665574e-02
-1.421750e-02
-5.234481e-02
-5.659078e-02
-4.218173e-02
-1.217458e-02
1.767477e-03
3.173504e-02
-1.055873e-02
8.023574e-03
2.477379e-02
-7.509547e-03
-1.608089e-02
-1.065115e-02
1.382281e-02
1.689716e-02
1.416320e-02
1.188139e-02
1.626712e-02
2.254667e-02
3.496116e-02
5.447922e-02
6.926490e-04
1.287550e-03
8.142965e-03
1.908292e-02
-1.172115e-04
3.723120e-02
5.009985e-03
2.856536e-02
4.205440e-02
3.190033e-02
1.830330e-02
2.163821e-02
2.688803e-02
2.072771e-02
2.831756e-02
1.991283e-02
-1.121478e-02
-1.246487e-02
-2.628328e-02
-1.567862e-02
-1.006059e-02
-4.771962e-02
-5.948320e-03
-3.381905e-02
-3.297869e-02
-7.627032e-03
-1.706126e-02
-2.228105e-02
4.099784e-03
-1.304542e-02
-1.410415e-02
8.872342e-03
3.550201e-03
4.355002e-03
1.063332e-02
3.408617e-03
-3.445606e-02
8.091626e-03
-1.231434e-02
3.228706e-02
6.849322e-02
3.041241e-02
5.518121e-02
1.777308e-03
-5.961912e-03
-1.271057e-02
-1.366881e-02
-4.134393e-02
-5.226118e-02
-2.024648e-02
-3.477375e-02
-3.164108e-02
2.608481e-02
-8.977186e-03
-3.452045e-02
-6.055465e-02
-5.932447e-02
-5.642123e-02
-4.370952e-02
-7.133637e-02
-7.717973e-02
-1.981149e-03
3.332156e-03
-1.360524e-02
8.205357e-03
9.764651e-04
-1.317932e-02
-7.460377e-03
-1.329214e-02
-2.228808e-02
-2.384705e-02
-2.444279e-03
-2.764115e-03
-2.766581e-03
2.420075e-03
-3.630836e-03
2.719891e-03
3.702877e-03
-1.310303e-02
-6.440654e-03
-3.162299e-02
-3.952244e-02
9.783875e-02
8.788534e-02
6.054478e-02
1.695451e-02
5.002318e-03
-9.241742e-03
-3.763555e-02
3.687473e-02
1.048773e-02
3.116782e-02
-1.760947e-03
2.791115e-02
-1.766945e-02
4.686732e-02
-2.499009e-02
-1.322008e-02
-3.314225e-02
-2.940586e-02
-1.382098e-02
-2.379364e-02
2.839690e-03
-1.703301e-02
-1.414607e-02
-8.206607e-03
-1.257901e-02
-3.949938e-02
-4.880036e-02
3.245661e-03
-1.037907e-02
-4.843884e-03
-3.249837e-02
-2.016976e-02
-3.644650e-03
1.821484e-02
2.346659e-02
-1.842123e-02
6.341426e-03
-2.352051e-03
-2.505146e-03
3.127269e-02
2.300270e-02
-2.242728e-03
-1.687468e-02
-3.034385e-02
-3.963220e-02
3.087851e-02
9.078274e-03
1.996806e-03
4.791009e-02
2.464506e-02
1.997309e-02
-1.678722e-02
-2.233703e-02
-2.101913e-02
-2.641990e-03
3.206662e-03
5.741006e-03
2.038641e-02
2.237335e-02
2.732808e-02
3.064282e-02
1.129206e-01
5.041884e-02
8.618177e-02
-6.678341e-02
1.208640e-01
-5.590114e-03
1.112646e-01
1.507720e-01
-2.004671e-02
-1.113809e-02
-2.991374e-02
-3.002691e-02
-5.582777e-02
-5.333605e-02
-3.720699e-02
-1.999861e-02
-5.165884e-02
3.534710e-02
-7.350104e-03
6.511053e-02
-1.172881e-02
4.239398e-02
8.491344e-02
9.045549e-02
1.340351e-01
1.298116e-01
1.035809e-02
1.964873e-02
3.597051e-02
-1.546341e-02
-1.957553e-02
-2.378659e-02
-1.138798e-02
-3.460703e-02
-3.516033e-02
2.379916e-02
-2.969566e-03
-6.304706e-02
-1.034881e-01
-5.016668e-02
7.978408e-02
2.847740e-02
1.794937e-01
-4.447239e-02
-8.288811e-02
-1.582110e-02
4.188373e-02
-2.286229e-02
9.779464e-03
9.534169e-03
-6.477789e-04
-2.007830e-02
-9.471252e-03
4.132530e-02
-1.206498e-02
-1.713313e-02
-3.482837e-02
-2.363133e-02
4.318071e-02
7.515820e-02
6.458421e-02
-2.784366e-02
-1.804906e-02
-8.424189e-04
6.820834e-03
-2.602624e-02
-9.490901e-03
1.418863e-03
-2.291610e-02
9.574819e-03
-5.456575e-03
-9.191618e-03
-6.595899e-02
-6.931006e-02
-4.929280e-02
-1.086534e-01
-1.513060e-01
-4.265207e-02
-8.744445e-02
-6.820269e-02
-1.445421e-02
-1.336326e-01
-7.269650e-02
9.670259e-02
1.525633e-01
-3.125857e-02
2.369194e-02
-4.088187e-03
8.571374e-02
-5.083236e-02
5.534961e-02
4.975097e-02
2.680873e-01
-2.336340e-01
1.778251e-01
-7.878534e-03
2.760870e-01
-6.874575e-02
4.091343e-02
9.770117e-02
9.184445e-02
5.585140e-02
6.461561e-02
1.142412e-01
6.415891e-02
9.931724e-02
8.008333e-02
-7.451671e-02
7.211710e-03
-6.593484e-03
-4.699934e-02
6.944747e-02
-4.367360e-02
1.002309e-02
1.787192e-02
-5.873372e-02
1.816969e-02
-4.250613e-02
9.555332e-02
3.670480e-02
-5.208831e-02
8.732013e-02
4.882143e-02
8.008337e-03
5.732576e-02
1.443296e-02
1.346417e-02
-3.520576e-04
-1.587374e-02
-1.460050e-02
-6.668900e-02
5.274722e-03
-5.738901e-02
-1.067926e-01
2.819755e-02
-3.509007e-02
-7.932139e-03
-9.278046e-02
-2.767194e-02
-2.314682e-02
3.175294e-02
-2.058012e-02
-3.257978e-02
1.448337e-02
3.782309e-02
6.519780e-02
-4.850041e-02
-7.539690e-02
2.111220e-02
-8.812848e-02
-8.174713e-02
-5.742325e-03
-7.206255e-03
4.845744e-03
2.437228e-02
-3.872587e-03
-3.523424e-03
1.554316e-02
-4.664842e-03
1.107539e-02
-4.264247e-03
-2.466696e-02
-4.960484e-02
2.938524e-02
-4.488443e-02
-3.326826e-02
1.789835e-02
-1.036927e-03
5.259220e-03
-1.712092e-03
-7.785154e-04
-4.079258e-02
-1.914214e-02
1.176224e-02
-3.047473e-02
-2.666866e-02
1.749611e-02
9.291911e-03
4.581964e-03
3.534262e-02
-6.171551e-02
-2.631909e-02
-3.898654e-02
-6.247796e-02
-8.562591e-02
-2.011066e-02
1.653602e-03
4.833797e-03
-1.517247e-03
2.340387e-02
5.717054e-02
-9.004075e-03
6.905938e-02
1.325429e-01
-1.028309e-01
-1.610561e-01
-9.229848e-02
-3.897286e-03
-3.351992e-03
2.313134e-02
-1.158137e-01
-1.298201e-01
-7.519666e-02
6.084451e-02
7.481394e-02
2.617121e-02
-5.605232e-03
1.287741e-02
1.787092e-02
-5.491356e-03
-2.256290e-02
-8.624066e-03
-1.354273e-02
-2.164152e-02
-3.522636e-02
2.188704e-02
1.022114e-03
1.112176e-01
-3.279994e-02
-5.499986e-02
5.518388e-02
-4.026939e-02
-4.337873e-02
3.763914e-02
-3.238488e-02
-6.881573e-02
-4.906702e-02
1.040887e-01
1.845437e-01
1.097390e-01
-1.859968e-01
-1.824863e-01
-4.314585e-02
2.456499e-02
-4.091763e-02
6.545541e-02
1.581914e-01
1.018990e-01
-1.113863e-02
-7.889599e-02
2.146247e-01
4.307184e-02
1.129470e-03
1.777912e-04
-3.197779e-02
5.507417e-03
-2.370623e-02
-4.117033e-02
7.209535e-02
2.195656e-02
-4.058167e-02
-6.368268e-02
-4.582588e-02
-4.878127e-02
-2.356828e-02
-1.818589e-02
-3.769973e-02
-5.338516e-03
-7.045527e-03
-7.526297e-02
-1.258822e-02
1.944205e-03
6.527751e-02
7.246390e-02
-6.319603e-02
5.454854e-02
1.227857e-01
6.980983e-02
5.617411e-02
-1.359101e-02
-2.957937e-02
-5.806069e-02
-4.625472e-02
-5.757340e-02
-9.704055e-02
3.706701e-02
5.279652e-03
-3.366079e-02
-1.785715e-02
-2.462558e-02
-5.708483e-02
1.070333e-02
6.933019e-03
-4.437875e-03
-4.773173e-02
2.943753e-03
-2.448891e-02
1.530517e-02
2.122000e-02
-1.596229e-02
-1.295056e-02
-2.931366e-02
-1.673428e-02
-1.547891e-02
1.413023e-02
1.516138e-02
-1.214519e-02
-1.173597e-02
-9.721913e-03
6.980926e-04
1.691412e-03
-9.056584e-04
1.488552e-03
6.478867e-04
2.747328e-03
1.986112e-03
-6.719166e-03
-1.350194e-02
1.381842e-02
-3.630235e-03
3.489831e-03
2.137836e-02
2.841906e-02
-3.191910e-03
6.527327e-03
2.129733e-03
-2.875592e-04
1.539993e-02
1.048873e-02
2.289904e-03
-2.699251e-03
-5.014924e-03
2.744811e-03
-2.001644e-02
-2.146678e-02
-4.597163e-02
2.896309e-02
1.611522e-02
4.311462e-02
2.711917e-02
2.322612e-02
-3.338282e-02
2.061296e-02
2.781920e-02
9.482638e-03
1.374425e-02
2.401125e-02
-5.971421e-03
-1.300767e-02
-6.542945e-03
-5.807448e-03
1.588800e-03
-4.935203e-04
-7.428131e-03
-3.763686e-02
-5.157950e-02
-5.160534e-02
4.598935e-02
5.734293e-02
4.938097e-02
8.408530e-04
-2.166381e-03
-6.445919e-04
2.344210e-03
-6.254981e-03
7.787583e-04
-1.255798e-03
-6.793929e-03
-1.059549e-02
5.406021e-03
-9.115280e-03
-1.694919e-04
-5.426557e-03
3.947157e-03
-5.309904e-03
1.041348e-02
9.952642e-03
1.607779e-02
1.125482e-02
1.230451e-02
9.930934e-03
5.365414e-02
6.294907e-02
6.426075e-03
-3.520259e-02
-5.215117e-02
-3.590740e-02
1.850278e-02
-3.402185e-02
2.158820e-02
1.857839e-02
8.650572e-03
-1.535671e-02
-6.104280e-03
1.644251e-02
2.570066e-02
-1.400242e-02
-1.757042e-02
-2.018957e-02
-1.194694e-02
-2.076628e-02
-2.739321e-02
-1.272246e-02
-1.753680e-02
-2.458459e-02
1.436455e-02
-8.470721e-03
8.250536e-03
2.598441e-02
1.369456e-02
-1.786336e-04
1.544793e-02
-1.936394e-02
-9.850274e-03
2.289388e-02
6.587206e-03
-1.780909e-02
2.781259e-02
7.412923e-03
-1.142666e-02
1.927985e-02
4.404793e-02
1.123705e-02
-3.381866e-02
-2.227571e-02
-1.557062e-02
-1.143838e-02
2.510526e-03
-2.383459e-03
-3.688152e-02
-3.567852e-02
-3.797927e-02
-1.817752e-02
-1.846808e-02
-1.797210e-02
1.876171e-02
9.838969e-03
1.299441e-02
-1.189472e-02
-8.802674e-03
-2.527092e-02
-6.320483e-02
-5.272461e-02
-1.221723e-01
3.540476e-02
-1.456229e-02
-5.022787e-02
-4.620827e-02
-8.565608e-02
-1.804279e-01
2.733345e-02
1.289657e-02
2.595287e-02
5.447649e-02
5.889814e-02
5.353841e-02
6.323884e-02
4.614410e-02
5.035200e-02
1.149637e-02
-1.808408e-02
-6.121463e-02
-3.610753e-02
-8.466529e-02
-1.202803e-01
-2.262353e-02
-7.986945e-02
-8.072353e-02
-4.730891e-02
9.346584e-03
-7.484190e-02
-3.920225e-02
-4.576210e-02
-7.449720e-02
-6.414249e-02
-1.125851e-02
-7.701106e-02
-1.650194e-01
1.063092e-02
-7.927177e-02
8.255998e-02
1.683768e-02
-6.800157e-02
9.218929e-04
-3.740074e-03
4.385021e-02
-3.667707e-04
-9.089375e-03
-4.915257e-02
-7.778396e-02
-9.437207e-02
-8.296605e-02
-6.063274e-02
-6.501888e-02
-1.128934e-01
5.833490e-03
-1.025575e-02
-3.047000e-02
7.154289e-02
4.300950e-02
-2.153078e-02
-1.172145e-01
-9.935167e-02
-5.419330e-02
1.485903e-02
2.970873e-02
1.012336e-02
7.224892e-03
1.251795e-02
-1.753032e-02
2.460246e-02
1.322523e-02
-1.329993e-02
5.386455e-02
-6.558294e-03
-1.360738e-02
2.319529e-02
-7.688329e-02
-6.694197e-02
7.326900e-02
-4.272562e-02
-2.650014e-02
6.951405e-02
7.680775e-02
1.985660e-02
-8.613626e-02
-4.444898e-02
-1.841292e-02
1.818497e-02
5.484856e-02
-9.222174e-02
-2.785406e-02
4.345763e-02
-9.164240e-02
-7.469042e-02
2.598513e-01
4.044685e-02
3.165017e-01
-2.508547e-01
3.291169e-01
-5.268295e-02
-8.888196e-02
-1.987020e-03
-9.365832e-03
-3.618422e-02
4.562865e-03
4.337697e-02
-4.686723e-02
4.081002e-03
7.099156e-02
-7.565561e-02
-1.246250e-01
6.033009e-02
-1.307876e-01
-6.575102e-02
-5.935008e-02
-7.175732e-02
-7.371660e-02
-4.939745e-02
2.177620e-02
-8.864068e-02
-1.584822e-01
-3.713186e-02
-1.590139e-01
-1.026582e-01
-7.297219e-02
-8.190620e-02
6.991876e-02
4.632523e-02
9.465985e-02
3.116734e-02
2.106726e-02
5.968579e-03
-8.496539e-02
-9.076094e-02
-1.218596e-01
-8.161447e-03
1.162683e-02
-5.599788e-04
-5.786882e-03
5.666940e-03
-5.828760e-03
-2.446537e-02
3.355898e-02
-5.089075e-02
4.293522e-03
-4.334416e-02
-3.848312e-02
2.488535e-02
-2.555223e-03
-3.701824e-02
5.008138e-02
-7.190883e-02
-5.218662e-02
-8.921920e-03
-9.030486e-03
1.269234e-02
-1.753673e-02
-2.207174e-02
-1.412906e-02
-1.978832e-02
-1.526925e-02
-1.516373e-02
3.971153e-02
1.939928e-02
7.745579e-03
4.137527e-02
9.636557e-03
2.911585e-02
3.836112e-02
8.358362e-02
7.501861e-02
1.415593e-03
-2.585569e-02
-1.844348e-02
-1.898963e-02
-1.156034e-02
-2.176761e-02
-8.277581e-03
-3.790603e-03
-7.902508e-03
1.222383e-02
-4.867923e-02
1.578465e-02
-3.232036e-02
-5.245613e-02
1.028639e-02
-8.516480e-02
-3.521622e-02
5.922679e-02
1.173950e-02
-4.835279e-02
-9.988029e-02
7.736496e-03
1.414928e-02
-2.489493e-02
5.106422e-02
-6.054138e-03
-1.977281e-02
-4.042110e-02
-2.502061e-02
3.122221e-02
2.559603e-02
-3.058662e-02
-4.168926e-02
3.533384e-04
-4.907026e-02
-4.682111e-02
5.861122e-03
1.284241e-02
3.131183e-03
1.095079e-02
1.703820e-02
2.277545e-04
8.144923e-03
8.123681e-03
-1.556761e-02
-3.816220e-05
-9.950676e-04
-1.680167e-02
5.591681e-02
9.873647e-03
-4.824514e-03
7.938700e-03
-2.095958e-02
-1.939033e-02
6.510533e-02
-1.908576e-02
-1.683949e-02
-1.674737e-02
5.202628e-03
1.908198e-02
1.143456e-01
6.786606e-02
9.755002e-02
-7.743104e-02
-1.185454e-01
-7.570767e-02
-6.633129e-03
-2.129187e-02
-4.966516e-02
-6.197110e-02
-1.694556e-02
4.835726e-03
-1.159433e-02
3.240332e-04
2.538443e-02
-6.141296e-03
-1.611676e-02
4.377960e-02
1.911333e-02
-1.099651e-02
2.253422e-02
-2.780072e-02
-4.159172e-02
4.566475e-02
1.268029e-02
4.555955e-02
5.531746e-02
3.757809e-02
6.590539e-02
1.317325e-02
4.727333e-02
1.117502e-02
4.322962e-02
7.992974e-02
-1.163038e-02
3.731035e-02
4.557202e-02
5.290478e-02
6.221518e-02
-1.902313e-02
-3.124324e-02
-1.030353e-03
-3.392595e-02
-3.667947e-02
-7.067407e-04
5.281749e-03
1.620785e-02
3.363803e-02
-2.245757e-02
-3.011128e-02
-1.901063e-02
-3.276660e-02
-4.720529e-02
-3.951741e-02
-1.755591e-02
-1.411640e-02
-1.828733e-02
-7.643934e-02
1.657765e-02
-2.985102e-02
6.007369e-02
6.095862e-02
8.004730e-02
8.615146e-02
5.187099e-02
2.234120e-02
2.214218e-02
-1.705464e-02
-1.927088e-02
-1.023760e-02
-1.844610e-02
-3.013157e-02
-2.554437e-02
-4.571915e-02
-5.391814e-02
1.345848e-02
4.988154e-02
7.143249e-02
2.143380e-01
1.885474e-01
5.158659e-02
8.691322e-02
8.431182e-02
1.345914e-01
6.325801e-02
7.011279e-02
3.102620e-02
3.790009e-02
-3.061800e-03
8.435526e-02
3.588115e-02
9.628344e-02
9.953116e-02
-2.297211e-02
2.969711e-02
-9.284450e-03
9.808783e-03
-9.166538e-02
-8.297838e-02
-1.006819e-01
8.009016e-02
2.621264e-01
-6.339487e-02
-6.100026e-02
-4.104147e-02
1.165643e-01
1.901354e-01
7.039362e-02
1.613113e-01
2.104455e-01
1.772540e-01
-5.438201e-02
-3.312165e-02
-3.062955e-02
1.945383e-02
1.246397e-01
1.159589e-01
-1.340112e-02
-1.333162e-02
6.653361e-02
-2.086311e-02
-1.593383e-02
1.923941e-03
-1.567362e-02
2.926538e-03
-9.649794e-03
1.245169e-02
-1.086015e-02
-2.846204e-02
1.666667e-02
1.096532e-01
1.419072e-01
1.712706e-02
6.955430e-02
1.423268e-01
3.992706e-03
6.022257e-02
7.542169e-02
4.602605e-02
1.218043e-01
5.841359e-02
-1.622206e-01
-1.625870e-01
-4.793133e-02
3.457633e-02
1.791477e-01
4.869308e-02
-7.548933e-02
1.023919e-02
2.018225e-02
-1.112358e-01
-4.505431e-02
-9.196807e-02
6.019767e-02
-4.108025e-02
-3.383535e-02
-3.529460e-03
-5.887927e-02
-3.307923e-02
-3.107270e-02
1.709611e-02
-2.495516e-02
-4.271352e-02
9.532969e-03
-3.029333e-03
5.075314e-02
5.372021e-02
-3.999285e-02
-6.104124e-02
2.839283e-02
1.196077e-01
1.590183e-01
4.410421e-01
8.679660e-02
-1.747934e-03
-1.996183e-02
7.473042e-02
1.072675e-01
2.238360e-01
1.930754e-01
1.744542e-01
5.260538e-02
2.361160e-01
-1.769938e-02
5.872696e-02
-6.941368e-02
-4.933916e-03
3.043432e-03
-4.585936e-02
-5.541095e-02
2.158986e-02
3.231280e-02
-3.918569e-02
1.927985e-03
-4.793650e-03
-7.927265e-02
-7.034829e-02
-3.432385e-02
-2.999851e-02
7.364739e-03
2.423576e-02
