6.026647e-03
-4.945118e-03
1.932085e-02
-8.308426e-03
-7.942415e-03
-1.667406e-02
-9.668840e-03
3.235325e-03
-1.220477e-02
1.495968e-02
4.132044e-03
-1.570263e-02
-4.618947e-03
2.373579e-02
1.631815e-02
1.010253e-02
1.431186e-02
-1.582727e-02
-4.551598e-04
-1.961858e-04
-1.683793e-03
1.825156e-02
1.255176e-02
-5.479320e-03
1.334699e-02
5.155593e-03
9.479338e-04
-1.335907e-02
-1.477159e-02
-1.995816e-02
7.284654e-04
-1.358114e-02
-2.004975e-02
-9.846065e-03
-8.678185e-03
-4.046161e-03
-8.278985e-03
1.955923e-03
-8.830753e-03
-1.807304e-02
2.538639e-02
-9.324216e-03
-6.017497e-03
1.878518e-02
7.224925e-03
-7.161979e-03
-1.130175e-02
-5.613179e-03
-7.581204e-03
-5.160647e-03
7.053213e-04
-6.600293e-03
-1.454446e-03
-1.091377e-02
6.880631e-02
-4.739600e-02
9.070577e-03
6.737276e-02
-5.334797e-02
-8.703499e-03
5.209151e-02
-1.808542e-02
-1.405235e-02
2.960773e-02
2.676615e-02
1.356487e-02
2.813135e-03
-1.353286e-03
-8.685147e-03
1.083121e-02
-3.149482e-03
-1.882331e-02
1.569490e-02
-8.134136e-03
6.586171e-03
1.672673e-02
5.332957e-03
5.371093e-03
1.875767e-02
-1.483528e-02
-1.074352e-02
1.530945e-02
-2.254456e-03
-2.110639e-02
1.084008e-02
-9.431032e-03
-1.187447e-02
1.208679e-02
-6.400629e-03
-2.247073e-02
1.400360e-02
1.814026e-02
-1.383215e-02
3.196516e-03
7.017570e-03
-6.487546e-03
-1.237107e-02
1.575679e-02
1.487072e-03
-8.455296e-03
2.010532e-02
-4.474413e-03
-7.091661e-03
1.575160e-03
-7.450167e-03
1.693579e-02
1.188860e-02
4.714320e-03
-6.812506e-03
-7.820107e-03
2.835500e-02
-5.772249e-03
-3.143964e-02
1.312141e-02
1.152640e-02
-7.890607e-03
1.242571e-02
1.424142e-02
1.403424e-02
-6.749154e-03
6.930653e-03
1.229097e-02
1.456297e-02
8.840409e-03
7.629623e-03
1.766300e-02
4.628884e-03
-9.099939e-03
-1.505435e-02
6.089605e-03
-8.314403e-03
-9.198575e-03
6.071145e-03
1.855966e-02
-2.499124e-04
-1.592741e-02
-7.119196e-03
-2.587491e-03
1.482955e-02
2.119062e-02
2.752630e-03
4.424577e-03
5.419438e-03
-4.723825e-03
1.682006e-02
-1.112378e-02
-2.889649e-02
6.010531e-02
-4.403357e-02
3.800087e-02
2.460350e-03
-1.589685e-02
1.912470e-02
-1.314033e-02
-6.071911e-02
-4.184126e-05
-4.371774e-02
5.237770e-02
1.052442e-01
9.964328e-02
8.278511e-02
7.839224e-03
3.152969e-02
-2.295921e-02
8.064166e-02
3.141815e-02
5.078193e-02
3.118993e-02
5.699247e-02
2.146123e-02
-3.132342e-02
4.331687e-02
-3.302090e-02
-5.793669e-02
5.119578e-02
4.962084e-02
8.672473e-02
1.261919e-02
7.058678e-02
4.007571e-02
1.335767e-02
1.967874e-02
4.891321e-02
1.092636e-02
5.526280e-02
1.205806e-01
6.071015e-02
5.429329e-02
2.248482e-02
9.262652e-03
-2.847946e-04
-2.378610e-02
1.283428e-02
-3.805199e-03
9.267436e-03
1.856955e-02
2.323780e-03
1.871279e-02
-3.280175e-02
7.835284e-02
3.218853e-02
-8.373065e-02
1.743161e-01
4.850154e-02
3.990224e-02
2.924224e-02
4.604299e-02
-1.043494e-02
-1.139540e-02
-4.480988e-02
-3.765617e-02
-4.426494e-02
-1.442062e-03
1.555909e-02
-1.303169e-02
5.000870e-02
4.415610e-02
2.369119e-02
3.377308e-02
-2.228366e-04
-4.993293e-02
-2.788938e-02
-5.072561e-02
-5.856247e-02
-6.265242e-02
-3.792829e-02
1.035999e-02
1.412962e-02
-4.098439e-02
1.100236e-02
5.167424e-02
2.647921e-03
1.705491e-02
3.184783e-02
2.941571e-02
-9.140250e-03
-2.765672e-02
5.182685e-02
1.555466e-02
3.866086e-02
3.214559e-02
8.429575e-02
6.261057e-02
1.146240e-02
8.191503e-03
-3.470281e-02
-2.131368e-02
-1.545624e-02
1.242201e-02
1.175210e-02
4.698461e-02
2.604604e-02
7.018947e-02
-3.740097e-02
-4.600313e-02
-1.270084e-02
-1.271527e-01
-7.222404e-02
-4.100566e-02
-6.603814e-02
3.341455e-02
5.359287e-02
4.886245e-02
4.256655e-02
4.663932e-02
4.287118e-02
4.368360e-02
-2.704425e-02
7.427128e-02
4.970654e-02
1.547770e-02
-1.305681e-02
6.477658e-03
-9.499305e-02
-5.962989e-02
4.324421e-03
-7.087049e-02
-6.270308e-02
-2.388518e-02
5.887892e-02
-2.853448e-02
-6.618301e-02
2.193774e-03
-2.032475e-02
-9.163996e-02
5.189027e-02
6.430998e-03
-6.627250e-02
1.203439e-02
2.289849e-03
1.188110e-02
1.996068e-03
-2.470333e-02
-3.233348e-02
2.348402e-02
-3.371178e-02
-1.140546e-02
1.271916e-03
-2.748123e-02
-1.886706e-02
-4.170843e-03
-1.213598e-03
-1.847551e-02
-2.948985e-02
-2.571333e-02
-1.398754e-02
-4.807435e-03
-1.697430e-02
-7.422467e-03
-2.373750e-02
-2.919680e-03
2.610619e-02
-1.044558e-02
1.303984e-02
9.573741e-03
-1.644460e-02
-2.051762e-02
8.721484e-03
-1.378282e-02
5.727904e-03
-1.702422e-02
1.831096e-02
2.555218e-03
2.194315e-02
-1.940501e-02
-3.062084e-02
-2.439116e-02
1.702592e-02
1.598685e-03
1.377505e-02
4.570504e-03
3.045052e-02
2.010647e-02
5.222391e-04
-3.780581e-03
7.388169e-03
5.071766e-03
-5.116801e-03
1.493613e-03
5.760214e-03
-7.426569e-03
-9.523825e-03
-5.664492e-02
5.609155e-02
-2.491546e-02
-6.184594e-02
8.625669e-02
-3.865405e-02
-5.779596e-02
7.990176e-02
-7.907704e-02
-1.574210e-02
-1.256036e-02
9.752383e-03
-7.548097e-03
-1.103546e-02
9.230735e-03
-5.215016e-03
-2.635279e-02
-8.324754e-03
-2.491873e-02
-7.837735e-03
-2.112788e-02
-5.909518e-03
2.448430e-02
6.744720e-03
-1.481585e-02
7.976053e-04
-2.414378e-03
-3.150862e-02
-4.640381e-03
-1.751025e-02
-3.680794e-02
5.209716e-03
-1.878467e-02
-3.798940e-02
8.208406e-03
-1.276564e-02
9.591444e-03
9.814173e-04
8.280093e-03
8.789251e-03
5.608885e-03
2.485008e-03
4.430876e-03
-3.829218e-03
2.209455e-02
7.399964e-03
1.753087e-02
-2.880640e-03
-7.588518e-03
-1.416645e-02
-1.629109e-02
-1.387079e-02
-7.605784e-03
1.789640e-03
1.624519e-02
-3.232862e-02
-2.552306e-02
1.188974e-02
-1.288345e-05
-1.513360e-02
4.077445e-02
-2.491639e-02
-7.276616e-03
-2.020502e-03
1.886488e-02
-1.146954e-02
2.269455e-02
2.834149e-02
2.570624e-02
-7.356759e-03
4.237486e-03
7.235026e-03
1.524225e-02
1.505543e-02
-6.497695e-03
1.428904e-02
2.321614e-02
3.301418e-03
2.129192e-02
3.568694e-02
2.301377e-02
-4.054177e-03
-2.316494e-02
-5.150416e-04
1.413186e-02
-1.885751e-02
7.157979e-03
-8.969569e-03
-1.669706e-02
8.895766e-03
-7.824889e-02
-5.138135e-02
-8.492707e-03
-6.508468e-02
2.311108e-02
-6.386721e-02
-4.133804e-02
1.310131e-02
-3.192475e-02
3.692722e-02
-1.096210e-02
-4.726782e-03
1.206447e-01
6.748983e-03
-1.047544e-01
8.169945e-02
5.947232e-02
-1.650481e-02
-3.786692e-03
3.177167e-02
-5.635082e-02
2.149122e-02
-1.000477e-02
-2.420940e-02
-9.375190e-03
-1.525944e-02
-4.206992e-02
-2.016100e-02
9.696990e-03
7.917494e-02
-4.330010e-02
9.312593e-04
1.512759e-02
-5.612396e-02
2.038791e-02
2.663972e-02
-1.104176e-01
-4.776518e-02
-2.205505e-02
-9.030371e-02
-3.267056e-03
6.266262e-02
-9.491750e-03
3.889198e-02
1.221132e-01
-1.727193e-02
-5.996656e-02
-3.800205e-02
-2.828633e-02
-7.691733e-02
-5.119244e-02
-5.417339e-02
-9.793654e-02
-7.071107e-02
4.099646e-02
6.048603e-02
-3.752302e-02
4.658036e-02
-4.494939e-03
-9.137560e-02
5.475381e-02
1.126219e-02
-1.046084e-01
-5.697326e-02
-1.112094e-01
-6.722314e-02
-8.611044e-02
-1.256688e-01
-1.228618e-01
-6.133154e-02
-6.588805e-02
-6.866487e-02
-1.852426e-03
2.510166e-02
-5.325645e-02
-1.344318e-02
-5.692397e-02
-1.403461e-02
-3.183804e-02
-2.412895e-02
-2.139545e-02
3.060424e-02
2.723186e-02
-7.223097e-02
7.871255e-03
2.392766e-03
-5.416611e-02
1.532086e-02
3.095337e-02
-3.591255e-02
3.018387e-02
4.236990e-02
3.321410e-02
5.882972e-02
6.126937e-02
1.318896e-02
4.233455e-02
3.544244e-02
-3.471350e-02
-5.949929e-03
-8.349343e-03
4.628334e-02
-3.870923e-02
-1.392835e-02
3.262949e-02
-4.182271e-02
-7.722978e-03
2.216190e-02
-4.013701e-03
-4.241833e-02
-2.476779e-02
7.439301e-03
-6.560408e-03
3.366492e-02
-3.236201e-02
1.286837e-02
-2.919883e-02
-4.662976e-02
4.129506e-02
-2.353403e-02
5.353015e-02
4.123593e-02
-1.778558e-02
4.067143e-02
5.483810e-02
-3.793867e-02
2.825408e-02
5.909726e-02
4.402461e-02
-4.866679e-03
6.333735e-02
9.047187e-02
-2.614214e-02
1.845680e-02
4.852831e-02
3.767986e-02
1.763375e-02
-3.322086e-02
4.871643e-02
-2.130318e-02
-1.472197e-02
2.807569e-02
-5.835020e-03
-2.606346e-02
-1.428203e-01
5.081867e-02
-8.412394e-02
-5.681901e-02
3.948999e-02
9.803776e-02
-4.557983e-03
-6.279510e-02
4.532979e-02
6.344535e-03
-5.789974e-02
-7.954224e-02
-9.104891e-03
-3.831932e-03
1.038561e-02
-7.215723e-03
2.751494e-02
-1.183318e-01
-1.073023e-02
-2.510792e-02
-5.156353e-02
4.213021e-02
3.177464e-02
-5.570069e-02
4.726126e-02
1.044269e-01
-4.136244e-02
-5.337579e-02
8.523380e-02
-1.214826e-01
-8.804486e-02
-2.201958e-03
3.435155e-02
-4.792812e-02
-4.387971e-02
-6.902311e-03
4.296048e-02
3.804130e-02
4.420890e-02
-5.951038e-02
6.908356e-02
5.650306e-02
-6.998753e-02
6.848606e-03
3.253974e-03
3.531314e-02
-3.605750e-02
-2.465954e-02
4.202610e-02
-2.237156e-02
-4.850559e-03
-1.327189e-02
-5.166655e-02
-1.599658e-02
8.235711e-02
1.356210e-01
1.272398e-02
2.312326e-02
2.498845e-01
3.468674e-02
3.094404e-02
2.303554e-01
1.707920e-03
-5.165706e-02
-6.444441e-02
-9.570994e-02
1.580606e-02
-2.520014e-02
-6.056817e-02
-3.258225e-02
-9.146283e-02
-3.394731e-02
-4.268214e-02
-5.445109e-02
-4.965998e-02
-6.654347e-02
-6.271082e-02
-1.065042e-01
4.861285e-03
-1.818283e-03
-6.915960e-02
-4.397120e-02
-4.133050e-02
-8.035116e-04
4.533941e-02
8.874755e-02
4.631032e-02
5.115091e-02
5.562240e-02
3.854703e-02
-1.471802e-02
1.121790e-01
-4.376330e-02
1.007858e-02
1.266493e-01
8.678045e-02
-1.060031e-02
1.152768e-01
8.238567e-02
-1.231106e-02
-4.068398e-02
-2.085272e-02
1.327207e-02
-9.845287e-03
5.156479e-02
-5.304972e-02
2.907613e-02
7.942385e-03
5.215805e-02
-1.248025e-02
-8.934622e-02
-2.974331e-02
2.898915e-03
-3.574826e-02
-1.853142e-02
5.505227e-02
-7.808387e-02
-3.764685e-02
1.181901e-02
1.121388e-01
-1.460622e-03
1.217546e-01
1.701117e-01
-1.364228e-02
1.392073e-01
1.837886e-01
-2.757981e-02
5.907113e-02
3.622397e-02
-4.992372e-02
1.235717e-02
6.263495e-02
-4.346074e-02
-6.347475e-02
8.875310e-02
8.262818e-02
-8.086463e-03
-5.712255e-02
5.960994e-02
-1.611632e-03
-6.793121e-02
1.292970e-02
1.728702e-02
-9.570872e-03
-3.403418e-02
-2.508672e-02
4.792334e-02
6.800855e-03
-1.112734e-02
-6.012170e-02
-3.245995e-03
2.648080e-02
-1.293958e-02
-7.893317e-04
6.284145e-03
7.440621e-03
-1.936156e-03
-4.471435e-02
-4.476006e-02
-2.108301e-02
-2.012544e-02
-5.126734e-02
3.856304e-02
9.918124e-03
9.313122e-03
4.111100e-02
5.285615e-02
-3.120435e-03
5.567324e-02
5.039232e-02
-5.108575e-03
-4.730177e-02
-5.890335e-02
-2.464375e-02
-2.148965e-03
-3.589406e-02
-2.923175e-02
2.581005e-02
-1.556986e-03
-9.444194e-03
-1.225039e-02
-9.767901e-03
-3.805758e-02
-7.997491e-03
8.228667e-03
2.101093e-02
-3.714885e-02
2.379688e-02
1.103903e-02
8.220992e-03
-2.128027e-02
-2.269119e-02
-6.020887e-03
-1.606993e-02
-3.585263e-03
-1.846941e-02
-1.481395e-02
-2.271746e-02
2.635837e-02
-1.147463e-02
3.489929e-02
2.621168e-02
1.635560e-02
-2.934387e-03
6.480317e-02
2.115368e-03
9.168663e-03
5.201285e-02
3.064679e-02
2.347975e-02
-3.477782e-02
-3.389355e-02
-3.424920e-02
-2.597117e-02
-1.524065e-02
-3.036529e-03
2.925172e-02
1.752040e-03
-5.278018e-02
2.465127e-02
2.019520e-03
-3.000369e-02
1.788069e-02
-4.503070e-02
-4.454876e-02
-1.055515e-02
-1.930536e-02
-1.039841e-02
-6.362079e-03
-2.666967e-02
9.545469e-03
1.041554e-02
-1.382085e-02
2.174885e-02
-1.076842e-02
-2.393825e-03
2.452522e-02
-3.393833e-03
1.772295e-02
1.271626e-02
9.318637e-03
1.139425e-02
-3.701164e-03
-5.224494e-03
-3.455941e-02
2.169258e-02
-1.538451e-02
2.198152e-02
1.273389e-03
8.660107e-03
1.253567e-02
2.708927e-02
-1.320580e-03
-1.051416e-03
-1.230498e-03
-6.208982e-04
-9.623908e-03
-4.718060e-02
-5.415151e-02
-9.347966e-03
-3.390200e-02
-4.878236e-02
6.082437e-03
1.168914e-02
-4.921094e-02
1.152219e-02
5.652190e-02
-4.174577e-02
-3.660248e-02
-4.867777e-03
-2.768217e-02
5.673253e-03
1.559908e-02
9.021905e-03
1.043470e-02
5.091136e-02
1.246679e-02
-1.027477e-02
3.653561e-02
2.517563e-02
2.888271e-02
1.028674e-02
6.015422e-02
6.593431e-02
3.604085e-02
7.231604e-02
6.836900e-02
-3.674686e-03
2.524832e-02
8.928540e-02
5.952522e-02
-3.720873e-02
3.573250e-02
5.478390e-02
1.472731e-02
-7.786327e-02
2.783865e-02
7.155569e-02
5.156617e-02
-1.504306e-02
3.189358e-02
8.660733e-02
1.006223e-01
-5.984990e-03
-6.479168e-03
4.940084e-02
-6.237060e-02
-2.520251e-02
-1.417852e-02
1.921134e-02
-1.466112e-02
2.171439e-02
3.814302e-02
4.657844e-02
-1.420487e-02
-7.928091e-03
1.668226e-02
-5.089454e-02
-5.747302e-02
6.734045e-02
5.641253e-02
-2.136247e-02
2.457684e-03
9.079640e-02
-6.482027e-02
-1.019334e-01
-1.887008e-02
-9.730278e-02
-6.591093e-02
-1.589125e-03
-3.760778e-02
-6.873772e-02
2.232596e-02
-2.374163e-02
-1.357088e-02
2.716450e-03
-2.153541e-02
-3.157806e-02
-2.031663e-02
-3.485009e-02
-2.328615e-02
-4.017787e-02
-9.553221e-02
3.465094e-02
-4.720727e-02
-3.410213e-02
4.275175e-02
-3.524239e-02
-2.301488e-02
5.694201e-02
-5.222007e-02
1.092298e-02
7.643358e-02
8.555658e-02
-7.791813e-03
3.626193e-02
5.397638e-02
9.677261e-03
1.608073e-02
-9.005344e-03
-6.771411e-02
-6.999086e-02
2.256414e-02
1.021009e-02
1.428637e-02
5.047662e-02
-3.150674e-03
-1.469849e-02
2.163284e-02
-1.717974e-02
-3.145145e-03
1.018523e-02
-1.537100e-04
2.821002e-02
2.842711e-02
-6.139741e-02
2.328434e-02
1.849884e-02
-1.569692e-02
5.355822e-03
-5.939449e-02
-1.125971e-03
-1.761659e-02
-3.994843e-02
-3.595033e-02
-5.013756e-02
-1.694330e-02
-3.458155e-02
-1.543017e-02
3.809644e-02
-1.090890e-02
-4.453389e-02
3.355096e-02
-2.571955e-02
-4.511273e-02
-2.981763e-02
2.761933e-02
-4.617938e-02
-2.401945e-02
6.579573e-02
-1.566742e-02
-5.168457e-02
1.047785e-01
5.142227e-02
-1.017772e-02
2.604245e-02
-9.634627e-03
3.841956e-02
4.828553e-02
7.102055e-03
-7.154872e-02
-2.186113e-02
-3.781936e-02
-8.424424e-02
9.869763e-02
7.645249e-02
-3.512488e-04
7.155441e-02
5.823751e-02
1.670688e-02
3.379892e-03
-2.856314e-03
2.859060e-02
-1.935794e-02
-4.916809e-02
-5.100745e-02
3.103596e-03
1.598899e-02
6.558117e-03
3.134266e-02
5.042824e-02
3.224966e-02
-4.870893e-02
-2.357356e-03
4.580516e-02
-3.959302e-03
6.148324e-02
4.472448e-03
1.379653e-03
1.296495e-02
-3.742221e-02
1.492620e-02
3.310090e-02
-6.424565e-03
-4.147211e-02
-5.965378e-02
-1.002931e-02
-1.186883e-01
-4.848409e-02
1.824396e-02
-7.229960e-03
-2.975030e-02
-1.713374e-02
-2.379072e-02
-4.018519e-02
3.411725e-02
-4.654862e-02
-3.391023e-02
2.620468e-02
1.587888e-02
4.466444e-02
4.248251e-02
-2.591826e-02
-9.632990e-03
3.308463e-03
8.464399e-03
-3.832557e-03
-3.280793e-03
6.781733e-02
5.367727e-02
-3.200493e-02
3.537769e-03
-1.808051e-02
-5.275105e-02
1.316733e-03
-1.651143e-02
9.228046e-03
-1.584335e-02
-4.718704e-04
-2.373699e-03
-3.543165e-02
-1.484592e-02
-9.097020e-03
-2.950044e-02
-3.510003e-03
9.910713e-03
-3.320121e-02
-3.751289e-02
2.704135e-02
-6.210377e-03
-4.710926e-02
7.813809e-02
-5.076059e-02
1.179132e-02
5.312093e-02
-4.325560e-02
-5.762401e-03
-2.984927e-03
-1.430839e-02
2.135220e-02
3.411336e-03
-4.012043e-02
1.427957e-03
9.166262e-03
-2.773926e-02
-2.118177e-02
5.913465e-03
-4.109389e-02
-1.122057e-02
1.029298e-02
-3.248753e-02
2.646985e-03
1.688862e-02
-5.320737e-04
-8.603893e-03
3.695811e-02
-7.284934e-03
-1.694588e-02
2.878146e-02
-3.543899e-02
-2.078532e-02
4.101337e-02
-2.242808e-02
1.860683e-02
3.228497e-02
-1.198255e-02
-1.343833e-02
-7.689441e-03
-6.446023e-03
-1.157451e-02
6.033932e-04
-4.081712e-02
1.697636e-02
-2.939190e-02
4.099114e-02
1.357709e-02
-1.723203e-02
-1.465462e-02
-1.925897e-02
-1.558087e-02
-4.913734e-02
1.485971e-02
-4.296781e-02
-2.392110e-03
2.498640e-03
-3.801828e-02
1.486481e-02
1.720280e-02
-1.917648e-02
2.785970e-03
-4.144053e-02
3.017734e-02
-4.175128e-02
-3.793520e-02
3.675801e-02
1.506961e-02
2.240606e-02
6.497719e-02
-1.850679e-02
2.067555e-02
5.017116e-02
-4.529249e-02
-2.134324e-02
-1.204011e-02
-1.044200e-02
-2.506099e-02
-3.816051e-02
-1.284989e-02
-8.176574e-03
2.582485e-02
-6.435766e-02
-4.832060e-02
1.106386e-02
-5.535535e-02
-3.995101e-02
2.011123e-02
-8.572607e-02
3.073979e-02
1.937146e-02
1.040415e-01
-3.668872e-02
2.307040e-02
8.546224e-02
3.200902e-02
3.963350e-02
1.810629e-02
5.452174e-02
6.938773e-02
-1.092215e-01
-4.540233e-02
1.300191e-01
2.968895e-02
4.683910e-02
-1.971284e-03
4.800682e-02
-3.158006e-02
-4.933192e-02
8.941636e-02
1.205948e-02
-3.063120e-02
6.072185e-02
4.750976e-02
9.730729e-03
-3.929371e-02
5.804502e-02
1.107513e-02
2.645104e-02
-1.291723e-01
-7.452752e-02
1.115017e-01
-6.039011e-03
-6.560563e-02
1.852941e-02
-5.337799e-02
-1.333564e-02
-3.899799e-02
-5.925889e-02
-9.181777e-02
-2.952895e-02
-9.034875e-02
-7.999064e-02
4.691648e-02
3.763682e-02
1.246770e-02
4.787814e-02
4.521674e-02
1.880060e-02
3.971056e-02
3.210249e-02
-1.065008e-02
9.586229e-02
-1.027241e-01
-5.116781e-02
-2.843925e-02
-1.603305e-01
-1.028437e-01
-8.204954e-02
-1.482588e-01
-8.680939e-02
1.366236e-02
1.787437e-02
-4.337769e-03
7.117964e-02
5.129742e-02
6.759047e-02
2.880427e-02
-1.130399e-02
-7.037320e-02
-1.156524e-02
-7.042672e-02
-7.641876e-02
2.893923e-02
-4.587717e-03
-4.764896e-02
4.178421e-02
1.923410e-02
-1.394624e-02
6.397656e-02
3.496052e-03
1.434511e-02
2.347030e-02
-3.564271e-02
-5.703588e-04
1.538759e-02
-4.751124e-02
1.660741e-02
-3.729266e-02
-2.391529e-02
5.480125e-02
-7.385340e-02
-7.400046e-02
1.993459e-02
-3.862365e-02
-1.434630e-02
3.083463e-02
3.217887e-02
5.747049e-02
-2.053699e-02
4.295012e-02
1.587913e-02
3.308917e-02
-6.436794e-03
2.834943e-02
-1.888504e-02
9.442468e-03
-1.187340e-02
-7.526540e-02
3.440638e-02
-7.053119e-02
-1.075057e-01
-1.022277e-01
-7.377706e-02
-4.153784e-02
-8.473924e-03
-6.426047e-02
1.187554e-02
1.180943e-02
6.163721e-03
2.364460e-02
9.607058e-02
6.040765e-03
-1.848124e-04
-1.028395e-02
-1.143912e-02
-4.286407e-02
7.378408e-02
-1.471629e-02
-7.325726e-03
7.800715e-02
5.058331e-02
2.171114e-02
-5.801761e-03
-6.005389e-03
-8.126293e-02
1.405045e-02
-1.615100e-02
-7.399300e-02
4.069972e-02
5.439448e-02
-4.255293e-02
-2.975104e-02
-4.031858e-02
-1.889796e-02
-1.307643e-02
-1.269251e-02
1.849194e-02
6.384040e-02
6.365564e-02
2.706075e-02
-3.990883e-02
8.498021e-03
-5.828319e-02
-2.212132e-03
1.942636e-02
5.300359e-02
-7.984789e-03
3.036595e-03
2.059747e-03
9.933770e-03
1.722414e-02
8.930459e-03
8.534831e-03
4.489476e-02
4.651631e-03
2.977077e-02
4.768926e-02
-1.118421e-03
-4.327424e-02
2.776575e-02
1.225728e-02
-9.309600e-03
6.995760e-03
-3.710042e-02
2.235545e-02
-2.914331e-02
-3.679403e-02
-9.783366e-03
1.606671e-02
-6.059044e-03
4.407734e-03
7.912533e-04
1.234085e-02
7.154784e-04
1.348260e-03
2.910223e-02
7.632517e-03
1.078147e-02
-9.518728e-03
3.590226e-03
-3.705010e-03
-1.739188e-02
-1.103569e-02
-1.628256e-02
-2.379148e-02
-8.959327e-02
5.490592e-03
6.951050e-02
-4.011736e-02
-7.216692e-04
6.120415e-02
-1.619773e-02
5.259657e-03
6.737497e-02
-4.520495e-03
-3.429702e-02
-4.863075e-02
8.607694e-03
-2.476060e-02
-2.919148e-02
-4.631552e-02
-4.321302e-02
-4.834711e-02
1.270933e-02
8.950815e-03
-1.009738e-02
-1.929726e-02
-2.341112e-02
-5.543244e-02
2.367021e-03
-1.012666e-02
-1.623900e-02
-6.890201e-02
-5.949895e-02
5.703556e-03
-5.006976e-02
-2.214780e-02
4.450561e-02
-3.870139e-02
-2.688755e-02
3.223186e-02
-3.546581e-02
4.274012e-03
-1.307765e-02
-1.373886e-02
1.782893e-02
9.319767e-03
-2.010116e-02
1.781304e-03
-2.300426e-02
-1.371536e-02
-1.913345e-02
-1.706794e-02
4.677827e-03
1.854515e-02
3.149537e-02
-1.130206e-02
1.374927e-02
1.724001e-02
2.152266e-02
1.728970e-02
1.678899e-02
-1.407382e-02
-4.314472e-02
-4.591464e-02
-1.948895e-02
1.143394e-02
-8.853228e-02
-4.967876e-02
-1.205429e-02
-3.450736e-02
3.727295e-02
3.863502e-02
-8.783547e-03
6.390623e-03
-9.594949e-03
-2.193464e-02
6.102581e-02
9.209874e-02
4.801077e-02
8.673436e-02
7.377332e-02
1.167630e-02
9.881943e-02
7.843859e-02
6.592081e-03
1.912126e-03
1.400194e-02
1.859702e-02
-8.320509e-03
7.158660e-03
-1.425780e-02
1.594079e-02
4.249145e-02
-1.849743e-02
-9.656592e-02
1.123260e-01
-1.133263e-02
-1.695575e-02
-5.818900e-02
9.076932e-02
8.117838e-02
-4.294530e-02
-2.325799e-02
3.589503e-02
-6.993167e-03
-8.538966e-02
-5.876368e-02
-5.871266e-02
1.174358e-01
-6.219897e-02
-7.834626e-02
-5.418510e-02
4.983049e-02
-2.735706e-02
2.677582e-03
2.942770e-02
2.134286e-02
4.846176e-02
-2.211111e-02
3.697970e-02
-1.189243e-02
-9.929901e-02
6.891345e-02
-1.547915e-01
-1.793704e-01
-7.070517e-02
4.967524e-02
6.312738e-02
-5.107512e-02
-4.556909e-02
2.460934e-02
-1.544291e-02
-1.507684e-02
-3.736526e-02
-3.834254e-02
2.907556e-02
-5.187630e-02
-6.735481e-03
-2.571028e-02
-1.293635e-02
-2.543613e-02
-1.852558e-02
-1.780670e-02
-3.301113e-02
-1.057078e-02
-1.058281e-02
-1.178511e-02
-2.724112e-02
1.194665e-01
-4.805056e-02
-1.976074e-02
-6.377135e-02
1.018741e-02
3.890980e-02
-4.788261e-02
-3.191043e-02
-8.416214e-02
-7.461187e-02
-2.443892e-02
-3.437426e-02
-2.780630e-02
-2.632902e-02
-7.878540e-02
-3.513075e-02
-4.395195e-02
-7.955711e-02
-8.041572e-02
-2.422228e-02
5.332019e-03
-8.454912e-02
-3.158570e-02
-6.776191e-02
-3.742178e-02
-2.562942e-02
-1.580656e-01
-2.550307e-02
-6.006762e-02
-5.265374e-02
-5.077158e-02
-9.054074e-02
-5.394510e-02
-6.409965e-02
-6.156295e-02
-4.054132e-02
-3.648376e-02
5.503666e-02
4.085534e-02
1.280143e-02
-1.543071e-02
3.841924e-02
-3.118232e-02
3.378814e-02
1.392865e-02
-1.628072e-02
1.466054e-02
-2.294214e-02
7.055555e-02
-3.472051e-02
-2.582853e-02
-3.855252e-02
1.440643e-02
4.009926e-02
5.392603e-02
2.913518e-02
-6.915960e-02
6.040784e-02
3.297343e-02
-3.199995e-02
-1.378564e-01
-7.359822e-02
-7.005759e-02
-4.086350e-02
-1.435867e-01
4.507827e-02
-2.601028e-02
4.100630e-03
-5.334836e-02
-7.602499e-02
-1.089984e-01
-6.372983e-02
-1.447097e-02
-3.951215e-03
-2.185579e-02
-3.519472e-02
-4.972411e-02
8.765377e-03
-3.308970e-02
-5.957116e-02
-4.580059e-02
1.994915e-02
-1.998089e-02
-2.624606e-02
-1.794359e-02
5.216947e-02
5.040169e-02
3.972331e-02
3.593561e-02
-4.509033e-04
-6.322537e-02
4.150085e-02
8.052377e-02
4.099593e-02
-1.445451e-01
1.271208e-02
2.292364e-02
-5.496204e-02
-1.052580e-01
5.903770e-02
5.097016e-02
3.100267e-02
-2.627623e-02
7.298659e-02
1.362954e-01
-3.964568e-02
-2.868782e-02
-1.085885e-01
-1.292197e-02
-6.451590e-03
-4.211559e-02
-1.154552e-01
2.267542e-02
1.672465e-02
-5.499420e-02
-6.825143e-03
2.360750e-02
-3.664390e-02
6.228666e-02
2.388589e-02
-1.301029e-02
-4.023532e-02
5.672685e-02
1.080698e-01
2.716415e-02
-9.476874e-02
-1.680755e-02
-6.941625e-02
-3.876631e-02
-2.571797e-02
-7.542712e-02
-8.943600e-02
-1.786227e-02
-4.373997e-02
-8.657440e-02
-4.748430e-03
-1.161433e-02
-9.677529e-03
2.807783e-03
1.904759e-02
5.695872e-03
3.909003e-03
2.938893e-02
1.644526e-02
-4.837394e-02
-5.094581e-03
-4.315582e-03
-5.294997e-02
-3.663522e-02
-3.547661e-02
1.970560e-02
2.069182e-02
-9.480552e-02
3.494189e-02
1.057726e-01
1.717439e-02
6.383572e-03
7.110721e-02
9.693854e-02
-2.626989e-02
1.679529e-02
3.393556e-02
-8.475274e-02
-3.912287e-02
-1.428677e-02
-3.015680e-02
1.975846e-02
-4.245417e-02
3.050190e-02
-6.156482e-03
1.124116e-02
4.631332e-02
6.161441e-02
4.544264e-02
-1.615276e-02
-1.351259e-02
-4.596037e-02
2.542661e-02
-3.560951e-02
-5.569674e-02
-1.671223e-02
6.430645e-03
5.443349e-02
1.942203e-02
-7.622803e-02
7.746916e-03
7.672323e-03
-5.478661e-02
-6.234587e-02
6.724054e-03
-4.169857e-02
-1.169655e-02
3.051714e-03
9.297592e-03
-2.159492e-02
-4.177003e-02
-1.919445e-02
-2.658632e-02
8.926038e-02
-8.845028e-03
-1.253951e-02
1.203219e-01
1.505593e-01
3.455836e-02
5.760854e-03
1.763361e-01
7.839994e-02
-3.332116e-02
-1.705350e-02
1.716918e-02
7.104268e-02
7.697833e-02
-4.108568e-02
8.326731e-02
2.218053e-02
-1.481304e-02
-6.969131e-02
7.850084e-02
7.563236e-02
-2.048083e-02
5.070025e-02
1.060706e-01
6.667394e-03
4.130850e-02
2.568804e-02
-1.534838e-02
2.711047e-03
-7.405813e-04
-6.054135e-02
1.617254e-02
8.765846e-02
-5.551293e-02
-1.650182e-02
2.770213e-02
-5.930768e-02
-7.375247e-03
-2.533160e-02
-8.541276e-03
-9.308016e-02
1.939870e-02
-2.741877e-02
-3.029649e-03
-6.329938e-02
-4.124643e-02
1.009751e-02
2.849531e-03
4.042365e-03
-3.817977e-02
-9.432327e-04
-4.086875e-03
-7.204087e-02
-1.738476e-02
-8.039418e-03
-3.043291e-02
-6.099190e-02
-4.631852e-03
-6.295368e-02
-3.313256e-02
-2.765354e-02
-7.041033e-02
-5.240613e-02
-3.936424e-02
-4.449721e-02
3.301130e-02
-3.243631e-02
-3.707869e-02
-3.298651e-02
-7.366986e-02
-4.406799e-02
-6.774444e-02
-4.445448e-02
-4.584736e-02
-8.594024e-04
1.180730e-02
3.039274e-03
-2.112808e-03
-3.643623e-03
6.263514e-02
2.783737e-02
2.331876e-03
-2.016324e-02
4.410040e-03
-1.688842e-02
-2.900900e-02
-2.087093e-02
-2.606234e-02
-1.971873e-02
-3.067594e-02
5.463649e-02
-1.458788e-01
-1.349988e-01
8.917197e-03
-1.262249e-01
-8.697087e-02
-6.680281e-02
-7.976291e-02
-8.504731e-02
6.606798e-02
-5.081753e-03
-5.752192e-03
-6.240194e-03
9.828032e-03
1.457714e-02
2.346619e-02
-3.254694e-02
-3.842842e-02
-3.732452e-02
-4.345136e-02
6.139264e-03
3.561029e-02
1.503915e-02
-3.383455e-02
6.136256e-02
7.130892e-02
-8.005437e-03
5.553390e-02
-4.353153e-03
-2.580346e-02
1.829768e-02
-2.799626e-02
-2.963614e-02
2.767297e-02
-1.563161e-02
-1.380202e-02
4.137524e-02
7.003294e-02
8.326068e-03
5.659036e-02
5.365118e-02
4.639380e-02
5.055039e-02
7.008160e-02
4.702878e-02
-2.544433e-03
-3.531255e-02
-4.829158e-02
-3.442604e-02
-6.884356e-02
-2.619235e-02
-2.676330e-02
-3.793560e-03
-8.541502e-03
-2.479062e-02
2.335929e-02
6.085331e-02
-4.973207e-02
-1.441283e-02
1.653467e-02
-3.262608e-02
4.038157e-03
-1.678936e-02
2.389538e-02
7.964379e-02
3.105187e-02
6.654237e-02
1.581161e-01
1.367892e-01
4.972729e-02
1.212269e-01
9.894502e-02
6.459817e-02
2.742929e-02
2.992238e-02
8.668759e-02
7.740790e-02
3.302436e-02
6.289013e-02
8.067770e-02
2.542541e-02
1.343190e-02
-1.080279e-02
-2.637782e-02
-3.266841e-03
-2.297608e-02
-1.079881e-02
3.793170e-02
-2.436948e-02
-5.085700e-02
1.745167e-01
-1.454182e-01
2.585553e-02
-8.973229e-02
3.416684e-01
-8.502586e-02
7.866255e-02
-8.666192e-02
1.072829e-01
-4.927295e-02
2.963784e-02
5.656112e-02
8.099113e-02
4.955229e-02
-2.089504e-01
-2.419169e-02
-2.655085e-03
2.145413e-01
-2.196958e-02
5.879835e-02
4.826296e-02
3.484660e-02
-1.365073e-02
8.630871e-02
-5.171090e-02
5.187494e-02
-4.476785e-02
-1.296700e-02
-1.129411e-01
7.049774e-02
4.867474e-02
1.516853e-01
-1.010703e-01
-1.031829e-01
6.850725e-02
8.363584e-02
-5.691243e-02
7.896450e-02
-1.040309e-01
3.505067e-02
-2.323372e-03
-7.894250e-03
-7.534320e-02
-2.076702e-02
8.491153e-03
2.981112e-03
-1.767217e-02
-4.012834e-02
5.269779e-02
-6.336716e-03
-1.326234e-02
8.813891e-03
-3.083330e-02
1.313332e-04
7.284053e-02
-3.095801e-02
-2.300796e-02
1.104631e-01
2.815072e-02
-5.360439e-02
-9.179172e-02
-4.489509e-02
-1.254623e-01
6.565598e-02
8.084048e-03
3.417946e-02
7.759624e-02
7.872544e-02
9.784687e-03
1.960621e-02
-8.268695e-03
-5.053978e-02
5.597874e-03
3.724642e-02
-2.959262e-02
-2.310746e-02
3.738650e-02
4.816978e-02
-1.251805e-01
-5.135236e-02
-5.285629e-02
5.063361e-02
1.217064e-02
-6.953026e-02
7.716061e-03
6.523675e-03
-2.696810e-02
-4.045288e-02
1.351237e-02
-7.370637e-02
4.175710e-02
6.943857e-03
-4.768503e-03
9.546723e-03
8.147866e-02
-9.802280e-02
8.360681e-02
-2.640596e-02
-1.382751e-02
-9.225608e-02
-8.652535e-03
2.070572e-02
-1.044026e-02
6.526612e-02
-7.843821e-02
5.975423e-02
-1.109821e-01
3.480615e-02
-1.503429e-01
-2.978751e-02
6.476191e-02
8.895232e-03
1.218622e-01
-1.965811e-02
1.256836e-01
-1.163558e-01
-9.164982e-03
4.749832e-02
6.915783e-02
-4.466710e-04
-3.947440e-03
-8.715205e-02
1.586879e-01
3.722047e-02
7.440025e-02
2.893853e-02
-2.327830e-02
1.935351e-02
4.917478e-02
3.130325e-02
1.244437e-01
-3.494732e-02
-1.856045e-02
-4.519002e-03
6.109923e-03
6.950705e-03
5.297755e-02
9.581209e-02
-2.399394e-03
1.905485e-02
7.377233e-02
-7.302138e-02
-1.360537e-02
7.894956e-02
-1.206567e-01
-2.105400e-02
-2.723792e-02
-1.564612e-02
-8.098501e-02
2.772809e-02
7.143285e-02
1.337661e-02
-1.656600e-02
8.161795e-03
-3.223671e-02
-3.958052e-02
-9.597411e-02
-1.328299e-01
-4.320518e-02
2.839741e-02
-6.383671e-02
-6.862076e-02
1.469098e-02
-1.869220e-03
-6.936311e-02
4.511902e-02
3.991648e-02
3.812429e-03
5.768127e-02
2.949941e-02
1.351935e-01
-6.690460e-02
-3.715133e-02
-2.074989e-02
-5.165589e-02
-8.614940e-02
-3.365947e-02
2.710346e-02
-2.807168e-03
-1.345090e-02
-9.568401e-02
-3.681999e-02
-4.457907e-02
-2.726926e-03
-1.103788e-01
-2.377727e-02
7.984082e-02
-2.566761e-02
-1.277971e-02
-1.442077e-02
2.828779e-02
2.227161e-02
-4.537071e-02
1.885939e-02
7.133588e-03
-5.163908e-02
-4.701682e-03
-2.971373e-02
7.832845e-02
7.910540e-02
1.023096e-01
1.001252e-01
1.901200e-02
2.286826e-01
2.770943e-04
1.596407e-02
2.085300e-01
-6.965937e-02
-2.998861e-02
2.636379e-02
-1.627011e-02
-1.493111e-02
-8.217722e-03
-8.769592e-03
8.450719e-03
-9.008197e-04
-5.188851e-02
-4.458692e-02
-2.847600e-02
-1.441542e-02
-2.096054e-02
4.678876e-02
2.934958e-02
-1.951410e-02
1.570140e-03
-3.722570e-02
-6.408665e-02
-5.456021e-02
-2.326802e-02
-6.042335e-02
-4.308500e-02
-9.080919e-03
-5.111221e-02
-3.817068e-02
-2.619368e-02
-2.834672e-02
2.175266e-02
-4.221402e-02
-5.021385e-02
-7.083065e-04
6.814611e-03
-4.970853e-02
-4.495335e-02
1.320194e-02
-3.391753e-02
-6.259222e-02
3.836778e-03
3.244447e-03
-4.319654e-02
-5.795517e-02
-6.329092e-02
-2.269488e-03
4.023913e-02
1.068021e-01
1.770868e-02
9.188471e-02
1.226455e-01
-2.477258e-02
-3.100659e-02
5.571039e-02
7.174059e-02
-1.387839e-02
1.130676e-02
-2.334166e-02
5.478639e-02
8.518903e-03
-4.698153e-02
7.901796e-02
5.624139e-03
-7.884813e-02
-9.460009e-02
-4.302918e-02
2.616990e-03
1.112320e-02
-5.427305e-02
-1.269797e-02
-1.036764e-02
-1.761765e-02
-5.121411e-02
-3.787474e-02
-1.742736e-02
-7.262586e-02
2.567379e-02
-4.801710e-04
1.215726e-03
2.464250e-02
-2.037928e-02
3.449673e-02
1.583483e-02
-4.299695e-02
-1.175088e-01
1.815482e-02
5.276136e-02
-1.094011e-01
-6.694745e-02
-1.067494e-01
-1.522667e-01
-1.030204e-01
-1.044935e-01
-9.374665e-02
-6.743093e-02
-1.315490e-01
-4.960455e-02
-5.425078e-02
-3.549143e-03
1.176098e-01
-2.433871e-02
-3.167443e-02
-4.570311e-02
-3.790296e-02
-5.600206e-02
-5.164005e-02
-3.197872e-02
4.948165e-03
1.029295e-01
5.394727e-03
1.071582e-02
-1.947286e-02
-3.255360e-02
-3.352531e-03
1.963065e-02
-4.501028e-02
2.194007e-02
1.097968e-01
1.870923e-02
9.254085e-02
-2.744962e-02
-2.275860e-02
2.805937e-02
5.793960e-02
7.593417e-02
2.195099e-02
-2.115583e-02
-5.566703e-03
1.390601e-02
-4.294547e-02
2.161758e-02
6.408934e-02
2.434960e-02
8.466702e-04
3.994792e-02
1.871057e-02
2.655231e-02
1.749258e-02
-2.348185e-02
2.431937e-02
3.925097e-02
7.511903e-02
-2.715116e-02
5.315379e-02
7.274383e-03
-9.252281e-02
2.640700e-02
6.607646e-02
2.189071e-03
7.217714e-02
6.856058e-02
5.353459e-02
9.165516e-02
4.406025e-02
-5.839851e-02
-9.377788e-02
-2.524229e-02
-1.181599e-01
1.569106e-01
1.935628e-01
-5.588336e-02
8.442588e-02
1.010978e-01
6.333516e-02
4.810017e-02
7.288595e-02
4.651522e-02
5.613858e-02
9.306086e-02
-1.296255e-01
-1.191244e-01
-1.282325e-01
7.290382e-02
5.761722e-02
-1.973809e-02
1.814752e-02
5.525716e-03
-2.465384e-02
1.000543e-02
-3.964290e-02
-4.977513e-02
-7.981823e-02
-2.037477e-02
-5.353070e-02
3.741587e-02
2.148931e-02
-1.096870e-01
2.736483e-02
4.340828e-03
-5.732334e-02
-7.856862e-02
-5.964758e-02
-1.336137e-01
-4.238249e-02
-8.363909e-02
-1.122531e-01
2.056473e-01
6.527320e-02
3.156750e-02
2.604307e-01
2.101852e-01
9.753524e-02
-6.683797e-02
-1.321909e-01
-9.079333e-02
-9.651739e-02
-9.472711e-02
-3.299688e-02
-1.156279e-01
-3.172772e-02
-1.743662e-02
-7.350446e-02
-5.497270e-02
-3.533918e-02
-7.736491e-02
-1.641673e-01
-9.926214e-02
-1.283214e-02
2.361172e-02
1.424050e-02
-3.199456e-02
-8.794856e-02
-1.363455e-02
-1.273217e-01
-2.977303e-03
1.512579e-01
