5.058418e-03
6.912353e-03
8.690523e-03
5.870387e-03
6.763984e-03
5.865868e-03
6.180758e-03
6.558372e-03
5.218450e-03
6.793606e-03
6.908366e-03
7.561380e-03
5.823961e-03
8.850463e-03
5.938192e-03
6.044012e-03
3.939532e-03
7.754430e-03
9.305955e-03
5.630111e-03
8.347787e-03
5.485085e-03
7.100170e-03
6.989659e-03
9.697556e-03
7.185144e-03
8.393873e-03
8.700322e-03
5.633547e-03
1.024586e-02
5.454973e-03
5.572385e-03
8.298402e-03
6.789609e-03
8.556904e-03
6.736540e-03
5.522593e-03
5.818048e-03
5.248053e-03
6.542135e-03
7.350827e-03
8.488965e-03
7.468269e-03
7.119548e-03
1.019806e-02
9.768777e-03
7.323507e-03
9.952248e-03
6.681056e-03
9.820634e-03
6.306439e-03
6.535267e-03
6.904545e-03
6.056084e-03
8.285079e-03
1.032936e-02
7.200524e-03
5.479675e-03
7.421000e-03
5.678220e-03
7.827175e-03
1.148764e-02
8.304855e-03
4.732236e-03
