2.306984e-01
2.174194e-01
2.524225e-01
2.453930e-01
2.566390e-01
2.302269e-01
2.462014e-01
2.212008e-01
2.371831e-01
2.469472e-01
2.384915e-01
2.313004e-01
2.366952e-01
2.349118e-01
2.372250e-01
2.386706e-01
2.276582e-01
2.002325e-01
2.682395e-01
2.477685e-01
2.608941e-01
1.875996e-01
2.161125e-01
2.299054e-01
2.119865e-01
2.289654e-01
2.162086e-01
2.276493e-01
2.240193e-01
2.137863e-01
2.253743e-01
2.127118e-01
2.204915e-01
2.499375e-01
2.243816e-01
2.249328e-01
2.706443e-01
2.237905e-01
2.306985e-01
1.997352e-01
2.382447e-01
2.424380e-01
2.152684e-01
2.261123e-01
2.429420e-01
2.251545e-01
2.425857e-01
2.160878e-01
2.153425e-01
2.364074e-01
2.409629e-01
2.395664e-01
2.497845e-01
2.321497e-01
2.299782e-01
2.600957e-01
2.476893e-01
2.363434e-01
2.584738e-01
2.322092e-01
2.467803e-01
2.583685e-01
2.493832e-01
2.443579e-01
