-3.297206e-03
-5.521030e-03
-1.125326e-02
6.610455e-03
-1.902181e-03
-5.877042e-03
3.431376e-03
-1.408423e-03
6.332006e-03
-9.436596e-03
-4.266520e-04
-3.122855e-03
-1.637517e-03
4.928044e-03
3.880913e-03
-5.886370e-04
-2.291890e-03
-2.138167e-03
-9.853030e-04
-2.816376e-03
5.004017e-03
-4.803492e-03
-3.866850e-03
1.196899e-02
-1.147654e-02
-5.898245e-04
-4.996390e-03
-6.572315e-03
-4.441824e-03
-1.188589e-02
-2.048197e-04
2.042299e-03
6.462020e-03
7.720111e-03
8.406831e-04
-5.397480e-03
1.762535e-03
-6.353003e-03
1.628261e-03
-8.794020e-03
7.447954e-03
-7.947020e-03
5.390901e-03
8.684392e-04
-2.783532e-03
-5.708117e-03
6.854383e-03
-8.882307e-03
-7.052927e-03
-1.043557e-02
-5.734522e-03
1.189392e-03
-4.906544e-04
-6.040049e-03
7.056451e-03
-3.713395e-03
7.526159e-04
5.534136e-04
6.645078e-03
2.212423e-03
-4.286460e-03
-2.051252e-03
5.858182e-03
-1.343842e-03
