1.386872e-01
1.259350e-01
1.464785e-01
1.400692e-01
1.252982e-01
1.236230e-01
1.319481e-01
1.342276e-01
1.396717e-01
1.130821e-01
1.285733e-01
1.363641e-01
1.270363e-01
1.121019e-01
1.241091e-01
1.422293e-01
1.277772e-01
1.412361e-01
1.563010e-01
1.316829e-01
1.470207e-01
1.185299e-01
1.408188e-01
1.305735e-01
1.261398e-01
1.303989e-01
1.304103e-01
1.339503e-01
1.209133e-01
1.425650e-01
1.534532e-01
1.479192e-01
1.371536e-01
1.176006e-01
1.243235e-01
1.384884e-01
1.167765e-01
1.279382e-01
1.453840e-01
1.263125e-01
1.364359e-01
1.166089e-01
1.413484e-01
1.372325e-01
1.411235e-01
1.423556e-01
1.286492e-01
1.414695e-01
1.175790e-01
1.465878e-01
1.421788e-01
1.296312e-01
1.252391e-01
1.290522e-01
1.237957e-01
1.237623e-01
1.329135e-01
1.348390e-01
1.182622e-01
1.474000e-01
1.188675e-01
1.466945e-01
1.324590e-01
1.151558e-01
