2.973383e-02
5.273720e-03
7.976154e-03
-1.552896e-02
8.311927e-03
1.038950e-02
-6.606589e-03
-8.171230e-03
7.081226e-03
3.864514e-02
1.003345e-02
-6.909585e-04
5.165639e-02
3.227737e-02
2.663544e-02
1.010116e-02
-6.891680e-03
-1.478652e-02
3.260585e-02
-3.924607e-03
-1.778534e-02
6.819393e-03
-1.063779e-02
1.409915e-02
-3.267360e-02
-3.020869e-02
9.388853e-04
1.899504e-02
5.459710e-03
1.871023e-02
2.092840e-02
1.342254e-02
8.362539e-03
9.521242e-03
-1.342252e-02
-2.258776e-02
-1.700830e-02
3.200577e-03
-5.160771e-02
2.307582e-02
1.996635e-02
-1.113934e-02
2.881544e-02
-9.046073e-04
-2.689864e-02
3.538424e-03
4.877828e-02
-1.013690e-02
2.611576e-02
3.052769e-02
2.124623e-02
2.733161e-03
1.483567e-02
7.199256e-03
-2.674580e-02
-4.119411e-02
-8.764718e-03
2.872514e-02
-7.333861e-04
-1.420910e-02
2.622937e-02
8.404114e-03
-1.007275e-02
6.763013e-02
-2.936854e-02
-3.497216e-02
-4.050594e-02
-4.087621e-02
3.878975e-02
3.949395e-02
2.768707e-02
-2.334811e-02
-8.612484e-03
7.868554e-03
4.247151e-04
-1.653346e-02
-4.871986e-02
-3.046018e-02
1.198965e-02
2.858563e-02
2.926542e-02
-3.386880e-02
-3.723950e-02
-8.480822e-03
-1.215188e-03
1.365159e-02
3.833238e-02
-6.638088e-03
5.435465e-03
3.399319e-02
-4.852818e-03
-1.036353e-02
4.511326e-03
-3.338299e-03
1.020829e-02
-6.221668e-03
4.388977e-02
-2.382498e-02
-2.577529e-02
-8.665314e-02
1.129808e-02
-3.727774e-02
-2.410929e-02
-1.715019e-02
2.235666e-03
-4.503562e-02
2.631522e-02
2.016675e-02
-1.427781e-02
2.263835e-03
-2.603152e-02
3.971512e-02
2.552485e-02
1.599780e-02
2.195252e-03
1.437064e-02
-1.158456e-02
5.777350e-02
2.064673e-02
7.327480e-03
4.483242e-02
7.338994e-02
1.200161e-03
2.926051e-02
-5.584590e-04
-2.896362e-02
4.810130e-03
-1.445510e-02
9.831814e-03
3.040653e-02
-1.221058e-02
2.101572e-02
2.537744e-02
5.615026e-03
4.770092e-02
-2.000719e-02
-3.778809e-02
8.309601e-04
-7.156601e-03
-1.331768e-02
4.001449e-02
-2.404402e-02
1.990865e-02
1.021968e-02
3.855739e-02
-2.552324e-02
-1.896099e-02
3.807218e-02
-1.562155e-02
-1.235610e-02
1.020166e-02
-4.424504e-03
1.060011e-02
-2.404249e-02
2.131066e-02
-2.789844e-02
-2.121843e-02
1.006912e-01
-4.105775e-02
4.700357e-02
-3.452807e-02
-1.563154e-02
2.445267e-02
-9.128323e-03
-1.331479e-02
4.185666e-04
-3.405786e-02
3.791664e-03
-1.681270e-02
-3.831803e-02
7.413588e-03
-1.605671e-03
3.000800e-02
1.481463e-02
-4.839358e-02
1.410211e-02
-1.437916e-02
1.826516e-02
-1.370311e-02
3.968586e-02
6.662319e-03
-4.871314e-02
1.180043e-02
6.157707e-02
-6.030714e-02
3.159789e-02
1.336765e-02
-5.623208e-02
-2.121103e-02
-1.489340e-03
1.340687e-03
-7.396643e-03
-2.235458e-04
1.526983e-02
4.249700e-02
3.470862e-03
5.560094e-03
1.425584e-02
4.256073e-02
-5.597675e-02
3.149915e-02
3.654275e-02
-6.232559e-02
2.864330e-02
4.557025e-03
-1.359025e-02
2.918222e-02
-3.014874e-02
2.344736e-02
1.738920e-02
-3.983407e-02
2.578573e-02
3.964121e-02
-6.246659e-02
4.334186e-02
8.850895e-03
-1.632602e-02
-2.462355e-02
-3.338470e-02
1.118715e-02
1.981651e-03
-1.233738e-02
2.420210e-02
1.848492e-02
9.292994e-03
3.024445e-02
-1.134702e-02
-2.070497e-02
4.448298e-02
6.410117e-03
-2.227078e-02
3.471037e-02
-1.814002e-03
-4.872090e-02
-5.227493e-02
-1.674350e-02
5.878326e-02
-9.569182e-02
8.578862e-02
3.654267e-02
-2.721579e-02
4.242023e-02
-1.594195e-02
-1.044609e-02
2.971126e-02
-1.375819e-02
5.194214e-02
-4.170966e-02
-2.881701e-02
3.493310e-02
-5.486616e-02
2.271692e-02
-3.671249e-02
-5.385469e-02
2.980268e-02
-2.437754e-03
-6.526682e-02
6.098146e-02
4.290494e-02
-8.525884e-02
6.360103e-02
-4.276632e-02
4.529133e-02
3.319428e-02
-4.727050e-02
7.771715e-02
-1.311726e-02
-4.750527e-02
3.238409e-02
1.043806e-02
3.089561e-02
1.936400e-02
-3.302723e-02
5.482122e-02
-4.178052e-02
-1.785480e-04
2.779282e-02
3.773508e-03
-1.827866e-02
-4.149178e-02
6.863592e-04
-2.144169e-02
9.974424e-03
2.439065e-02
3.827233e-02
-2.800309e-02
1.832426e-02
1.754862e-03
-3.039847e-02
-3.393762e-02
-4.107683e-02
2.869239e-02
2.784435e-03
-7.779449e-03
1.233346e-02
3.066280e-02
1.035739e-02
-3.958850e-02
-1.472666e-02
-5.938005e-02
9.018202e-03
6.009322e-03
3.603650e-02
4.834602e-03
5.742210e-03
4.526769e-02
-3.117070e-02
-6.312492e-02
-2.752880e-02
2.390277e-02
3.268791e-02
-3.575683e-03
1.868262e-02
1.361570e-02
-1.138649e-04
1.009068e-02
1.346902e-02
1.897043e-02
-4.767445e-02
-4.330972e-03
-3.081337e-05
-2.717856e-02
4.530401e-02
-1.095254e-02
1.611158e-02
4.373137e-02
7.446293e-02
-2.933518e-02
-3.570536e-02
-5.765931e-02
8.538722e-03
-1.261843e-03
-7.052602e-03
-1.632880e-02
6.781473e-03
2.619016e-02
1.448405e-04
-6.254642e-03
-2.076092e-02
6.732611e-03
3.352243e-02
7.664067e-03
2.557470e-02
5.365165e-02
-2.051133e-02
1.186392e-02
9.035372e-03
-3.324540e-02
-4.677911e-02
-3.961963e-02
-1.001977e-02
1.858827e-02
-5.182219e-02
4.065778e-02
1.257284e-01
8.958844e-02
4.764696e-02
-7.359248e-02
-9.886110e-02
-7.588629e-02
4.249293e-03
-6.391785e-02
-5.988929e-02
3.883457e-02
9.079549e-02
1.135281e-01
1.967911e-02
-3.189461e-02
-1.410955e-02
-2.234451e-03
1.602205e-02
2.343632e-02
-2.668372e-02
-2.983877e-02
-6.095154e-02
-2.745023e-02
9.506581e-03
3.768643e-02
-4.503591e-02
-7.104846e-02
-5.132995e-02
2.783375e-02
5.276565e-02
2.147136e-02
-1.287924e-02
2.967540e-03
-1.967114e-03
-1.693868e-02
-2.920304e-02
-5.202357e-02
1.056848e-02
3.171798e-02
-1.842977e-02
2.287738e-04
-1.092315e-04
-3.872624e-02
-2.766917e-03
-4.532022e-03
2.980711e-02
-6.562862e-02
2.560159e-03
-1.039662e-02
2.257378e-02
2.070855e-02
3.952329e-02
2.612660e-03
1.625692e-02
3.542182e-02
-1.235935e-02
-9.383658e-03
-3.006692e-03
1.440655e-02
-1.471137e-02
-3.639381e-02
3.667794e-02
3.533798e-02
1.995165e-02
-3.003365e-02
-3.132630e-02
-2.132492e-02
1.443842e-02
-1.377161e-02
-2.581224e-02
3.573030e-02
-3.011933e-02
2.078467e-02
1.076345e-02
-1.166115e-02
2.534216e-02
4.290748e-03
-4.313189e-02
-1.578309e-02
1.032556e-02
-1.003227e-02
-3.651874e-03
3.596632e-02
-8.577566e-03
5.729482e-03
-1.671125e-02
-4.732951e-02
1.308812e-02
-2.460248e-03
1.686982e-02
1.457914e-02
-7.015380e-04
-1.205936e-02
-3.536134e-02
-2.626433e-02
4.387680e-03
3.950619e-03
-4.133106e-03
5.002539e-03
6.714597e-02
-3.040229e-02
-2.682184e-02
3.803583e-03
1.194042e-02
-3.895037e-02
-6.447684e-03
-6.037124e-03
-3.209573e-02
6.577744e-04
2.019105e-02
-3.038097e-02
-3.174910e-02
-7.005315e-03
-2.636941e-02
-3.155126e-02
-1.468665e-02
2.540009e-02
8.656546e-03
-5.062524e-02
2.871843e-02
1.617539e-02
-7.619889e-02
-2.164273e-02
3.926945e-02
4.607598e-03
-6.302063e-02
-1.528021e-02
5.302837e-02
-2.130711e-02
-5.410891e-03
-2.413804e-03
-6.251845e-03
-1.375558e-02
3.810669e-02
-2.678826e-02
-4.856173e-02
6.718023e-02
2.919845e-03
-3.112551e-02
-1.385416e-05
-1.690136e-02
-2.915659e-02
4.047794e-02
-2.537116e-03
-2.019924e-02
1.995783e-02
1.106633e-02
-3.016772e-02
-1.597708e-02
-3.077639e-02
-1.138335e-02
-2.125783e-02
-1.349299e-02
-9.553219e-03
-9.485854e-03
-1.854787e-02
1.146062e-02
2.565946e-03
3.578005e-02
8.080196e-03
1.314753e-02
1.383556e-02
-1.238822e-02
1.898996e-03
1.749249e-02
-2.666557e-03
3.876507e-02
-7.055789e-03
4.616803e-03
3.016472e-02
1.489481e-02
-4.220314e-03
-2.931331e-02
-2.240627e-03
1.145531e-02
-2.579853e-02
1.599478e-02
-4.667304e-03
6.486528e-02
6.757418e-04
-3.680490e-02
1.506599e-02
-3.248106e-02
-2.731735e-02
4.555933e-02
-4.129210e-02
-3.032176e-02
-1.119842e-03
-4.206225e-02
2.133493e-02
-9.640835e-03
4.662208e-02
-3.910360e-02
7.494946e-03
7.020850e-02
-3.001647e-02
1.255422e-02
2.105158e-02
-2.706000e-02
4.425816e-02
1.122308e-02
9.769381e-03
6.771942e-03
-3.674902e-03
1.905603e-02
2.628723e-02
-4.609630e-02
-4.123035e-02
2.856786e-04
-2.482690e-02
-3.579835e-02
3.099858e-02
3.129449e-03
-1.025234e-02
3.494946e-02
4.911341e-02
4.540445e-02
8.466849e-03
6.181118e-02
2.531217e-02
3.058197e-02
6.128372e-02
1.063130e-02
2.155054e-02
-2.252940e-03
7.635425e-03
-4.707118e-02
-3.978320e-02
-5.304351e-02
2.327027e-02
2.151508e-02
4.116163e-02
-2.610310e-02
2.418687e-02
-6.147299e-02
-5.057957e-02
-6.228596e-02
1.529516e-02
-3.661541e-03
1.751423e-02
-5.815044e-02
1.275546e-02
-1.920846e-02
-4.479257e-03
-3.849217e-02
1.056354e-03
2.063668e-02
1.542497e-02
5.155908e-04
-5.094193e-03
-1.267247e-02
1.502570e-02
-3.096384e-02
2.512346e-02
-1.775157e-02
-4.055713e-02
-2.034161e-03
2.049827e-02
1.138878e-02
-1.178274e-02
-2.679847e-03
-3.976817e-02
-1.607501e-02
5.816284e-02
2.547859e-02
2.466856e-02
2.910373e-02
6.660956e-03
-8.612689e-03
4.913399e-02
3.239905e-02
-2.223267e-02
-4.826156e-03
-2.444579e-02
-3.024679e-02
-2.765686e-02
-3.495717e-02
9.385353e-03
-2.776615e-02
3.977549e-02
2.752158e-02
-3.374848e-03
-2.075059e-03
1.337323e-02
1.016281e-02
-3.130976e-02
-2.671439e-02
4.029593e-02
-2.543228e-02
-3.890635e-02
2.313845e-02
2.179645e-03
1.637257e-02
1.145130e-02
8.677416e-04
-2.711336e-02
-1.630703e-02
-1.153406e-02
-3.031863e-03
-3.973428e-02
-3.917081e-02
4.361184e-02
4.215413e-02
4.083237e-02
-2.582130e-02
1.855668e-02
-1.259879e-02
-2.865017e-02
1.631781e-02
2.582561e-02
-1.628379e-02
-3.575004e-02
-4.977781e-02
-7.734359e-02
-9.076247e-03
2.443463e-02
3.842935e-02
-2.223269e-02
-5.083534e-02
-6.317244e-03
1.294535e-02
2.047992e-02
-1.261593e-02
-2.557242e-02
2.078958e-03
-4.519612e-02
-2.193259e-02
-2.328489e-02
6.682660e-03
-6.466590e-05
-6.303247e-02
-8.168669e-02
-1.540491e-02
-7.371438e-03
-1.817301e-03
-1.073609e-02
1.181425e-02
1.656573e-03
1.332205e-02
3.579890e-02
3.652281e-02
-6.066882e-03
7.015776e-04
-3.561620e-02
-9.023610e-03
-3.033921e-03
1.319378e-02
-3.609798e-02
2.087033e-02
1.930849e-02
-6.141728e-03
-3.464295e-03
-7.339620e-02
-1.342459e-02
-1.464185e-02
1.481383e-02
-7.992609e-03
1.854624e-03
1.729052e-02
2.256129e-02
6.811935e-03
1.370187e-02
2.916028e-02
-1.633666e-02
5.418195e-04
4.235814e-02
3.663562e-02
3.697675e-03
5.350324e-03
6.860616e-04
1.331100e-02
2.286538e-02
-5.100182e-02
4.517600e-02
1.778074e-03
-1.552485e-02
2.643005e-02
9.501742e-03
1.696307e-02
1.905517e-02
5.119327e-02
1.299854e-02
3.487322e-02
6.460066e-03
-4.248937e-02
-2.089538e-03
-1.475475e-02
4.929264e-03
3.881226e-02
7.056369e-03
-2.025208e-02
-9.200069e-02
-1.680345e-02
-1.559339e-03
1.266923e-02
-2.152728e-02
2.289264e-02
-1.700492e-02
2.156061e-02
-1.170369e-02
2.139144e-02
-7.299261e-03
1.144024e-02
-2.942874e-02
-2.581438e-02
-2.627973e-02
-6.247493e-02
-2.226599e-02
1.727439e-02
-3.681197e-02
5.066014e-02
7.010423e-02
-2.054269e-02
-2.964468e-02
1.836255e-02
-1.543655e-02
-2.979970e-03
6.042746e-02
3.663312e-03
2.180190e-02
3.479237e-02
6.314070e-02
2.149537e-02
-5.391915e-02
-5.325664e-02
-7.471491e-02
-1.005539e-03
-6.200131e-03
1.659986e-02
2.980683e-02
3.851455e-02
1.864647e-02
1.125338e-02
-3.819133e-02
-6.559893e-02
-5.928801e-02
-7.565930e-02
1.929686e-02
6.949309e-02
-1.958073e-02
-3.316760e-02
-1.861235e-02
1.022050e-02
8.063469e-03
3.347495e-02
-3.795563e-02
-4.762476e-03
1.669760e-02
-2.580057e-02
3.433761e-02
4.159422e-03
-1.819547e-02
2.120096e-02
2.280660e-02
-7.798878e-03
3.187285e-02
1.643962e-02
3.374159e-02
-6.567544e-02
-3.408085e-02
-7.746102e-02
-5.322095e-02
4.787400e-02
-5.518553e-02
4.630456e-02
3.152391e-02
-2.146696e-02
2.899725e-02
2.172435e-03
7.108051e-02
-2.815667e-03
-3.518461e-02
4.212563e-02
-6.964967e-02
2.002132e-02
-1.073554e-02
5.071010e-03
2.184582e-02
1.358223e-02
2.536389e-02
2.757026e-02
3.423224e-02
2.413177e-02
-3.485692e-02
-4.075772e-02
-1.040698e-02
1.366879e-02
-1.163274e-02
-7.230599e-03
-4.907869e-03
-5.523269e-02
4.893259e-03
3.730817e-02
-1.179561e-02
-1.027255e-02
2.456521e-02
9.545365e-03
-1.765907e-02
1.228279e-02
2.021198e-02
-9.716284e-04
2.985396e-02
-1.067478e-02
-1.750133e-02
-2.554990e-02
1.928599e-02
2.228548e-02
5.865005e-03
1.135438e-02
1.200189e-02
-3.902493e-02
2.068769e-02
1.997945e-02
-5.817714e-03
8.093289e-02
-1.172860e-03
-6.424516e-02
2.315051e-02
2.509199e-02
3.961446e-02
-7.317130e-03
-3.937003e-02
2.723484e-02
3.592500e-03
3.598763e-02
-6.692714e-02
7.993939e-03
-1.338460e-02
-7.507881e-02
2.734762e-02
-5.159004e-03
2.805482e-02
-1.295166e-03
-2.389030e-02
-2.397729e-02
-1.891208e-02
-4.185919e-02
3.300933e-02
-2.355011e-02
-1.989779e-02
8.812795e-02
-6.642865e-02
-3.513033e-02
1.935502e-02
4.155125e-02
-3.373061e-02
-4.487380e-02
5.608579e-04
2.701258e-02
-8.265671e-03
-1.127856e-02
-1.415649e-02
-2.874630e-02
3.012757e-02
6.495443e-04
3.124172e-02
-4.838121e-02
1.011272e-02
-1.092959e-02
1.112233e-02
3.128035e-04
3.102199e-02
6.852117e-03
1.169419e-02
-5.529858e-02
5.671095e-03
2.239673e-02
9.843199e-03
-5.187371e-02
4.589343e-03
2.979792e-02
-4.012923e-03
-2.656540e-02
-2.801692e-02
2.310716e-02
-1.891362e-02
-6.392245e-03
1.504320e-03
4.492719e-02
4.463191e-02
-3.673196e-02
-2.695387e-02
5.792831e-02
3.849944e-02
-1.084149e-02
-4.284303e-02
-2.245685e-04
3.720312e-02
1.519854e-02
2.580569e-02
-2.958953e-02
3.124255e-02
4.688372e-03
-5.507864e-02
3.017857e-02
1.465861e-03
3.262710e-02
-2.666481e-02
-2.232359e-03
1.942425e-02
-4.577331e-03
-4.339285e-02
-1.109005e-01
-1.693572e-02
-4.876236e-03
-3.661166e-02
7.887473e-03
5.233642e-02
5.165246e-03
-1.635145e-02
1.253597e-04
-9.115450e-03
5.091323e-02
-4.811099e-02
9.364055e-04
-2.960037e-02
4.458423e-02
-4.140577e-02
-1.156638e-02
2.818730e-02
-6.701094e-03
-1.384605e-03
-3.561742e-02
1.013151e-01
5.170036e-02
1.570180e-02
-6.087848e-02
1.298701e-02
6.388440e-03
-5.002895e-02
1.932244e-02
5.424712e-02
-3.437602e-02
3.389777e-03
3.310401e-02
1.095994e-01
-4.190943e-02
-2.527262e-03
5.452623e-03
-9.671905e-03
-9.730428e-03
-1.266770e-02
-3.027215e-02
2.412446e-02
-4.727574e-03
-5.424998e-02
-1.469158e-02
-5.232693e-03
-3.757627e-02
3.120275e-02
3.936098e-02
1.643134e-03
-3.234196e-02
4.522847e-03
6.600122e-02
-2.414316e-02
-4.050943e-02
1.320163e-02
6.391109e-03
2.786815e-02
7.008323e-02
2.973869e-02
-1.693887e-02
-2.593154e-02
-3.357375e-02
-2.075619e-02
4.852307e-02
-3.813365e-02
2.775619e-02
2.855300e-02
1.237034e-02
-2.091878e-02
-9.333215e-04
6.161881e-03
1.803792e-02
3.014860e-02
2.134197e-02
-8.598517e-03
-7.619997e-03
3.967763e-02
-2.037010e-02
1.705847e-02
4.875831e-02
-1.052322e-03
-3.232117e-02
-3.167000e-02
1.923694e-03
-2.753212e-03
-3.113853e-02
-4.419214e-02
6.448785e-02
8.191173e-02
8.089195e-03
-4.760626e-02
8.000418e-02
-4.278628e-02
-2.198954e-02
2.452641e-03
-3.777265e-02
2.471203e-02
-1.651304e-02
-1.429508e-02
-3.261092e-02
-4.117657e-03
2.121768e-03
7.459352e-03
-5.415414e-02
2.978205e-03
1.311930e-02
-1.056688e-02
6.911916e-02
-4.928808e-03
9.406655e-03
1.856522e-02
-2.587551e-02
-6.151945e-03
6.966840e-03
-2.133507e-02
-1.430064e-02
-2.677757e-02
6.051665e-03
8.484488e-03
1.302245e-02
-2.091871e-02
-1.316271e-02
1.704775e-02
-4.356405e-03
-1.666355e-02
-2.738114e-02
7.828884e-04
9.935572e-03
-1.565254e-02
1.742739e-02
2.944912e-02
1.589483e-02
-1.532210e-02
3.839495e-03
-4.401216e-02
-2.334267e-02
1.190855e-02
-1.163753e-02
-2.374863e-02
-5.438790e-05
-1.308017e-02
9.703830e-04
4.674356e-02
-2.588754e-02
-1.227127e-02
4.117037e-02
-5.688265e-02
-5.032969e-02
-4.780179e-02
-2.455986e-02
-9.559127e-02
-3.869765e-02
-5.283076e-02
-2.411668e-04
-5.225042e-02
3.012921e-02
3.053098e-02
5.067683e-02
-1.241997e-03
-1.587567e-02
-4.745323e-02
-4.608884e-03
-4.760239e-03
-7.460402e-03
-2.847117e-02
-1.875845e-02
3.384669e-02
-3.664894e-02
1.426624e-02
2.223737e-02
3.853107e-03
2.781687e-02
-2.232195e-02
-1.615784e-02
-3.661592e-02
-4.295075e-02
1.727288e-02
-2.033953e-03
-6.615475e-02
4.993594e-02
6.315620e-02
-5.439702e-03
1.289373e-02
-1.568832e-02
-1.258484e-02
-2.908424e-02
-3.552708e-03
4.720863e-02
-2.334213e-02
-2.486327e-02
-3.407172e-03
-4.399635e-02
-7.521435e-03
2.518197e-02
2.627157e-02
2.378111e-02
3.397866e-03
-6.469875e-03
-2.525659e-02
-1.615161e-02
1.969562e-02
2.045648e-02
-4.924654e-02
-8.509258e-03
1.754936e-02
2.331628e-02
-2.306353e-02
1.330523e-02
-3.851938e-03
-4.060625e-02
2.709042e-02
-2.054757e-02
1.913716e-02
-1.033899e-02
2.556997e-02
-2.295817e-02
-5.224349e-02
2.094488e-02
-4.700494e-02
7.873136e-03
2.637964e-02
2.141837e-02
-1.001398e-02
8.840523e-03
-2.006075e-02
4.561949e-02
2.988607e-02
2.012294e-02
5.898778e-02
2.074803e-02
6.725756e-03
-1.690720e-02
1.240347e-02
8.818869e-04
9.409260e-03
-1.314431e-03
-2.815117e-02
2.684213e-02
-6.302287e-03
-3.475428e-02
-2.992873e-03
1.114489e-02
2.228713e-03
2.324480e-02
8.334392e-04
6.409358e-03
-6.797485e-03
3.120858e-02
2.636348e-02
-3.750216e-02
1.255710e-03
1.575893e-02
2.608058e-02
3.195276e-02
7.797766e-03
-2.398172e-02
-9.597770e-03
-2.741787e-02
-3.748059e-03
6.152591e-03
-3.067880e-02
2.148852e-03
2.995026e-02
-1.397431e-02
-5.814578e-03
5.645055e-02
-2.437692e-02
-3.729386e-02
2.819373e-02
1.121354e-02
-2.507235e-02
-2.507994e-02
-3.032112e-02
4.098179e-02
-5.522883e-03
-2.618522e-02
5.564087e-03
1.706015e-03
-1.121835e-02
-4.553817e-02
-1.815865e-02
6.817565e-03
-2.483457e-03
-1.687868e-02
2.231046e-02
-1.016957e-02
3.437734e-03
1.015456e-02
-1.095970e-02
4.880276e-02
-3.840818e-02
-1.946009e-02
3.048290e-03
3.716686e-02
-6.848434e-02
3.210432e-02
2.861418e-02
-5.155094e-02
-4.188640e-03
2.093741e-02
-4.176223e-02
-8.475633e-03
-6.652602e-03
-2.487786e-02
-2.524093e-02
-4.703263e-02
3.846910e-02
-2.539154e-02
-1.714478e-02
-2.947407e-02
-2.996536e-03
3.059562e-02
-4.754091e-02
-4.953390e-02
-5.137590e-02
-1.290768e-02
3.369940e-02
-4.433148e-02
7.204749e-02
2.678537e-02
-6.540874e-02
-3.177088e-02
-3.263762e-02
9.199314e-03
-4.319732e-02
-3.864169e-02
3.783086e-02
1.579704e-02
-2.591257e-03
-2.279741e-03
7.676535e-02
1.284987e-02
-3.363150e-02
-8.367954e-02
4.629656e-03
9.256937e-03
-4.705043e-02
-1.129601e-02
1.859319e-02
-2.619664e-02
4.538541e-02
1.978303e-02
1.010295e-02
1.828712e-02
-4.817103e-02
-1.261598e-02
2.506307e-03
-2.077229e-02
6.168861e-02
-4.145799e-02
5.065554e-02
8.797435e-03
3.396092e-02
4.506411e-02
-1.941378e-02
-1.105076e-02
-2.980994e-02
3.904716e-02
5.727609e-02
4.343976e-02
-2.604928e-03
-1.911308e-02
-2.475508e-02
-2.192666e-02
-8.310901e-02
-1.203893e-02
-2.662343e-02
-3.106012e-02
-8.679169e-03
-1.520077e-02
-1.785736e-03
1.419369e-02
4.229767e-02
-6.072593e-02
-4.200766e-02
4.965929e-02
2.935991e-02
-3.560403e-02
-5.349540e-02
3.726330e-02
-1.061172e-02
1.878179e-02
-2.813764e-02
-1.769783e-02
-1.535872e-02
2.777293e-02
-3.403111e-03
2.334842e-02
-4.861383e-03
1.439585e-02
3.404128e-03
-4.818738e-02
-2.500811e-02
-2.635756e-02
-4.086130e-03
7.160413e-03
4.867992e-02
2.468094e-02
7.222740e-02
-7.798075e-04
3.903831e-02
-3.178029e-03
-1.798289e-02
-2.481027e-02
-5.252485e-03
-2.615570e-02
-5.054146e-02
4.357123e-02
2.830908e-02
-8.501943e-03
4.914680e-02
-2.461835e-02
-2.719322e-02
3.903217e-02
2.937524e-02
-9.655517e-03
-2.518325e-02
-4.627108e-02
1.316915e-02
-1.456127e-02
-9.712192e-03
2.228193e-02
-3.719790e-02
-1.978945e-02
-1.272170e-02
-5.779902e-03
3.645618e-02
-4.222035e-02
1.103902e-02
-1.394544e-02
-4.331588e-02
-3.502442e-02
-3.053783e-02
1.697460e-02
1.414846e-02
-5.876043e-02
7.055712e-02
-5.046472e-02
1.013230e-02
2.315686e-02
4.374496e-02
-9.891822e-03
3.341780e-02
-3.304934e-02
4.251677e-02
-1.448052e-02
-1.196127e-02
-1.375146e-02
2.298946e-02
-2.863383e-02
-2.945602e-02
-8.244839e-03
1.553344e-02
2.349069e-02
-7.356508e-02
-1.349142e-02
-4.857869e-03
4.508615e-02
5.499982e-02
3.110354e-02
2.994971e-02
1.426413e-02
-2.378555e-02
2.302809e-02
-1.990323e-02
4.232695e-03
-3.263146e-02
-2.711671e-02
-2.129284e-02
-3.632943e-02
-2.968383e-03
4.293366e-03
-3.817320e-02
1.121544e-02
-1.037070e-02
2.023825e-03
-2.604865e-02
-1.471273e-02
-6.249689e-03
1.502295e-02
-2.481710e-02
4.260794e-02
1.840163e-03
-2.703324e-02
3.502035e-02
6.775803e-03
1.587836e-02
-1.751990e-03
-2.217294e-02
-2.063719e-02
-4.759535e-02
-8.751198e-03
1.160297e-02
3.640376e-02
7.317529e-03
1.416148e-02
1.854842e-03
-1.516388e-02
-2.183928e-02
-1.334152e-02
-2.005576e-03
-3.919910e-03
9.364498e-03
-1.473323e-02
-7.878166e-03
7.711637e-03
3.825633e-02
-3.485077e-02
3.090164e-03
-1.881910e-02
-1.186590e-02
-9.360694e-03
-1.229403e-02
-4.308905e-02
9.307783e-03
9.668346e-04
-3.943872e-02
3.475949e-02
-2.180550e-02
-1.495140e-02
-2.647414e-02
-2.652928e-02
-3.154548e-02
-1.744700e-02
-7.294006e-03
-1.060731e-02
-7.061237e-03
-7.270474e-03
2.899831e-02
-4.210068e-02
6.142512e-03
-4.259036e-02
1.180613e-02
1.630485e-02
-3.766415e-02
3.801052e-02
4.762016e-02
3.899575e-02
-1.075665e-02
3.283267e-02
-5.642721e-03
-2.565170e-02
-1.536295e-02
7.521895e-02
-1.741101e-02
2.179364e-02
5.741240e-02
1.340440e-02
-1.871654e-02
-1.286493e-02
-7.163977e-03
-1.547769e-02
1.390702e-02
-1.069843e-02
-4.025933e-02
2.170614e-02
-6.929556e-02
-2.011050e-02
-5.932434e-02
-2.279040e-03
-1.131568e-03
-9.409649e-03
7.269061e-03
3.970322e-02
-5.120271e-03
1.011999e-02
-2.365926e-02
-3.084471e-02
-1.914507e-02
-3.299277e-02
-2.341255e-02
-2.233301e-02
-1.542933e-02
5.146887e-03
-2.691503e-03
-1.683001e-02
8.336978e-03
-2.097985e-02
2.649340e-02
-1.460581e-02
-5.874976e-03
-3.060536e-03
2.431656e-03
8.454171e-03
2.379789e-02
-2.281747e-02
-1.536736e-02
7.168287e-02
-1.342373e-03
-2.674279e-02
-9.454139e-03
-2.111558e-02
-1.624059e-02
-1.440569e-02
-1.255699e-02
-6.460096e-03
-4.884421e-02
-4.577064e-02
5.425777e-02
1.082039e-02
-3.018350e-02
4.802485e-03
-2.270404e-02
3.915613e-02
-4.715034e-03
1.329959e-02
4.098090e-03
-1.923632e-02
-1.150186e-02
3.097417e-02
-8.033234e-02
-5.522016e-02
6.390013e-03
-5.035767e-02
-3.007514e-02
5.245366e-03
-5.271881e-02
-3.299486e-02
8.277198e-03
-4.780285e-02
2.143894e-02
2.767179e-02
2.829895e-02
2.731837e-02
2.641781e-02
-4.570545e-03
-1.857456e-02
-3.969834e-03
-2.694735e-04
-2.291418e-02
-3.344612e-02
1.511929e-02
-4.002759e-02
-5.136594e-02
-1.693423e-02
2.051613e-02
1.895587e-02
-4.660423e-02
2.616036e-02
-2.320209e-02
1.796955e-02
1.000769e-02
2.690435e-02
-9.980071e-03
-5.342237e-04
1.795537e-02
-8.014603e-03
-1.376502e-03
3.567670e-02
-1.389746e-02
-3.887435e-02
-1.821974e-02
-3.533993e-03
1.934303e-02
1.160938e-02
-7.494141e-03
4.619299e-03
6.693737e-03
-3.966083e-03
-1.361130e-03
-6.517850e-03
-1.526642e-03
2.236776e-02
-1.107366e-02
-4.409668e-03
1.629898e-02
3.045697e-02
1.866841e-02
3.740897e-02
1.012496e-02
-2.486007e-03
5.352782e-02
-2.811360e-03
4.044043e-03
2.964550e-02
2.909840e-02
-1.016379e-02
-9.515836e-03
-1.348098e-02
-2.513082e-02
-3.530830e-02
-2.730476e-02
7.404437e-03
2.056014e-02
2.753736e-02
3.635575e-02
4.572245e-02
-1.555945e-02
-1.995886e-02
-1.399758e-03
1.071652e-02
-2.664229e-02
-1.801975e-02
-3.082341e-02
-1.416154e-02
-3.540325e-02
-3.885341e-02
-1.520871e-02
-3.402087e-02
-2.668554e-02
3.769813e-03
-4.386387e-02
1.614914e-02
1.278996e-02
-2.073735e-02
-1.848977e-02
1.264046e-02
6.867534e-03
-3.041258e-06
2.572444e-02
-3.213516e-02
-1.244208e-02
-1.208267e-02
-3.307238e-04
-1.522557e-02
-2.881362e-02
-3.987500e-02
1.756338e-03
-5.450220e-02
2.552542e-02
7.420608e-02
-9.585164e-03
-9.692166e-03
-6.780304e-03
1.330274e-02
-1.734984e-02
2.922935e-02
-1.029821e-02
-9.067384e-03
-7.716067e-03
-7.305510e-02
-4.192708e-02
-4.472835e-02
-3.724220e-02
-5.773403e-02
-4.406569e-02
-6.092155e-03
-1.332472e-02
2.660782e-02
1.043348e-02
-2.085400e-02
-5.257110e-03
8.871962e-03
5.869503e-02
-1.627220e-02
4.711845e-03
5.416328e-02
2.689237e-02
-4.027765e-03
1.420276e-02
-1.971722e-02
5.092036e-02
-1.709123e-03
-3.536573e-03
-3.136589e-02
-1.492599e-02
-1.507837e-02
4.201309e-03
-7.628100e-03
1.203693e-03
-3.268559e-02
-1.934645e-03
-2.730756e-02
-1.607602e-03
-9.789578e-03
2.756304e-02
-1.989945e-02
-4.814582e-02
2.856420e-02
1.479659e-02
-2.385293e-02
4.224630e-02
1.346841e-02
-2.865325e-02
-3.863740e-03
-4.675725e-04
-2.121083e-02
-4.069973e-02
2.612073e-02
2.181179e-02
-2.813885e-02
1.557415e-02
-8.238032e-03
-2.704006e-02
-6.557862e-04
-2.485226e-02
-6.057345e-02
5.355738e-02
-1.289974e-02
-3.962315e-02
-4.224427e-02
-3.201495e-02
-5.640208e-03
-3.148174e-02
-3.507759e-02
-3.782728e-02
-1.716426e-02
6.138382e-03
3.061209e-02
-2.509482e-02
-2.023198e-02
-8.178944e-02
-5.575440e-03
1.683240e-02
-2.727290e-02
1.449938e-02
1.444299e-02
-1.390748e-02
1.674427e-02
-8.197575e-04
-3.444156e-02
7.098228e-03
-1.166979e-02
-2.005781e-02
2.251441e-02
3.215253e-02
-3.834974e-03
-2.213748e-03
-2.533695e-02
8.030998e-04
-2.949142e-02
-3.522847e-02
-1.172174e-03
-1.659292e-02
-2.474336e-02
4.607446e-03
-1.538435e-02
-9.695854e-04
-3.597381e-02
-1.619767e-02
-1.063902e-02
1.477845e-02
-8.442401e-03
1.820930e-02
1.425181e-02
-1.236243e-03
-2.713843e-03
-1.295167e-02
3.125369e-02
-1.716939e-02
1.195603e-03
-4.553255e-02
2.626918e-02
-1.242317e-02
2.899192e-02
-3.434534e-03
2.606159e-02
3.444496e-02
-1.594001e-02
1.812567e-03
1.119389e-02
1.940831e-02
-4.516638e-02
-3.196662e-02
-1.619632e-02
3.964714e-02
-2.674130e-02
-3.335287e-02
-4.219911e-04
-4.580513e-03
-8.697002e-03
-7.079055e-03
8.971762e-02
7.321545e-02
2.753099e-02
-2.300675e-03
3.157299e-02
-4.388778e-02
-2.167892e-02
-2.821952e-02
-1.992667e-02
1.048141e-02
3.516058e-02
-8.024314e-04
4.880260e-03
9.373171e-02
2.836226e-02
-9.334718e-03
-1.910000e-02
-6.034053e-03
3.096767e-03
-6.829927e-03
-5.977470e-02
-8.541222e-03
-2.363638e-02
-4.302695e-02
3.097254e-03
-2.084586e-02
-3.372292e-02
-4.369486e-02
-5.033324e-02
-1.200453e-02
8.158559e-03
4.903619e-02
1.203475e-02
2.350227e-02
4.617410e-03
3.509042e-02
-3.116708e-02
5.016760e-03
2.412096e-02
-3.235655e-03
-1.604374e-02
1.662539e-02
-6.275498e-02
-1.571661e-02
-3.449196e-02
1.831752e-02
4.000489e-02
7.578123e-02
1.706792e-02
3.927870e-02
5.341100e-02
2.171003e-02
8.743624e-03
-2.793956e-02
-1.723524e-02
-6.078828e-03
-1.782259e-02
2.550957e-02
2.290232e-02
4.570887e-02
6.057872e-03
3.422484e-03
3.651198e-04
7.191991e-03
3.209710e-02
1.574756e-02
-4.252298e-04
2.859521e-02
-7.486460e-04
6.523276e-03
5.461957e-02
-1.963138e-02
1.213828e-02
-1.717753e-02
6.082204e-03
1.268973e-05
-3.541536e-02
6.122172e-03
6.851444e-03
-3.026823e-02
-1.262301e-02
2.744227e-03
1.543815e-02
-1.086719e-02
2.667178e-02
6.163131e-03
1.695858e-03
5.462241e-03
-1.138069e-02
-3.538868e-03
-1.907852e-02
-8.185786e-03
-3.498185e-04
-5.402293e-02
-3.686695e-03
-7.914615e-03
-5.601903e-02
-3.048033e-02
-2.983051e-02
-3.524642e-03
4.520111e-03
2.390937e-02
1.670092e-02
1.115827e-02
-2.097460e-02
-2.813417e-02
2.589400e-02
-1.149404e-02
1.412026e-02
1.088364e-03
-4.631884e-02
2.353848e-02
3.974044e-02
5.588567e-02
8.092363e-03
1.512043e-02
2.826757e-03
6.972935e-03
4.897033e-02
-1.641818e-02
1.592724e-02
1.903603e-02
2.722632e-02
-2.084175e-02
-2.032667e-02
-9.621951e-03
2.251838e-02
5.547614e-02
2.677873e-02
4.088984e-02
4.915439e-02
-1.518577e-02
-1.242405e-02
4.270777e-03
-1.263964e-02
-2.679759e-02
-3.413059e-03
2.915514e-02
-2.005888e-02
1.493646e-02
1.109631e-02
4.082138e-02
2.452974e-03
2.753986e-02
1.410332e-02
-1.592104e-02
2.284002e-02
-1.107719e-02
-2.812269e-02
1.558615e-02
-1.419690e-02
-2.570178e-02
3.024437e-02
-8.379920e-03
5.984012e-03
9.925503e-03
3.510743e-02
2.960862e-02
3.055646e-02
1.228266e-02
1.843347e-02
-7.243946e-03
7.307294e-03
-1.204229e-02
-5.401773e-02
-1.288526e-02
4.637953e-03
-3.235444e-02
-4.672379e-03
-9.424964e-03
-1.430739e-02
3.372098e-02
-1.434448e-02
-8.021249e-03
3.920074e-02
3.376163e-02
9.597103e-03
7.105846e-03
1.099557e-02
1.720593e-02
-3.164673e-02
-1.933515e-02
-2.782679e-02
-2.656590e-02
-9.390153e-03
-1.559478e-02
1.503625e-02
2.868355e-02
4.761317e-03
4.204451e-02
4.162771e-02
1.921552e-02
4.510304e-03
1.530880e-02
-1.406529e-02
-5.443099e-03
-1.872587e-02
1.023632e-02
-3.869733e-02
-1.261375e-02
1.046987e-02
-4.680615e-02
-1.124045e-02
3.468635e-02
1.052926e-03
1.894014e-02
4.437449e-02
-7.241959e-03
2.300726e-02
-1.106789e-02
6.767023e-02
-8.562389e-03
-1.355804e-02
-3.434873e-02
1.069653e-02
-2.277584e-02
1.716189e-02
1.324107e-02
2.951206e-02
7.938455e-03
-1.525066e-03
1.088780e-02
1.322878e-02
-1.709897e-02
3.090460e-03
-1.889911e-02
2.822459e-02
5.016798e-03
1.720477e-02
2.688447e-02
-7.753609e-03
6.442428e-03
3.493392e-02
4.592788e-02
3.801218e-02
6.624047e-04
-6.806286e-02
2.874956e-02
2.552252e-02
-6.270339e-02
4.070892e-02
-2.033618e-02
-5.185921e-02
6.284405e-03
-1.348683e-02
3.961956e-03
1.517915e-02
1.012721e-02
3.564638e-03
-2.068186e-02
-1.974188e-02
-5.057253e-03
-3.310636e-02
-1.750037e-03
4.106960e-02
-4.027822e-02
-1.287085e-02
5.785279e-02
-1.968926e-02
3.709173e-03
3.965760e-02
-1.131694e-02
9.373068e-03
3.404190e-02
-2.677361e-02
3.951211e-02
7.267386e-03
1.661075e-02
4.225608e-02
3.530617e-02
3.012105e-02
-1.557699e-02
-1.214239e-02
8.576775e-03
1.148635e-02
2.013182e-02
3.616121e-02
4.691212e-04
2.893640e-02
-3.647407e-03
3.127839e-03
-1.309250e-02
-3.992672e-02
2.178089e-02
2.130739e-02
-2.645525e-02
-5.847711e-03
3.941383e-03
9.623270e-02
-2.964917e-02
-5.948461e-02
7.775813e-02
-1.170723e-02
-7.462636e-02
3.425398e-02
-1.991977e-02
-3.325543e-02
-2.749744e-02
1.036410e-02
3.628791e-02
-4.243490e-02
4.683896e-02
2.856495e-03
-2.060388e-02
2.250302e-03
5.356512e-03
2.654455e-02
-4.086638e-04
-2.405172e-02
-5.094098e-02
6.854022e-02
-1.991568e-02
-2.859008e-02
2.765583e-03
-7.881391e-03
3.238174e-02
-1.994973e-02
-3.510092e-02
4.753058e-02
-5.103483e-02
-2.489807e-02
3.804597e-02
-3.695615e-02
-5.145757e-02
-2.066694e-02
-9.259664e-03
4.623093e-02
-5.543388e-02
-2.116325e-02
3.577128e-02
-5.031045e-02
-5.088213e-03
4.947961e-02
-5.286488e-02
-3.942402e-02
-1.653052e-02
-6.615200e-02
3.476366e-03
2.297412e-02
-3.624306e-02
3.325526e-02
-2.000235e-02
8.531709e-03
5.510942e-03
-7.983782e-03
4.240311e-02
4.096796e-02
2.502546e-02
1.133155e-02
5.320386e-02
2.557282e-02
2.886393e-02
-4.992003e-02
-8.703197e-04
6.881940e-03
8.360988e-03
-1.854884e-02
-8.261158e-03
1.249402e-02
1.447891e-02
2.425201e-02
-4.351436e-02
-3.131770e-02
-1.266452e-02
8.792801e-03
7.982221e-03
-2.400088e-02
3.794211e-02
7.276522e-03
-4.349319e-02
-4.344238e-03
-2.141399e-02
9.839306e-03
1.370916e-02
7.718579e-03
5.553193e-02
2.509017e-02
-1.621115e-03
-3.258504e-02
-9.585436e-03
1.234012e-02
-1.771718e-02
-3.502132e-03
4.037866e-02
1.215890e-02
9.347826e-03
2.713921e-02
-2.989108e-02
-1.711006e-02
-2.141838e-02
1.802044e-02
1.673202e-02
2.024766e-02
-9.714485e-03
1.234080e-02
-2.473166e-04
4.081346e-03
1.515520e-02
-2.914221e-03
-5.512075e-03
4.314201e-02
1.100853e-02
1.277826e-02
1.335480e-02
1.143717e-02
8.673582e-03
2.720091e-02
4.704301e-03
-1.847590e-02
2.665775e-02
5.145765e-02
7.347520e-03
4.819924e-03
-2.279359e-02
-4.437690e-03
5.727713e-03
-5.624486e-04
-1.927069e-02
-3.882641e-02
1.534486e-02
-4.475317e-03
-7.660807e-02
9.550488e-03
4.835631e-03
1.654841e-02
1.053199e-03
-2.340424e-03
2.472292e-02
-5.064720e-02
4.546692e-02
2.402647e-03
-4.240851e-02
2.917547e-02
7.984288e-03
5.866060e-03
3.200834e-02
3.121601e-02
7.300574e-02
3.777698e-02
1.063375e-02
5.610651e-03
-1.887907e-02
1.263496e-02
-1.829622e-02
-1.125846e-02
1.766030e-02
2.303462e-02
4.590232e-02
1.464986e-02
-1.362269e-02
-2.409294e-03
2.749664e-03
-5.846373e-02
2.489926e-02
4.223664e-02
3.809856e-02
-2.389461e-02
-2.263498e-02
-5.212313e-03
2.826644e-03
3.912175e-03
3.444559e-02
2.309846e-06
-3.671525e-03
-9.474083e-03
-7.768426e-02
-4.203201e-02
-3.320778e-03
-1.462771e-02
9.905965e-03
1.794350e-02
-6.451851e-03
-6.142173e-02
8.095478e-03
-9.446250e-03
-4.218444e-02
2.158972e-02
1.589332e-02
-1.194721e-02
-5.031370e-03
-3.479932e-02
-2.855134e-02
1.116837e-03
-5.985382e-03
1.658689e-02
-1.191537e-02
