7.590469e-02
7.099387e-02
9.357916e-02
7.456145e-02
6.975528e-02
4.943015e-02
6.340713e-02
4.877100e-02
6.087711e-02
7.405347e-02
4.942176e-02
7.179689e-02
6.976075e-02
6.113793e-02
5.624918e-02
5.106116e-02
7.923181e-02
5.867462e-02
6.841829e-02
9.620430e-02
9.526917e-02
1.159241e-01
1.246538e-01
8.598648e-02
1.448028e-01
9.280967e-02
7.126886e-02
1.408202e-01
8.769391e-02
1.026697e-01
8.018968e-02
1.087738e-01
8.402087e-02
8.538475e-02
8.798030e-02
7.920189e-02
1.073633e-01
9.001243e-02
1.096175e-01
1.277324e-01
8.176943e-02
6.563913e-02
7.420237e-02
8.122115e-02
1.114727e-01
1.097295e-01
8.003193e-02
9.651555e-02
3.670409e-02
5.878973e-02
7.704601e-02
6.668128e-02
6.986841e-02
5.331800e-02
7.441795e-02
6.591910e-02
8.237956e-02
7.008256e-02
8.302157e-02
4.522442e-02
5.865007e-02
9.177093e-02
5.708081e-02
6.235604e-02
