9.628702e-03
-6.947296e-03
-5.108156e-02
4.399072e-02
3.409484e-02
-1.862305e-02
-9.409854e-03
4.297076e-03
-2.505512e-02
5.419512e-02
5.521312e-02
-2.435777e-02
-1.050355e-02
1.409742e-02
5.016805e-02
4.397976e-03
3.979930e-02
-1.093920e-02
-8.652820e-03
-1.581014e-02
-4.789543e-02
-4.832077e-02
-2.891616e-02
7.581817e-03
8.939020e-03
-1.159583e-02
-2.616438e-02
-2.624608e-02
-2.055944e-02
1.616751e-02
-1.185987e-02
-3.376990e-03
3.096085e-02
-3.065107e-02
1.947072e-02
1.030398e-04
-6.474453e-03
1.814162e-02
-1.106939e-02
-3.441450e-02
-3.258152e-03
-1.886076e-02
1.033953e-02
-1.755453e-02
-1.434313e-02
-1.759043e-02
-5.047007e-02
-1.723841e-02
-3.929541e-02
-5.896366e-02
-5.601235e-02
1.829581e-02
-4.721263e-02
-4.219112e-02
-3.109363e-03
-5.093714e-02
-1.449530e-02
-3.614378e-02
-4.412447e-02
-1.162428e-02
1.004378e-02
-5.986110e-02
2.028964e-02
2.294080e-02
3.011798e-02
-1.878398e-02
-2.615925e-03
-2.584546e-02
-3.418176e-02
-1.925376e-02
1.147699e-02
-4.488550e-02
-1.153078e-03
1.044483e-02
-1.044987e-02
2.442462e-02
-5.692862e-03
-2.583132e-02
-2.151750e-02
-2.997657e-02
1.225493e-02
1.448955e-02
3.622311e-02
4.556723e-02
-3.884397e-03
2.577193e-02
1.902238e-02
6.308505e-02
9.429876e-03
-7.479669e-03
3.304777e-02
-5.462073e-03
5.109436e-02
3.954999e-02
6.722992e-03
6.297130e-03
4.580615e-02
4.144750e-02
1.451109e-02
-4.921184e-02
8.775884e-03
1.220288e-02
-4.302790e-02
2.384561e-02
-4.219937e-03
-3.973095e-03
1.609130e-02
1.231883e-02
-3.516955e-02
-1.565748e-02
1.206118e-02
-5.251725e-02
-3.623705e-03
-3.292949e-03
-8.270699e-03
-1.796963e-02
2.389788e-02
4.261805e-03
1.119133e-02
8.215384e-04
-2.488936e-03
2.758693e-02
-9.722422e-03
-9.909330e-03
1.366933e-02
9.932049e-04
7.547685e-03
-2.155877e-02
-2.613552e-02
-2.243587e-02
1.842260e-02
-9.801919e-03
-3.089348e-03
-5.861416e-03
9.681563e-04
-1.890197e-02
8.350594e-02
3.571610e-03
3.179274e-02
3.267064e-02
9.127500e-03
4.812866e-02
2.921563e-02
-1.422277e-02
-2.041614e-02
2.256499e-02
-4.721007e-02
-9.660986e-03
1.505442e-02
-6.330527e-02
-1.266299e-02
1.589257e-02
-4.127286e-02
3.281322e-02
4.547828e-02
4.365914e-03
1.288811e-02
-4.944505e-02
1.804194e-02
3.727264e-02
-2.023979e-03
-2.275589e-02
-3.406147e-02
-3.156615e-02
-3.120608e-02
-1.773142e-02
-6.385120e-02
-1.643376e-02
-1.973992e-02
-4.564888e-02
-6.618872e-02
-1.723206e-02
-9.688450e-03
-5.512312e-03
3.265996e-02
-2.276397e-02
4.253151e-02
3.129154e-02
3.824507e-02
2.078835e-02
1.925328e-03
-3.107578e-02
-6.836495e-03
-1.827549e-02
1.174737e-02
-3.103982e-03
-1.388754e-02
1.177965e-02
2.537374e-02
2.844216e-02
6.773472e-02
-2.145042e-02
1.409726e-02
2.573669e-02
2.668802e-02
2.437891e-02
4.166910e-04
-1.320020e-02
5.804787e-03
-4.302313e-02
-5.192397e-02
1.494887e-02
-1.903488e-02
-2.155729e-02
-2.918709e-02
-4.186819e-02
-2.146217e-02
-5.735623e-02
-2.059691e-02
2.254372e-02
-7.994398e-03
-3.337965e-02
-2.803015e-02
-1.121771e-02
-1.692548e-02
-1.222062e-02
-5.958383e-03
-1.046706e-02
2.622271e-02
7.256567e-04
1.085949e-02
-1.515131e-02
-1.034867e-02
2.253457e-02
3.760903e-02
-1.350862e-02
-2.683900e-02
2.767280e-02
2.105614e-02
-2.229527e-02
1.948917e-02
-2.726910e-03
-3.972977e-02
-5.302379e-03
-1.588993e-02
-5.773121e-02
-7.416915e-02
-2.942796e-02
-1.582621e-03
-4.659026e-02
-6.033389e-03
-1.344560e-02
5.325504e-02
-2.611984e-02
-9.711842e-03
-1.562476e-02
4.246658e-02
-1.688220e-02
-3.886724e-02
-4.110372e-03
-2.914430e-03
-4.449492e-02
-4.180414e-02
8.459284e-03
1.646636e-02
-2.819824e-03
3.262301e-02
2.741133e-02
-5.664219e-02
2.599681e-02
1.556063e-03
-3.780314e-02
3.700156e-02
-4.180719e-03
6.717870e-03
-2.120717e-02
1.535572e-02
-1.098811e-02
-2.085347e-02
-7.031476e-03
5.444653e-02
3.064940e-02
3.396770e-02
-3.418731e-02
2.897349e-02
2.222229e-02
-1.991382e-02
-3.013051e-02
4.268810e-03
4.693475e-02
-1.905458e-02
-7.500584e-03
6.253275e-03
4.781747e-02
5.812836e-03
1.608338e-02
-4.063000e-03
1.755916e-02
-7.577092e-03
-2.201933e-02
-2.815774e-02
1.996547e-02
3.122058e-02
2.272414e-02
-5.968462e-03
-2.902492e-02
1.008586e-02
-3.373250e-02
7.208888e-03
-1.465337e-03
3.891224e-02
2.376056e-02
-4.878635e-02
-3.211375e-03
-1.667022e-02
-7.067825e-03
-2.546836e-02
-4.090585e-02
4.940582e-03
1.065714e-02
-1.803179e-02
-6.814289e-03
5.990658e-03
1.466145e-02
3.661183e-02
6.160733e-02
-1.477085e-03
1.411810e-02
-3.851941e-02
-3.369078e-02
9.949556e-03
-1.399759e-02
1.715615e-02
3.292088e-03
4.419751e-03
7.052696e-03
-9.716707e-03
-3.805409e-02
1.606467e-02
4.836757e-02
3.884245e-03
-1.940257e-02
3.265493e-02
1.322835e-02
-2.354678e-02
8.852096e-03
-1.119350e-02
2.078126e-02
-5.667062e-02
1.113454e-02
1.073546e-03
2.908488e-02
2.783662e-02
1.290728e-01
-3.105973e-03
-9.152839e-02
-3.231436e-02
-1.994584e-02
-3.804351e-03
-2.589065e-02
-2.226737e-02
-1.937282e-02
-7.394804e-02
-2.398896e-02
2.232990e-02
-3.799232e-03
-3.419713e-02
6.311897e-03
4.711034e-02
5.787949e-02
5.009170e-02
-1.519182e-02
-3.702342e-02
-4.653486e-02
3.368272e-02
2.116003e-02
4.361887e-02
-1.640165e-02
-9.642083e-03
-7.081606e-04
1.728850e-02
1.520608e-02
-2.804154e-02
-1.095373e-02
-5.926720e-03
1.594763e-02
-7.074890e-02
1.047981e-02
3.602283e-03
6.937927e-03
-1.551703e-03
-4.903762e-03
4.072028e-02
1.022537e-02
-3.451797e-02
3.595858e-03
-1.055888e-02
-1.097553e-02
-1.902274e-02
6.473342e-02
3.875292e-02
8.554448e-02
9.675226e-03
-2.684767e-02
-3.868081e-02
4.524972e-02
6.361808e-02
-2.290832e-02
-2.672187e-02
1.749602e-02
5.071117e-02
1.029483e-02
-4.225662e-02
-4.576064e-02
-2.232649e-02
-1.345156e-02
2.024285e-02
-1.635850e-02
4.534103e-03
4.427005e-02
1.685620e-02
-3.278137e-02
-1.861393e-02
-8.024057e-02
-2.271285e-02
-5.699531e-02
-6.272303e-02
-3.023160e-03
2.063338e-02
4.505892e-04
5.455378e-02
4.949892e-02
2.532047e-02
2.239035e-02
3.380627e-02
-7.096331e-03
-4.199550e-02
-1.589252e-02
9.100092e-03
-1.359833e-02
-3.052082e-02
-4.074421e-02
-2.510722e-02
-7.470572e-03
-1.779815e-02
-1.432213e-02
-3.349920e-03
2.593012e-02
1.106545e-02
1.440282e-02
-3.860362e-03
2.075087e-02
-4.042909e-02
1.798091e-02
-4.454352e-03
2.976711e-02
-1.759206e-02
3.925439e-02
-1.469489e-02
3.212270e-02
-1.296832e-02
1.110384e-02
-8.246541e-03
2.492481e-02
1.400940e-02
7.422125e-03
-8.833583e-03
2.016770e-02
-7.729546e-03
6.942087e-03
-9.579141e-03
-3.060907e-02
-6.527993e-02
1.420107e-02
-1.706155e-02
1.434498e-03
-3.082421e-02
-1.124678e-02
-4.350973e-02
-4.085153e-04
1.005174e-02
-2.720388e-02
2.195993e-03
2.797904e-02
2.553656e-02
6.936715e-02
-3.814332e-03
-2.017491e-02
-1.022991e-02
-4.083013e-02
-3.018256e-02
-6.061594e-03
-3.435696e-02
1.804532e-02
6.162002e-04
1.306226e-02
-3.767813e-02
1.024757e-02
-2.673107e-02
1.277681e-02
5.300116e-03
2.863185e-02
-2.091948e-02
-1.435543e-02
2.464329e-02
5.064512e-02
1.443731e-02
-3.203268e-03
2.482509e-02
-1.221612e-02
-1.338084e-02
-2.853639e-02
-5.446634e-02
-6.680842e-02
-1.008981e-02
-1.007554e-03
1.042073e-03
6.313618e-03
3.208153e-02
6.627375e-02
-3.668794e-03
2.392296e-02
3.843988e-02
-1.100398e-02
-2.575405e-02
4.298187e-02
2.696292e-03
2.670321e-02
2.418093e-02
3.945113e-02
2.530942e-02
7.078981e-02
-9.944790e-03
-4.749870e-02
6.639944e-02
4.851337e-03
1.215315e-02
2.796265e-02
-1.238003e-02
-4.440211e-03
1.477749e-02
-3.758029e-02
-7.307318e-04
4.314712e-02
6.214003e-02
8.718975e-03
1.884585e-02
1.731142e-03
1.146703e-02
-1.198688e-03
-1.989151e-02
3.015240e-02
9.494655e-04
7.271989e-03
3.449288e-02
-1.550942e-02
-4.213717e-02
-1.024662e-02
-4.677727e-02
1.532960e-03
-1.301781e-02
-5.900356e-02
3.333902e-03
-3.551824e-02
-1.942264e-02
2.211062e-02
1.806741e-02
9.432828e-04
-1.920327e-02
-1.287275e-03
-4.654218e-02
4.374777e-02
-2.528061e-02
-9.786439e-03
2.435015e-02
1.598892e-02
8.825015e-04
-1.819218e-02
1.224911e-02
1.165579e-02
-2.289231e-02
-7.594997e-03
6.007852e-03
5.103695e-02
2.843905e-02
1.868718e-02
-6.108403e-03
1.242936e-02
-3.140964e-02
1.257047e-02
-5.814893e-03
1.487811e-02
5.005625e-02
3.036110e-02
6.473181e-03
4.710246e-02
-3.733907e-02
1.790877e-02
-5.033854e-02
-6.615219e-02
-5.436240e-02
-2.835468e-02
-1.147838e-02
-8.919180e-04
4.298263e-03
2.554325e-02
5.050921e-03
-1.457164e-02
2.026251e-02
-7.064444e-03
9.679776e-03
-3.690890e-03
-6.261102e-03
1.895446e-02
-3.344117e-02
-3.194561e-02
3.475289e-02
2.356222e-02
8.265106e-03
3.910302e-02
5.390175e-02
3.976532e-02
-2.680493e-02
-1.747804e-02
-2.302093e-02
2.325767e-02
-1.640471e-02
7.791341e-03
1.966869e-02
4.703227e-03
-5.182785e-03
1.371799e-02
2.104658e-02
4.544799e-02
-9.157340e-03
-1.893046e-02
-1.071172e-02
-4.267204e-02
-2.889383e-02
-3.495334e-02
1.101051e-02
-1.372336e-02
4.163033e-02
-3.803545e-02
-5.201747e-02
5.375464e-03
1.933240e-02
-2.456513e-02
-8.526810e-03
2.826337e-02
-4.374049e-02
-6.258493e-02
5.903396e-02
4.728791e-02
3.722987e-02
-7.169619e-03
2.556501e-02
-4.756647e-03
-2.464037e-02
2.513150e-02
1.219660e-02
-7.581583e-03
3.381583e-02
-6.589931e-03
-2.935689e-03
2.603843e-02
-3.236834e-03
2.897816e-02
3.483758e-02
-1.899714e-02
-4.839417e-03
-1.365992e-02
1.034043e-02
1.788618e-02
-1.614779e-02
-1.584611e-02
-1.008021e-02
-1.203361e-02
1.506948e-02
-3.984001e-02
-3.311893e-02
5.328431e-03
-4.729621e-02
-4.690740e-02
-5.012547e-03
-1.558920e-02
2.963034e-02
1.243321e-02
-1.035535e-02
1.969172e-02
-1.468581e-03
-1.365080e-02
2.362281e-04
2.969994e-03
-7.507310e-02
-2.039053e-02
-1.253563e-02
-1.700730e-02
8.214163e-04
3.507229e-02
-2.981980e-02
-2.631604e-02
3.056767e-02
2.010308e-02
-4.069521e-03
3.322443e-02
2.741437e-02
-1.897123e-02
4.284917e-02
-6.748700e-03
-1.572433e-02
2.489785e-02
-1.478835e-02
4.978236e-02
-6.926488e-04
-3.299477e-02
-2.570342e-02
1.800987e-02
-2.168510e-02
1.020294e-03
-2.606141e-02
5.943177e-02
-1.923334e-03
9.958281e-03
3.314916e-02
-7.439013e-03
3.897322e-02
2.887581e-02
-1.168557e-02
2.449211e-03
-6.854501e-03
1.787616e-02
-2.271028e-02
-2.259937e-02
9.890849e-03
-4.562143e-03
-9.737726e-03
3.418693e-02
-3.037621e-03
5.220616e-02
2.688087e-02
1.518988e-02
2.929624e-02
1.859626e-02
-3.713641e-02
2.419134e-02
-4.740749e-02
-6.303608e-02
1.346516e-02
-2.312896e-02
-1.425736e-02
1.283679e-02
-1.948890e-02
-4.518816e-02
-2.470926e-02
-3.400752e-02
-2.068783e-02
9.062196e-04
1.059340e-02
5.607980e-02
2.458070e-02
3.692978e-02
-2.170412e-02
6.703462e-02
3.865391e-04
-5.090464e-02
-3.827387e-03
-4.863382e-02
-4.780373e-02
4.723218e-02
1.588552e-03
-2.391412e-02
2.382501e-03
2.816692e-02
-3.037454e-02
-1.452728e-02
-2.006081e-02
5.484376e-02
-6.605720e-02
-2.729285e-02
3.199121e-03
-4.626087e-02
-2.552255e-02
-8.410938e-03
5.502691e-03
5.973869e-02
-2.869610e-02
-2.054578e-02
-1.630186e-03
2.160410e-02
-2.938032e-02
5.744299e-03
-7.793703e-03
2.577134e-02
5.287951e-02
-4.936008e-03
7.041667e-02
3.672201e-04
-6.494492e-02
-4.612893e-03
-2.634042e-02
-9.155660e-02
-2.797870e-02
-1.964503e-02
-3.355841e-02
5.648373e-02
-1.140428e-02
-2.107254e-02
4.447071e-02
-1.025449e-03
-1.890813e-02
5.178282e-02
9.583457e-03
5.155841e-02
-6.175078e-03
-1.604146e-02
-2.257063e-02
-1.284841e-02
-5.854738e-02
1.272963e-02
4.280759e-02
-1.091156e-02
2.540270e-02
2.084505e-02
2.100995e-02
6.560576e-02
-2.095479e-02
-1.917424e-02
-1.556138e-02
-3.675953e-02
1.719228e-02
8.130659e-03
-3.676222e-02
-9.073514e-03
-1.358885e-02
6.803358e-03
-1.349682e-02
2.848717e-02
-8.552928e-02
-4.432140e-02
2.499332e-02
-5.036360e-02
-2.497498e-02
4.013024e-02
3.022922e-02
1.764423e-02
1.797918e-02
6.657509e-03
-3.899798e-02
2.832513e-02
-6.316060e-03
-1.129552e-02
-1.904052e-03
1.400824e-02
3.618198e-02
2.383149e-02
-2.802538e-02
3.082586e-02
2.468619e-02
-3.124818e-02
1.453998e-02
2.959638e-02
-5.325960e-02
8.174211e-05
-3.853460e-02
2.104420e-02
2.934640e-02
5.614743e-02
-9.967568e-03
2.140697e-02
3.804770e-02
-2.049488e-02
-3.329502e-02
2.584918e-02
-3.199279e-02
-1.432547e-02
1.353296e-03
-3.360699e-02
-4.089043e-02
-3.487577e-02
-3.352585e-03
1.434118e-02
-7.730897e-03
4.584809e-02
5.530064e-03
-1.594827e-02
2.116578e-02
-2.543505e-02
-1.474877e-02
1.690980e-02
-3.270021e-02
-3.406452e-02
6.343780e-02
6.671400e-03
3.354879e-02
2.948973e-02
2.317564e-02
1.248384e-02
1.794240e-02
2.861331e-02
1.142434e-03
1.478726e-03
-5.470848e-02
-4.824886e-02
-4.064339e-02
-3.822128e-02
-8.449811e-03
-1.022060e-02
-1.561985e-02
-2.162967e-02
-3.148207e-02
-1.390178e-02
1.873196e-02
-2.930601e-02
-7.589916e-03
8.201206e-03
-4.373496e-02
-2.761380e-02
-2.877340e-02
1.317230e-02
-1.374491e-02
2.070824e-02
5.017136e-03
8.788927e-03
1.332114e-02
-3.826370e-02
-4.672622e-02
-2.291428e-02
2.822091e-02
-4.818500e-03
-8.418703e-02
1.922311e-02
2.292167e-02
-3.183576e-02
2.426084e-02
2.881292e-03
-7.313369e-03
-1.281156e-03
-4.761661e-02
2.263760e-02
1.048828e-02
-5.966369e-02
-2.338321e-02
3.949675e-02
-4.121525e-02
-3.047527e-03
-3.144881e-02
2.954978e-02
-6.740785e-03
-3.123060e-02
2.402245e-02
-6.919976e-03
2.792885e-03
3.867755e-03
3.215485e-03
1.635397e-02
-2.428922e-02
-2.414710e-02
9.495013e-03
-2.362271e-02
-2.904092e-02
-1.579666e-03
-6.529891e-03
1.075164e-02
-8.679442e-03
1.845920e-02
4.008151e-02
-6.749261e-04
7.153405e-02
-1.272398e-02
2.221876e-02
2.886671e-02
1.823592e-02
4.815678e-02
9.751189e-03
-2.606103e-02
1.190552e-02
-4.776595e-02
-3.222333e-02
-2.480995e-02
-4.714706e-02
-1.994182e-02
-2.423059e-02
1.509513e-02
-1.287145e-02
6.522705e-03
5.221767e-02
5.297703e-02
9.923615e-03
2.182904e-02
-2.978504e-02
6.674212e-03
-1.007731e-02
-2.860040e-02
9.516808e-03
1.153071e-02
2.961156e-02
7.317688e-03
1.818808e-02
1.309113e-02
4.909029e-02
-2.747036e-02
-2.631894e-02
-6.838524e-03
-3.571396e-02
-1.388587e-02
1.660302e-02
-4.423304e-02
-4.383379e-02
-1.464327e-03
2.455659e-02
2.546103e-03
-2.408460e-03
-2.142142e-02
-2.479425e-02
-2.127645e-02
-2.847602e-02
-2.252904e-02
4.264637e-02
2.677367e-02
2.456901e-02
-9.852001e-03
1.520475e-02
5.371958e-04
2.159670e-02
-3.722241e-02
-2.846443e-02
3.499910e-02
2.544681e-02
3.545583e-03
-5.852717e-04
4.494091e-03
-3.075341e-03
-2.091554e-02
-4.011284e-02
-1.405510e-02
-1.219091e-02
1.132150e-02
-1.839966e-02
-3.441994e-02
-7.308808e-06
-5.211312e-03
6.877498e-04
2.917143e-02
-6.586891e-03
2.241656e-02
-5.430710e-03
-2.634075e-02
1.796267e-02
1.420638e-02
-3.489173e-03
-6.432277e-03
-1.004221e-02
7.720808e-03
6.281988e-02
1.838644e-02
1.944739e-02
3.903081e-02
2.465464e-02
3.720778e-03
9.001349e-03
1.656897e-02
3.899752e-02
-5.309915e-03
-3.707740e-02
1.238071e-02
1.183757e-02
-2.978592e-02
3.039994e-02
6.622051e-03
-3.409144e-02
-1.055844e-02
5.150239e-02
2.037224e-02
-4.654875e-03
5.362784e-02
4.139651e-02
3.482042e-02
1.454927e-02
-1.013906e-02
-3.590907e-03
-4.262280e-02
-5.028698e-02
-2.239311e-02
2.777422e-02
4.362116e-02
-2.658983e-02
-1.381367e-05
2.640080e-02
1.286503e-02
-1.533772e-02
1.868552e-02
-2.013687e-02
9.703956e-03
6.655525e-03
-3.282454e-03
2.496951e-02
5.072877e-02
-2.880810e-02
1.595031e-02
3.252508e-02
3.191997e-02
-1.342679e-02
5.980135e-03
1.269241e-02
7.327212e-04
3.096542e-02
-1.709147e-02
-4.014430e-02
-1.043035e-02
-3.958251e-02
-3.130412e-02
-4.548755e-02
-7.846583e-03
-6.322875e-02
-1.751954e-02
-5.939900e-02
5.133425e-02
1.022891e-02
6.450027e-02
1.520072e-02
2.444023e-02
3.302771e-02
-1.574342e-03
2.400350e-02
-1.657869e-03
-1.204964e-02
4.254085e-02
-1.187149e-03
8.926800e-03
6.063534e-03
3.294334e-02
1.838621e-04
3.985458e-03
1.832043e-03
3.230198e-04
-3.563472e-04
-1.010863e-03
4.497349e-02
6.099791e-04
1.925553e-02
-2.318675e-03
-1.974381e-02
9.463219e-03
-3.250805e-02
5.140441e-03
5.151222e-03
2.973247e-02
2.963032e-02
1.397459e-02
3.884215e-02
1.304197e-02
-4.875240e-03
2.497304e-02
8.718504e-03
-2.123071e-02
3.438555e-02
-6.541440e-04
-8.493538e-03
-3.661032e-03
3.068262e-02
-3.454638e-02
4.407964e-03
6.957725e-02
-5.400483e-02
5.802155e-03
1.831613e-02
1.942192e-02
-1.317253e-02
5.682915e-02
-2.845273e-02
-3.991449e-02
2.876322e-02
3.062857e-03
-3.446698e-02
1.515401e-02
5.780180e-03
3.790854e-02
-2.874648e-02
-2.311563e-02
1.386261e-02
-2.758654e-02
-1.275224e-02
-3.325491e-03
-3.462822e-02
-7.651585e-03
-8.844920e-03
1.838863e-02
2.865269e-04
6.521425e-04
-1.975393e-02
2.568676e-02
-4.086219e-02
2.091835e-02
-5.009911e-02
1.463939e-02
-2.406943e-02
5.662717e-03
5.022219e-02
-3.646404e-02
-4.590113e-02
1.217509e-02
-5.054396e-02
2.293766e-02
-1.129992e-02
-3.409726e-02
3.776833e-02
3.685176e-03
1.030273e-02
6.975055e-03
7.911622e-03
-3.259834e-02
3.065353e-02
2.376775e-02
2.013833e-02
3.881734e-02
-3.650368e-02
-2.127182e-02
-3.437285e-04
-1.934920e-02
2.182170e-02
3.754908e-02
-1.279840e-02
1.451732e-02
2.514892e-02
3.279197e-03
4.124309e-03
1.311301e-02
2.088809e-04
-2.584244e-02
-5.381592e-03
2.591653e-02
1.290312e-02
-4.283590e-03
-1.590002e-02
-1.563776e-02
-5.720166e-03
1.965382e-02
-8.216869e-04
-1.982039e-02
-1.130154e-03
3.448239e-02
1.631532e-03
-1.823705e-02
-3.821734e-02
2.672431e-02
6.425860e-03
1.437902e-02
1.456191e-02
3.402594e-03
-3.558865e-02
6.962573e-02
-7.015702e-03
2.638189e-02
2.391685e-02
-5.220653e-02
4.607839e-02
5.198762e-03
-4.483693e-02
1.700853e-02
-3.334443e-02
1.580057e-02
-1.992750e-02
-2.130855e-02
3.071490e-02
-7.915360e-02
3.078162e-02
3.235144e-03
-6.292821e-02
7.235659e-02
1.357561e-02
-1.816755e-02
1.314877e-02
-9.846977e-03
7.819990e-03
-3.130500e-02
5.803569e-03
-1.524559e-02
-1.826128e-02
-2.016465e-02
2.266493e-02
9.933092e-03
-2.287625e-02
9.758198e-02
-1.547241e-02
-2.878434e-02
-1.786011e-02
-4.230845e-02
4.870392e-02
-3.906891e-02
-5.394320e-03
2.866287e-02
-5.736339e-02
5.443436e-02
2.912011e-02
-4.769538e-02
5.264072e-02
-1.435048e-02
-1.272753e-02
-3.198812e-02
5.029583e-02
-3.161166e-02
4.806812e-02
-1.870881e-02
-3.052525e-02
6.698174e-03
-1.060170e-02
-2.159754e-02
1.803891e-02
-8.143094e-03
-3.011448e-02
2.815386e-02
-2.670181e-02
-6.773268e-02
-5.210222e-02
4.418354e-02
-2.094420e-02
3.356729e-03
8.202165e-02
2.344371e-02
1.775723e-02
9.169178e-03
-6.208291e-04
3.921342e-02
5.058023e-02
-1.936086e-02
9.383917e-03
-2.081041e-02
9.896541e-03
-2.622079e-02
-1.780041e-02
-1.206996e-02
-2.434911e-02
-1.589779e-02
-2.462559e-02
1.337844e-02
2.962958e-02
3.709783e-02
5.455052e-02
1.985578e-02
2.352422e-02
4.252564e-04
-7.550883e-03
1.425577e-02
3.950009e-02
-6.835023e-02
-4.469930e-02
-8.378677e-03
5.218023e-03
-7.748689e-03
-2.922755e-02
-3.850921e-03
-1.145092e-02
-1.356396e-02
8.266314e-02
6.050849e-02
1.719096e-02
2.097161e-02
2.467616e-02
3.316433e-03
-8.439879e-03
-8.358905e-03
-6.744366e-03
-1.132797e-02
-5.082732e-02
4.947142e-03
5.959589e-02
7.157584e-02
5.909469e-02
-1.446536e-02
4.288967e-04
-1.365401e-02
-2.197025e-02
-1.731574e-02
2.287570e-02
9.546248e-03
8.652702e-04
-1.172145e-02
-5.846274e-04
-2.052252e-02
-6.673451e-03
-6.792770e-02
-3.746480e-02
2.398401e-02
6.469908e-02
-6.319063e-03
-4.041193e-03
2.350604e-02
-2.855761e-02
-3.905786e-03
-1.456849e-02
3.692469e-02
-2.433995e-03
-2.139198e-05
3.288319e-02
2.553657e-02
-7.655735e-03
2.275075e-02
1.796663e-02
-6.354371e-02
-4.206416e-02
6.457178e-02
-6.884846e-03
-3.843359e-02
-4.840526e-02
1.495399e-02
-3.295961e-02
-2.698603e-02
1.281007e-03
2.799610e-02
-5.628032e-02
2.736782e-02
5.176809e-02
-1.387963e-06
9.273163e-03
3.695199e-04
-1.759844e-03
-4.354443e-02
-2.761851e-02
-1.154825e-02
4.469434e-02
-4.570987e-02
-1.983883e-02
9.539900e-04
-8.464755e-04
-1.723988e-02
4.102376e-02
-2.893995e-02
-1.208794e-03
1.359182e-02
3.903701e-03
1.470305e-02
1.653037e-02
-1.694257e-04
7.887485e-03
4.393100e-03
2.024918e-02
2.918199e-02
1.289557e-03
1.557199e-02
-2.521083e-03
1.137932e-02
2.459138e-02
1.576467e-02
-2.675708e-02
-2.285459e-02
-1.533530e-02
1.556688e-02
-1.036498e-02
2.977268e-02
1.536788e-02
2.099947e-02
1.664036e-03
-1.777962e-02
4.430708e-03
-1.141312e-02
-5.285492e-02
8.745889e-03
-2.210694e-02
6.208307e-03
1.502578e-02
-1.578561e-02
5.030944e-02
-6.781173e-03
2.197980e-03
3.563823e-02
6.503262e-03
1.112249e-02
-1.811516e-02
-8.973862e-04
-1.761593e-02
-3.437421e-02
6.000060e-03
-3.374089e-02
-8.920555e-03
-6.169755e-03
-1.204931e-03
-5.245753e-03
1.336915e-02
-1.436881e-02
2.271201e-02
8.190957e-02
1.654365e-02
1.882562e-02
3.473064e-02
2.514464e-02
-2.983430e-02
-6.498422e-02
-1.882970e-03
-2.142019e-03
-1.935965e-02
4.286471e-02
2.132214e-02
6.660674e-02
5.453835e-02
-1.831368e-02
2.216359e-02
4.098379e-03
1.266846e-02
3.981451e-02
7.016212e-04
-6.635868e-03
8.681444e-03
2.756272e-02
-8.837165e-03
-1.603057e-02
-1.202754e-02
1.928916e-02
-9.587131e-03
-7.663396e-03
1.433025e-02
-1.037731e-03
1.881672e-02
6.022590e-02
2.172765e-02
4.648714e-03
5.963229e-03
-7.718212e-03
-2.174756e-02
-2.497122e-02
3.549368e-02
1.118296e-02
-6.401300e-04
-4.359332e-02
-2.329501e-02
1.999935e-02
-2.502292e-02
-5.004096e-02
-4.006893e-02
-9.421363e-03
-1.307012e-02
8.042892e-03
2.237232e-03
-1.723711e-02
9.601575e-03
-3.519000e-02
2.009439e-02
-2.045640e-02
7.547776e-03
3.884439e-02
2.599888e-02
-1.156668e-02
-2.922996e-04
-2.392587e-02
-2.717821e-02
-1.409497e-02
-1.798835e-02
2.365341e-02
3.508364e-02
1.606501e-02
-1.587207e-04
-1.723749e-02
4.309195e-02
-4.255810e-02
-1.401859e-02
4.158770e-02
5.268887e-02
-4.549042e-03
-2.059728e-03
-1.803807e-02
4.422858e-02
-1.943205e-02
-1.373907e-04
-6.843925e-02
5.474774e-03
2.164350e-02
-5.301913e-02
-3.525449e-02
1.048242e-02
9.216810e-03
5.610019e-03
3.678416e-02
5.948944e-03
-2.122447e-02
-1.780812e-02
4.642584e-03
1.808791e-02
-3.628159e-02
3.020059e-02
-4.303411e-03
-5.644917e-03
1.744206e-02
-9.739250e-03
-2.719356e-02
-2.479320e-02
-4.000705e-02
-4.388911e-02
-1.783123e-02
-5.000219e-02
-4.645626e-02
-4.116676e-02
-1.307114e-02
1.420447e-03
-2.054310e-02
-7.604428e-03
-8.661472e-03
-2.422432e-03
7.852819e-04
2.878082e-04
2.156305e-02
3.601818e-02
5.628864e-02
4.907952e-03
-1.181040e-02
-4.583376e-02
2.136793e-02
-4.364052e-02
-3.501007e-02
1.409134e-02
6.536455e-03
1.632033e-03
-9.693378e-03
-6.391298e-03
-5.989495e-03
2.082711e-02
-3.337650e-03
-5.782905e-03
1.379155e-02
-4.043705e-02
-4.971794e-02
-2.666890e-02
2.343044e-02
-5.298526e-03
-8.965117e-03
-2.178074e-02
6.594645e-03
1.408660e-02
-1.712608e-02
5.109587e-02
-1.050596e-02
-9.855958e-03
-2.514365e-02
8.614600e-03
-1.730666e-02
-2.609636e-02
2.677907e-02
-1.191298e-02
-1.487060e-02
3.346618e-03
1.186450e-02
-2.554405e-02
4.874370e-02
1.749388e-02
2.559773e-02
3.516246e-02
2.323337e-02
1.599163e-02
-2.063461e-02
-3.347192e-02
1.192836e-02
5.490577e-03
6.259052e-02
-2.261881e-02
1.113212e-02
-1.475935e-02
-1.376983e-02
8.476434e-03
-8.734581e-03
1.127719e-02
-3.271766e-03
4.106599e-02
3.444766e-02
5.282982e-02
8.959654e-03
-3.490452e-02
-4.812834e-02
-1.738100e-02
-1.619969e-03
9.922884e-03
7.045039e-03
-1.520294e-02
6.885418e-02
2.832434e-02
-1.001719e-02
-1.375305e-03
2.220812e-02
-9.326260e-04
2.967712e-02
7.023910e-03
1.969286e-02
2.750046e-02
3.435744e-02
2.947598e-02
2.495218e-02
4.365274e-02
5.675556e-02
5.438694e-02
2.940970e-02
2.624834e-02
1.976334e-02
3.672458e-02
5.908190e-02
4.821718e-02
-6.768341e-03
-1.113891e-02
-8.764003e-03
-1.743757e-02
9.850811e-03
2.050124e-03
2.559815e-02
-1.375850e-03
-8.344351e-03
-1.546745e-02
-1.157751e-02
-3.446886e-02
-2.379044e-02
-3.256983e-02
-3.036693e-02
-5.114895e-02
-2.500135e-02
4.087371e-03
-8.886134e-03
-4.460154e-02
-3.079316e-02
-1.450905e-02
-1.407241e-02
3.480787e-02
-7.628161e-04
2.218689e-03
-7.835845e-04
2.094989e-02
1.576960e-02
-5.749777e-02
5.634717e-03
-1.322445e-02
-2.204636e-02
-8.489870e-03
-2.071874e-03
1.051715e-02
-4.577057e-02
-8.828467e-03
-4.662311e-02
-8.150119e-03
-7.473655e-02
-2.767258e-02
-4.815059e-02
-2.595971e-02
2.474068e-02
2.377582e-02
3.011829e-02
3.342998e-02
2.062973e-02
1.511877e-02
-2.263497e-02
-3.725323e-02
2.280830e-02
1.786762e-02
6.304034e-03
4.797093e-03
-9.448285e-04
-1.608843e-02
4.370950e-02
-3.618079e-02
-3.893243e-02
-2.829665e-02
-3.545860e-02
1.534568e-02
-1.906559e-02
2.121013e-02
1.685554e-03
5.611958e-02
-1.159934e-03
2.484119e-02
-2.555246e-02
-2.881502e-03
4.215483e-03
4.446989e-03
3.029191e-02
3.769841e-02
7.163821e-02
5.251396e-03
-8.055010e-02
5.938297e-03
-4.370178e-02
2.319777e-04
6.827329e-03
-2.148206e-02
-2.257183e-02
1.799771e-02
1.949799e-02
3.089742e-02
-1.993668e-02
4.242655e-02
-2.234325e-04
-1.284337e-03
-2.579300e-02
-7.726280e-03
2.442487e-02
-1.798074e-02
-3.071527e-02
-3.089301e-02
2.619370e-02
-3.142187e-03
2.172422e-02
7.781960e-03
1.331231e-02
5.221593e-02
2.268614e-02
-3.532077e-02
-9.950698e-03
-4.115079e-02
-3.368125e-02
-1.138950e-02
-2.614528e-02
-9.540445e-03
-7.047250e-03
3.514897e-02
-2.575255e-02
-2.068982e-02
-2.443654e-02
-2.933127e-03
2.645773e-02
-1.335528e-02
-7.499773e-03
-9.460413e-03
-3.285920e-02
2.706731e-02
-2.077255e-02
-5.032409e-02
2.060822e-02
2.212467e-02
4.051081e-04
-1.799385e-02
3.012088e-02
-1.323138e-02
1.264395e-02
-6.308905e-03
-7.338253e-03
-4.181089e-02
-1.494339e-02
-4.776191e-02
-1.663747e-02
-3.587495e-02
-3.217037e-02
-1.278534e-03
-5.209163e-02
-4.755100e-02
-1.335035e-03
4.664886e-03
-6.949902e-03
3.516630e-02
3.220602e-02
-2.414128e-03
-1.418642e-02
3.560498e-02
-1.733080e-03
1.468984e-02
1.086357e-02
-8.367078e-03
-4.514492e-02
-4.254082e-04
-2.016454e-03
8.951916e-03
-1.228056e-02
-1.437409e-02
1.412383e-02
-1.237346e-02
-1.231876e-02
6.047665e-04
-4.304649e-03
-1.397034e-02
-1.945545e-02
-1.878431e-02
-1.017268e-02
-4.879874e-02
3.743837e-02
-1.382080e-03
-2.216809e-02
-4.683273e-02
-3.027484e-02
3.703994e-02
1.807528e-02
2.869400e-02
-9.129792e-03
-5.689137e-02
-2.425980e-02
-4.007362e-03
-2.387874e-02
1.672897e-02
2.334269e-02
1.555372e-02
-2.235651e-02
-1.823759e-02
-1.117122e-02
3.122712e-02
-3.714345e-02
-7.269985e-02
-5.139245e-03
4.424592e-02
-2.469717e-02
-5.185810e-02
9.256960e-04
2.938126e-02
-8.645069e-03
-2.438585e-02
8.023012e-02
7.194225e-02
-3.138983e-02
-2.664552e-02
1.929667e-02
-1.260628e-02
1.663454e-02
-8.688415e-03
-2.234931e-02
2.095596e-02
1.358482e-02
1.869050e-02
3.059699e-02
-5.303600e-02
2.636661e-02
2.288882e-02
-1.751730e-02
1.866961e-02
-1.048558e-02
-1.627117e-02
-9.214771e-03
2.105731e-02
1.446636e-02
2.301334e-03
-1.115256e-02
1.832474e-02
4.972775e-02
-4.773511e-02
1.784065e-02
3.098949e-02
-1.464731e-02
-2.020957e-02
-7.131159e-02
4.087528e-02
-1.832047e-02
9.069018e-03
7.796721e-03
4.416252e-02
1.109110e-02
-2.028927e-02
-3.050823e-02
-3.529996e-02
1.870986e-02
3.391905e-02
5.402786e-04
-7.221264e-02
2.297520e-02
4.541718e-02
5.282206e-03
-1.589467e-02
-1.914718e-03
4.182021e-02
2.397514e-02
4.970351e-03
-3.824780e-02
5.429083e-02
-3.206353e-02
-1.410959e-02
-4.339862e-03
-2.580762e-02
-1.063411e-02
2.165388e-02
6.236972e-02
-1.996589e-02
-8.023988e-03
-3.037518e-02
4.918515e-02
-1.908822e-02
-4.443464e-02
8.490343e-03
4.551234e-02
4.450825e-03
-4.947967e-02
-6.183562e-03
4.791025e-02
-6.656180e-03
-3.682278e-02
7.957056e-03
2.200896e-02
5.791384e-02
-6.769986e-02
-2.237023e-02
2.912039e-02
-2.114516e-02
-1.441611e-02
-7.824054e-03
-3.864654e-02
6.294375e-02
4.465216e-02
1.585089e-02
-5.828485e-02
4.243680e-02
2.630398e-02
-8.331653e-03
-6.800951e-03
-2.943688e-02
4.320325e-02
3.685741e-02
-4.778657e-02
-4.410388e-02
9.826706e-02
-2.780190e-02
-1.877120e-02
-4.421860e-02
-8.505296e-03
8.243401e-03
-8.310419e-03
-2.200952e-02
1.239001e-02
-3.122583e-02
1.773393e-02
1.064194e-02
-3.788746e-03
1.152345e-02
-3.812575e-02
-4.797497e-02
7.733600e-03
2.783109e-02
-3.501059e-02
2.665134e-02
2.596453e-02
-2.844907e-02
-2.457142e-02
-3.588953e-02
2.496256e-02
2.726447e-02
-1.761813e-02
-3.818182e-02
-2.476194e-02
-4.692260e-03
-5.180676e-02
2.059560e-02
-2.271971e-02
-3.481103e-02
-2.149693e-02
-4.719054e-02
-7.169929e-02
-3.632807e-03
-1.395960e-02
-6.077425e-02
9.098176e-04
-1.218254e-02
3.981060e-03
-3.812543e-02
-3.075236e-02
-1.790611e-02
-3.963562e-02
-1.147723e-02
6.548251e-03
-1.315784e-02
5.028591e-02
2.942080e-02
-1.527915e-02
1.830704e-02
1.501414e-03
-6.196941e-03
-3.016902e-03
1.562204e-02
4.321324e-02
1.580121e-02
-6.514972e-02
4.364824e-02
-1.538596e-02
-2.816930e-02
-7.882937e-04
2.419303e-02
-2.607452e-03
1.545370e-02
-4.312509e-03
2.613665e-03
4.965113e-03
1.339006e-02
-2.829144e-02
-8.541862e-03
-3.483839e-02
-3.964058e-02
1.027920e-02
1.013022e-02
1.741671e-03
4.145918e-02
1.642647e-03
-2.388419e-02
-2.107076e-02
-4.827304e-02
-4.871926e-02
-1.235439e-02
4.739938e-03
3.416759e-02
-4.959075e-02
-1.647483e-03
-1.135177e-02
4.762507e-03
1.904609e-02
-2.662330e-03
-2.842793e-03
-1.622183e-03
7.675345e-03
8.828251e-03
2.830722e-02
1.174689e-02
4.014018e-03
-1.197440e-02
3.660691e-02
1.857913e-02
2.821862e-02
-2.809358e-02
1.372668e-02
5.426521e-02
-8.741118e-03
1.871058e-02
-1.221387e-02
-4.359895e-02
-1.070785e-03
-8.501432e-03
-2.767418e-02
-1.837435e-03
3.559095e-03
-3.218100e-03
9.222115e-03
3.358810e-02
-4.977563e-03
-2.098628e-02
6.141592e-02
-1.041924e-02
2.178326e-02
-7.355368e-03
-2.584144e-02
2.199442e-02
-1.781962e-02
-2.811493e-02
3.023600e-03
-2.008348e-02
-1.218518e-02
-3.926647e-02
-2.454571e-02
-1.857902e-02
1.311718e-02
1.195420e-02
-3.649833e-02
-4.030291e-02
-5.254070e-02
3.791883e-02
-1.923940e-02
-7.091791e-04
2.070440e-02
1.774475e-02
1.630913e-02
1.582616e-02
3.667838e-02
2.322070e-02
-4.446509e-02
1.891094e-02
4.602970e-02
-3.170989e-02
2.209535e-03
-3.039749e-02
-7.359872e-03
1.882958e-03
1.273162e-02
9.588184e-03
-2.097783e-02
-1.505880e-02
1.717234e-02
-7.478999e-03
8.192966e-04
-1.444364e-02
1.478691e-02
4.581778e-03
2.732545e-02
-1.567263e-02
3.542511e-03
-1.792282e-02
9.965055e-03
2.286001e-02
3.401989e-02
-1.462004e-02
2.322730e-02
1.370621e-02
1.041388e-02
3.430342e-03
-2.355342e-02
-3.200399e-02
-4.062621e-02
7.104625e-03
1.601522e-02
5.462663e-02
7.913563e-02
4.771675e-02
4.225877e-02
3.117749e-02
2.839010e-02
1.522280e-03
2.111383e-02
-7.652237e-03
-2.840998e-02
-5.000405e-02
-2.404809e-02
-1.643882e-02
-4.114290e-02
1.946800e-02
-3.686003e-02
-5.222634e-03
2.574855e-02
-5.832546e-03
-4.582538e-04
-1.908082e-02
-1.097737e-02
-1.976570e-03
3.758722e-03
2.239476e-02
2.995117e-02
2.058598e-02
-3.118604e-02
2.352068e-03
3.101625e-02
4.652938e-03
-4.175163e-02
1.833723e-02
1.309700e-02
-3.887609e-03
-9.511767e-03
-2.663317e-02
1.388013e-02
1.503367e-02
2.376390e-02
6.866835e-02
-7.680026e-03
1.790010e-02
-2.258799e-03
-5.396301e-02
-3.884042e-02
-1.489604e-02
1.656233e-03
1.514446e-02
4.657290e-02
-3.890738e-02
7.075444e-03
-4.914244e-02
-3.117859e-02
-3.474860e-02
1.814202e-02
6.961834e-04
-1.874729e-02
-4.019684e-02
-4.196872e-03
2.576398e-03
1.437138e-02
-7.046578e-03
-1.287483e-04
5.754783e-03
-1.097621e-03
3.058238e-03
1.469708e-02
1.627455e-02
4.000257e-02
6.162066e-04
-1.811439e-03
-8.183481e-03
1.319836e-03
-6.933618e-03
1.872156e-02
-2.337711e-02
6.301610e-03
2.781750e-02
3.861070e-02
3.914485e-02
1.835058e-02
2.034237e-03
2.836780e-03
1.551846e-02
-4.785442e-02
-3.405304e-02
-4.873514e-02
-6.120853e-02
6.945988e-02
2.093945e-02
-7.877066e-03
6.443294e-03
-9.728541e-03
-3.199660e-03
-3.696398e-03
2.371214e-02
-1.328055e-02
8.787934e-03
2.517227e-03
-1.235847e-02
2.199677e-03
-2.251467e-02
5.978001e-03
-2.313227e-02
-5.302307e-03
-5.215586e-02
2.308554e-02
6.893182e-02
2.458471e-02
-8.566566e-03
7.590526e-02
3.591982e-02
-1.103019e-02
2.885106e-02
-2.639742e-03
-4.182407e-02
-3.763222e-02
-5.556649e-02
-2.151104e-02
-1.041073e-02
-2.917567e-02
3.384870e-02
6.541776e-03
1.872072e-02
-7.902034e-03
-2.882622e-02
-2.026272e-02
1.095113e-02
4.681933e-02
3.742819e-02
3.196654e-03
-8.363950e-03
8.921226e-03
