-1.885144e-02
3.851750e-06
-6.919132e-03
-6.410088e-03
-3.935060e-03
-1.464952e-02
-4.436874e-03
-4.064842e-03
-8.367773e-05
-2.178532e-02
-1.265323e-02
1.008352e-03
-1.927174e-02
-1.260372e-02
-1.226542e-02
-2.235214e-03
3.156221e-03
-1.630469e-02
2.568114e-03
-7.061452e-03
2.122365e-03
-9.288028e-03
6.016963e-03
-1.219596e-02
-8.777161e-03
6.233579e-03
-3.863616e-03
-1.434509e-02
5.767663e-03
-1.225116e-02
1.517963e-02
-1.387199e-02
-2.011196e-02
7.014484e-04
-7.132678e-03
-1.492806e-02
-1.323918e-02
-1.486873e-02
-1.657448e-02
-2.609087e-03
-1.726988e-03
1.286081e-02
-1.053096e-02
1.221835e-02
-9.215741e-03
-1.723867e-02
7.341850e-03
1.392760e-03
-3.602557e-02
-1.826403e-02
9.114529e-03
-7.796696e-03
-1.636616e-02
9.183741e-03
-1.188323e-02
-2.831872e-03
1.495658e-03
2.395498e-02
-4.686304e-03
1.152354e-02
2.631402e-02
-8.446180e-04
-9.663085e-03
1.048478e-02
