-8.606862e-03
-3.394239e-02
-4.491700e-03
-2.435869e-03
-3.119237e-02
8.636889e-04
6.409641e-03
-6.113753e-03
-4.775600e-03
7.652509e-03
1.392862e-02
9.865192e-03
-2.802689e-02
-1.765201e-02
3.589524e-03
-5.027587e-03
-2.722030e-02
-5.925755e-03
5.511133e-04
-2.552134e-02
1.529128e-02
-7.326476e-03
5.544325e-03
-1.626574e-02
-8.781595e-03
-1.906824e-02
-1.830008e-02
5.603990e-03
5.076988e-03
-1.125753e-02
2.682027e-02
-1.683127e-02
-9.137359e-03
-3.276508e-02
-2.909708e-02
-1.780823e-02
-8.386141e-03
-1.857885e-02
-1.120524e-02
-2.162280e-02
3.282267e-03
-9.104408e-03
-2.139918e-02
-1.956275e-02
3.193302e-03
1.409313e-02
7.793508e-03
1.735337e-02
-1.464569e-02
1.099736e-02
-1.243352e-02
1.336266e-02
-4.252814e-03
-8.164417e-04
-3.749683e-03
-1.238179e-02
-2.784508e-03
1.473247e-02
-3.284579e-03
3.392884e-04
4.864515e-03
-7.167933e-03
-7.966692e-03
-2.445208e-03
