1.786653e-02
3.058629e-02
-7.738058e-02
-5.344248e-02
-6.016088e-02
-5.046024e-02
-9.509815e-02
-1.203878e-02
-8.094774e-02
4.020873e-02
-1.155011e-01
-3.420970e-02
3.070687e-02
-2.812213e-02
-6.558365e-02
-6.701647e-02
2.307975e-02
-3.538993e-03
-7.767424e-02
-4.299984e-02
5.399821e-02
8.727088e-03
-3.873488e-02
-1.346251e-01
-1.686513e-01
-6.001565e-02
-1.495991e-01
-1.523686e-01
-6.458445e-02
-1.484395e-01
-6.408437e-02
8.133309e-03
-3.535723e-02
4.859507e-03
-1.243821e-01
-1.439309e-01
2.181634e-02
-1.364518e-01
4.323332e-02
1.034991e-01
-1.307750e-01
-8.331792e-02
-9.805817e-02
5.082725e-02
-1.533497e-01
-1.856516e-01
-1.895924e-01
-1.092834e-01
-1.872975e-02
-9.794872e-02
-1.219129e-01
-5.194654e-02
-3.767356e-02
-9.851186e-02
-1.657235e-01
7.321278e-03
-5.552440e-02
-5.346091e-02
6.073586e-02
-3.933360e-02
-1.265565e-01
-8.413688e-02
-1.048939e-01
-3.506614e-02
