-6.574801e-02
-4.339246e-02
-1.235128e-01
-9.795040e-02
-8.161201e-02
-5.376444e-02
-9.680257e-02
-8.420595e-02
-6.389198e-02
-7.645804e-02
-1.019124e-01
-8.764968e-02
-4.555836e-02
-7.451243e-02
-3.729864e-02
-5.857389e-02
-6.443132e-02
-5.999966e-02
-1.237462e-01
-1.049396e-01
-5.734767e-02
-6.086824e-02
-7.404740e-02
-2.204537e-02
-2.627548e-02
-6.256779e-02
-3.247232e-02
-4.451997e-02
-6.122114e-02
-7.051633e-02
-1.119491e-01
-8.467891e-02
-5.998877e-02
-8.727311e-02
-5.919609e-02
-7.403618e-02
-2.772824e-02
-5.973254e-02
-4.545128e-02
-5.803043e-02
-2.922344e-02
-5.419743e-02
-6.143531e-02
-7.466551e-02
-1.556337e-01
7.289391e-03
4.489581e-03
-3.070102e-02
-7.191682e-02
-1.399707e-01
-3.148942e-02
-7.037792e-02
-6.581842e-02
-7.196099e-02
-4.227246e-02
1.098660e-03
-1.100085e-01
-7.835016e-02
-5.628822e-02
-4.632325e-02
-1.045679e-01
-7.356789e-02
-5.983057e-02
-1.347572e-01
