3.184109e-04
2.545830e-04
2.964890e-04
3.048086e-04
3.839643e-04
3.049010e-04
2.830409e-04
3.037598e-04
3.213532e-04
2.895349e-04
2.999583e-04
3.264644e-04
3.070252e-04
3.318553e-04
3.311229e-04
2.691368e-04
2.848213e-04
2.428569e-04
2.871602e-04
3.245674e-04
2.807289e-04
2.884593e-04
3.596166e-04
3.171552e-04
3.402794e-04
2.913220e-04
3.160779e-04
3.161882e-04
3.248999e-04
2.863736e-04
3.283418e-04
2.659043e-04
2.781881e-04
3.327830e-04
3.039146e-04
3.124033e-04
3.528136e-04
2.608850e-04
3.153395e-04
3.539893e-04
3.412262e-04
2.479788e-04
3.079122e-04
3.030449e-04
3.487469e-04
3.051202e-04
3.153929e-04
3.211083e-04
3.496733e-04
3.134256e-04
3.098595e-04
2.657114e-04
2.798779e-04
2.953771e-04
2.712306e-04
3.069980e-04
3.408888e-04
2.760526e-04
3.359822e-04
3.610027e-04
2.626971e-04
3.462020e-04
3.663386e-04
2.699685e-04
