-5.680264e-02
-3.672184e-02
-2.818771e-02
-4.539514e-02
-6.500491e-02
-1.926879e-02
-6.973083e-02
-7.796299e-02
-9.066881e-03
-3.947170e-02
-2.437725e-02
-4.845459e-02
-7.329357e-02
-5.916523e-02
-5.483675e-02
-4.315546e-02
-6.160697e-02
-3.718059e-02
-6.949504e-03
-6.101217e-02
-4.180106e-02
-6.595094e-02
-4.389450e-02
-2.362260e-02
-3.677281e-02
-2.406161e-02
-6.317492e-02
-1.905108e-02
-4.519485e-02
-1.493864e-02
-5.267924e-02
-1.541279e-02
-2.561224e-02
-5.342172e-02
-5.595363e-02
-2.860080e-02
-4.860890e-02
-3.111669e-02
-5.995475e-02
-5.642093e-02
-5.548119e-02
-3.763147e-02
-1.822943e-02
-3.986913e-02
-6.587455e-02
-3.457979e-02
-4.214541e-02
-2.698806e-02
-4.483833e-02
-8.331372e-02
-7.037047e-02
-2.493231e-02
-3.699777e-02
-5.255213e-02
-5.528245e-02
-3.057702e-02
-5.493274e-02
-5.461248e-02
-3.622636e-02
-2.237727e-02
-1.074043e-02
-1.890844e-02
-5.676252e-02
-3.971974e-02
