3.912707e-01
3.942249e-01
5.083805e-01
4.259561e-01
4.228975e-01
3.566919e-01
4.018641e-01
4.711633e-01
4.160174e-01
5.801776e-01
3.209226e-01
4.755182e-01
4.501075e-01
4.072660e-01
4.568742e-01
3.312759e-01
4.523883e-01
3.541063e-01
4.241732e-01
5.238535e-01
3.638308e-01
4.850911e-01
6.255547e-01
4.531222e-01
6.120633e-01
4.704566e-01
4.514298e-01
5.682691e-01
5.489860e-01
5.194058e-01
5.397409e-01
4.641916e-01
4.425299e-01
3.731804e-01
4.112207e-01
4.749831e-01
5.417753e-01
4.308694e-01
5.027347e-01
6.163192e-01
5.094346e-01
4.365801e-01
4.064395e-01
4.628333e-01
5.889408e-01
5.936061e-01
5.233686e-01
5.299247e-01
3.439279e-01
5.203860e-01
5.391868e-01
4.099024e-01
4.231044e-01
4.546853e-01
3.398360e-01
4.915839e-01
5.180423e-01
4.143001e-01
4.424903e-01
3.544002e-01
3.203768e-01
5.169254e-01
3.094563e-01
3.819926e-01
