-1.095263e-02
-6.813258e-03
4.198670e-02
-6.612452e-04
-1.467549e-02
1.754514e-04
1.878021e-02
-1.206723e-02
-1.110496e-02
6.315412e-02
-8.402281e-03
-7.809083e-03
-4.297792e-03
-4.249897e-03
1.120865e-02
4.093966e-03
4.199843e-02
1.862085e-02
2.711398e-03
-1.915684e-02
-1.984061e-02
-1.380575e-02
5.908403e-02
2.164522e-02
-4.641966e-03
3.515695e-03
7.594080e-03
1.450971e-02
-5.773892e-03
1.606246e-02
-1.307117e-03
7.098390e-03
2.529433e-03
3.409080e-02
8.826275e-03
1.268563e-02
-2.499644e-02
4.819363e-03
-2.397798e-04
9.883583e-03
-1.412083e-02
5.778847e-02
8.292265e-03
-6.244123e-03
3.054227e-02
-4.501497e-02
-1.281200e-02
-3.937009e-02
-4.439295e-02
2.324423e-03
-2.914953e-02
-2.891223e-02
-1.209857e-02
-2.615067e-02
9.164444e-03
5.188416e-02
-3.951205e-02
7.980887e-02
1.572339e-02
-1.725457e-03
-2.592886e-02
-9.177905e-03
2.410501e-02
-1.360080e-03
2.655436e-02
-2.621557e-02
7.589264e-02
1.485358e-02
-6.401202e-02
2.465698e-02
3.027450e-02
7.598524e-03
2.786238e-03
-4.189381e-02
-3.413603e-02
6.283293e-03
-2.412825e-02
-8.202396e-03
-1.931109e-02
8.787803e-03
2.429986e-02
1.583052e-02
-1.544900e-02
-3.945948e-03
-4.914685e-03
1.923028e-02
1.777430e-02
5.738712e-02
3.886653e-02
-1.458072e-02
-3.859428e-02
7.111325e-02
3.123894e-02
-3.911409e-02
-4.930374e-02
-2.418204e-02
-4.890034e-02
3.994194e-02
2.935930e-02
-3.919283e-03
-2.528231e-02
-1.582550e-02
-5.232086e-02
-7.308566e-02
-5.370113e-02
-1.760076e-02
-7.196397e-03
-8.635891e-03
5.595748e-03
-2.008413e-02
1.222739e-02
-2.261732e-02
-1.641853e-02
1.313983e-02
2.198691e-02
-3.926573e-02
3.088675e-03
-1.971750e-02
-7.623840e-03
7.846809e-02
-4.455823e-02
-1.070960e-02
1.117049e-02
6.098628e-03
-2.147744e-02
-6.579129e-03
9.381968e-03
-2.796767e-02
-4.236479e-02
4.141155e-02
-1.863507e-03
-1.380930e-03
6.931346e-02
2.893715e-02
-1.305739e-02
1.910161e-02
-3.461351e-02
-4.194823e-02
2.196751e-03
-3.410323e-03
2.399448e-03
-2.452692e-03
2.264687e-02
-3.187219e-02
-3.782117e-02
-8.713888e-03
7.229953e-04
-1.682332e-02
5.373059e-03
-1.286699e-02
-1.328781e-02
4.782706e-04
-1.534572e-03
-8.842548e-03
-1.794628e-02
4.998389e-02
8.144423e-03
3.182709e-02
-1.749363e-02
3.325638e-02
6.049324e-04
-5.181121e-02
-2.428037e-02
-6.308205e-02
-1.569349e-02
2.969186e-02
-5.268326e-03
1.069503e-02
1.048611e-03
-2.970859e-02
2.442404e-02
-2.582941e-02
-5.216404e-02
-5.242694e-02
1.945879e-02
6.148648e-02
-5.669222e-03
8.606118e-03
3.511054e-02
-3.169977e-02
-3.187116e-02
6.162196e-02
1.648996e-01
-7.484294e-02
-7.501172e-02
6.989812e-02
-6.476610e-02
-1.163966e-01
-1.638890e-02
-1.835279e-02
1.589421e-02
2.575974e-02
5.200957e-03
-1.467361e-02
2.640777e-02
-2.662353e-02
-3.825530e-02
-3.115412e-02
7.589476e-03
2.790971e-02
-1.674711e-02
-2.283460e-02
-3.272437e-02
-4.163025e-02
3.819117e-03
4.365538e-02
-1.073448e-02
1.157957e-02
-1.154364e-02
-2.981281e-02
6.141469e-02
4.325620e-02
-3.490656e-03
8.498925e-03
2.104100e-04
-1.434655e-02
-1.405492e-02
1.362953e-02
8.350714e-02
-1.357300e-02
-2.828139e-02
2.622910e-02
-1.606806e-02
-2.121548e-02
-7.206028e-03
5.241947e-03
1.107843e-02
3.730920e-02
-1.798368e-03
-7.532103e-03
-8.527366e-03
4.313172e-03
-3.168547e-02
-3.117083e-03
4.965145e-03
3.672297e-02
-8.498035e-03
-8.233866e-03
3.051788e-02
1.873282e-02
-5.235326e-02
-9.316281e-03
3.020033e-02
6.254842e-02
1.412980e-02
-4.157854e-02
3.263692e-02
1.852963e-02
-7.755385e-03
5.393918e-02
5.478989e-02
-2.894579e-02
-5.924456e-02
1.772334e-02
4.003933e-02
-9.731849e-03
-1.740970e-02
-1.321112e-02
2.211572e-03
-1.400911e-02
-1.247774e-02
-1.146101e-02
1.642395e-02
3.356009e-02
-1.721469e-02
4.993197e-02
-4.563392e-03
-1.612080e-02
7.503784e-03
2.044670e-02
-4.539228e-02
-3.405435e-02
-4.517697e-04
1.430745e-02
-3.113352e-02
-2.807186e-02
1.676589e-02
-1.044127e-02
-1.773058e-02
1.123347e-02
-1.850034e-02
-2.229833e-02
-4.153254e-03
9.240636e-03
-1.202839e-02
3.758195e-02
3.246028e-03
-1.089591e-02
2.325557e-02
-3.241991e-03
-4.110984e-03
2.702406e-02
2.981123e-02
2.808690e-02
6.753698e-03
1.652016e-04
-3.335615e-02
3.088267e-03
3.948180e-03
-3.077363e-02
1.232165e-03
-1.151543e-02
-6.351275e-03
4.609984e-03
-2.324459e-03
-2.023844e-02
1.793534e-02
-9.759214e-03
1.737457e-03
-9.009323e-02
-8.259469e-02
-9.475319e-03
-5.028529e-02
1.851776e-02
-4.846637e-03
-1.407194e-02
-2.984955e-02
2.743473e-02
2.865358e-02
5.588094e-03
-7.135857e-03
-3.466864e-02
-5.122000e-02
-2.574931e-02
-5.721665e-03
-4.340776e-02
2.825366e-03
-4.857833e-02
-3.807348e-02
7.030312e-03
2.164738e-02
7.730464e-03
1.572939e-02
-8.880288e-03
1.867551e-02
1.981939e-02
-3.254167e-02
2.138580e-03
-1.424666e-03
-7.748061e-03
-2.689431e-02
4.966797e-02
-5.056163e-02
-6.679259e-02
-2.372082e-02
7.651923e-03
1.756479e-02
3.988287e-02
-1.007459e-02
9.503164e-03
2.225102e-02
5.262774e-02
-1.143519e-02
-2.107323e-02
-4.788350e-03
-3.624782e-02
1.642993e-02
5.597097e-02
3.892469e-02
-9.097499e-04
-8.171196e-03
2.958433e-03
-8.243817e-03
1.392375e-02
2.802346e-02
-9.232262e-03
1.067468e-02
1.473276e-02
2.231364e-02
-1.343318e-02
-4.865041e-03
-2.476215e-02
2.204551e-02
-2.273341e-02
-3.114463e-04
-4.149364e-03
-6.954620e-03
-2.421266e-02
-6.887775e-03
2.130487e-03
2.914016e-02
-6.689037e-02
-9.771067e-03
-2.284492e-03
1.353051e-02
-6.501432e-03
-1.518284e-04
3.849659e-02
3.097743e-02
-2.240836e-02
3.687559e-02
1.849266e-02
3.277995e-03
1.105033e-03
-6.373393e-03
-4.538252e-02
1.342483e-02
4.555567e-02
-2.477913e-02
2.851228e-03
9.918409e-03
-2.358316e-02
-3.768229e-02
-3.633123e-02
-4.741353e-02
1.467355e-02
-4.805326e-02
-2.004130e-03
2.323306e-02
-4.533533e-02
2.035817e-02
2.221645e-02
2.063869e-02
2.448666e-02
4.736094e-02
-6.401503e-03
-5.564452e-02
6.658731e-02
4.774224e-02
-2.958801e-02
-7.071257e-03
-1.515753e-02
-1.919798e-02
7.739997e-03
-1.550111e-03
6.148858e-02
3.719369e-02
2.319274e-02
-2.248684e-03
2.620611e-02
1.688740e-02
3.795706e-02
2.161144e-02
-7.290204e-03
3.899235e-02
-3.581091e-02
-3.261700e-02
3.030740e-02
3.941593e-02
5.824144e-03
-1.370127e-02
-9.768704e-03
2.339007e-02
-3.925395e-02
2.226591e-02
-2.568039e-02
-2.304798e-02
-1.695818e-02
-6.546285e-02
2.721566e-02
-1.765837e-02
-6.275368e-02
-5.183628e-02
-3.011700e-02
-2.448556e-02
2.436994e-02
-3.402568e-02
2.031853e-02
-9.907369e-03
3.114866e-02
1.569820e-02
-2.554724e-02
4.344169e-02
-1.585512e-02
3.885485e-03
-1.239202e-03
-1.020915e-03
1.196223e-03
-1.156262e-03
-3.190655e-03
-3.465672e-02
1.413665e-02
3.494882e-02
-1.613732e-02
5.307804e-02
-4.800630e-03
-3.691105e-02
-1.843040e-02
-1.917649e-02
1.000548e-02
2.330640e-03
-9.561385e-03
-3.405204e-03
-2.027862e-02
-3.230790e-02
-3.363482e-02
-6.518375e-03
3.889601e-02
4.022817e-02
-1.079199e-02
5.339346e-02
-7.529303e-02
-3.956089e-03
-4.175735e-02
-3.143125e-02
5.417582e-02
6.924488e-02
2.441580e-02
2.293400e-02
6.825437e-02
2.161068e-03
2.646996e-02
1.604352e-02
-2.666019e-02
-2.299411e-02
3.146721e-02
-1.954727e-02
-2.022465e-02
-1.307598e-02
-2.150437e-02
-4.288905e-03
3.617154e-04
-1.136305e-02
-9.097641e-03
-1.372257e-02
8.770727e-03
6.376208e-03
-1.850744e-02
-1.235159e-02
3.310147e-02
9.205502e-03
3.280397e-02
-4.882721e-02
4.577313e-02
4.033112e-02
5.057798e-03
5.395372e-02
4.196882e-03
-1.173173e-02
-1.040795e-02
1.902841e-02
-4.376012e-02
-2.082146e-02
2.810481e-02
-3.460592e-02
-2.666390e-02
2.004523e-02
-4.359939e-02
1.152406e-02
7.333343e-03
-1.511188e-02
-5.055620e-02
1.120673e-02
-2.503147e-02
-2.709961e-02
4.038519e-02
1.287185e-02
8.074088e-02
3.261455e-02
-1.039290e-03
-5.031377e-03
1.512958e-02
4.454154e-03
1.019445e-02
2.781915e-02
8.236821e-03
-8.538119e-04
-3.174769e-02
9.419283e-03
-1.355368e-02
1.679019e-03
-1.883901e-02
-2.270785e-02
-1.825706e-02
-8.056155e-03
-4.256979e-02
1.844296e-02
-8.537531e-03
-3.001185e-02
2.240858e-02
-1.972176e-02
1.467480e-02
5.351340e-02
1.850184e-02
-5.315581e-03
5.135592e-02
7.254831e-03
9.479182e-03
-2.671444e-02
3.997062e-02
4.233760e-02
4.859205e-03
5.298525e-02
6.139936e-02
2.354490e-02
2.242072e-02
5.787313e-03
-1.472564e-02
-3.560022e-02
4.099955e-02
1.463584e-02
7.100423e-02
5.727362e-02
1.215758e-02
-5.328292e-02
-7.986269e-03
-2.252989e-02
2.283578e-02
4.877273e-02
-2.702907e-02
1.151769e-02
6.052024e-02
-1.478622e-02
-1.342924e-02
-7.610727e-03
3.091056e-03
1.444193e-03
4.021065e-02
-6.330517e-03
9.475945e-03
3.774962e-02
1.291677e-03
2.284223e-02
6.340871e-03
1.880340e-02
3.024700e-02
-2.198692e-02
-4.777900e-04
8.960182e-03
-1.095363e-02
5.862156e-03
-2.105739e-02
2.438565e-02
1.365346e-02
-3.756106e-03
2.032469e-03
-2.372625e-03
3.986868e-02
1.200877e-02
2.716264e-03
-9.199043e-03
-3.594460e-02
4.343196e-03
8.951645e-04
1.940977e-03
2.144492e-03
3.407761e-02
6.635386e-02
-2.426483e-02
-1.651089e-02
-1.865654e-02
9.660963e-03
9.916900e-03
3.541674e-02
2.025953e-02
1.721040e-02
2.635068e-02
1.308436e-02
-2.781826e-03
-1.987664e-02
-2.222877e-02
3.163680e-02
-1.466081e-02
-2.378595e-02
3.773554e-02
9.353021e-03
1.513930e-02
2.704064e-03
-2.818407e-02
1.777517e-02
8.489214e-03
1.292390e-03
-1.577436e-02
-2.674974e-03
2.748990e-02
1.496616e-02
1.484162e-02
2.063273e-02
1.841120e-03
2.843700e-02
3.258811e-02
8.854430e-03
4.452581e-02
4.209516e-02
-5.271203e-02
2.265649e-02
6.026800e-02
1.732727e-03
2.899048e-02
4.089085e-02
-1.077187e-02
2.323188e-02
1.649466e-02
1.291802e-02
9.235073e-03
1.184200e-02
1.534475e-02
-1.235085e-02
-1.941845e-02
1.076045e-02
-3.276675e-02
1.102520e-02
2.400556e-02
1.779885e-02
2.208497e-02
-8.585370e-03
2.227763e-02
4.245809e-02
-3.313883e-02
-3.061484e-06
5.246801e-02
-9.558275e-03
1.525692e-02
6.990832e-03
-3.163470e-02
1.956666e-02
1.091527e-02
-1.379192e-02
-2.146473e-02
1.394452e-02
5.433935e-02
1.146491e-02
2.542444e-02
2.385362e-02
3.260212e-02
2.008852e-02
2.621826e-02
4.100651e-02
9.785547e-03
2.233402e-02
-9.436905e-04
-1.905680e-02
1.897729e-02
1.193198e-02
-4.653952e-02
-3.587978e-02
1.188090e-02
-2.831464e-03
1.474685e-02
-3.711095e-02
3.039591e-02
-1.159739e-02
9.079860e-02
-2.601921e-02
-8.861315e-02
-5.544074e-02
5.131716e-02
4.424340e-02
-2.801583e-02
-2.681729e-02
1.025516e-02
-3.073049e-02
-1.662259e-02
-8.036180e-03
-6.258232e-02
-3.231387e-02
-5.735391e-03
4.453670e-02
-2.097533e-02
9.109953e-03
1.305577e-02
-2.781728e-02
3.849170e-02
-2.932959e-02
-9.453896e-03
3.877737e-02
-6.283070e-02
-5.684260e-02
-7.606443e-03
1.353490e-02
-6.581432e-02
-3.890397e-02
7.278153e-02
8.769564e-02
4.506310e-02
3.235185e-03
9.669461e-03
-3.701733e-03
-6.884541e-03
-4.437544e-02
-4.919873e-02
-8.602302e-03
4.650139e-02
5.999133e-02
3.448757e-03
1.109615e-01
-2.193761e-02
-1.213638e-01
-8.984457e-02
-8.453581e-03
2.165792e-02
2.813629e-02
2.915693e-02
-2.932547e-02
-4.618649e-04
-1.139531e-03
-3.835140e-02
-1.970209e-02
1.293979e-02
-2.261931e-02
-4.160091e-02
-2.621075e-02
-9.813554e-03
-6.790345e-02
-4.202866e-02
8.726254e-02
5.616184e-02
1.103931e-02
2.188698e-02
2.512579e-02
-8.804029e-03
-1.228926e-02
-7.287792e-03
2.770113e-02
8.378146e-03
4.452984e-03
1.759747e-03
-5.408973e-03
-2.514406e-02
2.624054e-02
1.091217e-02
-4.134874e-02
-1.174168e-02
2.737232e-03
2.258709e-02
1.219798e-02
5.474710e-03
3.589770e-02
-2.045892e-02
1.622852e-02
-2.341535e-02
-2.123793e-03
-1.650460e-02
-4.956017e-02
-3.516166e-02
-5.735457e-03
-1.658403e-02
-5.389389e-03
-1.398455e-02
-2.758889e-02
1.269149e-04
4.201028e-02
2.009109e-02
-4.273735e-02
4.008437e-02
6.962312e-03
5.568551e-02
-2.502240e-03
-6.984695e-02
4.499762e-02
-8.774691e-03
-4.505425e-03
-3.477829e-02
1.137880e-02
2.891198e-02
-5.015360e-03
1.528081e-02
4.130081e-03
3.835195e-03
-2.318894e-03
-1.724049e-02
1.997280e-03
2.563341e-02
2.035051e-02
-4.392883e-04
2.930704e-02
-5.874940e-03
1.525623e-02
2.750293e-02
1.021530e-02
3.342857e-02
-2.683281e-02
-8.761081e-04
4.180301e-03
9.615891e-03
-1.010021e-02
9.181638e-03
-1.186186e-02
-2.496740e-02
-2.057484e-04
-3.388023e-02
-3.331637e-02
-1.928102e-02
2.915005e-02
1.102613e-02
1.013158e-02
-2.518138e-02
-1.968921e-02
-1.010464e-02
-5.592057e-03
-2.180531e-02
-1.108044e-02
3.169572e-02
-1.856318e-02
-2.176531e-02
-2.776750e-02
-8.450727e-02
-5.715657e-02
2.079667e-04
1.213422e-02
-1.271367e-02
4.574808e-03
-1.622729e-02
-4.810522e-02
-9.689165e-04
-2.525905e-02
-1.467580e-02
-1.986837e-02
2.696276e-02
-4.126182e-02
-6.493960e-02
-1.173230e-02
-2.299499e-02
1.077258e-02
4.997511e-02
7.579964e-02
7.270185e-03
6.718135e-02
3.604040e-02
9.389611e-03
-3.050870e-02
-1.117306e-03
4.100679e-03
-7.206532e-04
-2.613580e-02
-3.342118e-02
-2.888541e-02
-1.030873e-02
4.888814e-03
-2.604415e-02
9.784805e-03
3.137058e-02
2.938353e-02
3.524523e-02
-3.425131e-02
-2.605829e-02
-3.611579e-02
3.609911e-03
-7.495012e-03
3.568348e-02
-1.494935e-02
-1.638752e-02
-1.766703e-02
-2.929177e-02
-8.030480e-03
-8.128415e-03
5.985235e-03
4.453496e-02
3.557792e-02
-5.931244e-02
-2.735391e-02
2.125980e-02
-2.018243e-02
-2.405140e-02
-2.378446e-02
9.822722e-04
-1.221756e-02
2.538497e-02
-6.526077e-03
1.601985e-02
1.248591e-03
-1.115959e-02
-2.530405e-02
-2.293188e-02
-2.783982e-02
-4.919823e-02
-2.121145e-02
4.691463e-02
1.617593e-02
-6.620626e-02
3.073108e-02
2.845549e-02
-1.387776e-02
4.727095e-02
4.554906e-02
8.684060e-03
-2.018193e-02
8.594298e-04
-3.085178e-02
9.134166e-03
2.794861e-02
-4.413687e-02
-1.244767e-02
-4.454323e-02
-9.387247e-03
-1.529001e-02
-7.332214e-03
-6.587490e-03
3.063282e-02
8.102207e-02
5.411369e-02
7.334982e-03
4.605774e-02
-7.687273e-03
1.009512e-02
2.451350e-02
9.808298e-03
2.870127e-02
1.313282e-02
-2.276733e-02
8.739800e-02
5.221107e-02
4.286064e-02
2.403170e-02
1.479106e-02
1.791402e-03
-6.963513e-02
-4.837089e-02
-9.410305e-02
-9.781077e-03
-3.312466e-03
-6.770701e-02
-1.805243e-02
3.332138e-03
-1.687263e-02
2.221883e-02
4.276945e-02
3.171306e-02
-1.398475e-03
-3.510875e-02
-9.537131e-03
-1.218195e-03
-4.469967e-03
-5.299347e-02
2.722222e-02
1.210885e-03
-8.677633e-03
3.609157e-02
5.199736e-03
1.742137e-03
-4.382969e-02
5.629909e-02
2.307790e-02
-3.192485e-02
4.860895e-02
-1.512847e-02
-3.522355e-02
1.746693e-02
2.686210e-02
-1.166011e-02
-1.851285e-02
-7.446465e-02
-3.692776e-02
-2.450343e-02
1.450051e-03
-1.227268e-02
1.758744e-02
-9.634591e-03
-4.516065e-02
4.005224e-03
-7.448975e-03
1.259901e-03
5.166855e-02
2.466572e-03
-1.157631e-02
-2.428673e-03
-1.279006e-02
-1.701283e-02
-5.993987e-03
-3.713658e-03
-1.928672e-04
6.808740e-02
2.342066e-02
-9.982799e-03
2.431987e-02
4.422735e-02
-7.739861e-03
-2.642578e-02
1.749690e-02
3.312399e-02
-3.110929e-02
-7.926840e-03
4.792997e-03
-4.435619e-02
-4.072421e-02
-5.616491e-03
-3.050604e-02
5.289642e-02
6.563342e-02
7.318142e-03
-5.500231e-02
-1.679853e-02
8.612877e-03
-6.648806e-03
-3.907783e-02
-7.167418e-02
-1.470295e-02
3.209450e-02
-1.192467e-02
-1.273199e-02
-1.064164e-02
-2.390472e-02
1.706286e-02
1.971636e-02
3.543427e-03
-7.504576e-03
9.774966e-03
-3.218365e-02
1.570081e-02
-8.415717e-03
-2.869502e-03
2.281034e-03
5.547660e-04
1.221011e-02
-1.643917e-02
1.397890e-02
1.043752e-02
3.790203e-04
-5.427391e-02
-2.580225e-02
-4.122002e-02
-8.956411e-02
6.618168e-03
3.510682e-02
-2.979814e-02
-1.959324e-02
-5.876948e-03
-4.744495e-02
-2.059556e-02
-4.422109e-03
-2.248348e-03
-5.575571e-03
4.357066e-03
-5.664017e-03
5.131500e-03
-1.687359e-02
1.049778e-02
-9.315975e-03
3.669095e-02
1.348928e-02
4.012721e-02
-5.885953e-03
-2.636278e-02
-2.240898e-02
2.406299e-02
7.717228e-03
6.770144e-02
2.134459e-02
-3.258983e-02
7.169008e-02
-2.490000e-02
-2.504278e-02
3.226634e-02
-3.835507e-02
-1.045553e-02
-2.246250e-02
3.484135e-03
-3.166592e-03
1.394091e-02
8.295377e-03
-6.068379e-02
-1.123306e-03
3.504301e-02
1.008127e-02
1.759763e-02
-9.484644e-03
4.186845e-02
2.921746e-02
4.617852e-02
-1.752723e-02
-4.748737e-02
-4.349332e-03
-3.775604e-02
-7.207823e-03
-2.892627e-02
-1.761877e-02
-3.137378e-02
4.444958e-02
-1.476733e-02
-6.806792e-02
1.002156e-03
5.402727e-02
5.568239e-05
1.614436e-02
-3.945339e-02
3.676677e-02
3.560539e-04
-4.188761e-02
-3.537647e-02
1.089965e-02
-3.851785e-03
-5.509112e-03
2.221365e-02
1.281662e-02
-6.216234e-02
-1.522482e-02
6.731690e-02
4.347536e-02
-1.338639e-02
-7.731527e-03
8.323017e-03
-1.599349e-02
-1.586194e-02
4.391534e-03
-2.936812e-02
-4.863949e-03
5.211760e-04
-3.919393e-02
4.859939e-02
5.180037e-02
-2.981563e-02
7.657764e-03
5.969273e-02
-2.828777e-02
-3.354928e-02
-3.314399e-02
-4.133776e-03
-2.785619e-03
-2.322332e-02
-4.467759e-02
-2.154815e-02
-1.733113e-02
4.157098e-02
-3.076201e-03
-3.054097e-02
-6.238589e-03
-5.044966e-02
-1.408205e-02
-8.049374e-03
9.816582e-02
-3.776103e-02
-3.419926e-05
1.137214e-03
-2.200514e-02
4.115863e-03
-6.133955e-03
-3.411726e-02
-2.117577e-02
3.741074e-02
-5.504101e-04
9.590695e-03
4.289180e-02
1.441502e-02
-3.860404e-02
-2.210908e-02
5.667938e-02
6.822778e-02
-6.955659e-02
-5.994660e-02
6.129554e-03
-3.293928e-02
-3.374584e-02
-2.376499e-02
-5.114867e-03
8.178017e-03
-5.782117e-04
-1.878090e-02
2.739290e-02
-1.041414e-02
2.070122e-02
5.766216e-02
7.619559e-03
6.499760e-03
-5.875300e-03
2.330313e-02
-3.979758e-02
-9.925054e-03
-3.365436e-03
2.155350e-02
6.245845e-03
-4.451790e-02
-3.312634e-03
-1.446620e-02
-1.154600e-03
-1.602826e-02
1.089863e-02
-1.118129e-02
3.716698e-02
2.098974e-02
9.067903e-03
-6.151651e-03
1.035303e-02
-3.867318e-02
1.761076e-02
1.481043e-02
2.453603e-02
7.419778e-02
3.377887e-02
2.862539e-02
5.882588e-02
-2.044353e-02
-8.459329e-03
-4.312648e-03
2.069794e-02
1.042292e-05
2.397609e-02
-7.097132e-03
1.787571e-02
3.163270e-02
3.032984e-02
5.438019e-03
1.164959e-02
1.461988e-02
-1.027364e-02
-3.475666e-02
1.466765e-02
-2.560127e-02
2.225300e-02
-1.567435e-03
2.161848e-02
8.008605e-04
3.482722e-02
1.173381e-02
1.959126e-02
2.885910e-02
-1.054992e-02
-2.868210e-02
-1.335055e-02
1.152537e-02
-2.384785e-02
4.590749e-04
-2.112519e-03
-1.159693e-02
-2.667859e-02
-3.000979e-02
-1.165323e-02
-4.426218e-02
3.020184e-03
-2.459758e-02
4.205471e-02
-1.248610e-02
-3.213959e-03
4.053212e-02
2.841352e-02
-3.267008e-02
-1.060575e-03
-5.005275e-02
4.295398e-02
3.004304e-02
-1.866597e-02
2.146361e-03
2.769204e-03
2.449802e-02
-6.588169e-05
1.156859e-02
2.036494e-02
-1.863305e-02
-9.862617e-03
-1.444281e-02
-3.625047e-03
-4.607657e-02
-2.173689e-02
-2.959781e-02
-4.122338e-02
-5.597962e-03
2.382945e-02
-2.519277e-02
-5.041438e-02
7.141279e-02
5.382118e-02
2.354732e-02
1.957804e-02
2.596450e-02
-1.987252e-02
1.930242e-02
1.446042e-03
-1.215558e-02
2.229031e-02
1.996455e-02
9.567502e-03
3.457526e-02
-2.840081e-03
-4.243993e-03
1.515172e-02
9.289415e-03
1.113327e-02
-1.891408e-02
1.989883e-02
-1.062930e-02
-8.859335e-03
2.305803e-04
5.909744e-02
-4.298097e-02
-8.661895e-02
-1.704213e-02
-4.463187e-02
-7.075265e-02
5.051332e-03
-1.313926e-02
-2.179918e-02
1.406232e-02
-2.102170e-02
-2.341248e-02
8.662027e-03
2.052795e-03
1.435015e-02
-2.165971e-03
-6.470745e-03
-1.106391e-02
-1.712431e-02
-2.392430e-02
2.526348e-02
-2.462227e-02
1.448382e-02
-9.551756e-03
-1.993924e-02
-6.200899e-02
3.134398e-02
4.295388e-02
-4.559426e-02
1.312677e-02
-8.553160e-03
3.860085e-02
-1.068330e-02
-1.821517e-02
-2.081275e-02
-3.189473e-04
1.568961e-02
-1.341106e-02
-2.652400e-02
3.331016e-02
-1.025576e-02
-1.541204e-02
-2.644593e-03
-2.495669e-02
-1.175077e-02
-1.331816e-02
8.837537e-03
6.068687e-03
2.043208e-02
9.869635e-02
8.165292e-03
1.906558e-02
-2.316148e-02
5.172188e-03
-1.410687e-03
-1.412806e-03
4.681987e-03
2.030546e-02
-1.865233e-02
-1.510675e-02
-3.277941e-02
-5.276527e-02
2.342651e-02
4.156716e-02
-2.275859e-02
5.928528e-03
6.816170e-02
5.163409e-02
2.714379e-02
7.917110e-02
2.308830e-02
1.462596e-02
1.121244e-02
3.943694e-02
1.064212e-03
1.518203e-02
-1.639673e-02
-1.596729e-02
-3.233868e-02
-1.737740e-02
-3.463542e-04
1.231763e-02
-4.413120e-02
-2.369968e-03
1.608231e-02
-2.170883e-02
-1.065130e-02
6.817905e-03
1.240443e-02
1.066538e-02
-3.029915e-02
-5.538005e-02
2.581498e-02
-1.123459e-02
5.235260e-03
-1.094486e-02
4.011101e-03
3.935533e-02
7.341514e-03
-3.419597e-02
-2.078271e-02
-2.529250e-02
-2.679897e-02
-1.426562e-02
1.855193e-02
5.664777e-03
-9.862884e-03
5.323968e-02
4.958650e-02
-1.856487e-03
8.499656e-03
4.294257e-03
2.616309e-02
1.926207e-02
-2.156404e-02
5.528029e-02
3.416275e-02
9.440084e-03
3.272030e-02
4.052442e-03
-2.738039e-02
2.937188e-02
-1.139149e-03
-5.486799e-02
1.800015e-02
1.302444e-02
-2.786572e-02
4.331492e-02
-6.813505e-02
-1.233639e-02
-1.500818e-03
-7.338803e-02
-7.799270e-02
-2.813607e-03
-6.880183e-02
1.443851e-02
1.380245e-02
-6.220931e-03
5.314452e-03
-6.054328e-03
6.270065e-03
1.492822e-03
3.636283e-03
-7.368066e-03
-3.479412e-02
-3.209927e-02
-8.846617e-03
-8.152075e-03
-1.205758e-02
9.221347e-03
-1.214248e-02
4.130111e-02
3.306296e-02
-1.898403e-02
2.466178e-03
-2.184374e-02
-4.044242e-02
1.182042e-02
3.646526e-02
-1.689219e-02
2.182024e-02
1.255056e-02
-1.578765e-03
2.480129e-04
3.349129e-03
-3.104734e-02
2.090528e-02
1.221027e-02
-3.821946e-02
-2.479868e-02
6.315583e-02
-2.847845e-02
-2.773267e-03
6.905381e-02
9.043159e-03
3.184427e-02
7.011081e-03
3.098444e-02
-3.765797e-03
-1.260729e-02
-5.269476e-02
4.043791e-03
-5.167616e-03
-2.532421e-02
4.907461e-02
-3.243336e-03
5.661751e-02
3.759703e-02
1.063446e-02
1.028795e-04
2.022889e-02
-1.542085e-02
2.637837e-02
-1.450814e-02
-8.571934e-03
6.947263e-03
2.496832e-02
3.232926e-02
-6.098985e-02
1.614310e-02
2.779292e-02
-5.007344e-02
-1.292121e-02
2.290048e-02
2.510286e-02
2.533169e-02
-6.260683e-02
-2.811896e-02
3.107665e-02
-1.851855e-02
-6.945508e-02
7.995496e-02
4.946093e-02
-5.954875e-04
-1.247069e-03
1.756171e-02
5.569644e-02
-1.349727e-04
2.415210e-02
1.686288e-02
-2.138397e-02
1.854749e-03
2.714597e-03
1.015603e-02
-7.384200e-03
1.201159e-02
-2.696251e-02
-3.851493e-02
-3.938070e-03
1.107871e-02
-2.045108e-02
3.059306e-02
1.951686e-02
6.344866e-03
-2.680137e-02
-2.237415e-03
-5.139082e-02
-2.746176e-02
4.401838e-02
-2.236741e-03
3.461969e-02
2.867171e-02
-2.276186e-02
-3.501055e-02
1.694800e-02
-4.969848e-02
-1.536631e-02
-1.616214e-02
-6.232902e-03
2.593860e-02
-3.710265e-02
-2.023893e-02
-5.984844e-02
8.815158e-03
-1.832866e-03
-1.624739e-02
-2.034256e-02
4.308254e-02
-4.259317e-02
1.946330e-03
8.171612e-03
-1.409336e-02
-1.111799e-02
-1.824606e-02
-2.926641e-02
7.252037e-03
-3.399540e-02
-1.764636e-02
4.424510e-02
7.783130e-03
2.919230e-02
-9.976058e-03
-2.061829e-02
-1.945329e-02
3.406060e-02
-3.939682e-02
-3.212990e-02
-7.349185e-03
-7.691644e-02
4.315289e-02
3.877882e-02
-2.878909e-03
-5.685564e-03
-3.990082e-02
-1.026760e-01
-6.434134e-04
5.717756e-03
-3.107435e-02
3.252346e-02
-2.358444e-02
-1.951458e-02
8.328852e-03
-6.268403e-02
-1.934763e-02
3.823043e-02
-1.824477e-02
-2.049957e-02
2.466574e-03
2.842540e-03
-4.930273e-02
-2.592388e-02
-2.007246e-02
-1.043148e-03
-9.434775e-03
4.275976e-03
-2.632878e-02
-2.644882e-03
-4.956808e-03
8.234182e-04
-3.295484e-03
-6.997288e-03
1.553936e-02
-5.623009e-03
-2.355331e-03
1.122402e-03
-6.676806e-03
-2.471785e-02
1.380893e-03
-1.212799e-02
-6.484097e-03
-3.650521e-02
7.956304e-03
1.262310e-02
2.392411e-03
-1.086898e-02
-8.493214e-03
-2.909135e-02
-1.686460e-02
-1.853917e-02
2.264176e-02
2.336398e-02
-1.659131e-02
-3.370274e-02
-4.181963e-02
1.387077e-02
-6.265502e-02
1.568804e-02
1.779627e-02
3.001837e-02
-3.533352e-02
-2.669510e-02
2.955982e-02
-1.053884e-02
-2.846702e-03
-2.897306e-02
1.913489e-02
1.946780e-02
2.023110e-02
-1.404648e-03
-1.883140e-02
-7.422057e-03
3.036931e-02
-5.919270e-03
1.080185e-02
-1.888034e-03
1.629653e-04
-2.396215e-02
1.228128e-02
-1.174352e-02
5.793759e-03
8.591603e-03
-2.087474e-02
3.152948e-02
-1.602310e-02
-4.163415e-03
4.589784e-02
7.598372e-03
8.120619e-03
1.470786e-02
-2.892634e-02
3.866248e-02
5.508569e-02
-1.269172e-02
1.908390e-02
4.738658e-02
1.376642e-02
-5.699294e-03
-6.105643e-02
5.920789e-02
1.031264e-02
2.784874e-02
2.547664e-02
-2.472691e-02
3.312003e-02
-1.938753e-02
-4.106671e-02
3.467521e-02
1.169608e-02
-3.472417e-02
2.315477e-02
-1.800536e-02
2.771538e-02
7.389146e-03
3.691480e-02
-3.928793e-02
1.409266e-02
1.888370e-02
-5.191320e-02
1.385885e-02
3.099920e-02
-5.477667e-02
2.120922e-02
5.054985e-02
-4.339357e-02
-4.092247e-02
-2.000617e-02
-1.011925e-02
6.441588e-03
3.283934e-02
-2.655061e-02
3.705830e-02
5.407791e-02
3.941142e-02
-3.090581e-02
-2.559210e-02
2.935066e-02
-2.650424e-02
-3.077372e-02
1.238797e-02
1.568844e-02
1.067457e-03
-1.363325e-02
-1.855969e-02
-6.450552e-03
-4.290481e-02
3.713419e-03
4.806247e-02
-1.722344e-03
1.417525e-02
-1.122933e-02
9.023555e-03
-4.926431e-02
-2.145317e-02
-1.263033e-02
-7.914473e-03
3.854539e-02
-2.323727e-02
-1.547422e-02
4.602858e-02
9.501069e-03
2.467663e-03
3.352989e-03
-9.032036e-03
-1.164506e-02
3.008256e-02
-1.055469e-02
-2.268517e-02
5.175006e-03
-5.728478e-02
-2.593911e-02
1.756287e-02
-4.188183e-02
3.368816e-03
1.330040e-02
2.583004e-02
3.324651e-02
5.604188e-02
6.118997e-02
-3.058537e-02
-3.541058e-02
5.266719e-02
-1.776096e-02
-1.138316e-02
-1.017313e-02
-3.110998e-02
-2.076444e-02
-3.739949e-02
-3.178803e-02
6.938275e-04
-2.905190e-02
-2.205488e-02
5.624997e-03
-1.169348e-03
4.449232e-04
4.719512e-02
-2.655994e-02
4.243019e-02
1.851687e-02
-1.290439e-02
4.521854e-02
-1.895285e-03
5.293755e-03
-7.839609e-03
-2.286613e-03
-8.357262e-03
4.608645e-02
1.517983e-02
-2.025286e-02
5.391141e-02
-1.318556e-02
3.234508e-03
-1.310662e-02
-3.840439e-02
4.592462e-02
3.183330e-02
-2.602791e-03
4.096192e-03
-3.869078e-02
-3.598893e-02
-1.293945e-02
-2.198530e-02
-2.630464e-02
-5.179531e-03
2.058818e-02
3.370683e-02
-2.273512e-02
-2.055531e-02
5.241272e-02
-5.111152e-03
-2.833286e-02
5.350145e-02
2.527090e-02
-2.269638e-02
-2.155500e-03
2.785053e-02
1.877017e-02
3.520288e-02
1.275554e-02
-3.165029e-02
-4.053817e-02
-7.798077e-02
2.308585e-02
-5.134615e-02
6.106974e-02
-4.443035e-03
3.819505e-02
4.490212e-02
2.951342e-03
-3.556962e-02
-7.067221e-03
7.447073e-03
-2.008487e-03
-1.121825e-02
-2.727350e-02
-1.093091e-02
7.208008e-03
6.411637e-02
9.039904e-03
-9.001575e-02
-3.110615e-02
-2.550200e-02
-1.897817e-02
-7.699133e-03
9.334769e-03
3.531061e-02
4.032081e-02
2.530152e-02
1.133174e-01
1.031784e-01
4.899754e-02
-1.284479e-02
-4.236081e-02
-3.198712e-02
-7.143734e-02
-1.150633e-01
-3.142406e-02
1.903311e-02
-2.342007e-02
-5.728469e-03
-2.340444e-02
-1.855415e-02
-1.334385e-02
8.380014e-03
5.602064e-02
-1.021721e-02
-1.334787e-02
-7.844143e-02
8.412435e-03
-2.344518e-02
-1.882101e-02
-2.984542e-03
-4.949922e-03
-3.240157e-02
1.606528e-02
-2.775327e-02
-3.499996e-02
2.673138e-02
-5.681227e-02
-2.793907e-02
4.501931e-02
2.322521e-02
2.860945e-02
1.078574e-02
5.227574e-02
6.823560e-02
2.625070e-02
5.112251e-02
-4.394159e-02
-1.054471e-01
3.928584e-03
-1.699451e-02
7.215592e-03
6.848776e-02
6.124439e-02
4.523530e-02
1.606544e-02
5.752513e-03
-1.329752e-02
-4.318421e-02
-1.919667e-02
-6.380564e-02
-2.022119e-02
1.005956e-03
-1.757966e-02
5.237491e-03
6.630944e-02
-5.706132e-03
-9.944280e-03
-6.536113e-02
8.981216e-03
-3.844649e-03
1.632595e-02
-2.455292e-02
1.002217e-02
-3.171682e-04
7.254134e-03
-2.496323e-02
3.935567e-02
-2.618141e-02
1.264486e-03
3.667143e-02
6.372910e-03
3.485492e-02
-1.879672e-02
-2.087228e-03
-2.240786e-02
-5.324727e-02
-3.858525e-02
-8.800900e-03
1.050771e-02
-2.843114e-02
-3.867988e-02
-6.640711e-02
3.525930e-02
-3.080532e-02
5.611171e-02
5.520101e-02
1.213074e-01
1.966848e-02
-7.995906e-02
-6.992271e-03
-1.756296e-02
-7.496767e-02
-4.947680e-02
6.787959e-03
1.369284e-02
-4.186540e-02
-3.311305e-02
9.674046e-03
2.553049e-02
-3.078298e-02
2.747828e-03
-1.147251e-02
6.405162e-02
-8.935016e-03
-1.288910e-02
-9.102993e-03
3.240563e-02
-3.044282e-02
-1.724244e-02
6.717371e-03
-3.152335e-03
1.867624e-03
1.057915e-02
-3.235922e-02
-2.035784e-02
5.140896e-02
-1.168183e-02
3.426593e-03
3.142674e-02
9.012317e-03
-1.573670e-03
5.000490e-02
3.510203e-02
3.772419e-02
1.652805e-02
3.877765e-02
1.781120e-02
3.802691e-02
4.705200e-02
-2.680097e-02
1.221091e-02
6.511050e-03
-1.693561e-02
-2.308680e-02
3.273977e-03
-4.833801e-02
2.457436e-03
-2.456158e-03
1.397378e-02
5.713471e-02
6.738265e-02
-8.877581e-03
-5.948888e-02
1.318762e-01
2.416991e-02
-9.951461e-02
4.299100e-02
1.185033e-02
-4.213969e-02
-1.433062e-02
-2.100329e-03
7.645873e-04
-1.399894e-02
2.054020e-03
-1.195813e-02
-9.779501e-03
-1.433908e-02
-1.730912e-02
2.444698e-02
1.962549e-02
-4.053889e-02
3.565580e-03
1.349699e-02
-1.636638e-02
-5.232739e-02
-3.497423e-03
4.036259e-02
1.663746e-02
-5.656523e-03
6.820307e-03
2.782937e-03
-2.805588e-02
1.178566e-02
3.499472e-03
-1.322127e-02
2.535073e-02
1.332147e-03
-2.117052e-02
2.186582e-02
1.758470e-02
-3.270125e-02
-6.257204e-02
1.968506e-02
-2.834290e-02
-5.081447e-02
3.391103e-03
9.927021e-03
8.311658e-03
1.882363e-02
-3.414816e-03
9.274739e-03
-1.681006e-02
1.804977e-02
7.270481e-03
-7.307959e-02
-4.101100e-02
7.952083e-03
-1.388286e-01
-8.943909e-02
-2.672007e-02
-3.753915e-02
-2.523414e-02
-2.644116e-02
-8.984322e-03
-2.886881e-02
3.598727e-02
-3.239916e-02
-3.393386e-02
5.021021e-02
1.368579e-02
2.026973e-02
3.450588e-03
1.790960e-03
-1.105753e-02
-4.925175e-03
-1.266774e-02
-1.294704e-02
-1.643821e-02
4.511975e-02
1.919295e-02
-4.161618e-02
4.686774e-02
9.333312e-03
-1.433308e-02
4.396450e-02
-2.185953e-02
3.248950e-02
-3.555922e-02
-9.024328e-03
2.899925e-02
-3.003813e-03
-1.616310e-03
3.822386e-02
2.691486e-02
-3.362103e-02
-5.840313e-03
2.767939e-02
-3.717313e-02
-1.951136e-02
-1.720250e-02
-7.301605e-03
3.496942e-02
2.035002e-03
-5.373299e-02
2.614027e-02
5.563508e-03
-2.206856e-02
-2.107194e-04
1.810585e-02
3.368877e-02
2.218207e-02
4.035608e-03
-9.074777e-03
1.710436e-02
-8.045063e-03
4.093225e-03
-2.740094e-02
4.247099e-03
4.763983e-02
-5.008366e-02
-1.179163e-01
1.037941e-01
-2.191888e-02
6.552373e-02
-9.494904e-02
-4.251032e-02
-7.448241e-04
1.853378e-02
2.417503e-03
1.036523e-01
-1.756875e-02
-1.221114e-02
-8.556672e-03
-1.681752e-02
-1.824024e-02
6.179947e-03
6.280325e-02
-6.227474e-03
-7.100706e-03
3.438134e-03
-1.236663e-02
-2.226159e-02
-4.301038e-02
-9.970738e-03
-5.371058e-02
-2.921458e-02
9.654491e-03
-6.244395e-02
-1.468772e-02
3.849090e-02
2.130975e-02
5.588412e-02
-1.523715e-02
2.709008e-02
-3.678912e-02
-3.457524e-02
-2.027927e-02
-4.135346e-02
8.193766e-02
1.922563e-02
-4.062335e-03
-3.077465e-02
4.956793e-02
-1.292340e-01
7.873835e-02
4.972172e-02
4.499003e-03
-6.449153e-02
2.954019e-02
-4.738107e-03
-1.246432e-02
1.356739e-02
2.284705e-02
-2.741076e-02
4.485653e-02
1.953815e-03
4.414875e-03
-8.303629e-03
5.686849e-02
-7.715498e-02
-4.419449e-02
3.570980e-02
5.971719e-02
-2.129115e-02
1.006060e-02
1.394160e-02
-2.758017e-02
4.920443e-02
8.732012e-03
-5.890908e-02
-4.303159e-02
1.531114e-02
-2.018673e-02
-1.708188e-02
-1.452715e-02
2.384498e-02
1.597702e-02
-3.618744e-02
-4.091339e-02
2.776486e-03
1.375153e-02
-6.516246e-02
1.094637e-01
-2.248114e-02
-2.053735e-02
-4.399988e-02
2.230340e-02
2.500796e-02
5.140802e-02
-3.567692e-03
2.215011e-02
-7.988986e-03
-1.978538e-02
-5.578025e-03
-1.470214e-02
-2.740892e-02
2.764003e-03
4.202604e-02
-3.978861e-02
3.088565e-02
-5.281281e-02
5.225983e-02
-3.039815e-02
4.165957e-02
-1.557305e-02
1.513623e-02
8.882140e-02
-5.079187e-02
1.135381e-02
2.034657e-02
3.729170e-02
-1.368632e-02
-7.433183e-02
-2.295167e-02
2.546048e-02
1.765294e-02
3.064912e-03
3.660121e-02
8.961922e-04
-1.121859e-02
-3.622070e-02
4.167172e-02
-5.782650e-02
5.865348e-02
1.864214e-02
-4.048830e-02
-2.018843e-02
-1.623678e-02
-5.392450e-02
4.984498e-03
1.199123e-02
-1.196030e-02
