2.306417e-04
3.138987e-02
1.625134e-02
-4.465485e-02
-2.061748e-02
5.425804e-03
-4.027352e-02
-2.935961e-02
1.448403e-02
7.970585e-03
-3.112481e-02
-1.194395e-02
6.246255e-03
-3.232929e-03
1.225177e-02
2.231937e-03
-4.024075e-02
-1.671089e-02
3.171051e-02
2.697935e-02
-3.248689e-02
2.048235e-02
9.209613e-03
-1.239521e-02
4.206776e-02
1.888835e-02
4.146389e-03
-1.462585e-02
-3.466137e-02
-2.138649e-02
-3.397809e-02
-3.536141e-02
1.134309e-04
-1.558379e-03
-2.473408e-02
3.298341e-03
-2.942501e-02
-1.684129e-02
1.363182e-02
-3.134944e-02
-1.526405e-02
1.301239e-02
-2.105409e-02
-1.518236e-02
1.879706e-02
2.217561e-02
1.471126e-02
5.785945e-03
-2.777112e-03
1.641888e-03
-4.320306e-03
-2.729628e-02
-3.081479e-02
-3.073156e-02
1.185116e-02
-1.250324e-02
1.726347e-02
2.342788e-02
1.487594e-02
6.795138e-03
5.220635e-02
1.693475e-02
-2.906546e-02
-9.743952e-03
-1.190149e-02
-1.332986e-02
3.511234e-03
-4.370986e-02
-5.143903e-02
2.207829e-03
-3.986612e-02
-4.305436e-02
3.868192e-02
1.294460e-03
1.251216e-02
1.495282e-02
-1.676700e-03
-8.095690e-03
3.505661e-02
-1.681794e-02
-5.209082e-03
1.014543e-02
9.676998e-03
-2.033167e-02
6.866928e-03
1.541594e-05
-3.069502e-02
9.306058e-03
-4.058107e-03
-3.041947e-03
-1.622108e-02
-3.377164e-02
1.402211e-02
1.202302e-02
2.771710e-02
3.619928e-02
1.651218e-02
1.688404e-02
4.762560e-02
-2.024576e-02
-3.645517e-02
-1.411053e-02
-1.941217e-02
-1.814795e-02
-1.849637e-02
-3.850057e-02
-1.778131e-02
-1.862188e-02
1.576141e-02
1.895409e-02
1.291253e-02
1.456842e-02
-6.550787e-03
2.173190e-02
-7.405237e-03
-1.664387e-02
8.876032e-03
1.986147e-02
-1.031137e-03
-4.555791e-02
5.011886e-03
-3.404782e-02
-4.078204e-02
-2.810800e-02
-1.453518e-02
-4.612330e-03
1.132478e-02
-1.586632e-02
2.153489e-03
5.309442e-03
-3.728262e-02
-4.092998e-02
-4.525246e-02
-6.941058e-02
-6.007991e-02
7.366355e-03
3.212790e-02
1.322564e-02
3.382660e-02
3.104896e-02
1.557141e-02
6.508170e-03
4.007476e-02
3.742430e-02
2.482067e-02
1.180149e-02
-7.794337e-03
6.337218e-03
2.694611e-02
5.597101e-03
1.759770e-02
1.934471e-02
-3.760702e-03
4.225739e-03
1.381261e-03
-5.712103e-03
-3.663184e-02
5.999743e-03
4.085473e-03
1.934960e-03
-2.084553e-02
-1.205729e-02
2.142423e-02
1.161779e-02
1.101133e-02
1.350149e-02
1.149237e-02
-2.870355e-02
1.336936e-02
2.255917e-02
-1.925851e-02
-2.496917e-02
-1.578268e-02
-3.783482e-02
-1.007614e-02
-3.062594e-02
2.383939e-02
-2.608743e-02
3.592444e-02
3.941734e-02
-2.633391e-02
-2.298333e-02
-5.209645e-02
-1.083048e-02
-1.274020e-02
-1.976109e-02
2.430116e-02
9.182169e-03
-3.578178e-02
3.673541e-02
1.609472e-02
2.250578e-02
2.119765e-02
3.622999e-02
1.453441e-02
9.896656e-03
2.230969e-02
1.960198e-03
-8.459067e-03
3.553122e-02
1.756880e-03
-1.590793e-02
1.625750e-03
9.989610e-03
-1.375487e-02
-9.753208e-03
1.660466e-02
-3.873032e-02
-1.874291e-02
-1.933686e-02
1.518759e-02
-5.677318e-03
-2.324815e-03
1.919776e-02
-1.697829e-02
-4.432938e-02
-1.078678e-02
-3.237161e-03
-2.509657e-02
4.563140e-03
-2.887027e-02
-8.452863e-03
8.905903e-03
-1.879630e-02
9.914426e-03
3.687862e-03
2.014376e-02
-1.641827e-02
-1.080533e-02
-1.916215e-02
-3.858396e-02
-2.463983e-02
-4.861859e-03
-3.258122e-02
-1.055343e-02
-3.455467e-02
-3.498377e-02
-1.348988e-02
-2.402765e-02
-5.689007e-02
3.907745e-02
-6.895014e-03
-4.065743e-02
1.638008e-02
-3.098446e-02
-2.867842e-02
4.553599e-03
2.785613e-02
1.083692e-03
2.332122e-02
2.464546e-02
5.194011e-03
-1.745326e-02
6.168476e-03
3.135775e-02
-1.226397e-02
-4.685572e-02
2.624395e-03
-1.487431e-02
-8.398025e-03
7.659652e-04
-2.029989e-02
3.950091e-02
3.931948e-02
-1.999652e-02
-1.327784e-02
3.967981e-02
1.261194e-02
-2.169337e-02
3.244084e-02
1.341934e-02
-6.675108e-04
7.549604e-03
-7.290919e-04
-1.364713e-02
-2.026320e-02
2.381451e-04
5.831514e-04
-1.212467e-03
-4.716113e-02
-2.673345e-03
-2.460885e-02
-3.220472e-02
-2.468992e-02
-6.119695e-02
-2.068016e-03
-1.072058e-02
1.190206e-02
1.090311e-02
2.934956e-02
1.109280e-02
8.095345e-03
2.062666e-02
3.243610e-02
4.077576e-03
4.902372e-03
9.645382e-03
2.994001e-02
5.266794e-03
-2.572416e-03
2.423259e-02
7.101824e-03
-1.651536e-02
3.007342e-02
1.689439e-04
-3.737738e-03
-2.069577e-02
1.705183e-02
8.849121e-03
5.984990e-03
3.780976e-02
-2.098643e-02
3.165667e-02
7.814295e-03
2.283189e-02
-1.054211e-02
2.131044e-02
1.545156e-02
-9.549403e-03
9.580131e-03
9.103893e-03
2.125761e-02
1.490649e-02
2.059326e-02
8.361787e-03
4.267853e-02
2.208254e-02
-8.374764e-04
1.036622e-02
-8.452072e-03
-2.826092e-02
-3.928663e-02
6.887201e-03
-1.265810e-02
-2.129476e-02
1.698784e-02
2.934088e-02
2.095003e-02
-4.346141e-03
3.155044e-02
1.466271e-02
1.064539e-02
-4.577240e-03
-1.838002e-02
7.636770e-03
-9.930999e-03
-1.688266e-02
-6.534554e-03
-6.771552e-02
-1.463784e-02
-2.116209e-02
2.604857e-02
2.449622e-02
3.348402e-02
1.526948e-02
2.159420e-02
7.044645e-02
1.751882e-02
-1.295665e-02
3.024682e-02
-1.106336e-02
-2.730795e-02
-2.653607e-02
1.312312e-02
-1.141460e-02
-7.813069e-03
-8.022770e-03
-1.156323e-02
-1.309624e-02
1.811920e-02
-1.087009e-02
4.016729e-03
2.812705e-02
9.127365e-03
5.830478e-03
1.758847e-02
1.512101e-02
-1.065532e-02
-4.854696e-02
4.520777e-02
4.098735e-02
-8.912651e-03
3.071765e-03
3.542196e-02
-2.336661e-03
1.660116e-02
-3.243715e-03
2.661623e-02
4.210125e-04
3.720891e-02
3.403325e-03
2.141446e-02
3.097827e-02
7.831715e-03
3.245008e-02
3.574070e-02
4.367036e-03
1.892478e-02
2.141609e-02
2.971545e-02
-2.455683e-03
3.615683e-02
5.572620e-03
5.581697e-02
1.922444e-02
-1.787151e-02
-2.606618e-02
-1.157214e-02
-1.848595e-02
-2.130000e-02
-8.537605e-03
7.542497e-03
-2.832984e-02
-1.098497e-02
-1.568442e-02
-3.519111e-02
-5.144881e-02
-9.374672e-03
-4.642195e-02
-2.015684e-02
-1.183707e-02
-1.359927e-02
2.715566e-02
-6.290410e-03
-1.149122e-02
-1.986663e-02
1.404175e-02
-1.524346e-02
-2.578694e-02
-4.978695e-03
-1.700249e-02
-3.672947e-02
-1.238089e-02
-1.846034e-02
1.485027e-02
1.850167e-02
5.808275e-03
-8.487325e-04
3.470878e-02
2.771712e-02
1.916741e-02
2.140595e-02
4.852447e-03
7.662417e-03
2.071579e-02
1.009595e-02
-3.346502e-02
-1.287509e-03
-2.292824e-02
-2.759830e-02
8.907265e-03
-1.905096e-02
-3.664061e-02
-3.450070e-02
-3.790575e-02
-4.097780e-02
-4.710526e-02
-5.189699e-02
-1.848087e-02
-2.218428e-02
-2.857384e-02
-1.884126e-02
-1.900810e-02
-2.210384e-02
2.276941e-02
4.087757e-03
3.389322e-02
3.778449e-02
8.567313e-03
-1.837812e-02
-3.702029e-02
-9.814131e-03
-2.176021e-02
-3.783130e-02
-1.397477e-02
1.518322e-03
-9.175383e-03
1.147974e-02
1.245958e-02
2.833625e-02
1.106092e-02
3.777227e-02
5.335211e-02
-1.163426e-02
6.654411e-02
4.174468e-02
1.873335e-03
-7.327113e-03
-2.956550e-02
-2.342547e-02
-1.625652e-02
-1.217681e-02
1.948536e-02
8.618984e-03
-1.810225e-02
-6.051850e-03
-1.370752e-02
-7.443096e-04
-1.068342e-02
-1.663628e-02
2.942852e-02
1.529156e-02
2.272941e-03
6.709336e-03
-9.174687e-03
6.337813e-03
-9.951089e-03
4.012807e-02
7.601613e-03
1.395657e-02
2.069766e-02
1.328602e-02
-4.781926e-03
-3.294170e-02
-3.423940e-02
-2.776151e-02
-1.581255e-02
-5.484129e-02
-5.917760e-02
4.792175e-04
-9.822443e-03
-1.931154e-02
-2.187578e-02
-1.390427e-02
-1.578621e-02
1.578121e-02
-1.699208e-02
-3.057621e-02
9.544159e-04
-2.564354e-02
-2.146520e-02
2.516477e-02
3.656541e-03
1.466104e-02
1.616409e-02
3.916640e-02
3.616684e-02
1.944424e-03
3.856665e-03
-1.352051e-03
1.996579e-02
-5.001778e-03
1.365937e-02
2.081809e-02
-5.991613e-03
-1.375301e-02
2.061434e-02
2.030265e-02
8.930606e-03
-2.568879e-02
-5.632535e-02
-4.557929e-02
-4.505489e-02
-9.272544e-02
-3.999463e-02
-4.544869e-02
-7.931440e-02
-7.500637e-03
-1.222557e-02
-3.070716e-03
-7.033548e-03
1.957335e-02
1.997719e-02
-3.471662e-02
2.784932e-02
1.657725e-02
-1.417905e-02
1.214661e-02
-7.104877e-03
-2.067794e-02
2.650564e-02
1.865744e-02
6.921465e-03
-5.847746e-03
2.263312e-02
2.148801e-02
1.458157e-03
1.396162e-04
3.531239e-03
9.078780e-03
2.621371e-03
2.907369e-02
-1.190660e-02
-1.254824e-02
2.409059e-02
2.397880e-02
6.811434e-03
3.796826e-02
2.781087e-02
6.764558e-03
1.117738e-02
-1.814260e-02
1.265747e-02
-1.645461e-02
-2.118454e-02
-5.330269e-02
-2.371889e-02
4.742050e-04
-4.585889e-02
-9.126925e-03
1.337537e-02
-3.601251e-03
1.404810e-02
7.469809e-03
-1.945777e-02
-4.127448e-02
3.310295e-03
-3.181380e-02
-2.162019e-02
1.085931e-02
-3.430026e-02
-1.687443e-02
4.217362e-03
-1.634677e-02
1.163369e-02
1.000164e-02
9.103705e-03
-1.481786e-03
1.251549e-02
6.190680e-03
1.786828e-02
2.911553e-02
3.029037e-02
1.876863e-02
5.645239e-03
2.365333e-03
1.789309e-02
1.979679e-02
1.600325e-02
3.200325e-02
1.973586e-02
9.006728e-03
2.015666e-02
3.634739e-02
3.291836e-03
-9.968983e-03
3.341658e-02
3.603210e-02
5.822862e-03
-3.011392e-02
-3.836579e-02
-5.309176e-02
-3.459527e-02
-2.755629e-02
-4.703269e-02
-3.691673e-02
-1.492044e-02
-3.275385e-02
3.953326e-02
7.255711e-02
2.526947e-02
4.814335e-02
8.060422e-02
3.351339e-02
1.454592e-02
3.827875e-02
2.505590e-02
-2.788263e-02
-2.989190e-02
-5.378726e-02
-6.646656e-03
-1.676271e-02
-2.409860e-02
1.868230e-02
-2.286570e-03
-1.239826e-02
-9.559059e-03
-1.156540e-02
3.418940e-02
-1.335042e-02
-2.626426e-02
2.646748e-02
-3.414642e-02
-1.387520e-05
2.383146e-02
-2.619424e-02
9.525487e-03
4.673403e-03
-1.466928e-02
-1.881215e-02
-4.111519e-02
-7.052176e-03
-1.106518e-02
-4.033217e-02
-3.066849e-02
2.207419e-03
-1.378406e-02
-1.660974e-02
-2.702866e-02
-3.023253e-02
-2.620671e-03
1.637569e-03
-4.349371e-02
5.710809e-03
1.270075e-02
-2.261927e-02
-2.568126e-02
1.523359e-02
-1.925331e-02
-2.091541e-02
-1.407427e-02
-6.177430e-03
3.669372e-03
-9.401555e-03
-1.160594e-02
2.333852e-02
-1.000422e-02
-3.330564e-03
2.542967e-02
1.861519e-02
-2.122849e-02
3.285046e-02
5.647558e-03
9.970527e-03
1.745099e-02
-1.463969e-02
1.869813e-02
-1.793156e-02
1.875666e-03
4.161103e-04
-2.576241e-03
1.613476e-02
-3.917489e-04
2.589896e-02
-1.341592e-03
2.866223e-03
2.400274e-02
-1.276296e-02
-2.903960e-02
9.472553e-03
1.327371e-02
2.329248e-02
-1.125157e-03
4.478792e-02
2.261502e-02
-2.142732e-02
7.191848e-03
4.160113e-02
-1.710430e-02
-2.481986e-02
9.760692e-03
-2.023721e-02
-2.366458e-02
-5.542984e-03
-8.316598e-03
-1.041452e-02
-6.667943e-03
-2.232450e-02
-3.086632e-02
-5.316030e-02
6.156002e-04
-5.428933e-02
-6.607019e-02
-3.252103e-02
-2.894312e-02
-3.083032e-02
1.097015e-02
-1.263259e-02
2.970086e-02
2.419895e-03
5.945851e-03
-1.504295e-02
-2.901292e-02
-1.988042e-02
-2.652919e-02
5.680272e-02
3.123097e-02
2.127228e-02
3.354136e-02
2.305093e-02
1.368115e-02
2.601407e-03
2.730960e-02
9.972271e-03
-2.715527e-02
-5.367403e-03
-9.822078e-03
3.097501e-03
1.233121e-02
4.069162e-03
4.443042e-02
2.668959e-02
2.742648e-02
-2.251836e-02
-9.603688e-03
-3.079189e-02
-9.666552e-03
3.815132e-03
-1.101273e-03
-3.855518e-02
-9.757709e-03
2.606236e-02
-4.103005e-02
-2.400440e-02
-4.152927e-02
-7.349745e-02
-3.537095e-02
-1.417590e-02
-1.539549e-02
-3.068331e-02
-1.186889e-02
-1.140263e-02
3.273276e-03
8.813194e-03
-3.734496e-02
-2.051244e-02
8.389203e-04
-6.814117e-03
8.037699e-03
1.029116e-03
6.789980e-03
1.638517e-02
-1.030101e-02
1.402579e-02
-1.481063e-02
-2.500849e-03
3.465626e-03
1.975060e-02
3.333309e-02
4.322458e-02
1.680606e-02
3.109373e-02
2.218551e-02
-1.273984e-02
4.652982e-03
-8.942846e-03
1.718776e-02
-7.697482e-03
-4.245172e-02
-1.691418e-02
1.575211e-02
-5.411127e-02
-3.938028e-02
-2.208767e-02
-4.236052e-03
9.483529e-03
2.290180e-02
-1.413588e-02
3.545354e-02
2.101965e-02
-2.442968e-02
1.463315e-02
4.506997e-02
1.567546e-02
2.027135e-02
5.185833e-02
-1.112591e-02
1.178007e-03
-1.787165e-02
2.482869e-02
1.393799e-02
2.655527e-03
2.310825e-02
3.550524e-02
2.099378e-02
-1.037499e-03
-5.394121e-03
2.875781e-02
3.004773e-03
2.086549e-02
7.402124e-03
7.451534e-03
1.694986e-02
-7.682224e-03
-2.759561e-02
-9.657098e-03
-3.305143e-02
-2.887746e-02
-2.244700e-02
-8.792550e-03
-2.960336e-02
-2.257064e-02
3.623344e-03
-1.215701e-02
-1.253848e-02
1.039614e-02
-2.830857e-02
-4.009775e-02
-3.910139e-02
-1.754051e-02
-3.120343e-03
2.260700e-04
-3.028542e-02
-3.477839e-02
-1.910101e-03
-1.439823e-02
1.829560e-02
1.703563e-02
3.486945e-02
-4.055157e-03
7.042583e-03
-1.769996e-02
-2.540529e-02
2.392405e-02
-2.934952e-02
8.780384e-03
3.461757e-02
-1.373039e-02
-2.327006e-02
4.324557e-02
-1.482120e-02
-9.283976e-04
-3.009016e-02
-8.378197e-03
5.235098e-03
-1.016594e-02
-3.672582e-02
-3.129338e-02
-1.029596e-03
-8.175548e-03
1.078362e-02
2.378898e-02
1.567282e-02
6.159276e-02
6.865653e-02
5.255199e-02
3.644034e-02
1.541908e-02
8.771123e-03
8.825862e-03
-1.933947e-02
-1.380037e-02
-2.516664e-02
4.272216e-03
7.853201e-03
4.667757e-03
2.449942e-04
8.458675e-04
-1.315237e-02
-4.646721e-02
-4.281780e-02
-4.836178e-02
-3.630316e-02
-9.295173e-03
-3.603718e-02
-5.573115e-02
-9.742171e-03
-1.616700e-02
1.100086e-02
2.636334e-02
4.459435e-02
4.725026e-02
3.032901e-02
5.067095e-02
3.858087e-02
-2.214437e-02
-1.638886e-02
-7.439073e-03
8.422047e-03
3.944255e-02
2.967099e-03
-8.255420e-04
6.566055e-03
-1.232550e-02
3.320465e-02
4.605889e-02
2.134594e-02
3.003604e-02
-1.687835e-03
-1.269777e-02
-6.287005e-03
-1.057632e-02
2.157373e-03
-3.270535e-02
-7.427355e-03
-1.937024e-02
-2.456609e-02
1.409054e-02
-3.437685e-02
-1.692884e-02
-1.727032e-02
3.329370e-02
1.080271e-02
-1.907303e-03
-1.495407e-03
-7.891911e-03
-1.775029e-02
-6.370306e-03
5.516582e-03
-1.118212e-02
-1.247983e-02
2.255810e-03
-4.405345e-02
-3.569862e-02
1.493257e-02
-9.046597e-04
-2.064270e-02
2.061200e-04
-1.185119e-02
-1.283999e-02
-8.726283e-03
-2.447048e-02
-2.894400e-02
2.702608e-02
9.224107e-03
3.920064e-02
-1.047737e-02
-2.476142e-04
6.214693e-03
1.349792e-02
-5.596379e-03
2.302763e-02
-3.620568e-02
2.927864e-04
6.703530e-03
5.290257e-03
2.256462e-02
3.679539e-02
6.076703e-02
4.396790e-02
2.970366e-02
5.038920e-02
8.111031e-02
4.319668e-02
4.042003e-02
2.825313e-03
1.417597e-02
-5.891273e-03
1.410007e-02
1.346086e-02
1.513874e-02
1.728790e-02
-9.220686e-03
4.845877e-03
1.637022e-02
7.517766e-03
-3.834953e-02
1.299486e-02
3.797331e-02
-2.844412e-03
-1.016870e-02
-2.212717e-02
-3.747424e-02
-2.227979e-02
-3.370987e-02
-1.698247e-02
2.266643e-02
3.725063e-02
-4.733712e-02
-1.276244e-02
1.969658e-02
-2.064201e-02
1.129021e-02
2.859769e-02
-3.667060e-02
3.004053e-03
2.374339e-02
-5.448576e-02
-1.277950e-02
2.450769e-02
-7.173959e-03
1.914005e-02
3.262272e-02
-1.640449e-02
7.326138e-03
1.676835e-02
1.025552e-02
-2.508677e-02
-1.379553e-02
2.191380e-02
6.640154e-04
-1.551613e-03
-5.799275e-02
-5.264719e-02
-2.362927e-02
-2.236870e-02
-2.014840e-02
-3.120209e-02
-2.087687e-02
-4.625981e-02
-3.447543e-02
-7.608162e-03
-4.493991e-02
-1.209511e-02
-7.900627e-03
-5.735161e-02
-1.854649e-02
1.736862e-02
-2.808614e-02
4.576462e-03
8.532709e-03
-1.628936e-02
-2.113002e-02
-1.743297e-02
1.542475e-03
2.625456e-02
-7.615284e-03
-1.739136e-02
-3.455251e-05
2.170845e-02
4.324191e-03
-2.325975e-03
8.140749e-03
2.515676e-02
1.770709e-02
4.505138e-03
4.498947e-02
3.184753e-02
-3.377344e-02
-1.043726e-02
-2.104116e-02
1.240713e-04
3.983700e-02
3.360809e-02
-7.564297e-03
7.003726e-03
1.160645e-04
6.374676e-03
5.007087e-03
1.146713e-02
2.452303e-02
7.575606e-03
-2.068494e-02
2.786522e-02
2.270691e-02
-2.208454e-02
9.299835e-03
-2.061757e-03
-2.277420e-02
1.545371e-02
6.266871e-03
-3.224606e-03
6.105698e-02
2.787383e-02
2.985060e-02
2.168095e-02
1.421430e-02
2.067543e-02
-2.538780e-04
-4.678316e-03
5.434417e-03
1.487794e-02
-1.874124e-02
-1.572756e-02
9.230033e-03
-1.085021e-02
-1.986732e-02
-1.980582e-02
-2.851103e-02
2.901374e-02
-1.680732e-02
-7.136052e-03
2.118652e-02
4.083944e-02
5.274173e-03
-7.468329e-04
3.316687e-02
1.262496e-02
2.143133e-02
2.225916e-02
3.773631e-02
-4.368218e-03
-1.794601e-02
-3.970287e-03
8.070587e-03
-4.919986e-03
-8.644857e-03
2.698775e-03
-2.335802e-02
-2.518440e-03
1.577786e-02
-1.945456e-02
3.767367e-03
2.516405e-02
-4.753584e-04
4.741697e-02
5.200657e-02
2.568171e-02
7.167888e-02
2.571128e-02
-1.435411e-02
-4.069772e-02
-5.538753e-02
-5.146623e-02
-5.031494e-02
-1.673860e-02
1.198898e-02
-1.767454e-02
-5.187850e-02
2.720012e-03
8.055663e-03
6.857305e-03
-7.475516e-03
1.597500e-02
-1.182487e-03
-8.873121e-03
-5.018305e-03
-5.032025e-03
-4.918183e-02
-1.972743e-02
-9.394334e-03
-1.780984e-02
-3.598863e-03
-1.076873e-02
3.823294e-03
-1.650678e-02
2.053757e-02
1.996739e-02
6.255873e-03
9.367280e-03
2.833933e-02
1.086506e-02
6.800008e-03
5.900976e-03
2.095446e-02
2.271355e-03
1.728150e-02
1.064701e-02
1.846372e-03
9.714334e-04
2.160187e-02
2.708814e-02
-2.581451e-02
-3.341963e-02
-3.186319e-02
1.823768e-02
-2.518482e-02
-3.352097e-02
-2.289443e-02
-2.980477e-02
-4.094308e-02
-1.911851e-02
-2.927417e-02
-7.808705e-03
-1.890801e-02
-3.724730e-02
-1.805318e-02
-1.904994e-02
-3.640613e-02
-1.855874e-02
-4.387196e-02
-3.728021e-02
-8.044513e-03
7.106373e-04
1.926960e-02
-2.770870e-02
-1.012148e-03
-1.493295e-02
-1.460099e-02
4.027509e-02
-1.079447e-04
-2.894578e-02
-3.193479e-02
-4.525440e-02
1.906399e-03
6.687035e-03
4.699071e-03
-9.206072e-03
7.792288e-03
-3.494638e-03
-9.463813e-03
3.981233e-02
2.005399e-02
-9.807087e-03
3.067818e-02
2.739991e-02
-4.712387e-03
2.120943e-02
-4.158910e-03
-5.535261e-03
1.936628e-02
-5.089349e-02
-3.056139e-02
1.057132e-02
-1.167780e-02
-2.319874e-02
1.419141e-02
-5.055928e-03
1.327300e-03
3.222684e-04
-1.899897e-02
-7.894839e-03
-1.625231e-03
1.180804e-02
-7.635497e-03
-1.034620e-02
-1.071151e-02
6.406094e-03
2.194616e-02
-1.200807e-02
-4.336187e-04
-3.588378e-03
-1.310653e-03
-2.017530e-02
1.354694e-02
8.581548e-03
-4.341229e-03
-1.306177e-02
-1.599630e-02
-2.440430e-03
8.584226e-03
-3.901026e-03
1.360549e-02
3.182139e-03
-1.856873e-02
-1.061368e-02
9.522655e-03
2.788609e-03
-6.414214e-02
1.599667e-02
2.707506e-04
2.369043e-03
1.528326e-02
5.674616e-03
-2.067861e-02
-2.043755e-02
-1.239416e-02
-3.899612e-02
-3.611971e-02
-3.903337e-02
-4.806488e-02
-3.413584e-02
-1.441989e-02
-2.862850e-02
-2.710297e-02
1.762099e-02
1.933901e-03
-2.937150e-02
-2.638652e-02
7.822715e-03
-2.310072e-02
8.845748e-03
1.552912e-02
-1.945680e-02
2.253845e-04
-2.840880e-02
1.904637e-02
2.619436e-02
2.590404e-02
4.262565e-02
6.490126e-02
-2.348726e-02
8.871226e-03
-1.788120e-02
-1.960579e-02
-3.215311e-02
-2.701953e-02
1.491716e-02
-3.901362e-02
-2.926950e-02
2.047317e-02
-1.592219e-03
-1.526246e-02
-5.354490e-02
7.716672e-03
-1.315533e-02
-4.662165e-03
4.285740e-03
4.174207e-02
1.990039e-02
5.439624e-03
-2.540043e-02
-1.154776e-02
4.145271e-03
5.211905e-03
-2.155801e-03
-1.640869e-03
3.626289e-02
1.938003e-02
-2.720168e-02
-2.294957e-02
-2.221277e-02
-2.898069e-02
-2.571800e-03
-2.134067e-02
-2.911631e-02
-3.459058e-02
-5.556562e-03
-2.806371e-02
1.054435e-02
-9.270398e-03
-4.898551e-03
-1.801710e-02
-6.651088e-04
-2.361275e-02
1.032744e-02
2.122847e-02
-4.060562e-02
-4.755769e-02
-3.733256e-03
-6.220872e-02
-1.888500e-02
1.966430e-02
-4.312328e-02
-1.098339e-02
4.514360e-02
3.222839e-02
2.778156e-02
3.190188e-02
-2.517495e-02
4.360393e-03
4.486815e-03
-5.721482e-02
-2.860249e-02
7.083014e-05
-2.585070e-02
-2.628225e-02
-4.719075e-03
6.955982e-03
-2.555129e-02
5.329179e-03
-1.201242e-02
-2.733717e-02
-4.542835e-02
-9.551506e-03
-2.132504e-02
1.582601e-02
-4.159092e-02
-3.616835e-02
5.973417e-03
-2.285489e-02
-3.562632e-04
3.043095e-02
-6.033060e-03
-2.679685e-02
-2.740012e-02
-1.550470e-02
1.388197e-02
1.605770e-02
-1.235482e-02
4.194659e-02
3.872760e-02
-1.046340e-03
-3.359881e-02
-1.394675e-02
8.878307e-03
-2.257273e-02
-2.917140e-02
3.499447e-02
2.943394e-03
1.131359e-03
-5.082370e-02
-9.049291e-03
3.057787e-02
2.831586e-02
3.264147e-02
4.541657e-02
5.479492e-02
7.599122e-02
5.575418e-02
-1.644929e-02
-1.103005e-02
-1.691665e-02
4.718774e-03
1.436430e-02
-3.425978e-02
-2.567857e-02
-1.301843e-02
-1.153147e-02
-2.117812e-02
1.023729e-02
-1.010047e-02
2.376044e-02
-1.969077e-02
3.093423e-04
5.081831e-02
1.882641e-02
-2.879560e-03
2.295933e-02
-4.539377e-03
-9.727021e-03
2.119866e-02
1.681102e-02
4.845252e-02
5.596409e-02
5.327755e-02
-4.237140e-03
-3.696727e-02
-5.409315e-03
3.948134e-02
-3.022453e-02
3.049576e-02
3.175310e-02
1.786161e-02
8.421680e-02
-1.745217e-02
-2.095454e-02
-2.170137e-02
-3.155867e-02
-4.113066e-02
-8.634520e-02
-3.947294e-02
-1.628767e-02
-2.491872e-02
-2.240431e-02
1.203859e-02
-2.660843e-03
8.903908e-03
-4.167282e-02
-3.270206e-02
-1.871795e-02
-3.761876e-02
-1.070554e-02
-2.686261e-02
-8.520331e-03
1.077345e-02
-2.697009e-02
3.940572e-04
-3.014760e-02
1.104628e-02
-7.461012e-02
-1.295103e-02
1.610836e-04
3.647543e-02
-6.910991e-03
1.023376e-02
-3.889501e-02
-1.724423e-02
-4.639515e-02
-3.879417e-02
-1.952766e-02
-1.653295e-02
2.005269e-03
-2.246205e-02
2.598513e-05
7.855888e-03
-7.263539e-03
2.552532e-02
-2.799451e-03
3.439523e-02
2.538376e-02
3.884839e-02
1.979171e-02
4.559510e-03
-3.118241e-03
2.307114e-02
1.586350e-02
2.183904e-02
-1.251791e-04
-9.579360e-03
1.547642e-02
2.380306e-02
2.054510e-02
3.048731e-02
3.979770e-02
1.482398e-02
-1.485948e-02
-3.486856e-02
-4.498046e-02
-5.654457e-02
-5.631645e-02
8.195682e-03
1.881997e-02
5.226459e-02
4.129992e-02
2.430047e-02
5.323592e-02
1.465322e-02
1.419075e-02
1.510264e-02
6.894937e-03
-3.636318e-02
-1.708305e-02
-3.654715e-02
-1.598485e-02
-6.611451e-03
1.765425e-02
8.601766e-03
-4.556552e-03
-1.025209e-02
2.124310e-02
1.292124e-02
5.545783e-03
-3.489288e-03
-6.530970e-03
-1.256544e-02
2.569492e-04
-4.509558e-03
-3.572217e-02
-3.144375e-02
3.540316e-03
-3.319579e-02
-7.251863e-03
-3.920139e-02
6.300934e-02
3.407439e-02
2.062206e-02
6.638613e-03
3.563706e-02
-2.414266e-02
-1.311086e-02
-8.542960e-03
-1.299087e-02
2.610666e-02
1.869417e-02
2.025801e-02
-2.329557e-02
3.586480e-03
-3.451914e-02
-1.356374e-03
2.508115e-02
-1.802774e-03
9.343684e-04
1.479305e-02
-2.145195e-02
-1.111340e-02
-1.791033e-02
-1.778223e-02
-4.618201e-02
-1.717556e-02
-3.286273e-02
-2.168809e-02
-9.745199e-03
2.006582e-02
1.346855e-02
-3.731577e-04
-2.807944e-02
1.064636e-02
-5.564621e-02
-2.213665e-02
7.237730e-03
-4.064119e-02
-1.693409e-03
1.575253e-02
-5.871804e-02
-2.437775e-02
-1.786275e-02
-4.828189e-02
-1.005544e-02
5.507546e-02
1.232890e-03
3.263725e-02
-2.838344e-03
7.665329e-03
6.580713e-03
2.290302e-02
-1.133399e-02
3.266280e-02
4.369269e-02
-5.802246e-02
-1.508529e-03
1.364891e-02
-5.398363e-02
-1.541268e-02
7.113426e-03
-3.654226e-02
-4.189100e-02
9.725096e-03
-3.787619e-02
1.028930e-02
4.582260e-02
-1.806638e-02
2.696438e-02
2.103218e-02
-1.244134e-02
1.769592e-02
5.945325e-02
3.343971e-02
1.545541e-02
8.848156e-03
-1.329229e-03
5.804267e-03
1.401125e-02
-2.435837e-03
1.939571e-02
-2.995453e-02
-1.270941e-03
8.588847e-03
1.938663e-02
1.220795e-02
4.302735e-02
1.707829e-02
4.097534e-02
8.617274e-03
-2.184808e-02
2.170207e-02
2.161050e-02
2.534712e-02
2.706187e-02
1.094871e-02
3.588472e-02
-1.046623e-02
3.790810e-03
-4.049262e-02
1.821353e-03
-3.271131e-02
-2.716488e-02
-1.399561e-02
1.540742e-02
-1.489008e-02
1.565199e-03
-9.054701e-03
-2.832973e-02
-1.939172e-02
-9.996583e-03
-1.870560e-02
7.182768e-03
7.769481e-03
1.192483e-02
1.924421e-02
2.827169e-02
1.528580e-02
4.277647e-02
-1.218696e-02
1.089297e-02
-4.490898e-02
-1.967699e-02
-1.800282e-02
6.093559e-03
-8.784845e-04
-9.065185e-03
-8.443832e-03
6.511657e-03
-1.090898e-02
-5.008966e-02
-2.246250e-02
-3.311472e-02
-6.129336e-02
-4.314572e-02
-1.156288e-02
-1.150709e-02
-2.184794e-02
-3.809383e-03
-2.260873e-02
-3.032243e-03
-4.000066e-03
-3.659272e-04
2.187856e-02
1.360365e-02
-1.825760e-03
-3.113018e-05
-3.251943e-03
2.457005e-02
3.263488e-02
1.378301e-02
1.645525e-02
-3.284408e-03
-2.484512e-02
-2.129031e-02
3.917639e-05
-1.997985e-02
-7.300181e-03
-1.442034e-02
-5.264603e-03
-9.908179e-03
-2.327574e-02
-4.768617e-03
1.036181e-02
-2.419518e-02
2.686744e-02
-1.466860e-02
-2.060510e-02
2.063583e-02
-4.865784e-02
-1.571754e-02
2.109724e-02
6.981387e-04
5.309870e-03
-6.474060e-03
-4.783056e-05
-1.500510e-02
1.729427e-02
-7.421706e-03
1.860689e-02
-7.889326e-03
2.832111e-02
1.546400e-02
3.816294e-02
1.427475e-02
1.300069e-02
4.625776e-02
3.045124e-02
-1.850929e-02
2.860962e-02
1.078204e-02
9.053118e-03
-2.400306e-02
4.385790e-03
9.336764e-03
-2.061889e-03
4.346876e-02
2.869729e-02
3.175637e-02
-3.254242e-03
-1.933221e-02
-3.286382e-02
4.636623e-02
1.356601e-02
-8.247265e-03
1.965733e-02
2.753022e-02
2.201278e-02
3.549770e-02
7.311870e-03
3.150939e-03
-1.824843e-02
-1.504563e-02
-1.933938e-02
-1.963094e-02
-2.241920e-02
-1.146886e-02
3.672871e-03
2.535997e-02
1.083141e-02
-7.453440e-03
3.546477e-02
3.393478e-02
1.375454e-02
4.618986e-02
1.986199e-02
4.356451e-04
-9.981209e-03
-1.292513e-02
5.172082e-02
1.948434e-02
7.389296e-03
2.800590e-02
5.385139e-02
3.464183e-02
7.711004e-03
2.764791e-02
1.960723e-02
-2.750837e-02
2.455029e-02
3.315259e-02
-4.082349e-02
-1.166456e-03
1.689095e-02
3.581638e-02
3.756509e-02
5.275116e-02
4.070833e-02
2.066247e-02
5.877431e-02
-2.709922e-02
1.242291e-02
2.003870e-02
1.035144e-02
-4.946727e-03
-3.069867e-03
2.358049e-02
1.884796e-02
-1.507698e-02
4.505045e-03
-2.324924e-02
7.988353e-03
2.205969e-02
1.310697e-02
3.075373e-02
-1.246826e-02
-4.504303e-03
1.894969e-02
-1.141170e-02
-1.247002e-02
8.216228e-03
1.969136e-02
-1.563277e-02
-8.226889e-03
-9.836965e-03
5.419297e-02
3.879412e-02
-4.290286e-02
-9.205558e-04
2.185410e-02
-1.546782e-02
-9.857723e-03
-1.803516e-04
-2.100487e-02
-6.896005e-03
7.749919e-03
-7.083830e-03
3.771615e-02
1.599226e-03
2.713169e-02
1.857790e-02
1.866591e-02
2.054228e-02
4.211070e-02
2.135642e-02
1.010632e-02
2.225420e-02
4.059474e-03
-1.311673e-02
-2.475259e-02
-1.404666e-02
-1.504361e-02
-1.524899e-02
-2.871557e-02
-1.848891e-03
-8.996538e-03
-9.467853e-03
-4.756458e-02
-4.080002e-02
1.694635e-03
-6.299894e-02
-4.182733e-02
7.941602e-03
2.889795e-03
-1.866745e-02
2.088085e-02
4.675149e-02
2.208184e-02
3.928886e-02
3.965446e-02
1.868885e-02
9.066228e-03
7.363159e-03
-6.184113e-03
5.936331e-03
2.536590e-02
-3.939972e-03
9.743706e-03
-8.566665e-03
-2.655619e-02
-1.806450e-02
-1.595911e-02
-4.116109e-02
-1.991873e-02
5.283731e-04
1.144596e-02
-2.119802e-03
-8.398373e-03
3.008805e-02
6.462346e-03
-3.499999e-03
1.895141e-02
2.487937e-02
2.076762e-03
-2.932582e-02
-1.670627e-02
1.208121e-02
3.816705e-02
2.533174e-02
1.304694e-02
1.759746e-02
1.844969e-02
2.806589e-02
6.640614e-03
9.228592e-03
-3.978013e-03
2.923074e-02
4.493028e-03
2.085770e-03
2.655998e-02
-6.930839e-04
-7.143045e-03
-1.101519e-02
-5.281821e-03
3.067498e-03
-8.721521e-03
-2.790167e-02
-1.033520e-03
-1.255734e-02
-1.603513e-02
1.435001e-03
6.736292e-03
3.127770e-02
-1.043791e-03
-4.393792e-02
-2.574696e-03
-2.323909e-02
-1.705151e-02
-1.085304e-02
9.989423e-03
2.483998e-02
4.218359e-02
6.079521e-03
2.278487e-02
1.827694e-02
1.185906e-03
2.594570e-02
2.588121e-02
-2.618400e-02
6.283756e-03
1.804133e-02
-1.734135e-02
-2.060830e-02
-4.061925e-03
8.540928e-03
3.666583e-02
2.041401e-02
3.307586e-02
2.826637e-02
-1.259874e-03
1.206560e-02
4.078285e-03
1.996768e-03
7.481608e-03
6.593542e-03
1.654214e-02
-1.265815e-02
-1.065654e-02
-3.226302e-03
-1.703344e-02
-1.294789e-02
-1.485159e-02
-7.233807e-03
-2.631036e-03
-4.611010e-02
-3.752428e-03
8.606309e-03
1.722878e-02
-2.212338e-03
-2.172970e-02
7.192864e-04
-1.648700e-02
-3.512769e-02
-2.195785e-02
4.087461e-03
2.859172e-02
2.703775e-02
5.972206e-02
2.711167e-02
2.105339e-02
4.614278e-02
1.672689e-02
3.271977e-02
4.372495e-02
3.648455e-02
2.293499e-02
1.233626e-02
1.370050e-02
8.176383e-03
1.941470e-03
-8.448471e-03
3.280275e-02
-1.501935e-02
1.229512e-02
-1.610190e-02
4.139354e-03
1.184600e-02
2.176836e-03
-2.289239e-04
-2.789991e-03
-5.504473e-03
-2.609383e-02
-1.046094e-02
7.119844e-03
-3.909294e-03
-1.165272e-03
1.439175e-02
-1.213760e-02
-3.552187e-03
-3.418077e-03
-1.680125e-02
-6.188182e-03
-1.030600e-02
2.473644e-02
1.570534e-02
-8.866930e-03
2.785612e-02
2.740075e-02
2.790583e-02
6.767331e-03
5.922074e-03
-1.181305e-02
8.748780e-04
-6.772027e-03
-1.606946e-02
-4.284533e-02
-2.236309e-02
-4.596023e-03
3.910381e-02
2.177377e-02
-1.529628e-02
2.793949e-02
6.613752e-02
2.908023e-02
1.471914e-02
3.293983e-02
3.957700e-02
4.132816e-03
2.511827e-03
-2.793103e-03
-2.068277e-02
-9.520258e-03
-2.385385e-02
-1.901554e-02
-1.285306e-02
1.785360e-02
2.624391e-02
1.670494e-02
1.025486e-02
-1.605372e-02
1.006680e-02
-8.300316e-03
1.240159e-02
-6.274101e-03
-3.288904e-02
2.758005e-02
7.534128e-03
-1.597511e-02
6.788390e-03
-2.375220e-02
-3.001230e-02
-1.626219e-02
-2.046959e-02
1.661173e-02
-1.302055e-02
-5.530377e-03
-9.590836e-03
-1.699182e-02
-6.374606e-03
-1.886836e-02
-1.691503e-02
-3.513528e-03
-2.850683e-02
-3.270526e-03
6.167898e-03
5.862620e-03
-3.411866e-03
3.642263e-02
2.883935e-02
-1.078371e-02
1.567106e-02
-9.580574e-04
2.227299e-02
1.323935e-02
-1.281927e-02
3.618461e-02
3.754869e-02
3.259252e-02
1.308548e-02
6.287188e-02
1.947244e-02
1.363472e-02
-5.446090e-03
1.535856e-02
1.145014e-02
-1.530619e-02
-4.995147e-02
2.192588e-02
-2.093434e-02
-5.393185e-02
-6.754428e-03
1.178040e-02
-1.377007e-02
3.193001e-02
2.953369e-02
2.355460e-02
3.772482e-02
1.816817e-02
3.970412e-02
-2.966990e-02
-3.700055e-02
4.377996e-04
-2.572486e-02
-3.737237e-03
-5.226625e-04
-1.893757e-02
8.737851e-03
1.123940e-02
1.831518e-02
-2.597207e-02
-2.499634e-03
-2.776005e-02
-1.936796e-02
2.952068e-02
-1.480800e-02
-5.183402e-03
3.681434e-02
-5.970128e-03
8.334492e-03
1.001570e-02
-3.481206e-03
1.172067e-02
3.103451e-02
-1.070600e-03
-6.498423e-04
-6.108154e-03
-2.698417e-02
-2.371990e-02
-6.878568e-03
1.956204e-02
1.886158e-02
3.631966e-02
4.557018e-02
-2.894617e-02
8.589734e-02
-1.093833e-02
2.503189e-02
3.276745e-02
4.006609e-02
1.398897e-02
7.806505e-02
-2.637915e-02
4.733590e-02
-7.857817e-03
2.243118e-02
-2.403970e-02
-1.390088e-03
1.029371e-03
9.055158e-03
-1.838939e-02
9.079670e-03
5.594466e-03
4.552394e-03
-3.252614e-02
-1.777681e-02
-1.780445e-02
-3.539227e-02
-4.672854e-03
2.240741e-02
-3.008940e-02
-2.224833e-02
4.582934e-03
-1.772843e-03
-9.182164e-03
-4.342361e-02
8.659125e-03
1.732188e-02
-3.853598e-02
3.196042e-02
2.855399e-02
5.620026e-03
-2.626785e-02
2.387729e-02
4.242179e-03
4.813302e-03
3.526365e-02
2.917825e-02
4.459384e-02
3.477835e-02
2.892809e-02
-6.868880e-02
-2.982914e-02
2.168804e-02
2.999927e-02
1.600996e-02
5.598774e-03
5.198123e-02
2.580616e-02
5.146930e-03
2.904600e-03
-6.256446e-03
-7.957944e-03
-1.432223e-02
8.122197e-04
-4.102225e-02
2.331707e-02
-4.714202e-02
-3.198167e-02
2.864501e-02
-1.336514e-03
-1.527876e-02
-1.520460e-03
4.297603e-02
-2.165358e-02
2.156897e-02
1.459264e-02
1.956371e-02
-5.778217e-02
3.456177e-02
1.456733e-02
-2.165347e-02
2.971507e-02
4.373597e-02
-2.222555e-02
-1.750457e-02
2.386226e-02
-2.375851e-02
-2.622787e-02
2.357493e-02
1.999462e-02
-2.358782e-02
-6.486649e-03
-6.399271e-03
-1.939608e-02
-9.978721e-03
-2.999586e-02
1.810695e-04
-2.015661e-02
-2.756431e-02
-1.119523e-02
-2.130219e-02
9.786124e-03
-2.200558e-02
-2.528302e-02
9.341998e-03
1.012057e-02
1.161882e-02
-3.319133e-02
2.075917e-02
2.757558e-02
6.676027e-03
2.331790e-02
1.172228e-02
-6.016019e-03
5.726551e-03
-4.046461e-02
5.638678e-02
5.965234e-02
-3.283436e-02
4.090626e-02
8.083559e-02
1.172031e-02
-1.104991e-02
-2.718349e-02
5.810844e-04
1.423438e-02
-4.013266e-02
1.908490e-02
-1.624010e-02
-1.878823e-02
-8.177392e-03
1.458843e-02
1.459026e-02
3.254825e-02
9.968706e-03
-2.234023e-02
3.228456e-02
8.406257e-04
4.369944e-02
8.013749e-03
