9.215081e-02
1.093603e-01
1.434411e-01
1.212061e-01
1.068617e-01
1.010613e-01
7.988277e-02
1.164592e-01
9.627353e-02
1.269827e-01
7.568243e-02
8.490780e-02
1.202672e-01
8.591793e-02
9.058370e-02
7.883561e-02
1.125158e-01
8.045676e-02
9.908871e-02
1.192932e-01
1.227536e-01
1.309681e-01
1.631468e-01
9.806091e-02
1.607691e-01
1.282861e-01
1.088830e-01
1.611640e-01
1.189940e-01
1.243915e-01
1.142892e-01
1.261954e-01
1.027692e-01
9.669238e-02
8.920059e-02
1.040160e-01
1.378649e-01
9.299556e-02
1.254696e-01
1.452844e-01
1.145744e-01
1.014735e-01
9.331146e-02
1.047251e-01
1.431364e-01
1.388210e-01
9.934366e-02
1.095584e-01
9.586535e-02
1.283658e-01
1.533932e-01
8.083154e-02
1.066888e-01
1.041894e-01
1.058827e-01
1.075993e-01
1.203054e-01
8.746978e-02
1.158614e-01
9.108431e-02
7.980595e-02
1.611573e-01
7.906830e-02
8.600268e-02
