2.376473e-04
2.561720e-04
2.421752e-04
2.996277e-04
2.426501e-04
2.560254e-04
2.760396e-04
3.904380e-04
2.784466e-04
3.356131e-04
2.331248e-04
2.070621e-04
2.565025e-04
2.136106e-04
2.245143e-04
2.361291e-04
2.638907e-04
2.495506e-04
2.516687e-04
2.286009e-04
2.751500e-04
2.910687e-04
3.085384e-04
2.744323e-04
2.801665e-04
3.044505e-04
2.939266e-04
3.126453e-04
3.492900e-04
2.682213e-04
3.639804e-04
2.334853e-04
2.537122e-04
2.888727e-04
2.707118e-04
3.275326e-04
3.792948e-04
2.940756e-04
2.294218e-04
2.766903e-04
3.198931e-04
2.548585e-04
1.906224e-04
2.710195e-04
2.862177e-04
3.139211e-04
2.947632e-04
2.634488e-04
2.799076e-04
2.742275e-04
3.770222e-04
1.916250e-04
2.615604e-04
2.841097e-04
2.313416e-04
2.426787e-04
2.789554e-04
2.574532e-04
2.450158e-04
2.504533e-04
2.180173e-04
3.482713e-04
2.162402e-04
2.055573e-04
