-3.189573e-02
-5.307796e-02
-2.953297e-02
-3.243428e-02
-1.601956e-02
1.482499e-02
5.153446e-03
-3.750965e-02
-1.140127e-02
-2.162785e-02
1.651240e-02
2.549873e-03
-2.518051e-02
7.670361e-04
-3.742078e-02
-3.168074e-02
1.726937e-02
-2.464242e-02
2.185207e-02
-1.204702e-02
-8.600436e-03
4.575095e-02
4.962928e-03
3.479138e-02
1.174780e-02
2.652142e-02
6.274170e-02
-3.332869e-02
2.482183e-02
-2.046803e-02
-1.834122e-02
-3.216356e-03
1.353370e-02
-2.275063e-02
-8.918773e-03
-1.118646e-02
-1.889326e-02
-7.407673e-03
-4.693585e-02
-3.291884e-02
-1.501960e-02
-8.005195e-03
2.246435e-02
4.379169e-02
2.779385e-03
8.220050e-03
-1.595750e-02
-4.826071e-03
-1.345610e-03
-6.226026e-03
-1.739224e-02
-1.282253e-02
-1.047951e-02
9.480649e-03
1.313749e-02
-5.665685e-02
-4.332546e-02
-9.251080e-03
-4.666235e-02
-2.596034e-02
-6.805698e-02
6.432516e-03
-1.091052e-02
-5.470306e-03
2.480092e-02
-2.091465e-02
8.323002e-04
-6.757811e-03
-3.265728e-02
-3.977795e-02
-4.918524e-02
-5.451451e-02
4.781472e-02
-1.443402e-02
1.045076e-02
-4.800529e-02
-3.858298e-02
2.658018e-02
1.991938e-02
-6.378607e-03
1.775906e-02
-2.908747e-02
-1.562878e-02
-1.609945e-02
-2.414438e-02
-7.529000e-03
1.197891e-02
1.382181e-03
-2.487838e-03
4.484791e-03
1.696776e-02
-6.513170e-04
1.812023e-02
2.291002e-02
4.835608e-02
-2.894111e-03
3.567582e-02
2.964186e-02
2.598101e-02
-1.779385e-03
7.384500e-03
-7.745716e-03
-8.900809e-02
2.008220e-02
1.677996e-03
-3.600006e-03
1.808027e-02
-1.057901e-02
3.874390e-02
-1.492926e-02
-6.336814e-03
5.938976e-02
2.697852e-02
-4.138951e-03
6.414384e-03
-5.316653e-03
-2.905873e-02
2.157756e-03
1.273126e-03
1.875646e-02
5.140970e-03
2.901806e-02
5.183393e-02
-1.471279e-02
1.259626e-02
2.802768e-02
2.485121e-03
-5.383558e-02
-2.265830e-02
3.540201e-03
-1.649117e-02
-1.114271e-02
4.854000e-03
-1.645932e-02
3.005392e-03
-3.678353e-02
-4.197068e-02
-2.840534e-02
4.045384e-03
-4.139044e-03
-5.664171e-02
3.944113e-02
5.913545e-02
-8.319598e-03
-3.325913e-02
-3.320104e-02
-6.093401e-02
6.325447e-04
-9.899907e-03
-4.741315e-02
-2.323591e-04
2.295954e-02
2.311632e-02
1.682827e-02
-5.769983e-02
-8.122736e-03
-1.144288e-03
-3.940397e-02
6.326482e-03
3.778454e-02
7.918757e-03
1.033720e-02
-2.257611e-02
2.020154e-02
1.715455e-02
-3.956015e-02
2.590215e-02
9.393709e-03
2.555097e-02
3.760343e-02
7.596479e-03
-2.612825e-02
3.115926e-03
5.755703e-02
-2.245016e-02
-1.297366e-02
3.066330e-02
1.313501e-04
1.253514e-02
1.085266e-02
6.800009e-03
2.682261e-02
3.304408e-02
1.614835e-02
3.803965e-02
-1.459175e-03
-1.006290e-02
-2.430980e-02
-1.012130e-02
-8.425226e-03
-3.932355e-02
-2.160433e-02
-1.155778e-02
-1.825075e-02
-4.613325e-03
9.329440e-04
-4.852987e-03
-2.065569e-02
-1.330512e-03
1.331825e-02
1.321561e-02
-7.616191e-03
2.657822e-02
2.727692e-02
2.627151e-02
1.544616e-02
1.435231e-02
1.481958e-02
1.007073e-02
-3.072569e-03
4.409296e-04
3.049468e-02
-4.607776e-03
4.315897e-02
3.780846e-02
-1.880844e-02
-7.140588e-03
4.278801e-02
2.140348e-02
1.472922e-02
8.234318e-03
2.738884e-02
-2.405117e-02
-4.864563e-03
6.975526e-03
1.095097e-02
1.208749e-03
-4.973533e-02
2.843489e-02
-3.031364e-02
-1.311596e-02
8.597389e-03
-4.171815e-03
-2.996635e-02
6.482464e-03
-4.461205e-02
-2.378956e-02
-6.218448e-03
1.980919e-02
2.374632e-03
4.637551e-03
-1.531430e-02
6.660662e-03
-7.206970e-02
-3.582734e-02
-3.296503e-02
1.739128e-02
-6.726155e-02
-5.387426e-02
3.452092e-02
7.388958e-03
-5.079989e-02
1.058653e-02
1.123800e-02
-2.523600e-02
5.260685e-02
-1.362028e-03
-1.362199e-02
7.527602e-03
-2.410404e-02
1.948601e-03
3.594314e-02
-2.069100e-02
-2.577301e-02
-3.002780e-03
-1.443734e-02
1.791670e-03
-2.320182e-03
-3.486335e-02
2.295991e-03
7.279363e-03
4.297081e-03
-3.896222e-02
2.356989e-02
4.085507e-02
4.041829e-03
3.256488e-02
2.618475e-03
1.494067e-02
1.032311e-02
-1.180113e-02
-1.652763e-02
2.016449e-02
4.957852e-02
-3.091324e-02
2.635855e-02
2.441714e-02
-3.456343e-02
1.648928e-02
5.106409e-02
3.065559e-02
2.234814e-02
3.252487e-02
1.161418e-02
-1.458347e-02
-1.246947e-02
-3.077611e-03
-8.847205e-03
3.398133e-02
-1.342494e-02
-2.868516e-02
2.061833e-02
2.787543e-02
-3.827287e-03
1.355698e-02
-1.319521e-02
-1.040874e-02
-1.230041e-02
-4.837188e-03
1.289293e-03
-6.008290e-04
2.254285e-02
4.937129e-02
1.228758e-02
1.980835e-02
-5.795660e-03
-1.378945e-02
-5.799147e-02
-9.777930e-04
-6.869149e-03
1.944438e-02
-1.248220e-03
-3.858374e-03
-3.971786e-03
-3.378610e-02
4.330383e-03
8.778244e-03
3.374308e-02
3.944992e-02
2.458613e-02
9.908291e-03
3.152598e-02
9.512872e-03
4.180069e-02
3.982220e-02
-1.081822e-03
1.624401e-02
1.047159e-02
-1.835680e-04
-9.143844e-03
-2.281748e-02
1.727603e-03
-2.235474e-02
-1.303530e-02
-1.985968e-02
-1.688185e-02
6.626977e-03
1.035324e-03
8.654905e-03
1.457636e-02
6.893587e-03
-2.297210e-02
-5.507046e-02
-1.250358e-03
-2.525294e-02
1.338237e-02
-2.157849e-02
-2.796061e-02
1.420478e-03
-6.220867e-03
1.323919e-02
5.491692e-03
8.615976e-03
8.085561e-03
-1.630057e-02
2.240290e-02
2.322972e-03
3.159179e-02
5.342037e-02
-6.975580e-03
6.777711e-03
1.005205e-02
1.963178e-03
3.263362e-02
-1.198960e-02
-1.733332e-02
2.003991e-02
1.877599e-02
3.894916e-02
-9.607390e-03
4.635836e-03
-6.425328e-03
-1.082022e-02
-1.177447e-02
-2.407201e-02
-2.121395e-03
-2.696171e-02
2.357618e-02
-3.413124e-03
3.982142e-02
-4.888358e-03
1.750694e-02
2.482015e-02
-1.046728e-02
-2.589350e-02
-2.307579e-02
-7.241600e-03
-3.601564e-02
-5.106721e-02
-3.498824e-02
-5.207681e-02
-4.456886e-02
-3.679098e-02
-2.545553e-02
-2.276623e-02
4.566613e-02
-3.528707e-03
-9.775483e-03
-6.850857e-03
-2.290226e-02
-4.497371e-02
1.371173e-02
9.742057e-03
-3.658471e-02
-2.340485e-02
-2.355217e-02
8.740445e-03
5.424553e-03
1.995223e-02
-1.329954e-03
2.245110e-02
2.495136e-02
4.632118e-03
-2.659272e-02
-1.851672e-02
7.058108e-04
-1.488427e-02
5.201319e-03
-1.605895e-02
8.002762e-03
-5.960141e-04
-2.768163e-02
-8.885028e-03
-2.792248e-02
1.737444e-02
-1.090566e-02
1.247531e-02
-2.102066e-02
2.478362e-02
2.210908e-02
-1.123144e-02
-5.632883e-02
-5.276344e-02
-2.478591e-02
-5.710773e-02
-4.188099e-02
-1.146084e-02
1.198658e-02
2.284569e-02
2.797187e-02
-2.158882e-02
-3.083982e-02
-3.647899e-03
-2.337269e-02
-2.169209e-02
-4.593240e-02
-4.839881e-02
-2.678185e-02
-4.267655e-02
-2.731536e-02
-5.405737e-02
-1.574634e-02
-2.292175e-02
-1.404877e-02
1.947112e-02
-1.646289e-04
1.295113e-02
9.015695e-03
1.713893e-02
-9.543050e-03
-2.879422e-03
-3.490284e-02
-4.071512e-02
1.158749e-02
-4.939159e-02
-1.304742e-02
-7.434640e-03
-3.045074e-02
-2.123178e-03
2.251161e-02
-2.154976e-02
1.134332e-02
3.103016e-02
-1.667701e-02
-1.778995e-02
3.598031e-02
1.479741e-02
2.571717e-03
-2.217567e-02
1.006984e-02
4.729205e-03
6.880184e-03
1.183875e-02
3.534655e-02
1.420475e-02
-1.600497e-02
-1.469110e-02
-5.540695e-02
-2.963298e-02
-1.055573e-02
-7.245523e-03
4.899281e-02
3.306914e-02
4.892396e-02
-5.484706e-03
-1.680281e-02
-2.636205e-02
1.678675e-02
-2.663409e-02
-2.080829e-02
-2.362152e-02
-3.221031e-02
-1.250490e-02
6.524848e-04
-4.168117e-02
-8.248137e-03
2.400423e-03
1.157353e-02
1.127487e-02
3.145285e-02
2.057434e-02
-3.057813e-03
-2.548829e-02
2.978843e-03
2.740178e-02
-1.082139e-02
-1.641643e-02
1.692324e-02
-4.939518e-02
1.863071e-02
7.024946e-02
-1.587783e-02
-1.336564e-02
5.912760e-02
2.725063e-02
4.409355e-02
1.142172e-02
9.291066e-04
-7.764257e-03
-4.884643e-02
9.652545e-03
-1.823137e-02
2.356999e-02
2.404732e-02
7.495996e-03
2.550793e-02
3.353216e-02
1.029840e-02
4.266549e-02
-2.636737e-02
3.934189e-03
2.608251e-02
1.342287e-02
3.456720e-02
-7.567298e-03
5.314814e-03
9.279672e-03
2.695036e-02
3.794268e-03
-1.969179e-02
-3.538085e-02
9.556672e-03
-6.475203e-02
-2.818214e-02
-3.356868e-03
-2.608356e-02
-2.713389e-02
-7.385881e-03
2.244654e-02
2.598474e-02
-4.849260e-02
1.720318e-02
1.570392e-02
-1.218115e-02
-6.274852e-03
-6.006735e-03
5.739807e-04
3.094265e-02
2.348745e-03
6.298866e-03
-3.878894e-03
1.469165e-02
2.386752e-02
2.749564e-02
5.967658e-03
2.975187e-02
7.697217e-02
6.135491e-02
6.449243e-02
5.100228e-02
4.506145e-02
3.158329e-02
6.781030e-02
3.491303e-02
-1.134152e-02
6.336692e-03
-2.651156e-02
1.930996e-03
-1.538265e-02
-3.821009e-02
-4.036725e-02
-3.325693e-02
-6.492859e-02
4.292103e-03
1.515313e-02
2.533570e-02
1.269247e-03
3.334617e-02
3.766298e-03
-2.615480e-04
-9.215747e-04
7.359358e-03
-4.487678e-03
1.042057e-02
9.042257e-03
-1.442949e-02
-2.146872e-02
1.054449e-02
-1.794962e-03
4.483436e-03
3.919252e-03
-6.514741e-04
7.410445e-03
1.584067e-02
2.282061e-02
1.417254e-02
4.716387e-02
3.207808e-03
-6.990610e-03
1.898630e-02
-2.526839e-02
-1.404944e-02
-9.263962e-03
-1.553139e-02
-5.351611e-02
-8.875065e-04
-1.485258e-02
3.271598e-04
-1.103908e-03
4.342755e-04
4.649343e-03
5.343136e-03
3.174964e-02
9.721059e-03
-2.498961e-02
1.721267e-02
-2.452587e-03
-2.580461e-02
-2.249758e-02
2.793113e-02
-2.321115e-02
-3.949733e-02
1.383906e-02
-1.074872e-02
-2.266122e-03
2.068668e-02
7.816399e-03
-4.075965e-03
4.068463e-02
5.887366e-02
1.045883e-02
4.527143e-02
4.693335e-02
-5.430488e-04
3.945530e-02
3.577524e-03
-1.630443e-03
-2.322519e-03
2.605008e-02
-3.855882e-03
-1.818039e-02
-1.666603e-02
-1.330703e-02
4.614829e-02
1.443149e-02
-1.224373e-03
-1.892986e-04
-4.181157e-02
-1.092365e-02
-4.084173e-02
-4.437633e-03
2.499030e-02
-2.325985e-02
2.566524e-02
-9.620634e-03
1.155299e-02
-9.112796e-03
-2.256442e-02
-1.375843e-02
-2.415240e-02
-2.471638e-02
1.167398e-02
-1.819525e-02
4.634312e-03
7.113269e-03
6.239858e-03
2.344055e-02
2.116345e-02
1.501019e-02
1.525448e-02
2.029002e-02
1.847675e-02
2.795269e-02
4.011484e-02
-3.617580e-03
1.277485e-02
7.796001e-02
6.311750e-03
1.280464e-02
1.405131e-02
-8.742251e-03
-4.668733e-02
-2.971601e-02
-7.923244e-03
-2.702092e-02
-2.580994e-02
-6.109643e-03
-3.460565e-02
-1.372379e-02
1.940051e-02
-4.531792e-02
1.691599e-03
2.831455e-02
-1.457364e-02
9.627445e-03
2.475343e-02
-2.736405e-02
-2.539478e-02
4.336047e-02
-2.261897e-02
-5.335079e-02
-3.581147e-02
-1.650881e-02
-3.455931e-02
-3.116922e-02
-2.437226e-02
2.325751e-02
6.128463e-03
-3.985984e-02
8.215201e-03
-3.941476e-02
-2.338875e-02
-2.363086e-02
-1.399052e-02
-7.950478e-04
-3.238997e-02
-3.269932e-02
1.010290e-03
5.223939e-03
-5.579132e-03
-1.886087e-02
4.884924e-03
5.469854e-03
5.161960e-03
7.124184e-03
2.663264e-02
-3.052380e-02
-1.228386e-02
2.244626e-03
5.419905e-02
2.559482e-02
3.066583e-02
-1.531164e-02
-5.651850e-04
-3.851372e-03
-4.026788e-02
-5.193938e-02
-1.218882e-02
-2.486612e-02
-1.857029e-02
-5.106322e-02
3.691654e-02
8.719475e-03
-3.955185e-02
8.261823e-03
-1.632402e-02
-5.442185e-02
1.996321e-02
1.509773e-02
-8.026887e-03
2.884325e-02
-3.595454e-04
1.184392e-02
4.204641e-03
2.831383e-02
3.185161e-04
1.436231e-02
6.751730e-04
-1.070615e-02
1.777896e-02
7.158932e-03
-1.275244e-02
-2.245909e-02
-1.559269e-02
7.329715e-03
-6.915094e-03
2.989187e-02
4.247023e-02
3.164259e-02
2.847972e-02
1.189112e-02
-7.390782e-03
-1.925847e-02
2.038671e-02
1.396363e-02
-3.118101e-02
-1.469929e-02
5.126545e-03
2.200499e-02
-2.914822e-02
-2.329247e-03
2.462040e-02
-8.930684e-05
1.642913e-02
4.485362e-02
2.966904e-02
1.588951e-02
4.126028e-02
5.655597e-02
-5.621348e-02
-5.492999e-02
-2.849693e-02
2.108930e-02
-1.894079e-02
1.799564e-02
2.838597e-02
2.850734e-02
3.384002e-03
-3.675894e-03
3.280082e-02
2.424592e-02
-1.209946e-02
3.267180e-02
3.476438e-02
-3.492693e-02
1.782518e-02
1.007752e-02
-3.014251e-02
2.454971e-03
3.325535e-02
-2.822445e-02
1.037209e-03
-7.824383e-03
1.658213e-02
3.729692e-02
-1.106199e-02
-4.255674e-02
-3.464534e-03
-4.151535e-03
-3.460013e-02
1.112427e-02
-6.210453e-03
3.890902e-02
4.751868e-03
-5.856452e-03
-3.071208e-02
-1.293181e-02
2.325583e-03
-5.410484e-03
2.627981e-02
3.541298e-02
-4.093697e-03
2.986315e-02
-8.344512e-03
-2.163721e-05
1.346854e-02
-3.042937e-02
7.321236e-03
-8.757433e-03
-2.865206e-02
-5.032799e-02
-5.899917e-02
-2.267699e-02
5.478085e-06
-7.234359e-03
-2.218553e-02
1.374592e-02
3.006014e-02
2.583064e-02
-4.186985e-03
-2.357470e-03
-1.191719e-02
3.511353e-02
2.856903e-02
1.822506e-03
5.237881e-02
9.755185e-02
3.922048e-02
8.694693e-03
-1.744119e-02
6.954747e-03
-4.008133e-02
2.063593e-02
-9.142217e-03
-1.577208e-02
3.117773e-02
2.829928e-02
-1.440357e-02
2.391612e-02
6.338505e-02
-1.062679e-02
3.637738e-03
2.793471e-02
2.125835e-02
3.551374e-02
2.619132e-02
-1.430357e-02
-2.349611e-02
-4.134853e-02
4.960047e-02
6.550427e-03
-4.432362e-02
5.842757e-02
4.262961e-02
3.104465e-02
-1.354367e-02
5.390313e-02
6.593122e-02
-5.729624e-02
-2.932440e-02
-4.971914e-03
-4.336614e-02
-6.380030e-03
1.349735e-02
9.787391e-03
-4.493158e-03
-2.189870e-02
-3.554268e-02
-2.391835e-02
3.464773e-02
-4.208554e-02
6.343822e-03
4.588624e-02
3.979060e-02
3.344823e-02
2.122687e-02
3.290508e-02
-2.169085e-02
9.626560e-03
-2.704822e-02
-8.523777e-03
2.383587e-02
-3.669500e-02
-4.323621e-03
-6.655206e-03
-4.333073e-02
-4.066033e-02
-3.232250e-02
2.952580e-02
1.777175e-02
2.573493e-02
-5.103050e-02
1.051988e-02
2.249168e-02
-2.593840e-02
-9.475308e-03
3.451380e-03
-6.772099e-03
2.362208e-02
-2.447702e-02
-1.032803e-02
2.811889e-02
-1.122116e-02
6.118753e-03
1.148396e-02
1.112392e-02
-4.780238e-02
1.753290e-02
2.961328e-02
9.644978e-03
-2.228849e-02
-9.206655e-03
-1.670811e-02
-9.880522e-03
1.190345e-02
-2.039943e-03
8.603644e-03
2.713236e-02
1.229958e-02
2.675994e-02
2.502439e-02
6.509769e-02
1.181870e-02
-2.703730e-02
-3.652680e-03
-1.137311e-02
-4.621695e-03
-1.493028e-02
-3.314919e-02
1.647265e-02
-3.358124e-02
-3.335226e-02
2.007200e-02
9.968468e-03
-1.462523e-02
1.198975e-02
-6.364353e-03
1.002646e-02
1.463166e-02
3.706438e-02
2.018110e-02
4.152017e-03
2.232438e-02
2.381518e-02
1.502338e-03
-1.880423e-02
-4.139600e-03
-1.234348e-02
-9.473897e-03
2.732044e-02
4.655630e-03
-1.786288e-02
-1.719291e-03
2.443323e-02
-3.661500e-02
-1.302281e-02
-1.996006e-02
-2.830588e-02
-1.132395e-01
-2.947014e-02
-6.667323e-02
-5.788569e-02
-2.648168e-02
1.315611e-02
-4.991055e-02
-3.826565e-02
1.434757e-02
2.290341e-02
2.136345e-02
-8.075408e-03
-2.881119e-02
-3.158300e-02
-2.043595e-02
2.008501e-03
-1.173864e-02
-1.269975e-02
-4.004816e-02
-1.215544e-02
-2.604978e-02
-2.880235e-02
-3.086801e-02
1.965455e-02
-5.845925e-02
-4.100382e-02
1.373501e-02
-5.316762e-03
2.614194e-02
-1.289090e-03
1.650642e-02
-7.913983e-03
-3.917595e-03
4.196732e-03
6.912219e-03
1.938221e-02
4.523835e-02
3.143667e-02
-2.936278e-03
1.172049e-02
9.807410e-03
6.665955e-03
-1.665982e-02
-3.467139e-02
-4.901052e-02
-1.086954e-02
2.601370e-02
-4.520648e-02
-3.302003e-02
-2.555088e-02
-8.932098e-03
-3.597305e-02
-2.062194e-02
1.920915e-02
-3.929167e-03
1.220620e-02
7.728571e-03
-4.703609e-02
-3.118219e-03
2.731765e-02
1.385455e-02
-1.158654e-02
2.426749e-02
3.959460e-02
-2.401192e-03
4.257377e-02
3.732536e-02
7.723484e-03
1.253112e-02
-8.051057e-03
-1.666852e-02
3.553596e-02
1.045891e-02
-2.320217e-03
1.935114e-02
-6.667495e-03
-3.095350e-02
2.335055e-02
-4.068930e-02
-6.304459e-03
-7.803210e-04
6.591060e-03
-2.192743e-02
7.748073e-03
-1.316423e-02
7.516803e-03
-2.646912e-02
-2.891681e-03
9.253476e-03
5.732690e-03
2.184325e-02
-1.409722e-02
-1.308848e-02
2.960792e-03
-2.644923e-02
-4.122959e-03
9.370043e-03
1.785886e-02
1.790686e-02
1.415239e-02
1.439943e-02
-1.243479e-02
-8.607829e-03
3.325833e-03
1.492639e-02
-1.098873e-02
5.502110e-03
2.426032e-02
6.116284e-02
1.532653e-02
-1.524493e-02
4.261224e-02
9.139083e-03
-5.374161e-03
-9.271328e-04
1.260248e-02
1.818853e-02
-1.680517e-02
-3.477863e-02
-6.970892e-03
4.972036e-03
-1.899996e-02
-2.861852e-02
-1.807764e-02
1.745914e-02
-4.989894e-03
5.074608e-03
1.410552e-02
-1.963389e-02
-4.254620e-02
1.450771e-02
-2.573708e-02
1.649847e-02
-3.063458e-02
-3.342665e-03
-6.905771e-03
-2.901510e-02
-3.187080e-02
-1.587281e-02
2.619796e-02
3.684002e-03
-5.040316e-03
-3.160624e-02
-2.436862e-03
2.166743e-02
5.593623e-02
-1.221443e-02
-9.520514e-03
3.121537e-02
-3.302041e-02
-2.048285e-02
2.669373e-03
-2.766373e-03
-3.856635e-02
-1.976280e-02
-2.681617e-03
-4.725792e-02
-5.996028e-02
-2.529314e-02
-5.246957e-02
-7.189498e-02
-5.930727e-03
2.741686e-02
3.285901e-02
-1.051102e-02
4.022153e-02
4.534871e-02
-4.814573e-02
2.790408e-03
5.514750e-02
-1.865246e-02
-2.287824e-02
-7.829352e-02
2.027272e-02
4.809315e-03
8.304667e-03
2.744122e-02
-2.538133e-02
-4.216494e-02
-1.860376e-03
2.478106e-02
2.169971e-03
-1.901800e-02
-5.592623e-02
4.478477e-03
-1.968865e-02
-6.411114e-02
-1.673716e-02
1.111151e-02
-1.802653e-02
3.571360e-03
-1.552931e-02
-2.605132e-02
-9.988747e-03
-3.446038e-02
2.516974e-02
3.697466e-02
1.040375e-02
5.003390e-02
8.156063e-03
4.113616e-02
8.366643e-03
-4.132351e-03
-5.808403e-04
9.095568e-03
-2.015988e-02
-2.406137e-02
2.335687e-03
1.619715e-02
-2.287409e-02
-1.307965e-02
-2.391089e-02
2.256522e-02
2.477276e-02
2.113106e-02
3.010542e-03
-1.239648e-02
9.828187e-04
1.274108e-02
-4.094507e-03
-1.001124e-03
-6.544648e-03
-3.307334e-02
6.679059e-03
4.438219e-02
3.759042e-02
1.234093e-02
1.454470e-02
-3.008528e-02
-6.505870e-03
-4.544404e-02
1.178356e-02
-1.540035e-02
-1.148386e-02
-9.756880e-03
-5.151781e-02
6.457827e-03
2.614054e-02
8.213913e-03
-1.424061e-02
4.008827e-02
2.252489e-02
2.118818e-02
3.673218e-04
-1.681935e-02
1.320252e-02
2.522339e-02
2.269616e-03
3.607773e-03
1.211167e-02
1.512145e-02
-8.263165e-03
4.972065e-03
4.700682e-03
1.390358e-02
-2.050397e-02
-1.661970e-02
-1.569312e-02
-3.081316e-02
-2.807729e-02
1.780853e-03
3.794892e-03
3.095778e-03
-1.618812e-02
4.216648e-02
3.187313e-02
-1.071147e-02
2.450720e-02
3.680025e-02
-1.682016e-02
-8.840513e-03
-2.402742e-02
-6.303979e-03
-3.331931e-02
1.540235e-02
1.241098e-02
-1.286004e-02
-5.972311e-03
2.678659e-02
-2.306474e-02
-3.144267e-02
-1.214505e-02
-2.889875e-03
-2.922350e-02
2.430325e-03
1.852431e-02
-8.406048e-03
-1.124026e-02
-3.273636e-02
-1.865502e-02
-1.140922e-02
-2.682292e-02
-2.794254e-02
1.903608e-02
-2.730043e-02
-4.761102e-02
-4.975543e-02
-2.146152e-02
3.738249e-02
7.464217e-03
-1.896575e-02
-2.804832e-03
-2.609041e-02
2.890467e-02
1.577616e-02
-1.609913e-02
1.106521e-02
-2.648754e-02
4.082192e-03
1.278721e-02
1.588649e-02
-1.656910e-02
1.037845e-02
-9.172992e-03
2.067073e-02
4.886819e-02
-5.192019e-04
-4.319674e-03
8.917041e-04
4.250743e-02
2.845386e-02
1.745923e-02
3.633212e-02
-1.531380e-02
-3.351961e-02
1.342964e-02
-2.058311e-02
4.526906e-02
7.067953e-03
5.315320e-04
7.688126e-03
-6.637065e-02
3.364458e-03
1.226252e-02
1.927720e-02
-3.408444e-02
-2.793690e-02
-4.358824e-02
-4.002796e-02
-1.075769e-02
1.716315e-02
9.261678e-03
1.920555e-02
8.901989e-03
8.119262e-02
8.035486e-03
1.787117e-02
4.890345e-02
8.063241e-03
-1.064905e-02
-7.524385e-03
1.677371e-02
-1.171637e-02
-3.119819e-03
8.546229e-03
-2.141582e-02
-4.323137e-03
4.878167e-03
7.391164e-03
5.440195e-02
3.920332e-02
5.983424e-02
4.678346e-02
5.387383e-03
3.876998e-02
6.580798e-02
4.965219e-02
-3.839532e-02
-1.105348e-02
-1.592482e-02
-2.871311e-02
-1.550926e-02
-1.504688e-02
-8.596108e-03
-3.270006e-02
1.194874e-03
1.848392e-02
-4.819951e-02
-7.499528e-03
5.117803e-03
-7.818269e-03
3.079788e-02
3.426728e-02
2.490818e-02
-1.382463e-02
1.371496e-03
2.811080e-02
5.276505e-02
3.871303e-02
-1.005912e-02
1.123819e-02
-4.530192e-02
-2.671477e-02
1.921591e-02
-3.771769e-02
-4.133829e-02
-9.114675e-04
4.646874e-04
7.993601e-03
5.190138e-02
1.552841e-02
-3.283442e-02
6.299658e-03
1.425751e-02
-1.149215e-02
5.016859e-03
-3.574594e-02
5.367987e-03
-7.542837e-03
-2.768790e-02
-2.497259e-02
-8.145025e-03
2.168559e-02
-5.729162e-02
-2.037936e-02
-1.222444e-03
1.348139e-02
-3.617650e-02
1.511601e-02
-8.935002e-03
-2.925423e-03
1.590577e-02
-4.047174e-02
-1.746687e-02
-4.097355e-02
-1.612165e-02
1.986379e-02
2.305376e-02
1.906281e-02
1.436425e-02
4.164711e-02
-6.764925e-02
-3.839773e-02
9.674834e-03
-2.051596e-03
3.316197e-02
-4.675302e-03
-9.311742e-03
-2.750605e-02
4.361208e-02
3.842377e-03
-1.142827e-02
-3.216475e-02
2.221221e-02
-3.925124e-02
-3.156281e-02
-2.368563e-02
9.292460e-03
-2.040531e-02
-1.137721e-02
1.678932e-02
-4.186355e-02
-2.420509e-02
-9.037358e-03
1.556635e-02
-1.419347e-02
-1.571753e-02
-3.126999e-02
3.597241e-02
-1.842744e-02
-4.844286e-02
-6.639888e-02
9.554863e-04
7.430653e-03
-1.556295e-02
1.113441e-02
-1.851349e-02
-3.486376e-03
2.491155e-02
-1.794253e-02
-1.466947e-02
5.979247e-02
6.119291e-02
4.105994e-02
-1.474584e-02
3.984402e-02
3.885353e-03
1.451890e-02
1.120249e-02
4.752336e-02
5.090700e-02
2.474543e-02
-1.168386e-02
5.039008e-02
2.641983e-02
2.070027e-02
4.464039e-02
3.708897e-02
6.749783e-02
-2.441595e-02
-1.794704e-02
-6.730025e-02
4.825207e-03
4.893417e-03
8.908178e-02
-1.641159e-02
-2.850477e-02
-2.691661e-02
-7.376647e-02
1.473622e-03
-2.415741e-02
6.019584e-02
5.552742e-02
-2.849245e-02
-3.834836e-02
1.123577e-02
-2.909830e-02
4.766671e-02
7.319209e-03
3.495792e-02
3.710651e-02
-4.338993e-02
-2.970664e-02
1.516861e-02
5.221999e-02
6.346484e-02
-3.252026e-03
3.929344e-02
-1.918309e-02
4.353888e-02
-2.212391e-02
-3.673331e-02
-2.483666e-02
8.027132e-03
-9.443340e-02
-4.153176e-02
1.513952e-02
-1.043624e-02
3.763999e-03
-9.642320e-03
-3.644449e-02
3.710882e-02
3.450226e-02
-4.896727e-03
5.813436e-03
-9.036782e-03
1.209403e-02
-2.882137e-02
-2.357448e-02
-4.053951e-02
6.693372e-03
-1.511521e-02
-1.637242e-02
5.325187e-03
1.968100e-02
1.621698e-02
-9.729239e-03
-3.078845e-02
4.116828e-02
-4.938242e-02
-3.145083e-02
2.123634e-02
7.571172e-03
-1.345442e-02
-3.365718e-02
-4.622853e-03
-4.336144e-02
-5.351517e-02
-3.328654e-03
-9.791264e-02
5.731289e-03
-3.665137e-02
-2.241433e-02
4.104352e-02
7.981186e-03
3.327108e-02
-8.378222e-03
4.577110e-02
-3.147609e-04
2.960770e-02
-1.821992e-02
-1.075484e-02
2.126475e-02
3.243954e-02
4.326314e-02
-3.900300e-02
-4.604543e-03
-1.301577e-02
-5.768251e-02
-1.828282e-02
-1.589182e-02
2.785749e-02
6.189723e-03
-1.996292e-03
2.150864e-02
4.557276e-02
1.536994e-02
3.613817e-02
5.142793e-02
2.792246e-02
5.353742e-02
3.851886e-02
3.467158e-02
-1.816948e-02
1.617185e-02
-2.224681e-02
-9.119001e-03
3.324129e-02
-1.883871e-02
-2.670408e-02
8.406946e-03
-8.139662e-02
-1.683182e-02
-1.240201e-02
3.780240e-02
2.821931e-02
-1.503039e-02
-1.983750e-03
-8.517882e-03
6.281333e-02
2.568930e-02
-5.084417e-02
-3.626666e-02
-8.164256e-02
-3.370263e-02
-1.727774e-02
-4.661941e-02
1.501239e-02
-2.892452e-02
-5.691658e-02
1.403876e-02
-1.695583e-02
3.284875e-02
3.734428e-02
3.869108e-02
7.828533e-03
1.459656e-02
3.630027e-02
4.850101e-02
-4.091012e-03
-5.690600e-02
-2.090019e-02
2.492386e-02
-2.239866e-02
3.980018e-03
-7.329348e-03
-3.976020e-02
-4.102485e-02
1.262942e-02
-1.244329e-02
2.109148e-02
-9.641718e-03
3.527244e-02
-4.809734e-02
-6.716787e-02
-7.838450e-03
-2.073013e-03
8.165232e-03
-9.676564e-03
4.015007e-03
-4.836618e-03
-2.029483e-02
-5.448252e-02
1.666446e-02
4.496225e-02
-2.453328e-02
2.688143e-02
-1.473547e-02
1.154423e-02
-1.202658e-02
3.396823e-02
-1.129060e-03
-5.730423e-02
4.880282e-03
1.079272e-02
2.286150e-02
1.469391e-03
-8.144384e-03
1.990415e-02
-2.612052e-02
-1.326969e-02
-1.221988e-03
-4.009005e-02
-1.990557e-03
-7.281348e-03
4.451733e-02
-3.098844e-02
-4.628999e-02
1.508328e-03
-7.694501e-03
3.436275e-03
2.881870e-02
-9.313917e-03
-1.654577e-02
3.811979e-03
-1.610872e-02
-2.958032e-02
-2.501498e-02
1.178788e-02
-4.917083e-02
3.128740e-03
-1.559026e-03
-3.121615e-02
1.943344e-02
-8.419654e-03
-3.928332e-02
-2.222063e-02
-1.359291e-02
3.835794e-02
-1.137112e-03
-1.865670e-02
-8.835645e-05
1.615024e-02
-1.687048e-02
-2.840638e-02
-1.073829e-02
-1.157920e-02
-1.315613e-02
-5.757558e-03
-1.197993e-02
-1.771762e-02
-1.735761e-02
9.759326e-03
2.780067e-03
-7.011506e-02
-4.482162e-02
3.833244e-02
-8.845810e-03
-2.194112e-02
3.358092e-03
4.093294e-02
-9.635413e-03
7.196718e-03
1.192085e-03
2.818376e-02
-2.028740e-02
1.169797e-02
1.367619e-02
4.924722e-03
-4.611836e-02
5.018802e-03
-4.866667e-02
6.894966e-03
3.625209e-02
-2.550052e-02
-1.728619e-02
2.050955e-02
1.883112e-02
1.922756e-03
-8.245867e-03
3.902717e-02
2.250400e-03
-3.018006e-02
-1.422681e-02
-1.509746e-02
-4.651346e-02
4.125277e-02
2.461739e-02
9.276989e-03
1.041364e-02
-7.212710e-03
1.603312e-02
1.814275e-03
3.272283e-03
-3.003891e-03
-4.338572e-02
-5.162814e-02
-2.056635e-02
-5.408345e-02
-3.649953e-02
-3.538906e-02
-3.953010e-02
-5.796032e-03
1.584763e-03
-3.655319e-03
3.003683e-03
2.012164e-02
3.706094e-02
3.276188e-02
-6.456953e-03
1.416445e-02
2.994325e-02
-9.130476e-03
-1.414905e-03
-2.837016e-03
-3.050228e-02
-8.606971e-03
-1.709382e-02
2.605135e-03
-1.215494e-02
1.426383e-02
3.284932e-02
-1.061569e-02
-3.241822e-03
1.019340e-02
-1.156386e-02
-8.609856e-03
-2.145013e-02
9.025352e-03
-1.301386e-02
-8.435834e-04
-7.583933e-02
-1.401620e-02
5.370574e-02
-2.974550e-02
-4.463477e-02
-1.064898e-02
-9.803227e-04
-2.039055e-02
3.659938e-02
3.059926e-02
-4.646920e-03
-1.423463e-02
2.996843e-02
1.223859e-02
-5.319306e-03
4.213160e-02
6.317855e-02
1.130871e-02
1.877706e-02
-2.520015e-02
7.026416e-03
-3.186477e-02
-5.267472e-02
1.026028e-02
3.299356e-02
-1.016960e-02
4.922173e-03
1.271917e-02
-1.238903e-02
1.484101e-02
2.658708e-02
4.976271e-03
5.020311e-02
4.109414e-02
1.658100e-02
2.610284e-02
-2.568521e-02
-4.581778e-02
2.368594e-02
3.539301e-02
-7.873347e-03
4.875860e-02
-2.163955e-02
1.122394e-02
2.523881e-02
1.591672e-02
-6.271327e-03
7.174106e-03
1.601679e-02
1.932916e-02
2.333112e-03
-5.587604e-03
-1.475347e-02
-8.110079e-03
-8.036891e-03
-2.370086e-02
-1.045422e-02
-3.434677e-03
-4.618410e-03
-4.165730e-02
1.385066e-02
3.982256e-02
2.846642e-02
-9.406906e-03
1.958910e-03
-1.087723e-02
-3.763470e-02
-5.946508e-02
-4.367511e-02
6.098473e-03
1.416029e-04
-3.274408e-02
1.250230e-02
-2.607790e-02
9.889695e-03
2.412478e-02
-1.430935e-02
-7.865675e-03
-1.062953e-02
-1.866172e-02
2.536381e-02
4.131403e-02
2.361842e-03
2.382869e-02
4.107657e-02
2.643070e-02
3.703451e-02
2.948572e-02
4.061787e-02
6.185460e-02
-4.845680e-02
-6.276157e-02
-2.918034e-02
-2.970080e-02
-1.596126e-02
5.366144e-03
6.671796e-03
-5.188401e-03
2.467514e-02
-3.752099e-03
2.845548e-02
-3.323473e-02
-3.136690e-02
-1.374118e-02
6.960486e-03
-2.239052e-02
1.998671e-02
3.493140e-02
1.555665e-02
4.080836e-03
1.338903e-02
1.741828e-02
2.757306e-02
-9.127457e-03
-3.353697e-02
1.985694e-02
7.873277e-03
-1.592880e-02
-3.233424e-02
-4.208013e-02
-2.012226e-02
-2.474018e-02
-5.753516e-02
-4.274646e-02
-4.967375e-02
-5.922784e-02
6.522040e-03
6.832866e-03
-2.187075e-02
-7.218912e-03
1.354079e-02
-3.171400e-02
-3.127758e-02
-2.173279e-03
-3.143396e-02
8.209504e-04
2.958686e-02
1.973237e-02
-1.333387e-03
2.213434e-02
2.258052e-02
-7.099004e-03
6.887697e-03
3.028140e-02
1.954436e-02
4.324349e-02
-2.629998e-02
2.077782e-02
5.989927e-02
-3.166984e-03
-1.488351e-02
2.121629e-02
-3.482338e-03
-3.670628e-02
-2.057972e-02
-4.285577e-02
-1.201899e-03
4.478818e-02
1.493824e-02
6.475421e-03
5.842144e-02
1.502376e-02
-2.793372e-02
6.028529e-03
-1.805853e-02
-4.555898e-02
-2.622672e-02
-8.708989e-03
-2.798008e-02
-4.850068e-02
-6.948701e-03
-2.437005e-02
-2.936526e-02
-6.387611e-02
4.376738e-02
5.517261e-02
4.224505e-02
6.121880e-02
6.702506e-02
3.912654e-02
9.063885e-03
-2.826160e-03
1.885346e-02
-8.659138e-03
-2.441287e-02
-1.145416e-02
-3.135598e-02
3.838100e-03
-1.619612e-02
-5.225843e-03
1.119500e-02
2.205233e-02
5.722441e-02
8.244545e-03
-2.264336e-02
4.312578e-02
1.682628e-02
-3.913405e-03
1.178585e-02
7.070759e-03
2.313519e-02
1.382349e-02
-2.431977e-02
-1.338480e-02
-1.485287e-02
-2.650825e-02
-1.024485e-02
1.249429e-02
2.497011e-02
8.217625e-03
-1.171844e-02
3.646434e-02
5.501557e-03
2.277314e-02
-1.475237e-02
-3.066117e-02
1.870337e-02
-8.260449e-04
-1.694882e-02
1.735942e-03
-6.421326e-02
3.304896e-03
-1.117472e-02
-5.065849e-02
1.774389e-02
1.184384e-02
3.001015e-02
-1.969508e-02
-1.596536e-02
-2.403867e-03
-1.899044e-02
-4.300890e-02
5.623187e-03
-1.777320e-02
-2.206204e-02
-1.793114e-02
4.390172e-02
-3.627305e-02
-2.913101e-02
-7.814985e-03
-1.912358e-02
-9.815546e-03
-5.015663e-02
1.761389e-02
4.217964e-03
2.202101e-02
2.279034e-02
6.287942e-02
2.389375e-02
-1.446976e-02
1.358444e-02
2.709355e-02
-2.466155e-02
-3.624881e-02
1.974436e-02
-4.823335e-02
-4.717784e-02
2.315576e-03
-2.799746e-02
-2.424924e-02
-2.512380e-02
8.574980e-03
1.576701e-02
-4.693172e-03
4.441418e-02
3.567791e-02
1.215920e-02
2.362395e-02
1.780197e-03
-1.276547e-02
6.376051e-03
-2.586208e-02
-1.828874e-02
2.178315e-02
-4.219862e-02
-2.340755e-02
-7.636167e-03
-4.103908e-02
-2.795463e-02
4.338272e-02
-8.244710e-03
-1.161307e-02
3.601173e-05
2.658416e-03
-5.251919e-03
9.214921e-03
2.012880e-02
1.725598e-02
8.511049e-03
2.608710e-02
6.821458e-03
-5.051837e-03
-1.302218e-02
1.852418e-03
1.184774e-02
2.343755e-03
-2.781326e-03
-4.657576e-03
8.949010e-03
-3.015421e-03
-4.676159e-03
-2.849597e-03
9.900098e-03
7.108499e-03
2.835911e-03
1.956758e-02
1.909522e-02
3.669056e-02
-4.817494e-02
-8.678367e-03
2.080490e-02
-9.550152e-03
4.632542e-03
2.080321e-02
5.530187e-02
-1.019392e-02
9.396248e-03
1.089030e-02
-3.297525e-03
-4.598986e-04
2.710870e-03
6.615719e-03
-1.494317e-02
9.014265e-03
5.739215e-03
2.859293e-02
2.481901e-02
-3.339170e-02
3.874128e-02
1.752993e-02
-4.817768e-02
-1.684843e-02
-3.774053e-02
-3.578498e-02
-2.013982e-03
2.826431e-03
-4.752596e-02
5.286503e-03
-8.370309e-02
-3.374306e-02
-5.935496e-02
-8.714503e-02
-1.609710e-02
-1.468838e-02
1.527223e-02
5.233828e-02
5.440486e-02
3.482025e-02
-1.085896e-02
-5.156158e-03
-2.658786e-02
3.225279e-02
2.380743e-03
-1.857627e-03
7.082530e-03
-4.726902e-02
6.471992e-03
-3.300211e-04
-1.549976e-02
-1.611467e-02
1.552792e-03
5.288464e-03
4.862140e-02
3.613092e-02
-4.563701e-03
4.124706e-02
1.859876e-02
-6.118037e-03
6.689562e-03
-1.999512e-03
2.524674e-02
-5.868130e-03
-3.002388e-02
4.675863e-02
-2.569376e-02
-2.889599e-02
5.329789e-02
1.258276e-02
-1.648627e-02
-3.165897e-02
-3.762207e-02
-4.043714e-02
-1.891329e-02
-5.094754e-03
-4.615193e-02
-5.806786e-03
-1.990214e-03
-7.684633e-03
1.544352e-03
-1.629392e-02
-2.793726e-03
-1.689835e-02
-1.872752e-02
1.369938e-02
-2.032332e-02
-1.885943e-02
1.455821e-03
-1.088725e-02
6.135346e-03
1.115922e-02
5.066001e-03
4.573751e-03
-1.057949e-02
1.754825e-02
5.245616e-03
-5.524735e-03
2.561030e-03
2.084428e-02
3.604371e-02
7.994455e-03
-3.078088e-02
-3.433655e-02
1.055179e-02
1.991669e-02
-1.117175e-02
-2.496484e-02
2.844568e-02
3.019550e-02
-1.609794e-02
6.274598e-03
6.275049e-03
3.364224e-02
-3.839794e-02
5.540447e-02
3.196697e-02
-4.355640e-02
-4.253754e-02
1.218832e-01
-6.754699e-02
-3.400174e-02
5.318379e-02
-7.907868e-03
1.324140e-02
2.260836e-03
-2.880238e-02
2.519263e-02
-1.217536e-02
1.000386e-02
1.966228e-02
-9.141599e-05
1.368735e-03
-3.619428e-03
-5.171286e-02
-3.308890e-02
2.625326e-02
-3.264857e-02
-4.802758e-02
3.629200e-02
8.371703e-02
-1.484866e-02
-4.771746e-02
-1.610854e-02
-5.268258e-03
-2.729894e-02
1.856575e-02
3.877455e-02
5.782271e-03
-5.527739e-02
1.909108e-02
-2.540706e-02
8.291234e-03
-1.753600e-02
-3.517216e-02
-9.261793e-04
-3.340277e-02
7.362402e-04
1.734786e-02
-4.714072e-02
9.307493e-03
-2.041815e-03
-9.986048e-03
1.795676e-02
-1.880928e-02
-2.332733e-02
2.259795e-02
-5.641875e-02
1.786272e-02
-1.139822e-03
-1.568992e-02
-2.789631e-02
2.428313e-02
6.851449e-02
-8.265372e-02
3.699745e-02
2.772280e-02
-1.498507e-03
-2.229210e-02
5.541873e-02
-2.762450e-02
-4.721422e-02
1.944772e-02
1.560146e-02
-3.636071e-02
4.352713e-02
-3.194186e-02
