1.367905e-02
9.026283e-03
-1.070030e-02
-6.467046e-02
-2.768185e-02
-3.954257e-02
-2.817538e-03
-3.165375e-02
-5.905071e-03
-3.524121e-02
-5.007189e-04
2.463112e-02
-5.708020e-02
-1.255351e-02
1.432489e-02
-8.261196e-03
1.493000e-02
1.383509e-02
-2.976055e-02
-3.524209e-03
-2.265954e-02
1.517181e-02
1.915770e-02
9.917331e-03
3.175429e-02
2.887015e-02
-1.055669e-02
3.092442e-02
-7.927318e-04
4.655000e-03
-3.517201e-02
-3.514069e-02
-3.804474e-02
-5.378797e-02
-4.595692e-02
-4.670300e-02
1.157067e-03
-1.050558e-02
1.354904e-02
-3.148559e-02
-5.381867e-02
-1.622422e-02
4.446298e-02
1.989149e-02
8.246594e-02
1.130857e-02
-3.478954e-04
-1.056403e-02
-1.895186e-02
-2.641922e-02
3.013993e-03
-2.134890e-02
6.318731e-05
-3.935500e-02
4.319898e-03
2.660422e-02
2.555315e-02
-6.361973e-03
-6.264057e-03
1.505282e-02
3.547876e-02
2.643416e-02
-6.987658e-03
-4.722005e-02
1.917150e-02
1.509718e-02
-1.804572e-02
3.576663e-02
3.101549e-02
-2.249825e-02
-1.659318e-02
-2.480198e-02
1.184702e-02
1.848845e-03
-1.429605e-02
-3.362983e-02
-4.185601e-02
-2.818701e-02
-2.343620e-05
1.790244e-02
-1.878649e-03
-2.128860e-02
1.478159e-02
2.969119e-02
-2.746488e-03
2.509125e-02
1.680859e-02
1.138103e-02
-1.340100e-02
-1.530922e-02
1.976048e-02
-9.502563e-03
1.897291e-03
-1.870455e-02
-1.458374e-02
-4.460129e-03
1.785579e-02
2.254175e-02
2.989017e-02
-1.540656e-02
3.251135e-02
4.059106e-02
-3.311139e-02
-1.699943e-02
-1.830798e-02
1.281479e-03
1.110948e-02
1.172902e-02
3.006053e-02
3.468515e-02
-5.159272e-02
-2.970723e-02
-2.522615e-03
-7.638771e-02
-4.444366e-03
-1.481255e-03
-5.927647e-02
-1.367432e-03
1.142957e-02
9.467446e-03
2.506860e-02
8.161272e-03
-4.227431e-02
2.963396e-02
2.173162e-02
-2.458002e-02
1.982974e-02
-5.550795e-02
-2.464300e-02
9.808967e-03
-5.057653e-02
-4.115305e-02
4.090171e-03
-2.598328e-02
-1.280402e-02
1.579495e-02
-2.696059e-02
-5.073451e-03
-6.846970e-02
-5.510755e-02
6.651263e-03
-3.164175e-02
-4.661709e-02
1.994658e-02
-2.580037e-02
1.070694e-02
1.021622e-02
-3.234616e-02
-3.461610e-02
-2.021306e-02
-4.433616e-02
-8.110709e-02
4.061813e-03
-1.420333e-02
-9.237901e-04
-2.865215e-02
2.709479e-02
1.844662e-03
1.582948e-02
-3.785371e-02
-3.421394e-02
1.239156e-02
-2.806378e-02
-5.582486e-03
-2.647715e-02
-5.817800e-03
-8.461679e-03
3.338117e-02
-7.728321e-03
3.855191e-02
3.325696e-02
6.297464e-03
2.140821e-02
-1.979344e-02
2.207355e-02
1.342339e-04
-3.152102e-02
-3.619505e-02
2.846669e-02
-7.458726e-02
-2.908008e-02
-4.713761e-02
-4.176816e-02
-2.619791e-02
2.873715e-02
-1.984194e-02
-5.751759e-03
-6.280423e-02
2.994990e-03
-3.934608e-02
-1.598137e-02
5.417294e-03
-3.058644e-02
1.391028e-02
1.738758e-02
-1.842051e-02
-2.106206e-02
2.022973e-03
-2.311501e-02
1.289238e-02
1.723652e-02
4.858214e-04
3.237788e-02
-4.518465e-03
1.792279e-02
8.955950e-02
4.819678e-03
-7.147606e-03
-1.147416e-02
-4.838413e-02
-3.052068e-02
2.588536e-02
-5.167889e-02
2.971782e-02
-5.245782e-03
-4.503601e-02
-1.011109e-02
-1.372433e-02
-5.401108e-03
2.444335e-02
-1.105224e-02
-1.800104e-02
-2.354849e-03
2.894603e-02
-2.510871e-02
8.103938e-03
-6.934477e-03
-2.848023e-03
-1.839582e-02
5.235207e-02
-3.538878e-02
-8.925136e-03
1.019392e-02
2.493450e-03
2.259035e-02
6.202293e-03
9.363382e-03
-3.043143e-02
-6.478997e-03
4.164654e-02
-6.540017e-02
2.291640e-02
8.119164e-03
3.703183e-02
1.723791e-03
-1.723787e-02
-9.879725e-03
-3.259864e-02
-2.006112e-02
1.031198e-03
5.337842e-02
-4.586706e-02
-7.155756e-02
-2.528289e-02
-2.639248e-02
1.234542e-02
3.192387e-02
2.803769e-02
3.154657e-02
-4.836756e-03
3.792353e-02
-3.621212e-03
-4.453199e-03
-1.648995e-03
-3.935743e-02
2.779833e-03
7.972286e-02
-2.646736e-02
2.407568e-02
-6.459294e-02
-2.405024e-02
-1.409765e-02
-4.660016e-02
3.219434e-02
3.869687e-03
-4.799004e-02
6.006189e-02
4.471656e-02
9.369238e-03
-3.186991e-03
-2.773864e-02
3.311441e-02
7.098021e-03
2.230849e-02
1.663318e-02
-3.446125e-02
4.533328e-02
-4.743606e-03
1.273050e-02
-3.928773e-02
4.158192e-03
-8.981679e-03
2.143677e-02
1.410897e-02
-2.495393e-02
-3.829295e-02
4.008238e-03
-4.073434e-02
-5.791530e-02
-1.414033e-02
3.048923e-02
7.418442e-03
4.390935e-02
3.149052e-02
1.264177e-02
2.677495e-03
3.812078e-02
1.576990e-02
2.131244e-02
-2.087462e-02
-3.152795e-02
-6.049675e-03
-1.129417e-02
5.249947e-03
1.141494e-02
-3.481713e-02
2.910000e-02
-7.612248e-03
1.543219e-02
2.999723e-02
1.267761e-02
1.197545e-02
2.756650e-02
7.286082e-03
3.409534e-03
3.769373e-03
4.916480e-03
2.386161e-02
2.718535e-02
1.841637e-02
2.245921e-03
-1.447123e-02
-2.630145e-02
2.450750e-02
7.650579e-03
-6.232460e-03
1.410118e-02
2.536774e-02
5.348198e-02
-2.391145e-02
-2.751357e-02
-6.555639e-02
7.388975e-02
6.287090e-02
-3.398916e-02
2.619711e-02
-2.440238e-03
-3.429507e-02
-2.182277e-02
-5.714762e-03
-7.685278e-03
-2.533282e-03
1.319894e-02
1.114902e-03
-3.953202e-03
5.989970e-03
5.663078e-02
1.401821e-03
1.428656e-02
1.577841e-02
2.693209e-02
-5.657087e-02
-1.098280e-02
1.089017e-02
-9.061946e-04
-7.597163e-02
-9.014248e-03
1.414904e-02
1.229007e-02
-1.029829e-02
3.343962e-02
5.663371e-02
-2.406314e-02
1.139945e-02
4.298099e-02
-4.101216e-02
-1.726260e-02
7.805178e-03
-5.639585e-02
-3.190449e-02
-3.915415e-02
8.172275e-03
7.948826e-03
-3.987795e-02
3.063431e-02
3.605097e-02
4.276876e-02
-2.660295e-02
2.584546e-02
1.391495e-03
2.573888e-02
-1.774282e-02
-4.843890e-02
1.557983e-02
3.890304e-03
-1.135675e-02
3.475332e-03
-3.534843e-02
-1.782231e-02
5.908675e-05
-1.352043e-02
1.842898e-02
-3.477072e-02
-1.950456e-02
2.581974e-02
-3.054980e-02
-7.481983e-03
-2.061844e-02
-8.870214e-03
5.260104e-03
2.448964e-02
9.823126e-03
4.117905e-02
3.866687e-02
-3.394520e-02
-7.769462e-02
-1.655184e-02
4.253604e-03
-6.786189e-02
1.563388e-02
-1.223577e-02
2.739132e-03
1.318502e-02
-4.654183e-03
2.693470e-02
2.353023e-04
4.374412e-02
1.660549e-03
-4.743255e-02
-4.121345e-02
-2.953471e-02
-4.292334e-02
-5.133187e-03
-1.665761e-02
4.391913e-03
2.100180e-05
2.388550e-02
-9.820086e-03
-3.232568e-03
-4.652199e-03
3.983656e-02
-4.087430e-02
3.959608e-02
3.224235e-02
-6.922930e-02
-1.569929e-02
-2.881491e-02
-1.784584e-02
-4.636729e-02
-9.188127e-03
-3.595506e-02
-3.511569e-03
2.475586e-02
-7.694094e-03
4.258150e-02
4.886894e-02
-5.279367e-03
5.081832e-02
1.437144e-02
1.124331e-02
-2.668179e-02
-1.903866e-02
-2.492837e-02
-4.758828e-02
1.119197e-02
-3.641312e-02
-4.315588e-03
2.927370e-02
-8.588890e-04
-6.374732e-02
-3.517244e-02
3.408581e-03
4.237923e-03
2.755995e-02
-3.877610e-02
3.600762e-02
1.569104e-02
-4.388012e-02
9.886308e-03
9.148789e-03
-2.678145e-02
7.337385e-03
-2.622252e-02
3.534507e-02
-4.072063e-02
-2.563739e-02
1.641441e-02
-3.435161e-02
4.933404e-04
-8.586429e-03
5.422540e-02
2.675484e-02
2.490097e-02
6.769981e-02
7.490814e-03
1.464283e-02
1.621953e-03
-3.531716e-02
1.363651e-02
2.470951e-02
-3.690799e-02
2.213280e-02
9.350220e-04
4.306327e-02
1.752931e-03
-1.630261e-02
-2.815701e-02
-8.566367e-03
4.137480e-02
-1.104349e-02
1.986487e-04
1.174816e-02
2.777139e-02
4.784390e-02
4.743902e-03
-1.638272e-02
1.669591e-02
-3.595934e-02
-3.246622e-02
-2.543727e-02
-2.529980e-02
-2.428599e-02
3.225172e-03
-4.470314e-02
3.999783e-03
2.839306e-03
-1.906146e-02
2.109280e-02
3.016377e-03
2.789165e-03
-6.748064e-03
3.539570e-02
1.946988e-02
2.533296e-02
3.318151e-02
5.316390e-03
2.671778e-02
-2.196269e-02
1.615750e-02
-6.530178e-02
-1.824958e-02
-4.559249e-02
-2.691110e-02
6.914782e-03
-3.148647e-02
-4.270720e-03
4.232494e-02
-1.491142e-02
-1.778705e-02
3.729210e-02
3.403039e-02
3.750562e-02
-1.606904e-02
-6.912465e-03
6.603391e-02
-1.585340e-02
-4.454496e-02
-2.117792e-02
2.998893e-02
-8.932025e-02
-5.883259e-02
-1.841837e-02
-2.041009e-02
-5.036287e-02
1.043311e-02
-4.282048e-03
-2.861476e-02
4.915440e-04
-4.399613e-02
-4.977291e-02
2.025036e-02
-8.924595e-03
-2.610509e-02
-7.185386e-03
1.752708e-02
-2.890889e-02
5.877004e-03
-3.581737e-02
-6.167068e-02
4.561745e-02
-3.027545e-02
-4.364735e-02
6.236701e-02
-1.294807e-02
-2.924579e-02
-3.887115e-02
6.708742e-03
-7.327927e-03
-6.881758e-02
8.514081e-03
-3.154116e-02
-2.594062e-02
2.005967e-02
-3.159218e-02
6.683777e-03
-2.474000e-02
-1.443915e-03
-3.446371e-03
-2.400048e-02
-1.259994e-02
-2.345456e-02
-1.621142e-02
-1.936777e-02
-4.624038e-03
3.688869e-03
-9.117643e-04
-1.422429e-02
2.182526e-03
2.053253e-02
3.236361e-02
4.956094e-02
2.408926e-02
-1.088186e-02
-1.334100e-02
-1.977620e-02
-1.163874e-02
2.100584e-02
5.249119e-03
-1.613608e-03
2.913442e-02
2.507089e-02
1.630003e-02
-4.766690e-02
3.526509e-03
-6.787493e-03
-3.593247e-02
4.410818e-03
2.265758e-02
-8.882987e-03
1.144264e-02
-2.208060e-02
-4.639066e-02
-6.387611e-02
1.778995e-03
-7.863270e-02
-3.985665e-02
-3.340812e-02
-7.635545e-02
-4.434634e-02
-2.277358e-02
-4.505757e-03
2.986168e-02
1.137849e-02
-3.078573e-02
1.271677e-02
-2.896945e-02
-1.534653e-02
-9.013611e-03
-1.173273e-02
-5.718569e-02
-3.333722e-02
-1.123244e-02
-8.449189e-03
-2.914456e-04
-4.337511e-03
1.602348e-02
-1.665613e-02
2.743436e-02
-5.320440e-02
-1.927767e-02
1.565303e-02
-4.641444e-02
2.640330e-02
-9.556693e-03
1.746111e-02
2.654641e-02
-2.086963e-02
-1.198374e-02
-2.855890e-02
2.679474e-02
9.241084e-03
1.618623e-02
1.040739e-02
-2.808970e-02
-4.160501e-03
1.001715e-02
1.108349e-02
4.524001e-02
2.258453e-02
1.223542e-02
6.350467e-02
-4.755148e-02
-1.034686e-02
4.471637e-02
-7.023955e-03
-5.484476e-03
-8.836483e-03
1.126293e-02
2.132773e-02
4.615617e-03
-8.086739e-03
5.645010e-02
3.143336e-02
-4.115296e-02
2.249204e-03
-7.405420e-03
-2.145541e-02
-1.926661e-03
4.528027e-03
-6.868780e-04
-6.311344e-02
2.077819e-02
-4.296450e-02
-1.887907e-02
-5.988424e-02
-1.129694e-03
7.394010e-03
-2.486959e-02
-1.073252e-02
-1.175323e-02
1.949339e-02
-3.346722e-02
-1.406553e-02
-2.990474e-02
4.581591e-03
-5.920085e-02
1.680760e-03
7.417485e-03
-1.354076e-02
3.827766e-02
-2.167244e-02
9.541112e-03
-2.475048e-02
2.576818e-02
3.628817e-02
6.130525e-03
-2.845129e-03
2.891036e-02
9.074992e-03
9.818411e-04
3.064772e-02
2.700678e-02
2.974423e-02
5.545124e-02
5.083773e-02
2.164915e-02
2.950124e-02
2.667781e-02
-2.564779e-02
-2.536765e-02
-1.287262e-02
-1.579575e-02
-1.615568e-04
-3.145248e-02
-5.526599e-03
-1.253972e-02
2.023822e-02
-3.658879e-02
-7.001666e-03
7.476592e-03
3.793123e-03
3.911672e-02
2.288154e-02
-8.058100e-03
-1.133138e-02
-3.041914e-03
-5.152280e-02
-3.026276e-02
-1.516218e-03
2.068118e-02
2.340274e-02
-9.817512e-03
-5.376862e-03
8.064752e-03
8.422576e-04
-8.134944e-03
-1.428447e-02
8.655172e-03
-7.960979e-03
1.856699e-02
1.302924e-02
-1.136434e-02
2.145461e-02
9.903468e-03
2.278007e-02
-1.610770e-02
-1.395737e-02
3.973571e-02
5.368154e-03
-3.184863e-02
3.922458e-03
1.742855e-02
-7.585634e-03
1.623251e-02
2.635812e-02
-1.841634e-02
1.271863e-02
2.201898e-02
1.497614e-02
9.827361e-03
1.727047e-02
-3.369429e-02
-3.181360e-03
-3.867086e-02
-7.430207e-03
-4.232680e-03
-1.631217e-02
-3.553145e-02
-2.158324e-02
5.067666e-03
2.626009e-02
1.973452e-02
-2.408485e-03
-2.681983e-02
4.755716e-02
3.057524e-02
2.073374e-02
-4.563996e-02
-9.093937e-03
1.043931e-02
-2.625660e-02
-3.750179e-02
8.748148e-03
2.087053e-02
5.202474e-02
4.054167e-02
1.543067e-02
7.044408e-02
8.665362e-02
3.202225e-02
2.644660e-02
7.588437e-03
5.894761e-03
2.841477e-03
1.191017e-02
-1.865241e-02
-2.142922e-02
-2.076305e-02
-7.382341e-03
-6.232275e-03
5.804241e-03
-1.720406e-02
-8.373661e-03
-2.581901e-02
-3.617619e-02
-3.775768e-02
-4.751278e-02
1.002349e-02
1.542429e-03
1.476966e-02
1.617132e-02
1.665441e-02
-2.568134e-02
-8.491072e-03
-1.791460e-02
-5.382889e-02
2.640348e-03
3.726948e-02
-2.239778e-02
2.968283e-02
3.097720e-02
5.165670e-02
-2.839152e-03
4.910397e-02
7.946540e-02
3.481423e-02
6.608194e-03
7.521189e-03
1.883270e-03
-1.977628e-02
-1.340578e-02
2.385804e-02
-1.329506e-02
1.133030e-02
3.071536e-02
-2.217659e-02
-5.778046e-02
-3.438953e-02
1.617288e-03
-3.487238e-02
-3.080637e-02
2.470220e-03
-4.313490e-02
-1.670711e-02
3.342703e-02
-1.566617e-02
1.448217e-02
5.111998e-02
3.207116e-02
-3.301046e-02
-3.674500e-02
-4.828830e-02
3.324625e-03
-5.904710e-03
-4.911650e-02
1.704938e-02
-7.744730e-03
-3.342061e-02
2.794206e-02
2.700402e-02
3.985773e-02
-2.731565e-02
2.910235e-02
-5.280359e-03
8.535950e-02
8.878995e-02
2.094968e-02
5.142133e-02
2.978023e-02
-6.343970e-02
-1.623450e-02
-3.115293e-02
1.135433e-02
-2.838701e-02
3.618201e-02
3.043015e-02
-1.739589e-02
1.283683e-03
-7.507813e-04
-1.527630e-02
2.274219e-02
-2.048795e-02
-9.692668e-02
-1.017478e-02
-3.161227e-02
-2.411055e-02
-3.506845e-02
5.263254e-02
7.188500e-02
4.237575e-02
1.768966e-03
1.151169e-02
1.648686e-03
6.225459e-03
-2.513399e-02
-3.543771e-02
-6.880046e-02
2.715771e-02
1.608003e-02
-1.616995e-03
2.034108e-02
1.507302e-02
-2.872363e-02
-3.203398e-05
-2.033263e-02
1.820461e-03
1.203829e-02
-5.005453e-04
5.842156e-02
-2.281380e-02
-1.252924e-02
6.379945e-02
-9.084062e-03
-9.146418e-04
1.337206e-02
-2.880502e-02
1.609654e-03
-1.082056e-02
-5.801441e-03
3.978393e-02
1.732363e-02
2.328550e-03
-1.388736e-02
7.195491e-02
-2.841246e-03
1.234254e-03
-6.330014e-02
2.060332e-02
1.608523e-02
-2.652828e-02
2.990315e-02
3.524652e-02
4.898132e-02
-1.684952e-02
-5.799710e-02
2.771108e-02
7.969046e-03
-1.162499e-03
6.620883e-02
1.500930e-02
-5.217541e-06
1.448696e-02
-2.230445e-02
3.865549e-02
-6.934118e-03
-2.285124e-03
2.894746e-03
1.962937e-02
-3.297572e-02
-8.476242e-03
-1.363240e-02
6.292681e-04
-2.198539e-03
2.982944e-02
-9.124432e-03
7.840571e-02
5.176891e-02
2.899658e-02
3.462231e-02
2.868465e-02
2.380746e-02
3.141097e-03
1.030700e-02
-8.203606e-03
1.680522e-02
9.194245e-03
4.064372e-02
-1.705986e-02
-2.124897e-02
-1.701667e-03
-2.467114e-02
-2.174425e-02
4.058152e-03
-1.579321e-02
-2.786790e-02
-1.555579e-02
4.546199e-03
-1.923380e-02
-2.354081e-03
5.446872e-03
1.097866e-02
-1.132499e-02
-1.150530e-02
3.199713e-02
-4.344010e-02
-1.790725e-03
1.662300e-03
-2.440100e-04
-1.011718e-02
-3.392618e-02
-4.596166e-03
4.949619e-03
-1.265561e-02
1.190641e-02
1.842847e-02
-4.206539e-02
-3.837102e-02
5.936858e-03
3.477736e-03
-1.866998e-02
-1.212881e-02
-2.882329e-02
2.422096e-03
-9.566674e-03
-8.841121e-03
-1.629981e-02
-3.302337e-02
5.054807e-03
-4.162568e-03
-5.642013e-03
-7.394501e-03
-3.612531e-02
-3.229052e-02
2.000020e-02
2.910474e-04
-2.244576e-02
-2.065131e-02
1.813214e-02
-4.281907e-03
-3.211829e-02
7.833646e-03
2.167480e-02
-1.067039e-02
7.993354e-03
-6.444507e-02
-7.541227e-02
-1.893491e-02
3.433382e-02
1.205330e-01
9.241794e-03
4.911608e-02
7.925704e-03
-3.867322e-02
-5.572592e-03
-3.274483e-02
3.075218e-02
3.460224e-02
-1.628923e-03
-1.366517e-02
-1.105275e-03
7.959574e-03
8.938393e-02
4.504751e-02
7.196160e-03
-3.414993e-03
-5.320117e-02
-6.444056e-02
-3.162276e-02
-2.645958e-02
-2.781977e-02
-2.324247e-02
4.548213e-02
4.035077e-02
2.648016e-03
-5.373183e-02
-4.051797e-02
9.768350e-03
3.256217e-02
1.708869e-03
2.792126e-02
4.024942e-04
-3.522312e-02
6.336965e-03
2.591278e-02
1.821969e-02
-1.382902e-02
-1.791503e-02
-1.572616e-02
-2.327424e-02
3.319553e-02
3.797887e-02
-5.024572e-03
-2.425789e-02
-1.311056e-02
2.346797e-02
7.697701e-03
1.583049e-02
-4.782463e-03
4.589673e-02
4.071141e-02
8.782422e-03
8.985549e-04
1.135787e-02
-1.382127e-02
-5.578025e-03
-3.484201e-02
-3.232522e-02
-1.919861e-02
-4.675761e-02
1.987518e-02
-2.209601e-02
-1.048671e-02
-4.344247e-02
3.173013e-02
-1.504869e-02
-3.867756e-02
4.955851e-03
5.004120e-02
-2.167579e-02
1.649891e-02
-3.448083e-02
-1.482831e-02
2.682471e-02
2.392688e-02
-2.814489e-03
-4.741018e-02
-1.782121e-02
1.205293e-02
-5.933063e-02
-5.339482e-02
4.725342e-02
-2.243082e-02
3.660567e-03
-2.992564e-02
1.759892e-03
4.521396e-02
-5.579946e-03
-9.689200e-02
-5.669985e-02
2.723174e-03
5.359216e-02
-1.391054e-02
-1.667403e-02
-1.306870e-02
1.712783e-02
-8.763823e-04
-2.349598e-02
-2.876035e-02
-8.070488e-03
-3.765688e-03
-3.966302e-02
1.842586e-03
3.529587e-03
-2.172308e-02
3.709808e-02
3.131430e-02
-8.833002e-03
2.286232e-02
-3.589016e-02
-5.034698e-02
-2.736184e-02
6.556335e-03
-2.112234e-02
-5.360331e-02
-3.414859e-02
7.217466e-03
2.292912e-02
7.957155e-03
3.147276e-02
-1.868497e-02
-2.811667e-02
-3.253692e-02
2.662260e-02
2.786718e-02
4.803969e-02
2.591649e-02
2.217160e-02
-1.097548e-02
-1.286250e-02
-3.373491e-02
-5.044950e-02
-3.769121e-02
-2.224793e-02
-5.009159e-03
5.252932e-03
1.652514e-02
4.426253e-02
-3.716219e-02
-6.051983e-02
-2.947336e-02
-1.876349e-02
2.562100e-02
-2.579278e-02
-1.107832e-02
-3.681836e-02
1.001692e-02
1.627945e-02
-3.871679e-02
-6.562093e-02
1.616822e-03
-2.686541e-02
-1.345075e-02
2.082790e-02
-7.760376e-03
-3.821471e-02
3.059356e-02
2.564098e-03
-5.887871e-03
-5.343368e-03
-4.457325e-03
-8.606243e-03
-1.171632e-02
-2.251805e-02
-1.380263e-02
1.707911e-02
5.834568e-02
-4.471432e-02
-4.074516e-02
-3.818118e-02
1.113930e-03
5.883287e-03
1.542445e-02
-1.097071e-03
-8.826725e-03
-4.052287e-03
2.892045e-02
-1.552427e-02
-9.752805e-03
-2.000818e-02
-4.132018e-02
-2.300740e-02
-6.658675e-03
-2.978774e-03
2.915321e-02
2.305468e-02
-6.255653e-02
4.828816e-04
5.767765e-02
7.190139e-03
3.582158e-02
3.222345e-02
1.137829e-02
4.058431e-02
2.181592e-02
1.752974e-03
-3.235041e-02
9.518276e-03
-2.252432e-03
2.203455e-02
-1.054993e-02
2.874090e-02
1.160083e-02
3.016629e-02
3.237335e-02
3.203653e-03
-1.495266e-02
2.694509e-02
-1.101754e-02
4.856235e-02
-4.121112e-02
1.953982e-02
3.307702e-02
-5.361082e-02
1.076059e-02
-2.433742e-02
1.829382e-02
8.467830e-03
-1.629444e-02
-3.648854e-03
4.496340e-02
9.025179e-02
1.174391e-02
1.391639e-02
7.505387e-02
-8.994458e-03
-2.157041e-02
1.183037e-02
1.978406e-02
3.938900e-02
-7.346640e-02
-4.197896e-02
-9.087466e-03
-3.022181e-02
1.057200e-02
2.471483e-03
-2.640116e-02
2.817983e-02
-6.459741e-03
1.288150e-02
-4.360068e-02
-2.562711e-02
1.826097e-02
7.395975e-03
-1.263990e-02
9.190615e-03
-1.324124e-02
-6.196712e-03
-4.613062e-02
-1.533812e-02
-3.566826e-02
3.427394e-03
4.478124e-03
-1.583616e-02
9.293949e-03
-1.977938e-03
4.346580e-03
9.997702e-03
3.085537e-02
1.585894e-03
-3.217446e-02
-2.016072e-02
7.743521e-03
1.035069e-02
-5.363833e-02
-1.827447e-02
-2.811066e-02
-1.926725e-02
2.568617e-02
-8.303460e-03
1.669532e-02
2.649756e-02
7.010667e-03
1.723991e-03
-3.178702e-02
-3.373039e-02
3.241187e-02
2.015883e-02
-3.233215e-02
2.591190e-02
3.020056e-02
-4.224989e-03
6.265832e-03
-3.618161e-02
8.057483e-04
4.274845e-03
-1.843658e-02
-6.185442e-02
-7.511946e-03
1.183846e-02
-2.314819e-04
-4.295034e-02
-5.466386e-02
2.202976e-02
1.133431e-03
2.906403e-02
4.482590e-02
3.035761e-03
-6.652512e-03
-1.274987e-02
1.294624e-02
2.646197e-02
1.305340e-02
6.487175e-03
7.990272e-03
3.817035e-02
-5.740087e-03
-2.672957e-02
8.073359e-02
-1.974925e-02
-5.878475e-02
-9.273391e-04
-1.923349e-03
-3.960456e-02
-1.122583e-02
-2.836271e-02
-1.335200e-02
-2.562104e-02
3.798125e-02
-9.930192e-03
2.371575e-02
-1.380629e-03
-4.193212e-02
-3.887957e-02
1.528058e-03
-5.978253e-02
1.928028e-02
-4.136237e-02
-2.964308e-02
-4.093736e-02
-7.426160e-03
3.533748e-02
1.438325e-02
-3.075413e-02
2.897500e-02
4.925766e-02
9.963703e-03
-1.282392e-02
-4.665580e-02
3.492928e-02
-1.545075e-02
-2.568894e-03
-2.892900e-02
-2.421382e-02
6.684667e-03
-1.195047e-03
-2.764927e-02
-2.091753e-02
1.961028e-02
3.115702e-02
-4.818353e-02
1.380625e-02
-2.824569e-02
1.515879e-02
-9.613626e-02
-2.623900e-02
-3.028678e-03
1.219102e-02
-7.047446e-03
3.928449e-02
-1.138310e-02
1.510173e-02
3.099625e-02
-4.142716e-02
-2.504616e-02
1.303293e-02
-1.027282e-03
-2.932570e-02
2.400604e-02
1.458243e-02
-3.748758e-02
1.222131e-02
-1.722747e-02
7.151032e-02
7.090838e-02
1.908592e-02
7.822497e-02
-6.142450e-03
3.100205e-02
-1.659034e-02
-5.754791e-02
-3.318873e-02
2.828863e-02
-7.714674e-03
2.496602e-02
-6.181961e-02
-1.923207e-02
2.493407e-02
-4.881904e-02
-3.086784e-02
-2.233387e-02
-1.716108e-02
1.423193e-02
-7.219057e-03
-1.270687e-02
-4.350218e-02
-7.309860e-03
-3.318689e-02
3.615126e-02
3.506235e-02
1.798908e-02
-9.436413e-03
3.313246e-02
2.743252e-03
2.723074e-02
4.202935e-03
-3.245749e-02
-1.405947e-02
-1.043437e-02
-1.654664e-02
4.976332e-02
-4.934023e-02
1.029918e-02
6.461625e-02
3.979212e-02
1.908332e-02
2.089647e-02
5.234548e-02
-1.271706e-02
-5.342087e-02
-1.394191e-02
-5.395138e-02
-6.516631e-02
-5.656171e-03
-1.189141e-02
-2.227961e-02
-1.053031e-02
-3.935452e-02
1.527523e-02
3.546958e-02
5.644110e-02
-1.703066e-02
1.396329e-02
-1.694210e-02
-1.053241e-02
-3.063904e-02
9.641320e-03
9.847013e-03
2.615951e-02
-6.084198e-03
4.490126e-02
-3.411434e-03
-3.882131e-02
2.296939e-03
-3.118175e-03
1.794113e-02
-4.657272e-02
2.389615e-02
2.651053e-02
-9.977707e-02
-1.490786e-02
-5.956242e-02
4.803718e-02
-1.689929e-02
2.218349e-02
-6.222432e-03
-4.233972e-02
-2.947674e-02
-8.065332e-02
-1.110888e-02
4.044693e-02
7.167908e-03
-1.834994e-02
3.081569e-02
4.079954e-03
-7.663827e-03
1.148439e-03
-1.765430e-02
-1.082128e-02
3.531990e-02
-3.037522e-02
-9.294558e-03
2.364044e-02
4.631101e-02
1.127000e-02
-2.001425e-02
-1.529240e-02
3.919788e-02
-3.400949e-03
-2.757069e-02
3.857100e-02
1.516345e-02
-2.836395e-02
-6.837770e-02
9.214154e-03
3.158601e-02
3.944269e-02
-2.473319e-03
-7.846675e-02
2.415696e-02
2.009153e-02
-3.915526e-02
3.018741e-03
8.931445e-04
-3.030203e-02
-2.036824e-02
-8.121473e-02
2.190566e-03
-3.222654e-02
1.122975e-02
2.397265e-02
-2.147001e-02
5.362771e-02
5.894152e-02
7.510864e-03
3.193418e-02
-2.666438e-02
-6.369859e-03
-4.408526e-03
4.090668e-02
-2.221099e-03
5.163189e-03
2.609694e-02
2.624644e-02
5.964481e-02
5.142364e-02
3.167264e-02
-7.924454e-02
1.830268e-02
-6.845437e-03
1.603383e-02
-6.302536e-02
8.000258e-03
-5.639206e-03
-5.793408e-02
2.945444e-02
-3.105905e-02
3.782637e-02
-1.787149e-02
5.885661e-02
3.591423e-02
5.731764e-03
4.775701e-02
-2.622116e-02
2.098459e-02
-1.715847e-02
2.071529e-02
-1.227608e-02
-1.897528e-03
3.035756e-02
-2.733711e-02
-3.439155e-02
-1.268530e-02
1.864720e-02
2.011234e-02
-3.318206e-02
1.324380e-02
2.928264e-02
-3.700312e-03
-2.375804e-03
1.723858e-02
-5.939518e-02
-5.621498e-02
1.093398e-02
-4.067685e-04
1.028457e-02
4.189840e-02
5.589344e-03
-9.803581e-03
5.874058e-02
3.218678e-02
-1.987702e-02
2.127523e-02
-2.549786e-02
-1.079843e-02
3.308501e-03
-6.313622e-02
-2.579715e-02
2.678176e-03
-2.889318e-02
-2.791320e-03
-2.400935e-02
-3.194095e-03
-1.008225e-02
9.347358e-02
2.673418e-02
-9.121812e-03
6.278295e-02
4.511490e-02
-4.093320e-02
-5.815798e-02
1.154354e-03
-1.306950e-02
-4.616682e-02
1.731079e-02
1.012679e-02
1.684620e-02
6.325739e-03
4.806789e-03
-9.002283e-03
1.065499e-02
-6.349205e-02
2.808617e-02
5.814134e-02
6.000100e-02
3.058202e-02
-2.465356e-02
3.596699e-02
-1.774699e-02
9.563681e-03
-5.549565e-03
-5.337398e-02
-4.304446e-02
9.745850e-03
-3.094444e-02
-3.584649e-02
1.727217e-02
-5.502996e-02
-6.346920e-02
4.218151e-03
4.110924e-02
1.621112e-02
-3.549321e-02
1.551366e-02
2.820895e-02
3.166938e-02
2.825228e-02
-3.902537e-02
1.987370e-03
-6.277070e-02
-1.013376e-02
-1.201158e-02
-6.751405e-02
-3.110198e-02
2.394063e-02
1.320628e-02
1.158043e-02
2.472240e-02
-5.700841e-02
7.481961e-03
-1.268386e-03
-6.015153e-02
-1.673739e-02
2.944993e-02
-1.806158e-03
-7.236101e-03
5.767319e-03
4.895186e-02
3.072601e-04
6.331658e-02
4.321495e-02
2.201240e-02
-2.955051e-02
9.272511e-02
-2.979196e-02
5.454167e-03
1.850206e-03
5.068717e-02
-3.116508e-03
-5.256214e-02
-7.826527e-04
-1.109571e-02
-1.619487e-02
-2.886618e-02
2.330239e-03
-1.143603e-02
-5.908795e-03
-7.268872e-03
2.251855e-02
9.104725e-04
1.847011e-02
7.446760e-03
-5.741888e-02
5.775000e-02
-6.965616e-02
1.121811e-01
-4.008951e-02
2.209141e-02
7.162787e-03
6.193555e-03
4.678862e-02
2.026278e-02
2.112633e-02
1.923078e-02
-4.655379e-03
-1.581238e-02
-1.673141e-02
-4.421809e-02
2.894757e-02
-6.038494e-04
-3.137476e-02
6.735963e-02
2.357879e-02
-2.060645e-02
5.499788e-02
3.966613e-02
1.366927e-02
5.042044e-02
1.026444e-02
1.594741e-03
4.899622e-02
8.191522e-03
1.323048e-02
4.369298e-02
1.889212e-03
-8.727305e-03
1.337273e-02
1.532693e-02
7.141822e-03
5.346957e-03
-7.593222e-02
2.191159e-02
-2.295214e-02
-4.057949e-02
-1.213774e-02
-2.701603e-02
-3.424993e-03
-2.396508e-02
6.869109e-03
3.060259e-02
2.850202e-02
-3.201677e-02
-1.768777e-02
1.520233e-02
4.537959e-02
-1.435805e-02
7.108417e-03
2.612877e-02
3.828337e-02
-1.982961e-02
2.063910e-02
-1.582316e-02
2.926682e-02
1.081035e-02
-3.231812e-02
1.961827e-02
1.742663e-02
3.459231e-03
6.932005e-03
-1.565506e-02
-1.143833e-02
-3.221281e-02
-1.389944e-02
-2.041964e-02
3.861711e-02
4.734363e-02
-5.829889e-02
1.031269e-02
1.927259e-02
-6.660047e-02
1.455406e-02
-2.359620e-02
1.645155e-02
2.855625e-03
-7.368119e-03
-9.320341e-02
1.690952e-02
-3.261868e-02
-1.250492e-02
-4.591936e-02
-4.974459e-03
-9.482636e-03
-2.637237e-02
-2.543865e-02
-1.822335e-02
-1.769977e-02
-5.569642e-02
-2.517386e-02
-2.425308e-02
-2.202414e-04
-3.486669e-02
-1.794351e-02
6.766208e-02
-5.240324e-02
6.085922e-02
4.131564e-02
1.334392e-02
-4.030059e-03
-4.110822e-02
-1.774786e-02
1.836739e-02
1.025193e-02
-3.050520e-02
5.986601e-02
7.555005e-03
-2.447546e-02
-3.593511e-02
-3.737153e-02
-3.811773e-03
-4.692555e-02
1.289797e-02
6.551387e-03
-6.865764e-03
-1.114606e-02
1.155341e-02
4.744485e-03
1.214064e-02
5.669216e-03
-7.385419e-02
7.840906e-03
-3.238931e-02
-2.681120e-02
4.661728e-02
-4.644852e-02
2.364049e-02
-3.717338e-02
1.149667e-02
4.108405e-02
-3.208454e-02
3.023926e-02
-1.542497e-02
-1.739424e-02
-1.481325e-02
-1.312220e-02
1.753947e-02
-2.021349e-02
-5.097136e-03
1.163534e-03
-1.367634e-01
5.526067e-03
4.930948e-02
6.121062e-03
-4.621615e-02
-1.016924e-02
-1.327934e-02
-5.064026e-02
2.248796e-03
2.370632e-02
-9.980457e-03
-2.835694e-02
1.296864e-02
3.228020e-02
-3.734241e-03
3.564296e-02
-1.170621e-02
-1.876941e-02
3.121631e-02
-4.218482e-03
3.740806e-03
-2.850777e-02
1.354799e-02
1.603382e-02
-4.239185e-02
1.220341e-03
4.233605e-02
5.083715e-03
1.703369e-02
-2.093137e-03
1.095966e-02
2.171927e-02
1.280671e-02
1.930430e-03
3.919574e-02
1.733958e-02
2.716579e-02
1.125030e-02
-6.883105e-03
3.610721e-03
2.643099e-02
8.847009e-03
-1.729629e-02
-1.198061e-02
1.549328e-02
-3.551546e-02
7.643492e-03
-1.963609e-02
-4.877227e-02
2.468076e-03
-2.299081e-02
-8.031078e-03
9.710219e-03
-2.621108e-02
-8.273440e-03
4.119641e-02
-5.512816e-03
1.418818e-03
-4.703534e-03
1.586886e-02
-1.853662e-02
-9.758255e-03
-3.238729e-02
-1.154663e-02
3.843125e-03
-5.684013e-04
8.761048e-02
3.964087e-02
-2.327944e-02
9.202591e-03
-4.055909e-02
1.191472e-02
-2.302525e-02
-6.889825e-02
3.467088e-02
2.025214e-03
-3.673370e-02
3.903151e-02
-1.575834e-02
-2.647041e-02
2.883621e-02
-3.366075e-02
-3.555916e-02
3.754746e-02
-2.845578e-02
-3.665316e-02
1.175609e-02
-2.036091e-02
-6.269064e-02
-2.757782e-02
1.027306e-02
-1.614605e-02
2.513054e-02
6.046230e-02
-3.871491e-03
1.544988e-02
-3.726516e-04
-1.826283e-03
-3.529173e-02
6.259453e-02
3.236339e-03
-3.512698e-02
1.829208e-02
2.302666e-02
-1.541665e-02
1.587380e-02
1.579976e-02
-1.477419e-02
6.513821e-02
-2.297936e-02
6.826145e-03
-3.550983e-03
-1.144223e-02
-2.494200e-03
9.915283e-04
2.738726e-02
1.859707e-02
-2.328067e-02
4.038059e-02
-3.394146e-02
-2.095033e-02
5.028586e-02
2.922345e-02
-3.056827e-04
9.748472e-03
5.123845e-02
3.394426e-02
-6.658398e-02
-2.458477e-02
-2.096549e-02
-7.640383e-02
7.074763e-02
2.035670e-02
7.906504e-03
-2.260396e-02
2.004770e-02
-2.882380e-02
-6.684650e-02
-4.912194e-02
-4.739309e-02
1.009464e-03
2.903221e-02
1.830186e-02
-3.044714e-02
6.296703e-02
-8.659068e-02
-2.494760e-02
-4.345118e-02
-2.963714e-02
9.795750e-03
-9.836335e-03
2.653034e-02
2.540755e-03
-1.068929e-03
6.665802e-03
-2.189975e-03
7.659338e-03
-2.421483e-02
1.686573e-02
3.578060e-02
1.300090e-02
-2.797962e-02
7.735583e-03
-3.430639e-03
5.138927e-03
2.546981e-03
-6.168939e-03
-1.601456e-02
2.185747e-02
-6.702643e-03
-2.877387e-02
3.873999e-02
-5.463214e-03
-1.101186e-02
-4.276269e-02
4.197256e-03
-1.200398e-02
-1.182970e-02
-2.438986e-02
2.027210e-02
3.215034e-02
2.183927e-02
3.453879e-02
2.109642e-02
5.544957e-03
-3.144797e-02
3.868205e-02
2.895216e-02
-3.612499e-02
6.777771e-03
1.929915e-02
-4.964906e-02
-2.485077e-02
-3.486725e-02
-1.636127e-02
-3.266671e-02
4.654927e-02
-6.116840e-03
-5.231891e-02
-5.144952e-02
-1.318999e-02
-1.973744e-02
-3.926736e-02
8.539035e-03
-1.355614e-02
-4.296602e-02
4.475446e-02
1.958879e-02
-3.105287e-03
3.464373e-03
-3.673749e-02
1.866277e-03
2.736592e-03
1.478969e-02
3.157675e-02
-1.851449e-02
1.009327e-02
1.758198e-02
9.689149e-03
3.018382e-02
2.082439e-02
2.475693e-02
1.066780e-03
-2.443264e-04
1.387616e-02
3.513581e-02
6.824841e-02
-2.688316e-02
-2.695651e-02
2.909800e-02
-1.702427e-02
-7.425783e-02
-2.837712e-02
-8.306716e-03
-3.829646e-02
-1.242581e-02
-3.523739e-02
-2.983726e-02
-3.102538e-02
-2.478834e-02
4.458389e-02
-3.911591e-02
-9.965020e-03
3.443085e-02
6.183328e-03
-6.078876e-03
-1.993988e-02
1.400372e-03
-2.662671e-02
-2.252444e-02
1.395481e-02
3.677623e-02
-7.197337e-02
-2.189673e-02
3.885427e-02
-1.841391e-02
3.020848e-02
1.342288e-02
1.212768e-02
6.025859e-03
1.038208e-02
-1.119269e-02
2.871405e-02
-5.320459e-02
-1.637181e-02
4.288949e-03
1.758874e-02
-8.176506e-03
1.118421e-02
-2.497150e-02
5.220155e-02
1.535505e-02
-6.077461e-03
3.583752e-02
3.634490e-02
-2.039430e-02
-4.482321e-02
-2.805328e-02
-2.583518e-02
-2.003883e-02
2.313668e-02
2.171685e-02
2.642518e-02
5.103864e-02
1.191611e-02
5.202712e-02
4.792003e-02
2.313758e-02
-2.903366e-02
-1.467425e-02
-1.479343e-02
-1.806933e-02
-2.866611e-02
3.125855e-02
2.534098e-02
5.645136e-03
-7.416775e-03
3.247290e-02
1.692024e-02
-1.565703e-02
-1.267855e-02
-1.930747e-02
8.111983e-03
2.041966e-02
-2.149695e-03
4.875758e-03
4.303648e-02
-3.481696e-03
-4.139770e-02
3.482035e-02
1.934941e-02
-1.741906e-02
-3.442346e-02
-2.084121e-02
-4.985051e-03
-8.079640e-02
-5.304481e-02
5.342761e-02
-5.505310e-02
-3.471628e-02
9.337968e-03
-2.886806e-03
-3.294418e-02
-4.956530e-02
-9.576294e-03
-2.036668e-02
-4.483456e-03
3.684632e-02
7.818218e-03
-1.614796e-03
-2.964486e-02
-4.011841e-02
-7.760979e-03
1.459258e-02
-8.187722e-03
3.282741e-03
-4.679018e-03
4.386473e-03
-1.637163e-02
-4.831603e-02
-1.165446e-02
4.636868e-02
-2.227187e-02
-4.931301e-02
2.043007e-02
-1.088222e-03
-6.754671e-02
-1.763060e-02
4.171307e-02
5.297747e-02
-4.133848e-02
1.872458e-02
3.930506e-02
-5.876524e-02
-6.527057e-02
3.458285e-02
-1.844839e-02
1.580521e-02
-5.112022e-03
5.890165e-02
6.358815e-03
-1.520063e-02
-1.919061e-02
-2.501802e-02
9.244702e-03
-3.237251e-02
-9.696913e-04
2.635111e-02
-2.800877e-02
1.523347e-02
5.645790e-02
-2.114196e-02
-1.176365e-03
2.270864e-03
-2.636150e-02
1.419823e-02
-2.341394e-02
5.387608e-02
-3.106474e-02
-3.580271e-02
3.597794e-02
2.010886e-02
-1.268184e-02
-5.014105e-02
-1.875601e-02
-3.289481e-02
-3.579710e-02
-2.134103e-04
-3.428645e-02
4.596142e-02
1.126982e-02
-1.473588e-02
7.712590e-03
1.578851e-02
-4.957519e-02
1.215618e-02
4.619503e-02
7.847689e-03
1.881586e-02
-2.884704e-03
-2.037908e-03
-3.830230e-02
2.310535e-02
-5.912907e-02
3.871832e-02
8.241049e-03
4.829860e-03
7.022529e-02
9.927459e-03
2.061129e-02
3.531878e-02
7.322280e-03
-1.156242e-02
1.643224e-03
1.292730e-02
-6.132264e-02
8.188498e-03
-4.357866e-02
2.064718e-03
-4.221214e-02
-2.695663e-02
3.312721e-02
2.171249e-02
-7.897053e-02
-1.963573e-02
3.698087e-02
-2.667712e-02
-2.538909e-02
-2.582279e-02
2.339198e-02
1.730673e-02
-1.799889e-02
2.689038e-02
5.824813e-02
9.938699e-03
-5.971250e-03
5.652177e-02
