1.112196e-01
1.130675e-01
1.404039e-01
1.185895e-01
1.401745e-01
1.188224e-01
1.251645e-01
1.212407e-01
1.100060e-01
1.119775e-01
1.260227e-01
1.276533e-01
1.051759e-01
1.252788e-01
1.126653e-01
1.205580e-01
9.219594e-02
1.297937e-01
1.464071e-01
1.223860e-01
1.153332e-01
1.182682e-01
1.289155e-01
1.211870e-01
1.385383e-01
1.207509e-01
1.267977e-01
1.355622e-01
1.105672e-01
1.500777e-01
1.232637e-01
1.140311e-01
1.195739e-01
1.234953e-01
1.349531e-01
1.349995e-01
1.095030e-01
1.274900e-01
1.050712e-01
1.127051e-01
1.224964e-01
1.127789e-01
1.345702e-01
1.260443e-01
1.690454e-01
1.340446e-01
1.231390e-01
1.279677e-01
1.241000e-01
1.593010e-01
1.216885e-01
1.190480e-01
1.231294e-01
1.331884e-01
1.253246e-01
9.451326e-02
1.326597e-01
1.145340e-01
1.098586e-01
1.074261e-01
1.371026e-01
1.244589e-01
1.235272e-01
1.332261e-01
