5.005940e-04
5.918749e-04
5.632407e-04
7.417962e-04
5.967602e-04
5.178086e-04
5.819770e-04
5.640151e-04
6.870378e-04
4.385953e-04
6.641471e-04
7.291368e-04
5.719200e-04
4.997462e-04
5.618432e-04
6.158194e-04
4.996343e-04
4.056748e-04
6.405136e-04
5.893667e-04
7.397315e-04
5.306674e-04
4.929652e-04
4.674883e-04
4.808102e-04
5.371036e-04
5.905930e-04
4.919657e-04
5.811115e-04
5.765486e-04
4.859573e-04
5.450970e-04
4.177476e-04
6.191173e-04
5.057909e-04
5.126181e-04
7.471794e-04
5.423056e-04
4.771935e-04
4.429943e-04
4.915720e-04
6.901067e-04
5.166241e-04
4.749001e-04
6.157588e-04
5.847517e-04
4.691821e-04
4.394942e-04
5.891087e-04
9.847918e-04
6.714776e-04
5.605217e-04
6.962704e-04
6.701011e-04
6.867024e-04
8.046156e-04
7.137858e-04
4.830371e-04
7.777499e-04
6.982003e-04
5.514369e-04
6.611040e-04
7.187634e-04
5.174663e-04
