6.375156e-03
7.909454e-03
7.663012e-03
6.423273e-03
6.674156e-03
5.608832e-03
9.931693e-03
7.993631e-03
5.906959e-03
4.951350e-03
5.265043e-03
7.117797e-03
8.422345e-03
6.635650e-03
7.440688e-03
7.777532e-03
6.508326e-03
5.570845e-03
6.946170e-03
5.193025e-03
5.400504e-03
5.020572e-03
6.834907e-03
5.491382e-03
5.275566e-03
4.330863e-03
8.040773e-03
7.689029e-03
5.665990e-03
8.431192e-03
6.032225e-03
7.020992e-03
6.821439e-03
6.062689e-03
7.249664e-03
7.063399e-03
5.231694e-03
6.910794e-03
7.851257e-03
4.927592e-03
6.014009e-03
7.217026e-03
6.109160e-03
5.569649e-03
5.343479e-03
4.661728e-03
6.221447e-03
5.800379e-03
6.453406e-03
8.868751e-03
4.924014e-03
6.884954e-03
6.420131e-03
1.102928e-02
6.500462e-03
6.600423e-03
6.549117e-03
5.420489e-03
4.717322e-03
6.958401e-03
4.770873e-03
7.136116e-03
6.928723e-03
9.955504e-03
