1.755339e-02
-3.314248e-02
1.693900e-02
-1.261740e-02
-2.596491e-02
-5.787352e-03
2.193119e-03
-6.447758e-03
-1.768260e-02
9.984381e-03
-1.740640e-02
-2.722915e-02
1.254369e-02
4.666265e-03
-2.557463e-03
-2.072272e-02
-1.541132e-02
1.427723e-02
-1.254219e-02
2.276363e-02
3.081883e-02
2.777259e-02
7.416189e-02
7.180678e-03
9.343336e-02
2.761440e-02
1.049482e-02
6.863600e-02
9.087756e-03
4.393916e-02
1.149175e-02
5.448581e-02
3.403786e-02
1.946502e-02
3.138440e-02
1.782885e-02
5.891517e-03
3.313980e-02
5.801134e-02
4.227909e-02
2.347493e-02
1.458300e-02
1.293633e-02
3.723416e-02
2.779971e-02
1.621918e-02
2.636730e-02
1.910955e-02
-2.121424e-02
-6.942496e-02
-6.767480e-03
-4.257011e-02
-1.228419e-02
-1.215181e-02
2.209803e-02
-2.515228e-02
2.581144e-03
1.512952e-02
-1.930835e-02
-1.977646e-02
5.117774e-03
9.544248e-03
-3.847443e-02
2.403017e-02
