-6.777826e-02
-1.080666e-03
-2.630158e-02
-3.302700e-02
-1.200802e-02
-1.206734e-03
-1.132485e-02
-5.894252e-02
-4.825510e-02
-3.756856e-02
-4.668845e-02
-2.785349e-02
-5.742349e-02
-4.153097e-02
-8.530086e-03
1.447789e-03
-3.234595e-02
1.524191e-03
-3.434107e-02
-1.925136e-02
-4.801742e-02
-1.652416e-02
-3.125459e-02
-5.782241e-02
-1.194937e-02
-6.733270e-02
-4.462319e-02
-1.478352e-03
-1.661918e-02
-5.014606e-02
-4.032772e-02
-1.635383e-02
-4.563476e-02
-7.705649e-02
-3.047427e-02
-4.791318e-02
-2.145532e-02
-2.710375e-02
-1.527545e-02
-1.280456e-02
-3.874612e-02
-4.737896e-02
-4.022239e-02
-3.373231e-02
-1.544298e-02
-4.953506e-02
-4.076323e-02
-2.774301e-03
-4.259168e-02
6.740426e-04
-1.405985e-02
-3.513595e-02
-2.146902e-02
-3.892431e-02
-2.713719e-02
-2.694687e-02
-5.143677e-02
-3.425609e-02
-1.413041e-02
-5.332174e-02
-1.887075e-02
-3.804381e-02
1.103007e-02
-3.356434e-02
