2.750859e-01
2.984546e-01
3.288543e-01
3.501491e-01
3.152260e-01
3.101441e-01
3.043472e-01
3.988795e-01
3.161169e-01
4.118884e-01
2.391220e-01
3.561247e-01
3.394815e-01
3.108250e-01
3.369704e-01
2.387168e-01
3.654701e-01
2.738924e-01
3.537840e-01
3.738322e-01
3.183739e-01
3.710060e-01
4.262393e-01
3.608353e-01
4.388720e-01
4.195318e-01
3.523267e-01
4.243765e-01
4.242008e-01
3.677286e-01
4.556250e-01
3.426118e-01
3.396917e-01
3.173774e-01
2.949911e-01
3.739267e-01
4.524667e-01
3.318537e-01
3.597708e-01
4.249475e-01
3.823786e-01
3.564311e-01
3.154700e-01
3.505437e-01
4.274351e-01
4.219064e-01
3.585974e-01
3.423355e-01
3.058940e-01
3.857023e-01
4.552923e-01
2.467196e-01
3.441137e-01
3.286127e-01
2.845242e-01
3.614787e-01
3.942597e-01
3.141428e-01
3.212672e-01
2.837145e-01
2.867304e-01
3.907384e-01
2.771818e-01
3.019004e-01
