1.685146e-01
1.300208e-01
1.239533e-01
1.268277e-01
1.250663e-01
1.372450e-01
1.305850e-01
1.775866e-01
1.378779e-01
1.522995e-01
1.502840e-01
1.285980e-01
1.439126e-01
1.305889e-01
1.271012e-01
1.223125e-01
1.291294e-01
1.221349e-01
1.321142e-01
1.173412e-01
1.460183e-01
1.222679e-01
1.310579e-01
1.585786e-01
1.080497e-01
1.751430e-01
1.496242e-01
1.045126e-01
1.028116e-01
1.383513e-01
1.259423e-01
1.188541e-01
1.564242e-01
1.450774e-01
1.249769e-01
1.494672e-01
1.208365e-01
1.367519e-01
1.194103e-01
1.484149e-01
1.437742e-01
1.670406e-01
1.316035e-01
1.308308e-01
1.360850e-01
1.389094e-01
1.327091e-01
1.312967e-01
1.470209e-01
9.718215e-02
1.214460e-01
1.338594e-01
1.282616e-01
1.441852e-01
1.528509e-01
1.163772e-01
1.703643e-01
1.254472e-01
1.326659e-01
1.379394e-01
1.217604e-01
1.148365e-01
1.386714e-01
1.222009e-01
