-2.754347e-01
4.816635e-02
-2.066835e-01
-1.646447e-01
-1.977825e-01
7.540777e-02
-1.164621e-01
-3.196972e-01
-2.024957e-01
-2.730020e-01
-2.789847e-01
-1.999348e-01
-1.828361e-01
-1.702516e-01
-1.604599e-01
-1.460009e-02
3.791971e-02
-1.942965e-01
-1.837271e-01
-1.619717e-01
-2.215719e-01
-2.697399e-01
-1.320736e-01
-1.317015e-01
-1.676380e-01
-2.957065e-01
-1.781558e-01
-4.271980e-02
-1.273845e-01
-1.712712e-01
-7.572647e-02
-4.100199e-02
-2.572339e-01
-1.623488e-01
-1.375019e-01
-1.927776e-01
-1.616329e-01
-1.821370e-01
-1.425352e-01
-2.528852e-01
-2.357399e-01
-2.671041e-01
-1.726200e-01
-1.602219e-01
-1.926260e-01
-1.523685e-01
-2.050722e-01
-1.928371e-01
-2.604759e-01
1.068470e-01
-4.110239e-02
-1.261962e-01
-1.441335e-01
-1.745624e-01
-2.077139e-01
-1.469263e-01
-3.249628e-01
-1.536939e-01
-2.319500e-01
-1.638457e-01
-1.154285e-01
-1.056847e-01
9.143632e-02
-1.826891e-01
