-1.019664e-01
-1.264797e-01
-1.545461e-01
9.387998e-02
4.176953e-01
-7.776842e-02
-9.782848e-02
-3.580531e-02
-8.718617e-02
-9.831332e-02
-1.010356e-01
-1.335974e-01
-1.316755e-01
-8.949109e-02
-1.172625e-01
-9.552660e-02
-8.164845e-02
-5.492384e-02
3.183223e-01
5.557869e-01
-4.100305e-02
-1.315432e-01
-4.293018e-02
1.442726e-01
-2.794185e-01
-2.205594e-01
-1.716462e-01
-2.534728e-01
-2.058141e-01
2.160373e-01
-1.839672e-01
1.440963e-01
2.347547e-02
2.470438e-01
2.343362e-01
1.563459e-01
-1.988404e-02
5.686564e-02
4.349906e-01
-1.540809e-01
-1.807960e-01
4.632263e-02
3.834316e-01
-5.794638e-02
-1.968021e-01
8.649313e-02
-6.732187e-02
3.992184e-02
2.401178e-01
-4.369034e-02
-6.479145e-02
-5.148517e-02
-8.097452e-02
-8.674269e-02
2.122161e-01
-9.220730e-02
4.345710e-01
-1.223566e-01
3.179864e-01
-1.380553e-01
-7.315049e-02
-1.382035e-01
-9.706410e-02
-8.354749e-02
-1.225625e-01
-1.288188e-01
-2.915151e-02
1.413611e-01
-4.767920e-02
-7.620380e-02
-8.736920e-02
-1.699295e-01
-8.418728e-02
-1.078681e-01
-5.269885e-02
-6.836011e-02
-7.870829e-02
-1.036202e-01
3.275841e-02
-5.436758e-02
-1.913774e-01
-6.716555e-02
3.383846e-01
-1.497012e-01
2.343609e-01
-9.991695e-02
-1.276470e-01
5.358509e-02
-2.737815e-01
3.550893e-01
-1.134547e-02
2.537077e-01
-1.137734e-01
-2.601586e-01
5.455824e-01
-2.479264e-01
-1.238735e-01
8.478065e-02
3.688619e-01
2.126545e-01
-1.634410e-01
4.273369e-01
-2.168178e-01
-1.649404e-01
-3.729527e-02
-4.742289e-02
-4.721742e-02
-1.650733e-01
-1.113335e-01
-1.621336e-01
1.645578e-02
-1.477295e-01
5.034034e-03
-3.743213e-02
-8.806625e-02
-1.051026e-01
1.814093e-01
4.026370e-01
-9.203359e-02
-1.034632e-01
-1.891278e-01
4.375207e-01
-6.215890e-02
-4.489835e-02
2.106740e-01
-1.091915e-01
1.558847e-01
6.526256e-02
9.250385e-02
3.390211e-01
3.529191e-01
-1.319487e-01
9.595574e-02
1.602314e-01
-8.154030e-02
-1.143091e-01
-1.088038e-01
5.945832e-01
-8.903816e-02
-2.580879e-02
2.219934e-01
-7.753041e-02
-2.551557e-02
1.656528e-01
-1.405283e-01
1.487601e-01
4.618819e-02
1.291060e-01
-8.506781e-02
-9.909261e-03
-2.578067e-01
-1.148863e-01
-1.406392e-02
-1.580541e-01
1.128949e-01
-1.576699e-01
-4.421874e-02
3.095025e-01
-2.085490e-01
1.111216e-01
-1.780378e-01
-1.460841e-01
1.035351e-02
-2.233560e-01
-1.191864e-01
-1.714776e-02
-1.203030e-02
-1.998345e-01
-1.612072e-01
1.283337e-01
-2.415081e-01
-1.177890e-01
3.509434e-01
2.322738e-01
-2.023850e-01
5.071294e-01
1.175594e-01
-8.050309e-02
-2.129758e-01
-1.505143e-01
-6.645838e-02
2.520177e-01
6.007660e-02
3.043490e-01
-5.280142e-02
-3.640362e-02
-8.737631e-02
1.085668e-02
-1.480374e-01
3.794696e-01
-1.233287e-01
-1.178003e-01
-1.584339e-01
1.340270e-02
2.591289e-01
-1.528223e-01
8.907553e-02
-1.404252e-01
-1.018362e-01
-9.576207e-03
1.040959e-01
-8.698587e-02
1.760618e-01
2.801953e-02
-1.456802e-01
-1.151459e-01
-1.819659e-02
-5.382079e-02
3.875043e-01
-1.957119e-01
-9.117217e-03
7.934265e-02
-2.038341e-01
3.877845e-01
1.190811e-01
-1.549117e-01
5.332440e-01
-1.360943e-01
-2.446328e-02
3.074261e-01
-6.600946e-02
3.728258e-01
-1.060102e-01
-3.112931e-01
-1.762104e-02
-8.982760e-02
-7.986660e-02
-1.354711e-01
-1.141687e-01
4.571110e-02
7.431345e-02
4.321069e-01
-2.018082e-01
1.399322e-01
-1.228341e-01
8.902104e-03
-1.061321e-01
-5.540942e-02
1.062779e-01
-4.978121e-02
-6.490353e-02
4.346890e-01
3.253359e-01
-8.167887e-02
-4.151634e-02
-3.917493e-02
-1.258516e-01
-8.932283e-02
-1.220198e-01
8.829554e-04
-1.292418e-01
1.448246e-02
7.645283e-03
-2.086366e-01
-1.436002e-01
-9.269105e-02
6.497446e-02
-7.663496e-02
-1.420055e-01
-1.877093e-01
-1.931885e-01
-5.504498e-02
3.635472e-01
-1.370044e-01
-1.373236e-01
2.620132e-01
-9.060458e-02
-5.086941e-02
3.837669e-01
5.613363e-02
-2.856741e-02
-1.427437e-01
-1.368713e-01
2.063674e-02
-1.708092e-01
-1.687475e-01
-7.626694e-02
-3.121346e-01
5.172019e-01
-1.217338e-01
2.543974e-01
-1.659613e-02
3.466144e-01
-7.320144e-02
-2.067463e-01
-2.229248e-01
1.586807e-01
2.059220e-01
2.268566e-01
-1.395841e-01
-2.009169e-01
-1.092143e-02
1.423139e-01
-1.632181e-01
2.210556e-01
-1.109091e-01
-4.240669e-02
-1.267480e-01
2.304683e-03
-8.156306e-02
-9.743548e-02
5.479777e-01
3.858148e-02
-1.398197e-01
1.254755e-01
3.845540e-01
-7.838944e-02
3.837711e-01
-2.185349e-01
-7.908607e-02
-2.941026e-02
-1.205976e-01
-7.520461e-02
-1.101360e-01
-1.599215e-01
-1.379697e-01
-6.933563e-02
-2.311763e-01
9.197605e-02
-1.124681e-02
3.150783e-01
-1.777468e-01
-2.995762e-02
5.211820e-02
-4.531390e-03
1.357437e-01
-4.947833e-02
-1.266634e-01
-1.103384e-01
-7.092149e-02
1.293296e-01
-6.856234e-02
-1.165292e-01
-1.386788e-01
-8.885039e-02
1.869057e-02
-2.354045e-02
-1.552621e-03
-1.167301e-01
-1.181915e-01
-2.259157e-01
8.070322e-02
3.849564e-01
-7.377708e-02
7.307520e-02
-1.755637e-01
-1.859724e-01
3.110065e-01
5.316042e-01
2.848847e-02
1.561652e-01
-9.788273e-03
-1.855596e-01
-1.382325e-01
-1.874802e-01
-1.280071e-01
4.805788e-01
-6.081859e-02
-2.088667e-01
-1.398672e-01
-1.753093e-02
4.302121e-01
-8.439263e-02
3.387328e-01
-1.756990e-01
-1.522279e-01
-1.141111e-01
2.398856e-01
-1.085313e-01
-9.329721e-02
5.249956e-01
-1.271533e-01
-5.811488e-02
-8.752257e-02
-1.635193e-01
-9.388243e-02
-8.060204e-02
2.432478e-02
-1.466566e-01
-8.992257e-02
-6.528502e-03
1.562857e-02
-9.715511e-02
-7.709355e-02
-1.324285e-01
8.718412e-02
-2.102907e-01
-1.450777e-01
-6.413966e-02
-1.505090e-01
-3.918434e-03
3.076700e-01
-1.486739e-02
-9.660342e-02
-6.407975e-02
-8.229220e-02
-1.904905e-01
-2.808793e-02
-7.343472e-03
3.901476e-02
-1.201145e-01
2.767788e-01
-5.776711e-02
-2.416031e-01
-1.883629e-01
2.832106e-01
1.162387e-01
6.381086e-02
-2.076944e-01
-2.242353e-01
2.744076e-01
3.294948e-01
-2.254432e-01
-9.637416e-02
-8.494451e-02
2.555954e-01
-1.631312e-01
-1.637221e-01
-3.450875e-02
-1.136583e-01
-6.982603e-02
-1.747375e-01
1.365567e-02
4.044499e-01
3.696266e-01
-1.544226e-01
-1.028920e-01
-1.886094e-01
5.262045e-01
-2.719050e-01
-5.989948e-02
-1.203574e-01
-1.463083e-01
-1.531870e-01
-1.349461e-02
1.022867e-01
3.985430e-01
-7.578775e-02
1.335937e-01
4.545051e-01
-6.194523e-02
-5.756248e-04
-2.733988e-03
-6.537203e-02
-1.052696e-01
-1.898826e-01
-7.825089e-02
1.750922e-01
-7.726127e-02
1.949493e-04
2.738099e-01
3.739145e-01
-1.015060e-01
-1.142587e-01
2.525082e-01
-9.361433e-02
3.745170e-02
-1.677739e-01
1.951301e-01
-1.460679e-01
2.690611e-03
4.176166e-01
5.040525e-01
-6.590788e-02
1.999348e-01
-5.131484e-02
-1.257527e-01
3.725301e-02
2.004379e-01
8.895938e-02
-2.973182e-01
-1.600097e-01
3.086263e-01
9.138718e-02
-2.354525e-01
-2.857613e-01
1.266906e-01
-1.420145e-01
-1.659515e-01
2.152954e-01
2.438092e-01
-1.788468e-02
-1.637775e-01
-8.467195e-02
4.085893e-01
-7.861999e-02
-2.755527e-01
-1.845892e-01
-1.518486e-01
-2.336239e-01
-4.175858e-02
3.906356e-01
1.775232e-01
-4.766592e-02
-1.194973e-01
-1.573528e-01
-8.100631e-02
-1.414762e-01
-1.586238e-01
-5.068133e-02
-6.675884e-02
-7.474888e-02
-1.195828e-01
-6.629380e-02
-1.703602e-01
-1.079836e-01
3.178504e-01
-2.102639e-02
-3.702187e-02
-6.260489e-02
2.326745e-01
-8.733840e-02
1.367705e-01
1.884406e-01
-1.279441e-01
2.445811e-02
-9.194560e-02
9.016374e-02
-5.799255e-02
-8.705931e-03
4.371846e-01
-7.608084e-02
-6.486586e-02
-6.755810e-02
7.142898e-02
-8.555590e-02
-1.230590e-01
2.420861e-01
1.907773e-01
-2.080660e-01
-4.797765e-02
-4.078400e-02
1.551431e-01
-1.427637e-01
-1.633123e-01
4.811513e-01
-2.271798e-01
2.393823e-02
-8.627642e-02
-2.069532e-01
-1.040709e-01
-1.500488e-01
-2.901531e-02
-1.942986e-01
3.089271e-01
2.915624e-01
2.697418e-02
-2.301071e-01
-2.229714e-01
-2.201342e-01
1.350784e-01
-2.332943e-01
4.225900e-01
-7.213510e-02
1.566634e-01
-1.521574e-01
-2.202988e-01
-2.274010e-01
5.995786e-01
-2.091188e-02
-1.839478e-01
-4.958646e-02
-2.026115e-02
-1.038409e-03
-1.632966e-01
-1.214896e-01
1.886536e-01
-5.242603e-02
-4.522204e-02
7.573885e-02
-1.193545e-01
2.853106e-01
-3.467761e-02
3.235104e-01
-1.141917e-02
-6.721050e-02
-7.154053e-02
-3.809851e-02
-1.119090e-01
-1.648722e-01
-1.307689e-01
2.721199e-01
-5.911175e-02
4.060014e-01
4.335399e-02
-1.173011e-01
-1.327483e-01
5.230725e-01
-1.146521e-01
1.145986e-01
-1.521995e-01
-1.236988e-01
-5.657410e-02
6.064342e-02
-1.654955e-01
2.143648e-02
1.205075e-01
-2.016492e-01
-1.679965e-01
-1.511128e-01
-1.308435e-01
3.911930e-01
-1.223490e-01
-2.040677e-01
3.155343e-01
-5.385612e-02
-1.531295e-01
-1.861697e-01
-1.146034e-01
1.152461e-01
-2.579360e-02
4.473339e-01
-2.267943e-01
2.286132e-01
-2.028559e-01
3.381142e-01
1.879199e-02
-7.317317e-02
8.176629e-02
-1.751531e-02
-1.797995e-01
-1.732104e-01
-8.810194e-02
-1.691088e-01
7.567192e-02
-8.109757e-02
-2.067386e-01
-3.587659e-02
-3.650567e-03
-1.430378e-01
-1.377009e-01
-8.493751e-02
3.632475e-01
-1.347832e-01
6.619516e-02
2.192547e-01
2.844371e-01
1.282095e-01
9.580493e-03
3.793270e-01
