1.469732e-01
-2.550961e-01
2.611040e-03
-2.667311e-01
-7.026039e-01
-5.506100e-01
-1.384514e-01
-6.405216e-01
-2.732462e-01
7.416314e-02
2.918761e-01
2.260421e-01
1.274514e-01
8.530549e-01
4.428765e-01
1.483691e-01
4.958342e-01
3.887872e-01
-4.816404e-03
-8.083507e-02
-1.604800e-01
-3.530763e-02
3.806017e-01
6.441940e-02
-1.438401e-01
8.765202e-02
-6.858363e-02
-6.652464e-06
-5.695752e-06
-1.666266e-06
-7.549361e-06
-7.064466e-06
-1.100753e-06
-5.259062e-06
4.794882e-06
3.728929e-06
-5.492070e-06
-1.797454e-06
-2.894615e-06
-8.184061e-06
-3.875680e-06
-3.936550e-06
-4.883576e-06
5.017261e-06
-1.065867e-06
-5.178075e-07
-2.062703e-06
-3.042233e-06
-1.260046e-06
3.622203e-06
-3.285714e-06
-2.547806e-07
9.368687e-06
-7.750879e-07
2.734086e-01
3.969809e-01
2.575592e-01
1.875040e-02
-1.214291e-01
-1.045634e-01
-6.221544e-02
-3.548934e-01
-2.463368e-01
2.810903e-01
4.774218e-01
2.990172e-01
-3.238665e-02
-1.381155e-01
-1.153054e-01
-1.853158e-01
-4.705092e-01
-3.063157e-01
2.386355e-01
3.934195e-01
2.457600e-01
-3.236628e-02
-1.295945e-02
-2.530783e-02
-1.799868e-01
-3.479235e-01
-2.415635e-01
-2.093581e-01
-4.726439e-01
-2.108097e-01
-1.792949e-01
7.883196e-01
-1.825150e-01
1.485807e-01
2.547413e-01
1.797662e-01
-5.753591e-02
1.118992e-01
4.558790e-02
-3.463266e-01
9.905945e-01
-4.036806e-02
-7.609382e-02
-2.329510e-01
-2.659666e-02
3.199678e-01
2.365071e-01
2.616103e-01
-7.751440e-02
-8.924917e-02
-7.504379e-02
-8.306122e-02
-6.329035e-01
-2.096446e-01
-2.817985e-02
-2.591400e-01
-7.420130e-02
5.505038e-02
9.369745e-01
2.822529e-02
1.733919e-02
-4.955550e-03
1.445730e-01
-7.859030e-02
-2.399223e-01
-1.169433e-01
-1.085131e-01
1.015277e+00
-1.034761e-01
-1.544671e-01
-1.451919e-01
-1.325083e-01
-5.155491e-02
-1.253252e-01
4.378498e-02
-6.600834e-02
6.454061e-01
1.027566e-01
-9.079330e-02
1.986214e-01
8.040113e-02
-9.828356e-02
-3.839013e-02
2.994018e-01
-3.303285e-01
-2.046895e-01
4.928086e-01
-1.551584e-01
-1.366886e-01
1.646843e-01
-1.481709e-01
-9.599913e-02
3.021000e-01
-4.201823e-01
-2.610914e-01
5.964742e-01
-1.903165e-01
-1.155960e-01
2.786187e-01
-9.759214e-02
-8.055536e-02
1.579282e-01
-2.980232e-01
-1.494860e-01
4.104747e-01
-1.865950e-01
-7.849944e-02
2.578515e-01
-1.037717e-01
-1.095445e-01
-2.064339e-01
-2.087089e-02
7.935775e-01
5.014547e-01
-1.742984e-01
9.299169e-01
5.667994e-01
1.282720e-01
-2.298188e-01
1.135803e-02
-2.244371e-01
-7.397965e-01
-5.824094e-01
-1.924425e-01
-5.134401e-01
-4.421155e-01
1.179696e-01
2.610920e-01
2.469634e-01
2.984889e-01
2.914058e-02
-6.732852e-02
2.291207e-01
-1.020520e-02
-3.416269e-02
8.954840e-02
4.219026e-02
2.163281e-01
-2.143357e-02
-3.147500e-01
9.512001e-02
3.681534e-02
-6.222643e-02
7.866381e-02
1.048892e-01
9.802879e-02
2.593690e-01
-6.476000e-02
-3.424447e-01
3.525874e-02
-5.318068e-02
-1.690302e-01
-5.741786e-03
8.426026e-02
1.723715e-01
1.801729e-01
-1.985616e-02
-1.255143e-01
2.029170e-02
-5.461978e-02
-1.947732e-01
-5.194268e-02
-4.389026e-03
-2.740551e-01
-8.496545e-02
-4.872853e-02
-4.856809e-01
5.288289e-02
2.266384e-01
2.343866e-01
4.029582e-01
4.121634e-02
-1.260343e-01
3.086140e-02
-1.158265e-01
-5.060942e-01
6.671263e-02
1.163196e-01
1.052934e-01
2.926128e-01
9.068236e-02
7.242194e-02
6.212415e-02
-3.481431e-02
-1.550962e-01
1.128225e-01
-7.060300e-02
-1.866086e-01
5.156631e-02
2.102566e-01
1.328209e-01
1.168300e-01
2.573952e-01
1.938732e-01
8.717246e-02
8.311034e-02
6.184439e-02
3.726528e-02
4.808728e-02
-4.594137e-02
-4.700572e-02
1.857876e-01
1.004573e-01
-4.780067e-02
-2.642034e-02
-6.737719e-02
-1.320108e-01
7.619171e-03
-7.776366e-02
-6.723933e-02
8.758783e-02
1.579774e-02
-2.574518e-02
-4.208246e-02
-9.282813e-02
-9.269685e-02
1.028356e-01
7.663809e-02
1.402040e-01
1.068689e-01
-9.019166e-02
6.023359e-02
9.309533e-02
1.459214e-01
2.504955e-02
5.838461e-02
-1.256354e-01
-2.584004e-03
2.308838e-02
-3.983865e-01
-1.124762e-01
8.514898e-03
-1.074155e-01
-2.970614e-02
-4.434578e-02
-2.536241e-02
-1.416923e-02
-1.011164e-01
-3.370700e-01
-1.352357e-01
-1.417180e-01
-2.530688e-01
-1.687429e-01
-7.611031e-02
9.582698e-02
4.205517e-02
-8.239052e-02
5.800933e-01
4.795198e-01
-2.775643e-01
3.430317e-01
3.412497e-01
3.082010e-02
5.958694e-02
7.109597e-02
1.219944e-01
2.955892e-01
1.770661e-01
8.152532e-02
2.091996e-01
1.401369e-01
7.932683e-02
-1.592165e-01
3.107143e-02
-9.168942e-03
-7.386941e-01
-6.075634e-01
1.104559e-01
-5.507694e-01
-4.598048e-01
-1.005724e-05
-1.960300e-05
-1.387105e-05
1.985696e-05
-2.290921e-05
-6.573645e-06
1.218200e-05
-2.282179e-06
-5.648844e-06
1.612868e-07
-1.723902e-05
-1.477277e-05
2.538984e-05
-2.129148e-05
-2.705817e-06
2.075887e-05
8.030217e-06
-3.261237e-06
1.804516e-05
8.246364e-06
7.475294e-06
2.269153e-05
-5.381845e-06
1.024437e-05
8.829027e-06
7.518547e-06
4.666842e-06
3.436403e-02
2.147418e-01
2.021137e-01
1.441502e-01
1.060052e-01
3.894889e-02
1.931080e-01
-1.140768e-01
-5.447504e-02
-1.520808e-01
-2.020822e-01
-1.562195e-01
-3.430921e-01
-5.634364e-01
-4.388802e-01
-2.252495e-01
-6.747945e-01
-4.765500e-01
-4.602951e-02
2.243861e-01
5.046342e-02
1.786449e-01
6.972755e-01
5.423895e-01
1.909599e-01
5.613807e-01
4.806750e-01
1.569534e-01
-1.189621e-01
1.547078e-01
-2.673938e-02
-3.438228e-01
1.543286e-02
1.365527e-01
3.136963e-02
9.043492e-02
8.993429e-02
-1.667343e-01
4.289106e-02
-5.746367e-02
-3.491899e-01
-6.793038e-02
1.186726e-01
-8.711110e-03
4.974795e-02
-3.426240e-02
-1.399565e-01
2.201087e-04
-1.851785e-01
-3.376565e-01
-1.074149e-01
-1.119851e-01
-1.606212e-01
-9.064630e-02
-8.396033e-02
-1.705415e-01
-6.038079e-02
-1.517980e-01
-5.168558e-01
-1.430949e-01
-8.769689e-02
-1.405398e-01
1.288342e-02
6.168095e-02
-6.850603e-02
6.913255e-02
-3.369443e-02
-4.856200e-01
-6.218383e-02
1.795799e-02
-6.824515e-02
8.015370e-03
1.686922e-01
7.744692e-02
1.318228e-01
1.013047e-01
-2.514273e-01
9.033815e-02
1.269314e-01
9.384666e-02
1.318823e-01
