-5.566011e-01
-4.751275e-01
-4.856037e-01
-4.329227e-01
-3.901227e-01
1.235305e-02
-5.189117e-01
-2.401726e-01
-2.530598e-01
-4.560533e-01
-3.944916e-01
-5.120948e-01
-2.457772e-01
-1.659190e-01
-2.725675e-01
-4.072317e-01
-2.261740e-01
-4.240481e-01
-4.177486e-01
-4.156885e-01
-5.624421e-01
-4.504994e-01
-5.642127e-01
-4.177249e-01
-3.312566e-01
-3.231162e-01
-4.702124e-01
-4.199178e-01
-2.423641e-01
-5.028561e-01
-3.757795e-01
-3.690963e-01
-3.372052e-01
-3.656169e-01
-4.866700e-01
-4.293353e-01
-4.216923e-01
-5.059910e-01
-3.642611e-01
-3.965189e-01
-2.243555e-01
-3.914337e-01
-1.877662e-01
-5.382208e-01
-3.895151e-01
-4.008878e-01
-2.425124e-01
-2.868233e-01
-4.982491e-01
-4.835536e-01
-3.684218e-01
-4.220178e-01
-2.077808e-01
-4.821529e-01
-4.198656e-01
-4.191475e-01
-3.932208e-01
-4.940200e-01
-4.241661e-01
-3.943972e-01
-3.804351e-01
-3.986375e-01
-2.585757e-01
-3.716821e-01
