3.305535e-01
3.542324e-01
3.447945e-01
3.664459e-01
3.004385e-01
3.594609e-01
3.003608e-01
3.720322e-01
3.328929e-01
3.364422e-01
3.858403e-01
3.727379e-01
3.530057e-01
3.423480e-01
3.537112e-01
3.670344e-01
3.894963e-01
3.862490e-01
3.179840e-01
3.984341e-01
3.517696e-01
3.924459e-01
3.830062e-01
3.745345e-01
3.802377e-01
3.320668e-01
3.704578e-01
4.051520e-01
3.732938e-01
3.923401e-01
3.814373e-01
3.355295e-01
3.987317e-01
3.225924e-01
3.906360e-01
3.184091e-01
3.815910e-01
3.097758e-01
3.285701e-01
3.551338e-01
3.477170e-01
3.712671e-01
3.869207e-01
3.769411e-01
3.058104e-01
3.476941e-01
4.052655e-01
3.406884e-01
3.708849e-01
3.575753e-01
3.622299e-01
3.678063e-01
3.493873e-01
3.538031e-01
3.773082e-01
3.407108e-01
4.078493e-01
3.721243e-01
4.232417e-01
4.261955e-01
3.471755e-01
2.840812e-01
3.656587e-01
3.851700e-01
