-1.431385e-01
1.108261e-01
-1.733906e-01
-1.480089e-01
-2.093964e-02
-1.179768e-01
-6.179804e-02
-1.253578e-01
-9.653892e-02
-1.082575e-01
-1.225521e-01
-1.537533e-01
-5.935986e-02
7.699490e-02
-5.163328e-02
-2.856526e-02
4.420566e-02
3.110412e-02
-6.871986e-02
4.271713e-02
-5.574856e-03
5.010131e-02
1.100700e-01
-9.101206e-03
-9.742284e-02
-9.090941e-02
-4.274337e-02
-1.696758e-01
-3.046138e-02
-8.646797e-02
1.012853e-01
-9.093928e-02
-1.216868e-01
-1.266718e-01
-1.189430e-01
-2.856361e-02
-9.113358e-02
-5.022718e-02
-7.646900e-02
-1.163228e-01
1.527031e-01
-1.646329e-01
2.538562e-02
-2.148365e-02
5.817560e-03
2.021047e-02
-1.293719e-01
-2.091623e-02
-7.998141e-02
-1.488436e-01
-1.505682e-01
-2.125215e-02
2.725990e-02
-5.517863e-02
1.606265e-02
-6.079848e-02
-7.930920e-02
2.330835e-03
-9.204514e-02
-7.805029e-02
-5.557917e-02
-1.187015e-01
6.137861e-02
-1.042017e-01
