5.214930e-01
5.635012e-01
7.304405e-01
4.956048e-01
6.011335e-01
4.806067e-01
4.325353e-01
5.108125e-01
5.504669e-01
5.909452e-01
4.886849e-01
6.471967e-01
7.685267e-01
3.887274e-01
4.793606e-01
7.408289e-01
5.378389e-01
4.584046e-01
3.808114e-01
4.091685e-01
4.506672e-01
5.438307e-01
3.898285e-01
6.537055e-01
6.615636e-01
5.402378e-01
5.971094e-01
4.132157e-01
5.657389e-01
5.817968e-01
4.861904e-01
5.594054e-01
4.562602e-01
6.350899e-01
5.299402e-01
5.952661e-01
4.863040e-01
4.633347e-01
5.694728e-01
5.642897e-01
5.472867e-01
5.284446e-01
5.658867e-01
5.528888e-01
3.585173e-01
7.074299e-01
6.538944e-01
4.647854e-01
5.736485e-01
5.974292e-01
6.643608e-01
6.745788e-01
3.735188e-01
5.321711e-01
6.322899e-01
5.108017e-01
7.053130e-01
5.969936e-01
5.602836e-01
5.195692e-01
5.194868e-01
5.414715e-01
3.773763e-01
4.963143e-01
