7.142724e-01
-5.145788e-01
-6.886917e-01
-1.151841e+00
-9.624540e-01
-2.974301e+00
-1.580801e+00
-6.201002e-01
-1.098217e+00
3.436231e-01
-1.049701e+00
-9.772793e-01
1.082808e-01
-1.007121e+00
-1.198540e+00
-2.876502e-01
-7.160749e-01
-7.718979e-01
-2.188316e-01
-3.999253e-01
-8.500239e-01
-5.201437e-01
-1.596537e+00
-5.414433e-01
-9.791386e-01
-6.485634e-01
-1.347520e+00
-1.743045e-01
-2.337024e+00
-6.824080e-01
-1.260903e+00
-7.019269e-01
-4.711816e-01
-6.399727e-01
-7.698484e-02
-1.893998e+00
-6.997995e-01
-5.891672e-01
-2.577985e-01
-3.202367e-01
-1.073852e+00
-7.404400e-01
-2.269658e+00
-2.299214e-01
-3.486860e-01
-4.136569e-01
-1.303388e+00
-1.255709e+00
-7.773568e-02
-1.189479e+00
-1.242097e+00
-1.267329e+00
-2.116666e+00
-7.708096e-01
-5.698366e-01
-1.322064e+00
-9.171208e-02
2.228424e-01
1.073255e-01
-5.716066e-01
-3.373282e-01
-7.655041e-01
-1.616112e+00
-1.090885e-01
