3.749902e-01
3.825920e-01
4.079397e-01
4.181189e-01
4.117521e-01
3.959257e-01
3.601412e-01
4.711236e-01
4.147816e-01
4.978289e-01
4.651349e-01
3.915154e-01
3.564733e-01
4.411014e-01
3.960382e-01
4.596184e-01
4.384863e-01
3.282663e-01
4.444616e-01
4.609284e-01
3.256777e-01
4.909213e-01
4.419280e-01
4.136777e-01
2.985064e-01
3.791938e-01
2.456885e-01
4.173073e-01
4.527530e-01
4.763577e-01
4.553829e-01
3.381738e-01
4.499494e-01
4.556605e-01
4.106931e-01
4.044221e-01
5.310513e-01
3.944237e-01
3.714978e-01
4.912840e-01
3.511783e-01
4.853932e-01
4.168017e-01
4.712320e-01
3.004453e-01
4.991640e-01
3.327858e-01
3.995323e-01
4.615610e-01
4.602093e-01
3.286659e-01
3.924200e-01
4.811882e-01
4.304210e-01
4.202933e-01
4.264992e-01
3.907734e-01
4.336065e-01
4.958856e-01
4.332318e-01
4.524961e-01
4.328696e-01
4.561487e-01
4.172525e-01
