-2.533557e-01
-1.075678e+00
9.626734e-01
-1.050013e+00
-2.545435e-01
-6.361544e-01
-4.461894e-01
-3.431836e-01
6.248357e-01
-9.580995e-01
-6.565146e-01
-1.122583e+00
-8.822621e-02
-1.939630e-01
-4.251928e-01
-6.590953e-01
-1.219942e+00
1.454416e+00
-2.231299e-01
-9.932003e-01
-6.874387e-01
-7.821063e-01
-2.037227e+00
-3.929682e-01
-1.770946e-01
-2.161875e-01
-7.452198e-01
-2.169510e+00
-6.792554e-01
-1.069171e+00
-4.080513e-03
-1.368812e+00
9.030170e-01
-3.792832e-01
-7.651026e-01
-7.848247e-02
3.534486e-02
-6.050116e-01
3.895261e-01
-5.571616e-01
-5.226194e-01
-1.061379e+00
-2.297545e-01
-1.256111e-02
-2.208359e-03
-2.624668e-01
-2.193810e+00
-4.831684e-01
-1.199470e+00
-1.219090e+00
-7.884127e-01
-1.063652e+00
-9.170332e-02
3.711474e-01
-3.067954e-01
-7.607530e-01
-1.558846e-02
-1.269797e+00
-6.458327e-01
-5.237964e-01
-7.209415e-01
-3.154275e-01
-4.849382e-01
-1.712414e+00
