1.088371e-01
8.614334e-02
1.255234e-01
1.057781e-01
9.656658e-02
1.028103e-01
1.040140e-01
9.358220e-02
1.107838e-01
1.487923e-01
9.111810e-02
1.246179e-01
7.794594e-02
1.214155e-01
1.211599e-01
1.053639e-01
1.363618e-01
1.105488e-01
1.227891e-01
1.018250e-01
1.409151e-01
8.960185e-02
1.130458e-01
8.021604e-02
6.475396e-02
5.645518e-02
1.455849e-01
9.936582e-02
8.677875e-02
1.334413e-01
9.737584e-02
1.413734e-01
1.140355e-01
1.244576e-01
9.496769e-02
1.199551e-01
9.171176e-02
1.029031e-01
1.395110e-01
9.160385e-02
9.717636e-02
1.014992e-01
8.089595e-02
9.505942e-02
1.099502e-01
9.435318e-02
8.655355e-02
1.151409e-01
1.168901e-01
1.056008e-01
1.291937e-01
1.100023e-01
1.153686e-01
1.029208e-01
9.285434e-02
1.243493e-01
8.570576e-02
7.605720e-02
8.141346e-02
1.105549e-01
1.604996e-01
1.368846e-01
8.535008e-02
1.134633e-01
