4.419937e-01
3.958887e-01
4.349285e-01
4.172167e-01
4.224255e-01
3.650320e-01
4.292149e-01
3.489280e-01
3.815958e-01
3.925548e-01
3.809829e-01
4.253803e-01
3.480569e-01
3.495006e-01
4.121302e-01
3.927466e-01
3.270549e-01
3.997162e-01
3.714451e-01
3.877092e-01
4.274873e-01
4.118351e-01
4.674977e-01
3.974028e-01
3.893921e-01
3.632421e-01
4.303776e-01
3.782954e-01
4.025302e-01
4.151160e-01
3.846290e-01
4.335642e-01
3.704313e-01
4.268007e-01
4.000334e-01
4.798442e-01
3.992553e-01
4.123393e-01
3.827231e-01
3.764101e-01
3.523948e-01
4.023838e-01
3.819658e-01
4.139695e-01
4.336739e-01
3.739490e-01
3.495702e-01
4.367850e-01
4.139192e-01
4.123915e-01
4.196860e-01
4.573002e-01
3.351687e-01
4.142215e-01
3.928601e-01
4.112583e-01
3.806157e-01
3.890267e-01
4.112715e-01
3.768751e-01
3.970099e-01
4.060565e-01
3.581314e-01
3.802501e-01
