2.106790e-02
3.814428e-02
3.309937e-02
2.108243e-02
2.704974e-02
2.427185e-02
2.407457e-02
1.796580e-02
2.844585e-02
5.014523e-02
3.185108e-02
2.462997e-02
4.169440e-02
1.592111e-02
3.769737e-02
1.799175e-02
1.678864e-02
2.180123e-02
2.284753e-02
1.310841e-02
2.455679e-02
3.119606e-02
2.647099e-02
4.318896e-02
2.922709e-02
2.856727e-02
2.180386e-02
3.421806e-02
2.928287e-02
2.224090e-02
3.082310e-02
3.885994e-02
3.088775e-02
2.489750e-02
6.519926e-02
3.388013e-02
2.311729e-02
3.079993e-02
3.025827e-02
2.449425e-02
2.645589e-02
3.841038e-02
2.394233e-02
3.501373e-02
2.758622e-02
2.938056e-02
3.075591e-02
2.176961e-02
2.476661e-02
1.848261e-02
2.059262e-02
3.681202e-02
2.459040e-02
2.862141e-02
2.877562e-02
3.020428e-02
3.257341e-02
2.919701e-02
3.824868e-02
2.457228e-02
3.162514e-02
2.701410e-02
1.856160e-02
1.706096e-02
