-3.625751e-01
-1.029367e-01
8.018817e-02
-2.991203e-01
-4.653969e-02
3.110700e-01
-1.179278e-01
1.746423e-01
3.014639e-01
1.154182e-06
7.936759e-08
2.321624e-08
-1.644290e-07
-2.231667e-06
-1.470323e-06
-1.004802e-07
-2.188638e-06
-6.737844e-07
4.658674e-02
5.517942e-02
-9.791424e-03
-2.672566e-02
4.631953e-02
6.421013e-03
-6.285517e-02
-9.422681e-02
-7.373216e-02
-6.812470e-02
-1.104372e-01
-1.332538e-01
6.971937e-02
-9.501519e-02
1.489422e-01
-1.469330e-02
1.835190e-01
1.811905e-01
1.092362e-02
9.052538e-03
3.577879e-02
1.105867e-01
-2.505524e-01
-8.366663e-02
1.434091e-01
1.060737e-01
-3.345503e-02
-5.683763e-02
5.685674e-02
-5.495267e-02
-5.535637e-02
5.340027e-02
1.378837e-02
1.512885e-02
6.656834e-03
1.910015e-02
3.633745e-01
6.231626e-02
2.934495e-02
3.580317e-01
-6.781188e-02
-2.598042e-01
4.691800e-03
-1.341644e-01
-2.572086e-01
7.764035e-03
1.319228e-02
-1.330629e-02
-6.322723e-02
5.992200e-02
-3.283598e-02
-6.263816e-02
-4.330273e-03
-4.182541e-02
-1.359669e-02
-7.961441e-02
-1.362870e-01
-4.448250e-02
4.589396e-02
-8.393275e-02
3.660781e-02
3.478823e-02
8.943700e-02
5.225091e-02
9.038874e-02
1.217540e-02
4.834848e-03
4.791277e-03
-1.106988e-01
-9.044860e-03
2.138002e-02
-5.890846e-02
-1.346013e-02
-4.602484e-02
-9.250695e-02
6.457832e-02
9.162482e-02
-2.587163e-02
1.002546e-01
9.817547e-02
3.272776e-02
-1.614528e-01
-2.897452e-01
-8.688488e-02
-1.982425e-02
-1.360149e-01
-3.849662e-02
1.801712e-01
2.522122e-01
1.941811e-01
2.333864e-06
1.583380e-06
-1.994367e-06
3.397384e-06
2.740681e-07
-1.106328e-06
3.908561e-06
-8.831456e-07
-5.574166e-07
2.893563e-01
3.713041e-01
1.478133e-01
1.309139e-01
5.849073e-02
-1.271601e-01
-8.586154e-02
-3.198419e-01
-4.048408e-01
-6.058464e-02
-1.379692e-01
-1.907971e-01
-1.654061e-02
4.781576e-02
-1.106951e-01
4.925952e-02
7.830477e-02
-2.466644e-02
4.875456e-03
3.127192e-02
4.159362e-02
-2.862765e-02
1.438453e-01
3.661743e-03
-8.726829e-02
-6.264701e-02
-7.666826e-02
1.044112e-01
7.938985e-02
5.927371e-02
1.039043e-01
8.671943e-02
6.680562e-02
9.541993e-02
8.420581e-02
6.681988e-02
6.042783e-07
1.643700e-06
5.387226e-07
-1.620035e-06
-1.255332e-06
3.004850e-07
-1.002571e-07
4.522383e-07
2.736832e-07
4.864909e-03
2.955569e-03
-2.684865e-03
-1.266863e-02
-7.942347e-03
-1.770294e-02
-7.367210e-03
-5.069102e-03
-1.965802e-02
3.273521e-02
1.755397e-02
1.678959e-02
-1.724466e-04
-1.052945e-02
-1.082995e-02
-2.225601e-02
-3.407596e-02
-2.838947e-02
-2.475200e-02
-2.470239e-02
-2.596405e-02
-5.727505e-03
-4.592714e-03
-3.706603e-03
-1.064366e-02
-1.310691e-02
-4.658365e-03
-3.265682e-02
4.555419e-03
4.190292e-03
-3.171544e-02
1.102792e-02
3.941791e-03
-4.180906e-02
1.216085e-02
3.762811e-03
-1.353126e-02
-8.745112e-03
-6.176684e-03
-1.115392e-02
-7.203965e-03
2.368539e-03
-4.956196e-03
2.105554e-03
1.720311e-02
-1.597220e-02
-8.096170e-03
-1.285125e-02
-2.610747e-02
-1.381437e-02
-1.994867e-02
-2.695013e-02
-9.433527e-03
-1.973153e-02
-2.546122e-02
5.384897e-03
-1.703621e-02
-2.215366e-02
4.157320e-03
-1.532060e-02
-1.329071e-02
1.239398e-02
-2.793947e-03
-2.910583e-03
-2.881441e-03
-1.984450e-03
-1.985972e-03
-1.751354e-03
-7.886554e-04
1.109153e-04
-1.431039e-04
9.175100e-05
-2.269454e-03
6.087914e-03
-3.881133e-03
-4.841452e-03
2.618645e-03
-8.169881e-03
-6.213617e-03
2.300227e-03
-1.093089e-02
-4.182050e-02
-4.067037e-02
-4.844797e-02
-3.092485e-02
-2.899363e-02
-3.564760e-02
-3.545593e-02
-3.264113e-02
-3.562474e-02
2.436572e-06
5.306573e-06
2.097843e-06
3.069564e-06
3.442877e-06
1.774408e-06
1.179865e-06
6.262829e-06
3.782574e-06
-2.126949e-02
-1.153767e-02
-2.781037e-03
1.496010e-02
2.196125e-02
2.857231e-02
3.104572e-02
3.323742e-02
3.461037e-02
1.042663e-02
3.148149e-02
1.364833e-02
9.634679e-03
2.882951e-02
1.281948e-02
1.389609e-02
3.493916e-02
1.579593e-02
-9.568972e-04
2.091386e-02
-2.002818e-04
1.213539e-02
2.691027e-02
9.726698e-03
2.005026e-02
3.731291e-02
1.544540e-02
9.409102e-03
3.671381e-02
9.976836e-03
1.133923e-02
3.982470e-02
3.889425e-03
-2.149631e-02
-2.898046e-02
-3.080250e-02
1.427265e-06
1.428122e-06
1.142707e-06
1.760153e-06
-1.449043e-07
1.240338e-07
7.222803e-07
-1.508082e-06
-1.046890e-06
-1.596332e-02
-4.064276e-02
-1.794769e-02
-7.436363e-02
-6.477199e-02
-4.251051e-02
-1.059643e-02
5.330802e-02
1.364454e-02
-4.897776e-02
-1.298891e-02
-1.729975e-02
1.136235e-02
1.265463e-01
4.133199e-04
-3.692614e-03
-3.149530e-02
-5.236845e-02
-1.326968e-02
3.908827e-02
-3.512685e-03
1.271203e-01
2.615264e-01
1.553327e-01
4.512571e-03
-2.364258e-02
-1.610732e-02
4.019334e-02
-1.435817e-02
-4.563903e-02
8.235993e-02
-5.881250e-03
-6.674219e-02
9.758397e-03
-2.374748e-02
-7.075904e-02
6.871130e-02
7.883168e-02
2.265808e-02
-2.701578e-03
-4.096061e-03
2.233132e-03
-4.778919e-02
-5.054386e-02
-4.478214e-03
1.069355e-02
1.328370e-02
5.449649e-03
-1.625969e-02
-2.381094e-02
-1.795979e-02
-1.400679e-02
1.391363e-02
-1.606366e-02
7.313721e-02
5.424048e-02
-5.076249e-04
-3.306358e-02
-5.004264e-02
-7.891764e-02
-8.101765e-02
-1.370090e-02
-2.259193e-02
4.190663e-02
6.423045e-02
1.183397e-01
6.261943e-02
1.201551e-01
1.865532e-01
3.903910e-02
8.118189e-02
1.259351e-01
6.340224e-02
9.603001e-02
6.787350e-02
5.421326e-02
6.031740e-02
6.564864e-02
3.952291e-02
4.875143e-02
5.785400e-02
-3.516856e-02
-1.100738e-02
-3.409690e-02
-2.585521e-04
2.138530e-02
-7.411661e-03
-3.231459e-02
-1.387115e-02
-2.137613e-02
-1.165624e-06
2.788132e-06
3.069635e-06
-1.877339e-07
-8.883748e-07
-6.633409e-07
7.307503e-07
-5.034681e-07
-1.288321e-06
-6.116143e-02
-3.694463e-02
-5.135743e-02
-2.656190e-02
-4.502078e-03
-3.978873e-02
-5.144996e-02
-3.773902e-02
-7.282042e-02
-6.084558e-03
1.935060e-02
-3.421869e-03
2.551415e-02
4.715092e-02
2.449738e-02
1.501646e-02
3.070685e-02
1.704098e-02
-1.796626e-02
9.974159e-03
-4.037870e-03
4.529945e-02
7.516850e-02
5.158925e-02
4.543302e-03
3.397503e-02
2.042009e-02
2.388027e-02
1.955603e-02
3.214506e-03
-8.183290e-03
-1.485323e-02
-8.258651e-03
-5.328075e-02
-7.525557e-02
-6.180416e-02
-1.182561e-06
-3.192376e-07
7.190573e-07
1.748013e-07
1.538332e-06
1.017573e-06
-9.723690e-08
-1.151076e-06
-1.516350e-07
1.238350e-02
4.104749e-02
6.244635e-02
1.098330e-01
1.207387e-01
1.093529e-01
3.212865e-02
4.581231e-02
2.169586e-02
1.217493e-02
5.429707e-02
4.037867e-03
6.764945e-02
7.684461e-02
8.679345e-02
9.077463e-02
2.977484e-02
1.104435e-01
5.393109e-02
7.206639e-02
2.347662e-02
2.767325e-02
3.067502e-02
4.881911e-02
-2.191579e-02
-7.085155e-02
-9.605450e-03
2.299441e-02
-7.183500e-03
-5.260111e-02
3.239639e-02
3.103196e-02
-4.136909e-02
-4.439120e-03
1.521837e-02
-4.109405e-02
-8.595650e-02
-6.067818e-02
-5.778061e-02
-1.043368e-02
-2.924658e-03
6.291791e-03
2.153025e-02
3.063069e-02
4.459954e-02
-1.096316e-02
-1.419247e-02
-1.108307e-02
4.606156e-02
5.642099e-02
2.538229e-02
-4.810463e-03
2.936232e-02
-2.119343e-03
-1.305799e-02
-2.118343e-02
-2.375658e-02
2.889173e-02
4.551504e-02
1.594363e-02
-4.449420e-02
6.246571e-03
-2.474833e-02
-1.303771e-02
-2.474147e-03
1.581476e-02
5.698840e-03
-1.754713e-03
-1.495779e-03
-2.656570e-03
-1.283482e-02
-2.057477e-02
1.705579e-02
1.649615e-02
7.309234e-03
4.588731e-02
4.734424e-02
4.088498e-02
1.940767e-03
-3.596878e-03
-8.367735e-03
-8.551039e-02
-7.850797e-02
-6.500810e-02
-4.485746e-02
-5.208837e-02
-4.886540e-02
3.597383e-03
-8.006343e-03
-8.423755e-03
3.717176e-06
1.767340e-06
-3.841352e-07
4.087237e-06
2.997182e-06
2.630107e-06
5.578814e-06
1.338975e-06
-4.525347e-07
1.013504e-02
3.089058e-02
1.592168e-02
-1.177697e-02
1.799418e-02
6.468063e-03
-4.264012e-02
-2.584550e-02
-2.825441e-02
1.263189e-02
1.687722e-02
1.026372e-02
8.193167e-02
9.423883e-02
8.326961e-02
5.432197e-04
1.217434e-02
-6.579794e-03
-3.299228e-02
-3.644472e-02
-4.862894e-02
6.378393e-02
6.728212e-02
5.132344e-02
8.433406e-03
1.096018e-02
-5.347846e-03
-8.619750e-02
-2.481835e-02
-2.019443e-02
-9.626166e-02
-8.037535e-02
-7.071418e-02
-1.118260e-01
-1.011106e-01
-8.640115e-02
-1.027112e-07
-1.454673e-06
-4.831102e-07
-3.479374e-07
1.170776e-06
7.748458e-07
-1.061236e-06
-5.689449e-07
9.584628e-07
-1.636739e-02
1.641694e-02
6.024149e-03
-2.531700e-02
4.907430e-02
2.868939e-02
-4.000602e-02
-8.955183e-03
7.386861e-03
-3.954616e-02
3.557730e-02
-1.867951e-02
5.039719e-03
-4.219287e-02
-5.530057e-02
-5.286430e-03
-8.273090e-02
-1.781211e-02
4.427058e-02
8.764433e-02
2.597399e-02
5.264074e-02
-5.435925e-02
-9.997973e-02
1.844577e-02
-9.285719e-02
-1.099279e-01
-4.291478e-02
-4.456763e-02
-3.062149e-03
-4.770855e-02
-4.835823e-02
6.194868e-02
-6.332590e-02
-3.427453e-02
4.849505e-02
1.147786e-02
-2.410294e-02
-2.473646e-02
-6.229791e-05
-4.477512e-02
-3.571370e-02
4.515950e-03
-3.103486e-02
-3.776463e-02
-2.750712e-02
-2.700216e-03
9.066161e-03
-2.749129e-02
3.723052e-02
5.751754e-02
-2.777287e-02
9.835461e-03
3.094124e-02
-2.437777e-02
-5.541418e-02
-3.652252e-02
-3.496591e-02
-7.894631e-03
6.910668e-03
-1.200756e-02
4.416458e-02
1.454532e-02
-4.590073e-03
-2.387722e-02
-2.907101e-02
1.719406e-02
3.098401e-03
6.325430e-03
1.305710e-02
8.864477e-03
1.443088e-02
-2.032276e-02
-1.054643e-03
-1.048658e-02
4.776914e-02
1.013601e-01
7.136717e-02
6.067220e-02
1.215283e-01
9.340270e-02
-3.444361e-02
-6.431802e-02
-4.431328e-02
-4.266120e-02
-8.443023e-02
-3.340213e-02
-2.005574e-02
-6.701408e-02
-2.149460e-02
8.657835e-09
2.745062e-06
-2.177939e-06
3.555503e-06
4.332963e-06
1.382782e-06
6.176207e-06
3.800773e-06
1.957694e-06
1.171330e-02
8.956268e-02
7.271174e-02
2.609582e-02
6.564263e-02
4.269359e-02
-5.500035e-03
-5.186461e-04
1.352494e-03
-4.541820e-02
-2.738900e-02
-1.845319e-02
2.918086e-02
7.950235e-02
7.628860e-02
5.606776e-02
1.451341e-01
1.359292e-01
-7.432843e-02
-6.790296e-02
-6.378184e-02
-3.186980e-02
2.470364e-02
9.914856e-03
-3.177475e-03
4.358378e-02
2.854140e-02
-2.171472e-02
-1.198252e-01
-1.069175e-01
2.330484e-03
-7.973582e-02
-9.159015e-02
6.649901e-04
5.033804e-04
-2.177564e-03
1.383351e-06
-1.436490e-06
-1.017539e-06
-6.883630e-07
8.127375e-08
1.275611e-06
-8.832351e-07
-2.512964e-07
2.523662e-07
-4.157231e-02
4.249655e-02
5.771752e-02
3.140510e-02
-3.098781e-04
-3.116895e-02
3.794273e-02
-6.509397e-02
-9.253350e-02
4.075432e-02
2.125346e-02
1.862191e-02
4.447635e-02
-1.056947e-01
-9.662204e-02
-8.768500e-02
-7.537749e-02
-2.835454e-02
4.911664e-02
-5.556219e-02
-9.502598e-02
5.413772e-02
-7.774635e-02
-1.055754e-01
-6.935073e-02
1.658103e-02
7.650187e-02
-4.826294e-02
-8.208973e-02
3.191753e-02
-6.954553e-02
-6.005982e-02
4.649531e-02
-3.411839e-02
2.194105e-02
-4.011329e-02
1.455962e-02
4.226343e-02
2.610845e-02
-2.089112e-02
2.907691e-02
2.476755e-02
-5.149154e-02
1.152955e-02
1.520333e-02
-2.660860e-02
3.301002e-02
6.749370e-02
-7.504134e-03
1.872137e-02
2.933676e-02
2.580437e-02
-6.954865e-03
-5.149223e-02
-4.026460e-02
-3.344108e-02
6.182871e-03
-5.798650e-02
4.152067e-02
6.451949e-02
2.105782e-02
7.626217e-02
6.522147e-03
3.698567e-03
1.903181e-03
2.011357e-02
-1.449853e-02
-5.050779e-03
1.757411e-02
-2.475460e-02
-1.606534e-02
8.243927e-03
-8.521362e-02
9.753113e-03
1.782005e-02
-1.084184e-01
-2.677713e-02
-1.912273e-02
-1.121909e-01
-8.434704e-02
-8.930424e-02
-3.314828e-02
-4.053396e-02
-4.581614e-02
-5.481132e-02
-7.349110e-02
-7.871603e-02
-6.196429e-02
-5.945313e-02
-7.067844e-02
6.147388e-07
6.311418e-06
-9.996494e-08
1.842265e-06
7.557872e-06
1.896637e-06
5.291277e-06
6.886645e-06
4.085261e-06
-5.039482e-02
7.697489e-03
2.487830e-02
7.586555e-03
1.000151e-02
1.406418e-02
-8.531361e-03
-4.669406e-03
7.318656e-03
6.275672e-03
4.869043e-02
8.817356e-02
-5.251987e-02
1.264397e-03
4.197005e-02
-5.964612e-02
-6.168935e-02
-7.675954e-02
4.199936e-02
1.696624e-01
2.270619e-01
-3.386866e-03
1.769004e-01
2.056990e-01
-3.845667e-02
6.535472e-02
2.748506e-02
5.744302e-02
-1.108649e-02
6.609873e-03
1.187329e-01
-1.846750e-01
-7.462360e-02
-2.078293e-02
-9.298064e-02
-2.504494e-02
3.373424e-06
-8.807187e-08
-1.231862e-06
1.778476e-06
-4.825849e-07
-1.135613e-06
1.602427e-06
1.089247e-06
6.413150e-07
-7.561542e-03
5.954253e-02
1.184333e-01
-1.552703e-02
5.158472e-02
2.251182e-02
5.215326e-02
-3.727923e-02
-4.100380e-02
1.776952e-02
-9.343046e-02
1.468536e-01
3.803790e-01
-3.852508e-01
8.650385e-03
8.217663e-02
-1.796767e-02
5.460795e-03
1.153221e-01
-1.292874e-01
-6.281603e-02
5.301956e-01
-4.141752e-01
-2.382641e-01
1.850445e-01
-9.066617e-02
-6.672699e-02
-1.957971e-01
-1.204815e-01
-2.623422e-02
-3.362614e-01
-2.195132e-01
6.728585e-02
-2.045964e-01
-1.862368e-01
1.889822e-02
-9.873000e-03
-1.877469e-01
7.543138e-02
3.405935e-02
-4.034123e-02
8.178088e-02
4.435369e-02
8.776191e-02
3.544077e-02
-9.375964e-02
-8.772410e-03
-4.398785e-02
-1.818396e-01
2.260137e-02
-3.517377e-02
-1.274820e-01
-1.866564e-02
-1.404731e-03
-5.679759e-02
-1.707884e-02
3.238920e-02
-2.203876e-01
1.015444e-01
7.569394e-02
-5.807188e-02
1.279353e-01
2.485985e-03
1.329236e-02
-1.736365e-02
-5.439613e-02
2.898212e-02
2.593702e-02
-1.149011e-01
3.800874e-02
4.097051e-02
-5.322976e-02
1.414791e-02
-3.798226e-02
-1.607426e-02
-6.488021e-02
7.550664e-03
-1.473255e-02
-9.991104e-03
3.824420e-02
4.170466e-02
2.183064e-02
-8.411258e-02
4.371769e-03
4.593587e-02
-1.235764e-01
-3.582971e-02
9.140128e-02
1.450582e-02
-6.681824e-02
9.104174e-07
-3.866693e-06
-1.235806e-06
1.654459e-06
-2.408634e-07
2.688724e-06
8.473217e-06
-8.678260e-06
3.187539e-06
-8.673263e-02
5.076510e-03
-8.682460e-03
-4.030408e-02
-1.922229e-02
-4.472359e-03
-7.420310e-02
-5.203060e-02
6.572092e-02
4.209494e-02
-5.931945e-02
-4.945581e-02
-1.766130e-01
1.299185e-02
3.138944e-02
-1.089558e-01
6.877112e-02
7.154030e-02
2.930701e-02
5.627939e-02
9.603892e-02
-1.835783e-01
1.186632e-01
8.284375e-02
-1.131743e-01
7.055849e-02
1.027985e-02
3.568221e-03
-6.413031e-03
-1.497916e-02
5.503516e-02
5.862883e-02
3.336795e-02
6.856702e-02
8.359827e-02
5.573745e-02
9.204022e-07
-1.263372e-07
-2.147922e-06
3.273672e-07
4.889616e-07
-1.107034e-06
-2.979353e-07
2.414900e-07
9.119734e-08
-5.173356e-02
-4.997631e-02
-6.112524e-02
-6.026311e-02
-7.163887e-02
-6.874744e-02
-3.606904e-02
-2.752428e-02
-3.684118e-02
-4.475324e-02
-4.247789e-02
-3.086364e-02
-4.378789e-02
-4.517869e-02
-5.160282e-02
2.718200e-02
2.664626e-02
1.703382e-02
-7.677957e-03
-1.362976e-02
-2.906805e-02
3.539192e-02
5.489915e-02
1.648041e-02
3.269548e-02
6.885611e-02
5.154203e-02
-1.074390e-02
-8.551728e-03
-1.173448e-02
2.642767e-02
-1.461546e-03
-3.100764e-02
4.342398e-02
8.125305e-03
-3.989692e-02
4.291912e-02
6.339001e-02
5.810967e-02
1.207744e-02
3.571101e-02
4.497189e-02
-3.734111e-03
1.236738e-02
2.860598e-02
-2.701279e-02
-2.192146e-02
-1.659013e-02
-2.364812e-02
-2.323416e-02
-2.136094e-02
-1.445483e-02
-1.718926e-02
-2.481242e-02
-3.806720e-03
7.620553e-03
1.067352e-02
3.190303e-03
1.434810e-02
1.377127e-02
-9.458612e-03
-1.154331e-02
-1.939063e-02
-1.745369e-02
-1.337867e-02
-1.374761e-02
-1.403659e-02
-5.662236e-03
1.853100e-03
-5.669217e-03
6.398611e-03
1.505561e-02
-3.915230e-03
6.884838e-03
5.448171e-03
1.448775e-02
2.774973e-02
2.334556e-02
1.287819e-02
1.977831e-02
1.790422e-02
-3.158103e-02
-2.949973e-02
-3.293733e-02
-2.753855e-02
-2.416927e-02
-3.214600e-02
-2.197987e-02
-1.742345e-02
-2.474254e-02
4.416948e-08
1.350188e-06
2.470203e-06
7.745657e-07
-1.214327e-06
-3.356836e-07
9.472587e-08
1.250093e-06
7.781988e-07
6.197274e-02
7.290034e-02
6.382290e-02
8.868768e-02
1.068576e-01
9.456271e-02
6.939229e-02
8.433354e-02
7.165718e-02
-9.841157e-03
2.194329e-05
1.302219e-03
9.297338e-03
1.923318e-02
1.911456e-02
1.029368e-02
1.327141e-02
1.467122e-02
4.865716e-03
1.209066e-02
9.629546e-03
2.345045e-02
3.504969e-02
2.878474e-02
3.115721e-02
3.602298e-02
2.937515e-02
6.842311e-02
1.088532e-02
-9.175643e-02
1.726372e-01
1.545598e-01
-1.716581e-01
9.113176e-02
8.855042e-03
-6.995431e-02
-1.122628e-06
-1.328700e-06
-1.946190e-06
-5.686897e-07
3.552450e-07
-1.808141e-06
9.594633e-08
-6.742750e-07
-2.332934e-06
-8.071798e-02
-1.136897e-01
3.909210e-02
-6.123650e-02
-1.164234e-01
-8.119468e-02
7.395633e-02
1.669821e-01
3.133047e-02
-1.900126e-01
-1.842015e-01
2.543021e-01
-1.189457e-01
1.713547e-01
-4.090686e-02
1.555233e-01
1.407172e-02
-5.332072e-02
2.379579e-02
-6.286693e-02
-1.494056e-01
1.021087e-01
4.311887e-01
-5.272664e-02
-6.112664e-02
-1.862237e-01
-9.503274e-02
1.124280e-01
-1.196295e-01
-2.235474e-02
8.124189e-02
-1.736369e-01
-9.473623e-02
-5.553250e-04
-5.742597e-02
1.284680e-03
-1.622820e-01
4.472142e-02
7.702361e-02
-1.524908e-01
-1.403110e-02
1.274761e-01
2.444984e-01
4.523521e-02
1.116839e-02
-2.581094e-02
-4.944784e-02
2.190394e-02
-7.738973e-03
-1.009164e-01
-2.075009e-02
6.079626e-02
1.919486e-02
-6.867340e-03
3.110383e-02
-1.271718e-02
7.536795e-03
-6.067206e-02
-2.590438e-01
-1.396953e-01
1.143915e-01
6.644915e-02
-8.530083e-02
-3.183794e-02
2.506775e-03
5.923415e-02
-1.630946e-02
5.120921e-02
1.479628e-01
-7.109490e-02
-6.051913e-02
-6.018142e-03
-1.592424e-01
1.838384e-02
1.672441e-01
-2.070374e-01
-6.839751e-02
1.660638e-01
-1.877505e-01
-6.264984e-02
1.176422e-01
-7.489507e-02
1.967626e-01
2.416093e-01
-2.764249e-01
8.854949e-02
3.392454e-01
-2.671642e-01
-1.853891e-01
9.741897e-02
-6.579520e-06
-8.831051e-06
-7.552596e-06
-5.768105e-06
-4.078893e-06
-2.662785e-07
-3.997056e-06
-4.078535e-06
-2.947011e-06
4.448343e-02
-1.886900e-01
-2.355010e-01
2.532195e-01
3.474570e-03
-2.130508e-01
2.530956e-01
1.755292e-01
-1.740704e-02
-1.029574e-01
-3.008666e-02
1.172674e-01
-2.012288e-01
-1.462918e-01
9.626376e-02
-2.274258e-01
-1.409637e-01
5.913656e-02
-3.626718e-02
-1.290769e-02
-1.606539e-01
3.640689e-02
-1.749536e-02
-7.553094e-02
1.168764e-01
1.608859e-01
1.116705e-03
-9.430736e-02
-2.756009e-01
-3.255218e-01
1.208464e-01
6.132133e-03
-1.619135e-01
3.056216e-01
2.424975e-01
1.249846e-01
-2.501816e-06
-1.582290e-06
-2.474980e-06
-5.627498e-07
-2.006018e-06
-1.250963e-06
-2.563899e-07
-6.577311e-07
-6.160866e-07
4.296537e-03
-3.851333e-02
2.427479e-02
-2.633339e-02
-3.914464e-02
-4.074929e-03
1.631439e-02
8.496968e-02
6.860138e-02
6.635803e-02
9.830993e-02
-5.724884e-02
5.249560e-02
-8.246829e-02
-3.253874e-01
7.437991e-02
-1.619241e-01
-7.177442e-02
-8.533192e-02
8.465968e-02
1.093928e-01
-7.945130e-02
1.565495e-01
1.279155e-02
-3.392541e-02
-6.885509e-02
-1.094808e-02
-1.252470e-02
2.410223e-03
2.565174e-02
2.695078e-02
-6.707740e-03
-1.784848e-02
1.300978e-02
1.879555e-02
1.782998e-02
1.846873e-01
3.851148e-01
2.170021e-01
-2.377764e-01
-1.655496e-01
4.843978e-02
-3.829305e-01
-3.845153e-01
8.865102e-02
3.845107e-02
2.507563e-02
-1.801869e-02
2.465457e-02
-3.831520e-02
7.054701e-03
-5.191509e-02
-4.884509e-02
4.839858e-02
-1.451705e-03
-7.227953e-02
-1.244327e-01
-6.703041e-02
-1.858942e-01
-7.545950e-02
-5.279261e-02
-3.905951e-02
1.977975e-02
-4.495698e-03
-1.295303e-02
1.249533e-01
6.181256e-03
6.608875e-03
1.171809e-01
3.071230e-03
-5.676151e-02
-2.545174e-02
1.360303e-01
9.934235e-02
-7.538510e-02
1.372224e-01
7.942791e-02
-6.936175e-02
-1.563012e-02
-5.018748e-02
-1.592111e-01
3.011635e-01
1.650040e-01
-1.220417e-01
2.570516e-01
-9.350097e-03
-2.181848e-01
1.220335e-01
-1.149791e-01
-1.047523e-01
-7.994246e-07
9.370094e-07
-2.117181e-07
4.884941e-07
1.279454e-06
-3.770508e-07
7.005057e-07
1.350204e-06
-2.846304e-06
-1.754437e-01
5.467443e-02
2.526926e-01
-2.412959e-01
7.991600e-02
2.825437e-01
-2.658161e-01
-3.162566e-02
9.120522e-02
3.137975e-02
1.697266e-02
-1.377271e-01
8.450969e-02
2.393244e-02
-4.706934e-02
-2.703111e-02
-3.088597e-02
-1.148335e-01
-1.601252e-01
-9.539651e-02
-6.161489e-02
-1.340890e-01
-5.627089e-02
7.721938e-02
-7.961392e-02
1.113214e-01
1.984927e-01
4.495467e-02
3.497527e-02
1.084906e-02
1.133305e-01
1.110861e-01
7.957096e-02
1.597928e-01
1.676909e-01
1.397451e-01
2.040846e-06
1.680969e-06
-7.980582e-08
3.062747e-06
7.410809e-07
1.812664e-06
7.913728e-07
2.231213e-06
-2.837907e-07
-4.063759e-03
-8.884888e-03
-1.918789e-02
-4.318357e-02
-7.416919e-02
-8.755022e-02
-4.259288e-02
-4.480717e-02
-5.819492e-02
-1.128932e-02
6.449658e-03
-3.050322e-02
-4.813977e-02
-3.892670e-02
-6.420165e-02
-5.953669e-02
-3.659214e-02
-4.722827e-02
-2.362541e-02
-2.569502e-02
-7.468726e-02
1.578190e-02
4.012885e-02
3.048585e-03
8.151829e-03
5.164757e-02
4.484525e-02
-3.734635e-02
-4.611828e-02
-3.699059e-02
1.350497e-03
-2.273571e-02
-2.514010e-02
1.690942e-02
2.743152e-03
-1.898299e-02
1.329298e-01
1.474041e-01
1.531197e-01
7.176474e-02
9.336104e-02
1.060475e-01
-1.261460e-02
2.195737e-03
2.412035e-02
-1.319266e-02
-1.610781e-02
-1.415337e-02
-2.965280e-02
-4.100899e-02
-4.103594e-02
-3.424253e-02
-4.244311e-02
-4.593788e-02
-1.887430e-02
-1.728543e-02
2.665714e-02
-7.950589e-03
-5.538509e-03
2.704687e-02
-1.244280e-02
-2.611644e-02
-1.137912e-02
8.503554e-03
1.020955e-02
5.163532e-03
-5.133642e-03
1.965177e-04
3.119346e-04
-1.518003e-02
-6.509424e-03
-1.394234e-03
2.802373e-02
2.757769e-02
4.128397e-02
2.931379e-02
3.065826e-02
4.202296e-02
2.393770e-02
2.137966e-02
3.189233e-02
2.927925e-02
2.800022e-02
3.421339e-02
1.374575e-02
2.003112e-02
2.512218e-02
-1.876865e-02
-4.632624e-03
6.362988e-03
-2.051609e-06
-2.064074e-06
-1.423350e-06
-1.643807e-07
-1.021885e-06
-1.129913e-06
1.244885e-06
-4.842519e-08
-1.924729e-06
3.897556e-02
3.502578e-02
2.596434e-02
7.301078e-02
7.195252e-02
5.665766e-02
8.653653e-02
8.325116e-02
6.091266e-02
8.091765e-03
8.256851e-03
2.351049e-02
1.005349e-02
8.532647e-03
2.342690e-02
8.727245e-03
4.567788e-03
1.762427e-02
2.842505e-02
2.208814e-02
3.154770e-02
3.909098e-02
3.013618e-02
3.950908e-02
3.844414e-02
2.817316e-02
3.576576e-02
1.338728e-01
2.763540e-01
1.282881e-01
-1.866642e-02
1.906867e-01
-1.129127e-02
-1.929122e-01
-1.826746e-01
-1.042023e-01
5.363752e-06
4.184352e-06
3.941445e-06
1.637144e-06
1.917806e-06
3.834319e-07
3.633600e-07
-1.169102e-06
-1.572378e-06
1.935104e-02
-3.814358e-02
1.571419e-02
-7.516278e-02
-6.573733e-02
-1.433391e-02
4.173238e-02
1.217996e-01
9.467177e-02
-8.687458e-02
-2.971669e-02
-1.576735e-01
-1.068321e-01
4.828293e-01
-1.105260e-01
5.539994e-02
1.839567e-01
1.554866e-01
-1.044798e-02
2.052531e-01
-4.647910e-02
-3.601114e-02
4.472901e-01
-1.214910e-04
-1.515626e-01
-2.109487e-01
-8.863224e-02
7.664155e-02
-1.121757e-01
-3.928804e-02
1.475723e-01
-8.155345e-02
-9.586989e-02
6.354109e-03
-3.552791e-02
-5.707931e-02
-8.191288e-02
1.225946e-03
1.473913e-02
9.002808e-02
5.926104e-02
1.949990e-02
2.362417e-01
4.966160e-02
-9.736899e-02
5.349586e-02
-3.507305e-02
1.015227e-01
8.368367e-02
-8.857649e-02
7.682322e-02
5.967845e-02
-3.188947e-02
5.993895e-03
1.135828e-01
-4.707702e-02
4.816387e-02
8.623117e-02
-1.270486e-01
5.783670e-02
-3.395283e-02
-3.301894e-02
6.690304e-03
1.506764e-02
-5.488458e-02
-4.695266e-02
-5.884197e-03
-4.230497e-02
1.687562e-02
-7.594953e-02
-9.046397e-02
-4.656505e-02
-1.183228e-01
-1.388533e-01
-1.310245e-01
7.548990e-03
-4.762337e-02
1.355728e-03
1.100163e-01
1.392071e-01
1.354950e-01
-4.059123e-02
-1.246223e-01
-7.325263e-03
3.375814e-02
-3.154189e-02
2.102165e-02
1.346937e-01
6.207732e-02
8.351760e-02
-1.032899e-05
-8.353642e-06
-1.779260e-06
-5.106377e-06
-6.150333e-06
-8.968159e-07
1.342988e-06
-1.453529e-06
-1.305742e-06
6.829809e-02
6.222313e-02
-8.831245e-04
2.278301e-02
2.084408e-02
-8.396345e-02
-8.771003e-02
-9.193387e-02
-1.642385e-01
-1.933590e-01
-1.835636e-01
-1.450817e-01
-9.072529e-02
-2.140176e-01
-1.203883e-01
-1.438359e-02
-4.952943e-02
1.579007e-02
4.045616e-02
1.192687e-02
4.602581e-02
1.760481e-01
3.849642e-03
1.166922e-01
3.046395e-02
8.237133e-03
8.559456e-03
-5.407346e-02
-7.257070e-02
-4.271018e-02
-1.382284e-03
-1.265453e-02
-7.211721e-03
1.586152e-02
2.815083e-02
3.324767e-02
6.038886e-07
-2.555396e-06
9.413185e-07
-4.686418e-07
8.450663e-07
1.112111e-06
-2.198947e-06
1.269546e-08
-4.877492e-07
4.531659e-02
5.497896e-02
5.746273e-02
5.774272e-03
6.758248e-03
-7.348156e-02
3.131156e-02
3.215310e-02
-7.538170e-02
-2.510127e-02
-9.372716e-02
5.428614e-02
3.977608e-02
-4.593758e-02
1.264811e-02
4.072495e-02
1.184249e-02
4.984527e-02
8.187667e-02
-2.305133e-02
4.469465e-02
2.623100e-02
-7.996731e-02
-5.542056e-02
4.569970e-02
-1.259995e-02
5.590715e-02
-1.392169e-02
8.739627e-02
-7.432126e-02
-2.799602e-03
9.649999e-02
-5.789121e-02
-8.315510e-02
8.757421e-02
-1.192812e-02
-4.596220e-02
-6.735915e-02
-2.897571e-02
-1.391684e-02
-2.355929e-02
3.849526e-02
-5.850277e-02
-5.469232e-02
5.904230e-02
8.956872e-03
8.148171e-02
7.393909e-04
-1.449769e-02
6.047238e-02
-4.016743e-02
-2.895132e-02
7.873388e-02
-3.500886e-02
-6.610155e-02
7.226368e-02
-1.735903e-01
6.338148e-02
1.713917e-01
3.540917e-02
-1.094102e-01
2.248274e-02
-1.011641e-01
1.095721e-02
-7.408581e-03
-1.044682e-02
1.620991e-02
1.188391e-03
-1.857514e-03
7.358312e-03
-8.340208e-03
-1.396103e-02
6.683926e-02
1.440246e-01
3.851739e-02
5.690745e-02
1.218165e-01
4.093377e-02
-7.497302e-02
-5.157168e-04
-1.247896e-01
-4.689855e-03
-9.039653e-03
1.099806e-02
-1.452529e-02
-1.923335e-02
-7.590889e-03
1.489911e-02
1.794168e-02
5.765373e-02
1.447527e-06
4.483373e-06
-3.196781e-06
4.411842e-06
7.836086e-06
2.007683e-06
3.073636e-06
6.230720e-06
-1.019836e-06
-8.360183e-02
-5.922253e-02
1.701492e-02
-3.024332e-02
-1.983880e-03
3.526856e-02
-1.019561e-02
2.046250e-02
2.187888e-02
8.686324e-02
2.387633e-01
2.838402e-03
1.100837e-01
2.273931e-01
5.216282e-02
-9.042366e-02
7.089259e-02
-1.610855e-01
2.220496e-02
1.534729e-01
-3.909205e-02
8.189911e-02
1.866492e-01
5.125628e-02
-1.338347e-01
9.466353e-03
-1.996735e-01
1.150837e-01
1.119358e-01
-1.377893e-02
1.591122e-01
-1.979526e-01
7.285159e-02
-5.098340e-02
-1.150654e-01
-1.327230e-01
-1.329612e-06
-1.619871e-06
-8.456748e-07
-1.022670e-07
2.908286e-07
-2.241433e-07
-2.003657e-06
-7.328767e-07
-8.765995e-07
-3.230607e-02
2.889905e-02
-3.276417e-02
2.092496e-02
1.030319e-01
-8.556706e-02
-3.174530e-02
-1.458801e-01
-8.274093e-02
-6.635614e-02
2.223682e-01
-1.880370e-02
1.854195e-01
-6.299106e-01
2.144594e-01
5.891828e-03
1.319053e-01
-1.284766e-01
3.768558e-02
3.281920e-01
3.916099e-02
4.578124e-02
-7.509472e-01
9.599911e-02
7.879375e-03
3.312685e-01
7.923558e-02
2.569260e-02
2.483777e-02
1.041112e-02
-3.043392e-02
1.195855e-01
5.478393e-02
6.105874e-03
-4.153566e-02
4.586016e-02
-1.330718e-01
-2.465828e-01
1.163537e-01
-4.512793e-02
-5.391443e-02
1.367274e-01
6.410009e-02
2.070596e-01
-3.494553e-02
-4.230464e-02
-1.023173e-02
-4.885252e-03
-7.409786e-02
1.645311e-01
-5.937770e-02
-8.232091e-02
3.449003e-03
-5.683499e-02
-2.287711e-01
-2.584619e-01
-1.705184e-01
-9.544852e-03
2.628317e-01
-2.493345e-02
5.403233e-02
-5.306045e-02
-1.822047e-01
-1.365507e-01
-2.459612e-02
4.748585e-03
-1.669159e-01
-1.427422e-01
-2.015494e-01
-3.651565e-02
1.540202e-02
4.518782e-03
-1.368175e-02
-1.889778e-02
5.969233e-02
2.213289e-02
9.786464e-02
2.601707e-02
1.460138e-02
-4.543146e-03
2.877610e-02
3.614599e-02
1.435800e-01
2.074979e-01
-1.421610e-01
-1.024733e-01
5.535196e-02
1.950727e-02
-1.821246e-03
-1.368552e-01
-1.504034e-06
-7.886885e-06
-6.438519e-06
4.609142e-06
9.368251e-07
-1.050743e-05
8.327585e-06
8.835974e-06
7.551173e-07
-7.265584e-02
-1.488404e-01
-5.547911e-02
-2.756959e-03
-7.713108e-02
3.465416e-02
-6.027255e-03
4.157330e-02
1.850448e-01
-4.067161e-02
-1.810838e-01
-2.052231e-02
-4.761127e-02
1.259386e-01
2.562634e-02
1.722684e-02
4.818343e-02
6.515516e-02
-5.646895e-02
-1.945366e-01
-1.353034e-01
1.175099e-03
3.581018e-01
-2.334454e-02
1.118112e-01
5.069201e-02
9.676111e-02
-1.584463e-01
1.333335e-02
1.956248e-01
-2.207668e-01
-1.343914e-02
2.266432e-01
-1.270847e-01
9.390332e-03
1.863123e-01
-9.825511e-08
-2.240145e-06
-1.804951e-06
-2.044668e-06
-2.302414e-06
-1.590220e-06
-3.948990e-07
-1.517511e-07
6.421519e-07
8.396344e-03
4.104127e-04
1.179259e-02
-8.506460e-02
-7.258337e-02
-9.399389e-03
-1.689900e-03
2.599997e-02
6.240857e-02
1.552795e-01
1.800500e-01
-1.396330e-01
2.965382e-02
6.399196e-02
-6.247332e-02
-2.021362e-01
-1.701957e-01
7.752707e-02
8.181882e-03
-1.157990e-02
-5.660595e-02
6.375401e-02
1.168098e-01
-2.156510e-02
6.533028e-02
2.100493e-02
-5.012139e-02
-1.252375e-01
-1.835297e-02
4.365524e-03
8.539500e-03
1.653197e-02
-3.833316e-02
1.001405e-01
3.024981e-02
-6.748945e-02
2.834796e-01
-7.054789e-02
-3.923880e-01
2.994476e-01
-8.609352e-02
-3.325750e-01
9.300190e-02
2.734250e-02
4.763545e-02
3.565086e-02
-5.497472e-03
-1.886877e-02
1.591804e-02
-5.600056e-02
-3.709620e-02
2.343156e-02
-3.942204e-02
-1.650130e-03
6.667153e-02
-2.433308e-03
-5.600210e-02
-8.329916e-02
-1.072845e-01
-7.994429e-02
-1.763448e-01
-9.828616e-02
3.887491e-02
2.272307e-02
-1.013212e-03
-4.166481e-02
8.610789e-02
9.921746e-02
5.383555e-02
7.441655e-02
8.640027e-02
3.336643e-02
7.227634e-02
5.915174e-02
-7.748592e-02
1.016552e-01
6.901918e-02
-6.201495e-02
1.570028e-02
2.112706e-02
-5.705712e-02
2.370341e-01
3.876333e-02
-1.279285e-01
2.395297e-01
-1.299484e-02
-1.673107e-01
-4.082485e-02
-1.252954e-01
-9.389875e-02
-1.078005e-06
1.759136e-06
5.098484e-06
-1.528684e-06
-5.772499e-08
4.017184e-06
-1.951121e-06
-2.091697e-06
1.791978e-06
-9.109268e-02
-1.065659e-01
-6.482501e-02
-2.353045e-05
8.192789e-03
-3.059492e-02
2.224420e-01
1.554712e-01
1.535922e-03
-3.922904e-02
2.779900e-03
-1.003392e-01
3.100750e-02
1.928529e-02
-2.900394e-02
1.641261e-03
4.428422e-03
-6.960499e-02
-2.191712e-01
-1.059618e-01
-8.497039e-03
-1.162585e-01
-4.706705e-02
1.271759e-01
-6.109773e-02
2.654734e-02
1.423432e-01
-1.287935e-01
-1.377062e-01
-1.192032e-01
-3.312185e-02
-4.051331e-03
-2.246466e-03
2.742954e-02
7.916827e-02
6.040471e-02
-1.566167e-07
1.111225e-08
1.052129e-06
1.052468e-10
5.167106e-07
6.328040e-07
3.557280e-07
6.196435e-07
-4.093809e-07
2.138064e-03
2.602354e-03
-1.087807e-02
-9.234992e-02
-1.077575e-01
-1.161753e-01
-8.473044e-02
-7.185263e-02
-5.383592e-02
-1.456753e-01
-1.422607e-01
-1.184239e-01
-1.183550e-01
-1.516320e-01
-9.930725e-02
6.024552e-02
3.094986e-02
2.267146e-02
-1.209197e-01
-9.968667e-02
-1.183217e-01
-2.695018e-02
1.254310e-02
3.450083e-02
1.069033e-01
1.212059e-01
7.965786e-02
4.360132e-02
3.023302e-02
2.202595e-02
2.728143e-02
5.952094e-03
-7.721773e-03
3.676077e-03
-3.320366e-02
-2.812496e-02
-2.251852e-02
2.030471e-02
3.975445e-02
-6.760467e-02
-3.522805e-02
4.402245e-02
-7.343780e-03
4.547617e-04
7.540391e-02
1.386883e-02
4.028772e-03
7.067859e-03
-3.381540e-02
-5.494665e-02
-5.137893e-02
-3.689654e-02
-3.921545e-02
-2.824505e-02
-5.259760e-02
-5.464441e-02
-1.382735e-02
1.646831e-02
-1.331765e-02
-9.925713e-03
3.185371e-02
-2.947608e-03
-2.581047e-02
-2.668064e-02
-1.442070e-02
1.350402e-03
-2.193283e-02
-2.752919e-02
-1.447009e-02
2.381942e-03
-1.118148e-02
-1.027397e-02
5.588209e-02
3.991765e-02
6.594139e-02
-2.194476e-02
-4.610782e-02
-2.438168e-02
-9.316696e-02
-1.230515e-01
-9.413385e-02
1.261984e-01
1.331215e-01
1.295902e-01
1.493793e-02
6.827919e-03
6.334107e-02
2.789872e-02
-2.036256e-02
3.576739e-02
3.108359e-06
3.010424e-06
2.735152e-06
1.850700e-06
1.645742e-06
1.572544e-06
-4.547561e-07
-1.284497e-06
2.112827e-06
-6.417555e-02
-5.560422e-02
-4.249144e-02
-1.228606e-02
1.924744e-02
1.594623e-02
-2.974759e-02
2.267268e-02
1.932490e-02
3.374313e-02
1.965308e-02
5.759962e-02
1.390493e-02
-3.360090e-03
2.030405e-02
-4.150822e-02
-7.174577e-02
-4.216502e-02
2.438341e-02
3.121987e-02
4.625237e-02
4.987475e-02
5.110077e-02
5.570286e-02
5.501819e-02
5.548692e-02
6.771532e-02
