-4.352659e-02
-8.584879e-02
4.292278e-02
-5.232561e-02
-1.061757e-01
3.462338e-02
-5.725593e-02
-1.160682e-01
2.822654e-02
2.234919e-03
-9.673256e-03
-2.162120e-02
-3.124703e-02
-4.633886e-02
-5.968572e-02
-2.764419e-02
-4.211645e-02
-5.005487e-02
-1.870891e-02
2.005165e-02
4.720367e-02
-1.853157e-02
3.191293e-02
2.493154e-02
-4.312130e-02
-1.311377e-03
-1.570179e-02
3.323991e-02
4.880071e-02
3.507461e-02
3.410996e-02
5.104634e-02
4.325127e-02
3.240881e-02
4.387767e-02
3.812308e-02
6.607472e-03
-1.813503e-03
-9.964481e-03
4.059149e-03
-2.307762e-02
-4.446007e-02
3.712793e-02
1.494164e-03
-2.802521e-02
2.257230e-02
2.566191e-02
1.557569e-02
2.296690e-02
2.672688e-02
9.693765e-03
2.049928e-02
1.776226e-02
-7.694588e-03
-8.541573e-03
-1.269649e-02
-8.081096e-03
2.124938e-03
-1.204452e-02
-5.428440e-02
-1.891733e-02
1.308798e-02
-1.543950e-02
-1.032904e-02
-1.305583e-02
9.928049e-03
2.595500e-03
-1.605360e-02
5.623963e-03
8.030367e-03
-9.616659e-03
-1.499260e-02
1.242808e-02
1.407802e-02
-1.723971e-02
-4.877090e-02
-2.984127e-02
-1.544076e-02
-6.904995e-02
-5.019083e-02
-6.334852e-02
1.591089e-02
-4.796852e-03
-1.260787e-02
-3.068987e-02
1.831453e-02
-2.905961e-02
-6.905371e-02
-4.735979e-02
-3.562256e-02
-3.842326e-02
-6.570131e-02
-1.964888e-02
-1.989096e-02
-5.612709e-02
-1.010039e-02
-3.254994e-02
-7.392924e-02
-3.565497e-02
-2.853562e-02
-8.598399e-03
-2.107150e-02
4.387145e-02
2.732338e-02
-2.732292e-02
3.707822e-02
4.968126e-02
1.219227e-02
-1.685682e-03
-4.248261e-03
-4.494872e-03
-1.961846e-03
-3.998822e-04
1.701802e-04
5.063541e-03
1.348802e-02
1.831374e-02
-2.293972e-02
-6.168686e-02
-3.953971e-02
-2.331242e-03
2.564601e-02
2.812162e-02
3.037766e-02
1.147832e-01
9.184072e-02
6.127928e-02
7.650165e-04
-9.079951e-03
3.562536e-02
1.291823e-02
1.691759e-02
2.328099e-02
-1.071521e-02
1.667645e-02
-3.181773e-02
-2.920520e-03
-1.244231e-02
-9.515694e-04
3.942358e-02
2.500891e-02
-6.032257e-04
2.414237e-02
1.995387e-02
4.178001e-02
-2.304766e-02
-1.880240e-01
5.775218e-02
-2.174813e-03
-1.266620e-01
8.189859e-02
4.164899e-02
-9.782964e-02
-2.185921e-02
-8.786471e-03
-1.859372e-02
1.683813e-02
3.179646e-02
4.680980e-02
-1.615568e-02
3.318935e-02
6.223254e-03
2.386396e-02
8.239091e-02
2.968525e-03
-4.146054e-02
7.125844e-02
9.077769e-02
-2.021840e-01
8.088546e-02
2.252140e-01
-3.242668e-02
-4.945144e-02
-5.757782e-03
-6.058505e-02
-7.478915e-02
-1.021502e-02
-3.008175e-02
-5.805219e-02
7.410591e-03
-8.648070e-03
-2.660327e-02
2.382962e-02
-3.169818e-03
-2.262386e-02
9.744224e-03
4.072576e-02
4.113453e-02
-1.383670e-02
-8.826109e-02
9.909593e-02
1.836811e-02
-8.596781e-02
7.237747e-02
1.719546e-02
-2.430646e-02
6.958140e-02
8.541211e-02
2.535838e-02
4.407155e-02
-8.678223e-02
1.174638e-01
-1.999780e-01
1.360539e-01
2.007126e-01
-1.397847e-01
-8.505458e-02
-9.997827e-02
4.265646e-02
-5.831340e-02
-1.257180e-02
1.031686e-01
2.291611e-02
2.492956e-02
2.291930e-02
5.282985e-02
3.419304e-02
-1.775509e-02
-9.834421e-02
8.412249e-02
1.998535e-01
2.269376e-02
6.118695e-03
1.339287e-01
2.278308e-03
-9.484413e-02
-5.903333e-03
7.929520e-02
-2.017010e-02
2.937524e-02
-2.032470e-02
-4.478350e-02
2.427443e-01
-6.653917e-02
-8.176894e-03
1.988445e-02
-4.972545e-02
-6.846432e-02
-6.241442e-02
-9.691526e-02
-2.638583e-02
-1.650799e-02
-7.814392e-02
-3.994258e-02
4.035804e-02
2.500035e-02
-8.509198e-02
1.336894e-01
1.824551e-03
-2.836715e-02
-5.984426e-02
7.272628e-02
-1.220545e-02
-3.303111e-02
3.378639e-03
-1.451787e-02
-1.973445e-02
8.228936e-03
-8.713176e-03
-6.683215e-03
8.773983e-03
3.719731e-02
8.076699e-03
-3.495446e-02
4.987415e-02
5.135201e-02
7.561608e-02
-1.816914e-02
-3.871404e-03
3.435938e-02
6.303866e-02
-4.726920e-02
5.543269e-02
1.993781e-02
-3.768060e-02
-6.973199e-02
-1.310223e-01
4.623581e-01
-2.395535e-01
2.824482e-03
1.360091e-04
4.623730e-02
-3.723354e-02
1.500673e-03
2.164073e-02
-4.034606e-02
1.462564e-02
2.035091e-03
-1.315654e-02
-5.581071e-02
5.982236e-02
-4.487148e-03
-2.843555e-02
6.044906e-02
-2.518540e-03
-1.243721e-02
5.868905e-02
-8.965837e-03
-4.983762e-05
-5.204391e-03
-1.450964e-02
-2.293279e-02
-2.929956e-02
7.693565e-03
-1.739514e-03
-3.020312e-03
-1.621204e-02
-5.446940e-03
-7.422744e-02
-1.734578e-02
-7.338020e-02
5.051911e-02
6.965875e-02
2.823054e-02
-1.234185e-02
-3.316485e-02
-1.928480e-02
-3.454382e-02
-3.492146e-02
-2.719892e-02
-2.924360e-02
1.624634e-02
3.492821e-02
2.294757e-02
3.029360e-03
3.353361e-02
6.500897e-02
-2.784754e-02
-1.102558e-02
1.965094e-02
7.957886e-03
-1.008859e-02
2.076882e-02
1.245564e-02
2.243085e-02
-2.339995e-03
-2.248662e-02
4.107009e-02
4.666486e-02
-7.888825e-03
4.819736e-02
7.203336e-02
-9.561385e-02
-3.373054e-02
5.822637e-02
-3.066934e-02
-1.720370e-03
-1.622959e-02
-5.610581e-02
2.583680e-03
-7.261798e-02
7.454439e-02
1.907502e-03
-4.321451e-02
5.097207e-02
2.251230e-02
-6.747541e-03
6.411655e-02
7.235131e-02
4.004568e-02
7.379664e-02
2.518526e-01
1.279178e-01
-2.323993e-02
-9.836539e-02
-1.096687e-01
-1.016676e-01
-1.254440e-01
-1.417283e-01
1.015449e-01
1.627011e-02
4.735972e-02
1.515164e-01
2.253852e-01
2.162709e-01
-3.372712e-02
-1.506341e-01
-1.461942e-01
7.927118e-03
-3.501400e-02
-9.655515e-03
-5.190254e-03
-4.709978e-02
-9.051914e-03
-6.971066e-02
-7.667948e-02
-6.506050e-02
-3.076376e-02
3.366634e-02
6.370419e-02
1.302568e-02
-1.078913e-01
-1.351120e-01
5.160557e-02
7.226099e-02
1.360857e-02
-4.815656e-03
5.452384e-03
-1.024037e-02
-3.722458e-03
7.557693e-03
-6.179092e-03
-9.968496e-03
-8.129890e-03
-1.368621e-02
2.297769e-02
7.632942e-02
3.329058e-02
-3.912633e-02
-4.941161e-02
-6.556447e-02
-7.391591e-02
-5.505365e-02
-1.009807e-01
-2.931429e-02
-3.323220e-02
-3.105943e-02
-2.539686e-02
9.685025e-02
-9.713938e-03
-1.010465e-02
3.925766e-02
-8.436053e-02
-7.426825e-03
2.065344e-02
-4.996938e-03
-7.928490e-03
-1.342260e-02
-4.306855e-02
3.695166e-02
1.741427e-02
-1.245612e-02
-4.311971e-02
5.950749e-02
1.837002e-02
-2.186528e-02
9.093510e-02
-1.422800e-02
8.083947e-03
1.166342e-01
-6.012391e-02
-2.094701e-02
2.857882e-03
2.310024e-02
-4.188935e-02
-1.974959e-02
-2.545413e-02
-1.818409e-02
-1.054525e-02
6.371056e-03
-4.843783e-02
3.474736e-02
3.653243e-02
-1.001707e-01
-5.356324e-02
-3.842507e-02
6.783012e-02
-3.540321e-02
5.885286e-02
-5.902277e-04
7.478149e-04
1.483504e-02
1.050732e-02
1.049625e-02
2.887863e-02
1.930484e-02
1.331814e-02
2.198633e-02
2.141732e-02
-1.861784e-02
1.944835e-02
1.619541e-02
2.654925e-02
-5.660712e-04
-5.197771e-02
1.581027e-02
2.617323e-02
-5.414351e-02
-1.863700e-02
2.442678e-02
-3.505386e-02
4.051916e-02
4.079990e-02
-1.234422e-02
6.665944e-02
3.055423e-02
8.373943e-02
-1.027469e-01
4.662744e-02
1.155083e-01
-9.844068e-02
-5.354903e-02
-1.051274e-02
5.056725e-02
5.898806e-02
-5.630324e-02
-9.170119e-02
2.636747e-02
-5.345462e-02
-7.884423e-02
2.604060e-02
-2.563867e-02
6.358378e-02
2.989451e-02
-1.576145e-01
-1.841573e-01
-4.302397e-02
-2.243327e-01
-3.653160e-01
-4.829560e-02
-4.618897e-03
-3.038293e-01
-1.978350e-02
1.412228e-01
-1.382978e-01
4.796674e-02
-7.611387e-02
-1.103126e-01
-7.705376e-02
1.830927e-02
-2.540413e-01
-6.816791e-02
1.473937e-02
3.661938e-02
3.783344e-02
-8.208989e-02
-4.421045e-02
-7.071251e-02
-7.611736e-02
-3.368210e-02
-8.399680e-02
-6.073781e-02
5.454159e-02
-4.166172e-02
-7.247670e-02
-1.175588e-01
-8.106673e-02
-7.653973e-02
-1.099595e-01
3.350338e-02
2.098023e-02
2.342362e-02
1.330326e-02
1.807776e-02
6.541134e-03
1.160399e-02
1.139471e-02
-2.135663e-02
-1.826953e-03
-6.448434e-02
3.434521e-03
-4.109411e-03
-2.408201e-02
-2.834331e-02
4.842534e-02
-8.363028e-02
-2.209642e-01
-6.694750e-02
1.186511e-02
7.480926e-02
-1.111293e-01
-4.363082e-02
5.683553e-02
-1.043366e-02
-6.044928e-02
-1.360346e-02
-2.004403e-02
-7.876104e-03
2.680599e-02
5.281022e-02
-4.304637e-02
-8.859209e-03
-2.023511e-02
-7.661338e-02
-7.667521e-02
-8.074971e-02
-4.808640e-02
-2.486238e-02
-1.572080e-03
-7.513307e-02
-5.600008e-02
-7.590969e-03
-7.833544e-02
-5.461712e-02
-2.109094e-02
-4.041489e-04
-1.801943e-02
-1.952888e-02
-3.433576e-02
-4.821606e-02
-5.249189e-02
1.133240e-02
-3.061892e-03
-7.454328e-03
1.230398e-02
-3.667861e-02
5.966171e-02
-8.616345e-02
-3.619671e-03
1.067228e-01
-1.000120e-01
-1.582245e-02
9.371122e-02
1.896624e-03
1.723724e-02
7.299904e-03
3.535313e-02
4.367797e-02
3.069134e-02
3.298886e-02
4.197710e-02
2.880908e-02
-4.946467e-03
6.742096e-03
-1.845318e-02
5.414691e-03
1.117853e-02
-7.369109e-03
6.560855e-03
1.502370e-02
2.773561e-03
1.826082e-02
-2.475170e-04
-3.637670e-02
3.304132e-02
-2.025307e-02
-7.210026e-02
1.866115e-02
-1.739416e-02
-5.850055e-02
3.206220e-02
-8.548922e-03
-2.054555e-02
7.016730e-02
-3.843751e-02
-3.686833e-02
4.218446e-02
-4.209400e-02
-4.275542e-02
-3.867397e-02
-2.004392e-02
2.203260e-02
-6.650959e-02
-2.173101e-02
-1.021980e-02
-4.416889e-02
-3.549593e-02
-8.317661e-03
8.580651e-02
1.059670e-01
5.574650e-02
4.275269e-02
2.607179e-02
2.999267e-02
-4.239151e-02
-1.113723e-02
-1.001614e-01
1.013726e-01
5.335287e-02
9.418354e-02
4.244092e-02
1.551883e-02
-3.846127e-02
-3.564738e-02
-4.162271e-02
-5.491251e-02
-1.124882e-01
-1.120732e-01
-1.151563e-01
-1.799825e-02
-2.233890e-02
-2.409283e-02
-6.031409e-02
-8.300824e-02
-8.573671e-02
-3.313917e-02
-2.911846e-02
-3.540069e-02
1.174805e-02
3.994138e-02
4.124998e-02
-1.717336e-02
3.133414e-02
3.361138e-02
4.986129e-03
5.656442e-03
1.844067e-02
1.029026e-02
1.463517e-02
1.852938e-02
7.590209e-03
7.613873e-03
1.017196e-02
6.247423e-02
8.426441e-02
8.375260e-02
-3.717758e-03
3.303551e-02
1.588503e-02
-1.748689e-02
9.856286e-03
-4.810635e-02
6.860811e-02
-3.008581e-02
-1.874748e-03
6.939867e-02
-4.213184e-02
-9.726373e-02
1.884261e-02
-2.356813e-02
-4.743733e-03
2.660494e-02
1.562965e-02
-6.716751e-03
4.761550e-02
4.631779e-02
2.004053e-02
3.033790e-02
2.736232e-02
9.583548e-03
1.566310e-02
1.221525e-01
-1.952438e-02
1.868326e-02
1.150375e-01
-1.291655e-02
-4.384360e-03
1.356683e-01
-2.371411e-02
-5.799061e-02
-1.846095e-02
-1.633639e-03
-5.518115e-02
8.392017e-03
4.010921e-02
-4.896421e-02
-7.682031e-04
1.047127e-02
8.043586e-02
-4.057027e-02
3.952752e-02
-9.168927e-02
-2.976418e-01
-4.024309e-02
-6.866454e-02
-3.526090e-02
4.655343e-02
2.241540e-03
-1.201975e-02
-3.847913e-02
6.178166e-03
-1.642273e-02
-4.162546e-02
3.262659e-02
1.507989e-02
-1.084046e-02
6.198643e-02
1.721489e-03
-2.191032e-02
1.052959e-02
-1.157679e-02
-5.955792e-04
7.905002e-03
-1.057673e-02
-4.486679e-03
-1.313379e-01
-1.627666e-01
-4.729096e-03
-1.262597e-01
-1.402372e-01
1.566327e-02
-1.397036e-01
-1.084869e-01
4.716213e-02
-1.879032e-02
-1.424564e-02
-3.019056e-02
8.621804e-02
1.878593e-01
2.012843e-01
4.246745e-02
-4.376091e-02
-5.482206e-02
-2.862702e-02
9.481568e-03
-1.103023e-02
2.214806e-02
-5.440083e-03
-5.316267e-03
-4.570513e-03
-5.404322e-02
-8.283037e-03
-6.399377e-02
5.198389e-02
6.803957e-02
9.238213e-02
-6.133157e-04
8.988813e-02
5.935184e-02
-1.368900e-02
-2.265576e-02
-1.405495e-02
-1.597685e-02
-4.627270e-02
3.080690e-03
3.953519e-03
1.535756e-01
1.045388e-01
4.132158e-02
-3.867250e-02
-1.952607e-02
2.162679e-02
-1.401897e-02
2.423485e-02
4.123417e-02
-2.949369e-02
-2.089913e-03
5.228340e-02
-1.199333e-02
-7.428817e-02
-2.379495e-02
1.206959e-02
-7.965912e-03
6.751408e-02
-5.392129e-02
-7.973087e-02
-6.118819e-02
6.186706e-03
-1.390408e-02
-1.909551e-02
-1.435446e-02
-1.674654e-02
-1.423595e-02
-4.450401e-03
3.997060e-03
1.224837e-03
2.861398e-03
6.453369e-02
2.403104e-02
-1.558528e-02
1.964212e-02
4.362994e-03
3.739494e-02
-1.449047e-02
6.214053e-03
5.186956e-02
2.869433e-02
-1.152410e-01
-8.403148e-03
-2.774055e-02
-8.025533e-02
2.141864e-01
6.828855e-03
9.777502e-02
-3.157549e-02
-3.603917e-02
-2.255246e-02
1.965782e-02
-1.727353e-02
-5.333579e-03
4.445744e-02
-1.402573e-02
-1.626154e-02
-1.347015e-02
-8.756917e-02
-4.230118e-02
-1.975852e-02
-8.158468e-02
-4.085318e-02
-9.954278e-03
-6.846599e-02
-2.217317e-02
7.308333e-03
-3.869953e-02
-8.608033e-02
-5.780826e-02
-2.826973e-02
-6.658311e-02
-3.597105e-02
2.354316e-02
-2.839654e-02
-3.929111e-03
1.589121e-02
2.088807e-02
-3.540516e-02
-1.610645e-02
4.138107e-02
-3.115347e-02
2.986694e-02
3.237061e-02
1.194398e-02
-8.031320e-02
-9.052590e-02
-7.862404e-02
-7.069284e-02
-6.735306e-02
-6.437223e-02
-6.605911e-02
-6.492452e-02
-6.562823e-02
-4.003175e-02
-4.927927e-02
-1.412645e-02
-8.835957e-04
3.109120e-02
7.448532e-02
-2.509435e-02
5.017216e-02
1.051884e-01
9.161660e-03
-5.265472e-02
-1.007547e-01
1.539076e-02
-4.935698e-02
-8.675694e-02
3.472059e-02
-2.680101e-02
-6.163273e-02
-1.376129e-02
1.633385e-02
-3.128592e-02
-3.641822e-02
1.564773e-02
-1.650600e-02
3.492129e-02
2.101185e-02
8.750054e-04
-1.958162e-03
1.973313e-02
-1.596157e-02
-2.324600e-02
-2.316904e-02
-3.389420e-02
-4.980908e-02
-5.589577e-02
-5.285892e-02
-4.548969e-03
-5.580470e-03
-1.138582e-02
-3.648962e-02
3.228761e-02
5.735580e-02
4.650577e-02
6.049553e-02
5.978240e-02
1.750585e-02
-1.269026e-02
-2.636592e-02
3.708854e-02
2.451817e-02
-2.266583e-02
9.892778e-04
2.171658e-02
4.654683e-02
-6.049883e-02
-4.148554e-02
-4.219775e-02
-7.436027e-02
-6.050602e-02
-6.186735e-02
-5.980892e-02
-3.800337e-02
-3.217134e-02
2.782461e-03
3.762546e-02
8.928096e-03
-7.317109e-02
-3.726054e-02
3.196580e-02
-8.890035e-02
-4.192090e-02
-1.921478e-03
2.040195e-03
2.157029e-02
2.584350e-02
1.013248e-02
2.998714e-02
2.677325e-02
6.945399e-03
8.461275e-03
1.919830e-03
3.258839e-02
1.478419e-01
1.355464e-01
2.312293e-02
6.491449e-02
5.805885e-02
-2.844113e-03
-9.123739e-02
-1.074879e-01
-3.258441e-02
-1.629430e-02
1.896821e-02
-4.717843e-02
1.532666e-02
-5.074980e-03
-1.307349e-02
-4.155610e-02
-3.998507e-02
1.693693e-02
-1.219899e-02
-1.152679e-03
-5.999842e-03
-3.703587e-02
-2.721206e-02
2.362869e-03
-1.585688e-02
-1.353727e-02
-9.737914e-03
-3.505478e-02
5.967060e-02
-5.167026e-03
-6.150889e-02
5.944739e-02
-2.097479e-02
-4.582108e-02
4.699377e-02
-8.773845e-02
-5.085125e-02
-1.038172e-01
-4.603302e-02
-3.650800e-02
-3.992534e-02
-4.903794e-02
-1.414650e-02
-2.560990e-02
2.624370e-02
-6.948790e-03
5.840726e-02
1.010276e-01
-1.136751e-01
-5.359847e-02
-8.943859e-02
-9.166026e-04
1.463394e-01
-5.800335e-02
-4.006256e-02
-2.287278e-02
-3.709511e-02
-3.580561e-02
-4.970988e-02
-1.117806e-02
6.632824e-03
-3.547288e-02
2.129377e-02
5.384966e-02
4.117582e-02
-5.859167e-02
-1.029330e-01
-2.072249e-02
3.450156e-02
-3.682099e-02
-5.910658e-02
2.243925e-02
-8.812645e-02
5.470711e-02
4.142145e-02
-8.470032e-02
4.434571e-02
1.225486e-02
-1.029774e-01
-3.930105e-02
6.532952e-03
7.606032e-02
-3.872378e-02
-8.112328e-02
7.111207e-02
8.835016e-03
9.442326e-02
-3.119493e-02
-5.204869e-02
7.278103e-02
2.534956e-02
4.005622e-03
5.669941e-02
3.028103e-02
-6.913956e-02
6.045729e-02
-1.785925e-02
-6.022024e-03
-1.577412e-01
-1.967507e-01
-6.511127e-02
9.363155e-02
2.955560e-01
-2.971730e-02
1.853707e-02
1.724405e-01
8.394841e-02
-8.639827e-03
7.583333e-02
6.271257e-02
-9.054652e-02
-2.971421e-01
-7.207680e-02
-1.164190e-01
3.725718e-01
-1.281420e-01
-8.275714e-02
-1.008923e-01
-4.246540e-02
-1.522910e-01
-1.767382e-01
-1.081888e-01
4.407295e-02
3.289738e-02
7.868526e-02
-2.220786e-02
-2.342052e-01
-1.008863e-01
-2.981391e-02
2.556790e-01
-8.094998e-03
-6.335511e-02
-9.262223e-02
-6.005148e-02
1.999018e-02
1.744153e-02
6.272761e-03
4.940140e-03
2.300451e-04
-1.016022e-02
2.599876e-02
4.339723e-03
-5.141783e-03
-7.436526e-02
-3.908151e-02
-3.748184e-02
9.748986e-02
2.020745e-01
-1.688090e-02
3.473914e-02
1.199415e-01
2.762700e-02
-4.203186e-02
1.054843e-01
-2.212453e-01
1.065016e-01
-2.849700e-01
1.132221e-01
-3.461295e-02
1.024898e-01
-9.082266e-02
-2.121245e-02
-3.000524e-02
-9.983459e-03
2.978134e-02
-5.229726e-02
-1.448290e-02
8.153943e-02
4.328011e-02
4.717023e-02
-4.428481e-04
2.035797e-02
2.161351e-02
-2.648520e-02
1.170293e-02
-1.622675e-03
-1.611648e-02
2.176153e-02
6.157078e-03
4.353962e-02
1.772706e-02
3.649500e-02
1.951237e-02
-1.211840e-02
6.179369e-03
1.229001e-03
-2.874646e-02
-8.041023e-03
-1.796347e-02
1.779310e-02
1.320730e-03
-3.363859e-02
-5.181634e-03
-3.994884e-02
4.445543e-02
6.463719e-03
-2.771335e-02
9.321918e-03
3.486522e-03
-1.957475e-03
6.595878e-03
2.087869e-03
1.088226e-03
8.295077e-03
5.164770e-03
7.546042e-03
7.900986e-03
2.343574e-02
2.507360e-02
3.231088e-03
9.647658e-03
1.154167e-02
9.165896e-03
1.799840e-02
1.706708e-02
5.098917e-02
1.139634e-02
-8.786081e-03
3.587349e-02
2.062077e-02
-2.334924e-02
3.281693e-02
8.362714e-03
-2.917174e-02
-2.805835e-03
1.361857e-02
1.060601e-02
-7.086280e-03
3.509752e-02
1.891444e-02
6.975852e-03
6.735191e-02
1.425596e-02
3.525302e-03
8.007642e-03
-1.202548e-03
-7.816187e-03
1.055682e-02
7.684849e-03
-1.000745e-02
2.966849e-02
1.184060e-02
-6.796081e-03
-1.900655e-02
-4.764458e-02
-4.282707e-02
-7.784010e-02
-2.598111e-02
-9.056288e-02
-7.651831e-02
-4.641465e-02
4.025314e-02
6.751794e-02
-1.806474e-02
1.939298e-02
-6.139395e-03
6.579190e-03
2.122497e-02
-3.586266e-02
-5.561132e-03
-3.874611e-03
-7.175133e-03
2.553541e-04
2.286541e-02
3.206024e-02
2.473545e-02
-1.922461e-03
1.052424e-02
-4.417953e-03
-2.272283e-02
-1.610460e-02
-3.824459e-02
-1.278430e-02
-3.930872e-03
-6.732228e-03
-4.706341e-02
-1.661424e-02
-2.235044e-02
-8.430065e-04
8.548154e-04
3.109257e-03
-4.943815e-03
-4.367428e-03
-2.784559e-03
-3.004332e-03
-3.525804e-03
3.021150e-03
1.161344e-02
1.939602e-02
-4.792660e-02
4.196685e-03
-5.701642e-03
-4.644603e-02
-1.573884e-02
-1.814385e-02
-3.850434e-02
-9.364563e-03
2.939606e-02
1.415473e-02
-6.950643e-03
-3.902064e-02
-2.865455e-02
2.123024e-02
-1.473490e-02
-2.394913e-02
1.362893e-02
1.126850e-02
1.497298e-02
7.764586e-03
7.667589e-03
7.830563e-03
7.323499e-03
5.818307e-03
1.146373e-02
1.489237e-02
-1.016220e-02
-1.008655e-01
8.297257e-03
1.232726e-03
-9.757045e-02
8.567332e-04
3.825911e-02
-8.920367e-02
2.913597e-03
2.529689e-03
2.162255e-02
-3.620311e-02
-3.764911e-02
-3.619254e-02
-4.807209e-03
-3.846960e-04
2.460967e-02
-4.265706e-02
-5.159504e-03
1.219500e-02
6.414421e-02
1.465042e-01
2.813914e-02
1.291387e-01
-2.681437e-02
-1.164197e-01
5.030028e-02
1.086272e-02
-1.913233e-02
2.630109e-02
-1.504915e-02
-1.893145e-02
3.198592e-02
2.075178e-02
3.021674e-02
-1.852744e-02
-3.970249e-02
-3.160751e-02
-1.916433e-02
-3.491194e-02
-4.134893e-02
-5.606585e-03
2.180589e-03
9.036825e-03
1.873450e-02
1.330685e-01
9.607187e-03
5.214441e-03
1.034591e-01
3.845033e-03
-1.826120e-02
3.939001e-02
-3.337955e-02
7.895559e-02
2.452474e-02
9.741963e-02
3.565268e-02
-7.854452e-02
-6.639903e-02
-6.790626e-02
1.518478e-01
3.513982e-02
9.567004e-02
3.312861e-02
3.501066e-02
4.129534e-02
3.727036e-02
1.355799e-01
-6.445986e-02
6.231659e-02
8.014850e-02
5.720474e-02
8.917773e-03
-5.118002e-02
-6.174312e-03
-1.544624e-01
7.002664e-03
2.130825e-03
1.122572e-02
1.499912e-01
3.000718e-02
5.923977e-02
1.151016e-02
1.092964e-01
8.575691e-02
-1.561290e-01
4.956085e-02
-2.419304e-01
9.107506e-02
1.076400e-02
-3.666574e-03
-7.273448e-02
3.301750e-03
2.256124e-02
-3.479259e-02
-7.047454e-02
-5.088456e-02
-8.489954e-02
-2.130051e-02
-5.047838e-02
-7.622334e-02
-4.313052e-02
-2.601836e-01
4.967118e-02
-1.143964e-02
1.324667e-01
1.087260e-01
1.035815e-02
3.885835e-03
-1.074970e-02
-6.334664e-03
-9.205298e-03
-8.824849e-03
-2.534597e-02
-1.235333e-02
-1.880716e-02
2.467084e-03
-1.726734e-02
3.013741e-02
3.214434e-02
-4.460119e-02
-7.381005e-03
-1.830772e-02
-6.244159e-02
-1.547976e-02
-1.224308e-01
6.193464e-02
1.364108e-01
1.632930e-02
2.430144e-01
-2.196027e-01
2.264656e-02
-2.004130e-01
9.783448e-02
1.993625e-02
1.020117e-02
3.789461e-03
2.781216e-02
9.673001e-04
-5.212510e-02
8.670554e-03
1.295493e-02
-3.106464e-03
-2.092426e-02
-1.746298e-02
9.007251e-02
-2.555396e-02
-1.126225e-02
9.970792e-02
-2.703090e-02
7.075160e-04
1.298225e-01
-2.793254e-02
-3.101436e-02
-4.624392e-02
1.560328e-02
1.419915e-03
-3.703815e-03
3.680720e-03
-3.371750e-03
8.173055e-04
-9.902975e-02
-1.511221e-01
-7.323466e-02
1.177605e-01
-1.411248e-02
-1.030924e-01
4.353363e-02
2.568926e-02
1.697567e-02
8.112177e-04
2.349558e-02
1.336217e-02
1.278957e-02
3.278153e-02
7.186987e-03
2.809437e-03
3.097968e-02
-3.268468e-04
-5.873245e-02
-2.935787e-02
-2.208959e-02
-8.125122e-02
-9.037500e-02
-2.621833e-02
-4.883093e-02
-4.627340e-02
-1.310657e-02
-2.550675e-02
3.080676e-02
1.451183e-02
-9.187989e-03
3.705142e-02
7.095309e-03
-2.463871e-04
2.320859e-02
-3.746270e-02
-9.085792e-02
9.287998e-02
-2.863685e-02
-2.302124e-01
1.767096e-02
5.024108e-02
-7.649690e-02
-4.009237e-02
1.923318e-02
4.297603e-02
7.328169e-02
1.608088e-02
2.527294e-02
6.041682e-02
-2.120388e-02
-1.831312e-02
1.123472e-02
-1.960638e-03
3.252331e-02
-4.488872e-02
1.631304e-02
2.582255e-02
4.811808e-02
-1.677558e-02
-1.853160e-02
3.658555e-02
6.311987e-02
-6.852408e-02
-3.778898e-02
-7.202130e-02
7.590492e-02
-2.915366e-02
-2.356159e-02
-1.223136e-02
4.817722e-02
-2.841472e-02
-1.176381e-02
-6.967401e-03
4.377390e-02
-3.955985e-03
2.551808e-02
8.493257e-02
1.680079e-02
3.588549e-02
1.169360e-01
1.121351e-01
-3.321141e-03
-7.044657e-02
-3.073144e-02
3.052681e-02
-4.473727e-03
1.219180e-02
-3.773893e-03
5.584730e-03
-1.305357e-02
-1.094657e-02
-3.679701e-03
-1.038613e-02
-4.363568e-03
2.665657e-04
-5.956574e-04
3.149843e-04
-7.522976e-03
7.619711e-02
5.130037e-02
1.908911e-03
6.458461e-02
3.327096e-02
-4.452038e-02
4.790401e-02
-2.644837e-03
-1.522220e-02
-1.743091e-02
2.719899e-02
-2.993211e-02
8.942667e-02
-1.000593e-01
5.409162e-02
-4.746296e-02
1.402883e-02
-7.590335e-02
-1.952588e-02
-1.736384e-02
-7.807464e-03
1.121167e-02
-1.628215e-02
-2.704754e-03
4.222827e-02
2.983890e-02
2.153003e-02
-6.551600e-02
-7.038651e-02
4.775711e-02
-8.229565e-02
-8.800639e-02
4.261148e-02
-5.915793e-02
-7.759618e-02
4.377030e-02
-3.676978e-02
-6.016610e-02
-5.305661e-02
-5.622155e-03
-2.476020e-02
-2.809429e-02
-7.021091e-03
-2.476085e-02
-2.339473e-02
6.680883e-02
4.413426e-02
-5.210076e-02
6.415906e-02
3.212620e-02
4.538529e-02
3.023722e-02
7.154495e-02
5.605048e-02
3.199409e-02
2.540880e-02
3.642729e-02
2.050207e-02
1.788564e-02
1.794761e-02
4.242566e-02
4.561712e-02
4.629672e-02
2.489052e-02
1.879553e-02
-2.288051e-02
5.306983e-02
9.356276e-02
4.916617e-02
-8.678933e-03
7.589228e-02
7.322596e-02
4.986719e-02
-3.125029e-02
-8.519614e-02
4.421706e-02
-2.897975e-02
-1.431558e-01
2.852122e-02
-4.587543e-02
-1.464182e-01
-6.553698e-02
-1.061657e-02
3.319330e-02
-1.671113e-02
5.267800e-02
5.482562e-02
-4.282469e-02
7.820506e-03
3.795965e-02
1.049710e-02
-1.113219e-03
-5.515827e-02
-2.985839e-02
-5.211342e-02
-8.407827e-02
-5.161379e-02
-8.867789e-02
-6.631628e-02
-3.329138e-02
3.208414e-03
4.512897e-02
8.823486e-03
3.930732e-02
6.947949e-02
4.749226e-03
8.199842e-02
5.452196e-02
4.353930e-03
-3.696717e-02
1.304989e-03
-5.793086e-02
-9.980618e-03
-3.355828e-02
-4.119747e-02
6.049561e-02
-5.648301e-03
-3.806743e-02
-4.551877e-02
-1.334753e-02
-9.281912e-02
-7.909294e-02
-5.456162e-02
-2.334976e-02
-4.006833e-02
1.507368e-02
-5.810593e-03
8.272355e-02
1.351255e-01
-1.408811e-01
-2.030321e-02
1.459529e-01
-1.284328e-01
-3.626018e-02
1.065137e-01
6.871512e-03
2.473363e-02
3.241090e-02
8.475588e-04
1.492379e-02
1.776184e-02
-2.047259e-03
-4.725496e-03
-5.893792e-03
7.652356e-02
1.803559e-01
2.097046e-01
7.071299e-03
2.489020e-02
4.687458e-02
-9.778686e-02
-1.794581e-01
-1.415077e-01
-9.601322e-02
-1.606262e-02
5.945057e-03
-7.169661e-02
3.911875e-03
4.941902e-02
-1.417462e-02
-3.000194e-03
3.111417e-02
4.003474e-02
5.395451e-02
1.801907e-02
4.163736e-02
6.669848e-02
3.703990e-02
1.601112e-02
4.228549e-02
1.602335e-02
2.709052e-02
-1.007920e-01
1.012620e-01
3.919044e-03
-1.054049e-01
1.117231e-01
-1.914975e-02
-8.232550e-02
9.890290e-02
-7.102829e-02
-2.668315e-02
-7.344238e-02
-2.491290e-02
-8.896632e-03
-2.391085e-02
-5.737019e-02
-3.486454e-02
-5.068827e-02
6.027469e-02
-1.745311e-01
-2.736220e-02
4.167127e-01
-1.511201e-03
-1.591131e-01
1.182943e-01
3.284873e-02
-1.136096e-01
-1.587096e-02
-1.867124e-02
1.992095e-02
9.126974e-03
-7.997758e-04
1.667459e-02
4.269045e-03
2.039628e-03
-1.379935e-02
-2.376396e-02
4.787266e-03
4.180931e-02
-3.141677e-02
-7.460687e-02
-1.895914e-02
5.639313e-02
-1.541183e-02
1.599806e-02
1.312680e-02
-1.189047e-01
-5.870306e-02
-9.365312e-03
-5.101776e-02
-8.774375e-03
-7.853672e-02
-9.263081e-02
2.996493e-03
-1.025209e-01
2.229279e-01
-6.214553e-02
-2.566677e-01
3.374240e-01
1.412997e-01
1.924867e-03
7.755813e-02
3.064426e-02
-3.513903e-02
-3.627070e-02
-4.428076e-02
-1.010717e-02
3.087808e-02
3.628585e-02
-6.989142e-02
-2.972227e-02
3.443146e-02
-2.468149e-02
-7.033133e-02
1.280055e-01
-6.639989e-02
-1.780320e-02
-5.714541e-02
2.789498e-02
1.034863e-01
4.029679e-02
-1.982296e-03
9.277106e-02
1.243822e-02
1.548145e-02
-8.469350e-02
-7.579540e-02
-1.009819e-01
1.409161e-01
-7.172308e-02
6.907494e-02
-3.836467e-03
9.898894e-02
-2.756450e-02
-7.915292e-02
3.207427e-02
4.866030e-02
-9.873532e-03
6.779437e-02
1.451317e-01
-1.130229e-02
-1.507154e-02
5.418229e-02
7.662497e-02
-1.315538e-01
7.879771e-03
-7.411542e-02
-1.527419e-01
-1.763739e-02
-4.187730e-02
-2.229042e-02
-1.609800e-02
-3.277874e-02
-2.251309e-02
4.453624e-03
-3.157887e-02
-3.110043e-02
1.686873e-02
-4.182420e-02
-4.102724e-02
3.302202e-02
3.770240e-02
-1.469135e-01
6.919099e-02
3.775660e-02
-4.287967e-02
-1.818977e-02
4.040805e-02
-9.409931e-02
1.761631e-01
-3.711903e-01
2.035144e-01
-1.647358e-02
-5.639962e-02
6.331519e-02
-2.203735e-02
-7.483508e-02
1.793042e-03
-1.990469e-02
-1.059929e-01
-2.599521e-02
1.156147e-02
-4.126859e-02
1.806903e-04
1.145570e-01
-1.766336e-02
9.931290e-03
1.099149e-01
-2.168556e-02
3.610007e-03
1.109963e-01
-1.420677e-02
4.580505e-03
-1.537458e-02
1.555257e-02
-1.131958e-02
1.759552e-02
4.567915e-02
2.121349e-02
-1.519083e-02
1.244199e-02
-1.578959e-02
-1.049033e-02
-4.783596e-03
-1.063079e-02
-1.597348e-02
-1.498509e-02
3.364158e-03
-2.141988e-02
-6.672015e-03
1.225708e-02
-2.574840e-02
-1.756866e-02
-1.629961e-02
-1.393715e-02
-5.607591e-03
-4.723983e-03
-1.202986e-02
-4.713277e-03
-5.573382e-03
2.604696e-05
-2.857797e-03
-6.731731e-04
7.891915e-03
1.040953e-03
1.079559e-02
1.885734e-03
-2.290676e-03
4.595978e-03
-2.240380e-02
1.011593e-02
3.587439e-02
-2.179595e-02
1.572827e-02
3.845605e-02
-1.742514e-02
2.316626e-02
4.864538e-02
-3.797987e-02
-7.667489e-04
-2.036602e-03
-8.130289e-03
-7.116377e-03
-3.828440e-03
-3.735045e-04
7.721165e-03
6.752616e-03
2.132531e-02
1.658512e-02
2.174642e-03
1.028737e-02
1.492393e-02
-6.235204e-03
1.339005e-02
6.527489e-03
6.746268e-03
-3.519619e-02
-1.968746e-02
-2.706212e-02
2.055221e-02
-9.480079e-03
4.136965e-03
-1.136052e-02
-6.373340e-03
-9.183846e-03
8.153953e-04
1.047512e-02
8.188730e-03
3.056422e-03
2.914952e-03
-1.136550e-02
1.103126e-02
1.100236e-02
-1.777386e-02
7.588694e-02
3.205495e-02
3.987830e-02
4.013326e-03
-3.737615e-02
-2.540687e-02
4.278592e-02
-9.272133e-04
9.690372e-03
-3.263980e-03
-9.513433e-03
-1.328096e-02
1.760403e-02
2.157413e-03
-1.717112e-02
1.981702e-02
1.254965e-02
9.092754e-03
-3.568149e-03
-4.101477e-03
-1.885699e-03
1.642883e-03
1.093405e-03
4.743216e-03
-3.107098e-03
3.922211e-04
8.537414e-04
1.180627e-02
4.948191e-03
6.944277e-03
2.565257e-02
1.233758e-02
7.766915e-03
3.687590e-02
2.172997e-02
8.545238e-03
1.676548e-02
-2.716811e-02
1.473756e-02
-4.451840e-03
7.984562e-03
-1.798316e-03
1.809061e-02
-5.968802e-03
1.139984e-02
8.723522e-03
9.635667e-03
3.858065e-03
3.792398e-03
4.408236e-03
4.728079e-04
-1.238430e-04
-2.080310e-03
-3.210479e-03
-1.945401e-02
1.007308e-02
-4.581745e-02
-8.786146e-03
1.982757e-03
-1.866010e-02
-2.912513e-03
3.176004e-02
1.599401e-02
7.710739e-02
5.274469e-02
6.110561e-02
1.494460e-02
1.768636e-03
8.258571e-03
2.981116e-04
-9.273036e-03
-3.546552e-03
1.468457e-01
3.039977e-02
2.445717e-02
-9.455310e-02
-6.710693e-02
-2.838159e-02
-4.649251e-02
3.787895e-02
3.563054e-02
4.078796e-03
-7.918292e-03
-1.304930e-02
-2.755749e-02
-3.092696e-02
-2.858498e-02
-9.058973e-03
-7.165719e-03
-5.123167e-03
-4.188948e-02
-2.894538e-02
-2.120880e-02
-3.457528e-02
-2.854142e-02
-3.463991e-02
1.984527e-02
1.709696e-02
4.309564e-03
-3.892035e-02
2.517357e-02
-1.495795e-02
-2.994084e-02
2.303030e-03
-2.897238e-02
-1.808842e-02
2.027717e-02
-1.940723e-02
1.030964e-02
6.432405e-03
2.673274e-02
3.176058e-02
-9.154133e-02
-6.430162e-02
7.485269e-02
-2.786350e-02
-2.108717e-02
7.434227e-02
7.182082e-02
3.250510e-02
1.294274e-02
1.674154e-02
2.718828e-02
-6.131419e-02
-1.457990e-02
8.014826e-03
2.455848e-02
7.313183e-02
5.417421e-03
1.335171e-01
1.703805e-01
9.647765e-02
-1.373121e-01
-6.752893e-02
-1.069084e-01
-9.074277e-02
-6.140732e-02
-6.586014e-02
1.486442e-02
9.129404e-02
1.458893e-02
2.664582e-02
8.259299e-02
3.117973e-02
-6.169885e-02
2.309113e-03
-2.492812e-02
2.867583e-02
5.577097e-02
4.523341e-02
8.242834e-03
3.712546e-02
1.261296e-02
1.040742e-01
7.407395e-02
3.978167e-02
-1.825331e-02
-1.624099e-02
-1.849924e-02
-1.287628e-01
-1.000815e-01
-2.052713e-02
-9.848534e-03
2.297844e-03
1.085248e-02
3.976502e-03
1.796129e-02
1.814330e-02
1.859554e-02
2.098853e-02
2.062184e-02
7.518147e-02
6.973621e-02
-1.808316e-02
6.406705e-02
9.472965e-02
-2.589617e-02
-1.020238e-01
-6.775319e-02
-6.594108e-02
-3.516524e-02
-1.730203e-02
1.237638e-01
-4.442642e-02
3.342969e-02
2.623844e-02
1.982158e-02
1.046478e-02
-2.206689e-02
5.530698e-03
-2.950161e-02
-2.962193e-02
3.574979e-03
-1.772158e-02
-1.912121e-02
2.834484e-02
2.461261e-02
1.909376e-02
3.538276e-02
8.198963e-02
-3.932126e-02
5.005476e-02
9.847456e-02
-1.641469e-02
5.370628e-02
9.039333e-02
-2.300467e-02
4.099188e-02
6.513993e-02
6.952198e-02
5.754068e-02
7.728348e-02
6.719318e-02
4.457309e-02
7.662874e-02
6.459951e-02
-4.080155e-02
-9.171657e-02
-1.258149e-02
2.445915e-03
-4.728168e-02
-3.069558e-02
5.993702e-02
6.742666e-02
6.833453e-02
-3.073759e-02
-2.382380e-02
-3.178927e-03
-3.338576e-02
-3.316545e-02
-1.080497e-02
4.666557e-03
-5.733341e-03
5.419255e-03
9.369680e-03
3.014476e-02
5.950049e-03
-3.072958e-02
-1.128730e-03
2.000426e-02
-5.074303e-03
-2.565750e-03
1.191008e-02
-4.129671e-02
1.220513e-02
-1.540047e-02
-2.774197e-02
5.624910e-02
1.713986e-02
-2.009052e-02
8.052983e-02
1.815423e-02
4.387023e-02
4.484316e-02
-7.518242e-02
-2.186497e-02
1.326680e-01
-3.063554e-02
-9.013501e-02
-4.612534e-02
-1.282146e-02
6.387894e-03
2.207136e-02
-6.809207e-03
-1.117082e-02
1.386488e-03
-1.784948e-02
-1.187368e-02
-1.069689e-02
3.954564e-03
-5.175304e-02
-1.038973e-01
-4.111810e-02
3.172503e-02
-4.354547e-02
-4.323548e-02
-1.373918e-02
-5.591742e-02
-6.651296e-02
7.758445e-02
8.400899e-02
1.050533e-01
1.377263e-02
-4.096893e-02
7.757005e-03
2.493487e-02
-3.019808e-02
-1.072385e-01
7.230065e-02
8.642001e-02
7.585103e-02
5.386150e-02
5.949495e-02
8.205723e-02
2.140787e-02
3.259653e-02
1.425069e-02
-3.439794e-03
-6.578699e-02
-6.839430e-02
7.074414e-02
9.401544e-03
-4.421529e-02
2.420282e-02
5.919064e-02
8.844998e-02
-1.877948e-02
-1.012021e-02
9.831336e-03
-9.109212e-03
-8.466243e-03
6.289014e-03
8.458500e-03
-3.652745e-03
8.815097e-03
-2.119387e-03
-4.042618e-02
-5.709405e-02
8.314830e-02
5.855235e-02
1.374729e-02
5.277453e-02
-1.975651e-02
-3.129552e-02
-1.817935e-02
-3.106300e-02
1.954334e-02
-4.432458e-02
-3.606993e-02
1.308360e-01
5.073880e-02
-1.239684e-02
-2.615598e-02
-2.398468e-02
-4.088861e-02
-2.277625e-02
-9.275571e-03
-3.942334e-02
-3.145620e-02
-5.614767e-03
-2.287207e-02
-3.707172e-02
