-5.103387e-01
-2.412612e-01
4.567357e-01
-1.096753e+00
-3.908992e-01
7.082647e-01
-3.122277e-01
1.147349e+00
8.232474e-02
-1.119256e-01
-2.435254e-01
1.170945e-01
-1.971698e-02
-6.160510e-01
-3.154289e-02
-9.012967e-02
3.720131e-01
-1.370571e-01
-9.983305e-01
-1.925141e+00
-9.615067e-01
-1.522076e+00
-6.650807e-01
-1.874041e+00
-3.271308e-01
-8.396275e-01
-4.229656e-01
9.072742e-01
-8.172706e-01
-1.199575e-01
-1.138577e-01
-6.944496e-01
3.810700e-01
-8.109843e-01
-5.078057e-01
-7.070218e-01
-4.092070e-01
-3.969491e-01
-5.171413e-01
-5.188315e-02
-3.787058e-01
-2.515861e-01
2.393741e-02
-1.272200e-01
8.291385e-02
-6.356431e-01
6.758547e-01
-5.307149e-01
-4.767887e-01
-5.473120e-01
-8.937884e-01
-7.646277e-01
-9.818500e-01
-6.873971e-01
-6.740536e-01
-4.742675e-01
-7.348586e-01
3.147931e-04
-4.388474e-01
-1.948648e+00
4.726392e-01
-7.101948e-01
-2.391284e-01
-6.933904e-01
