2.812013e-01
1.950238e-01
2.110670e-01
2.866764e-01
2.735501e-01
2.760098e-01
2.717037e-01
3.152887e-01
2.269759e-01
2.853168e-01
2.331434e-01
4.370025e-01
2.157286e-01
2.652929e-01
3.403355e-01
2.323226e-01
2.964745e-01
2.661987e-01
1.546905e-01
1.898306e-01
1.732811e-01
2.057675e-01
2.417733e-01
1.581083e-01
2.078660e-01
2.105100e-01
2.645841e-01
1.876876e-01
1.879263e-01
1.225612e-01
2.181489e-01
1.752082e-01
1.958914e-01
1.827738e-01
2.826911e-01
1.722606e-01
2.962977e-01
1.550815e-01
1.724896e-01
1.921976e-01
3.056245e-01
2.364301e-01
2.367583e-01
2.239434e-01
2.314964e-01
1.930611e-01
1.979125e-01
2.274161e-01
2.223039e-01
2.306585e-01
2.689406e-01
3.024781e-01
2.027661e-01
2.646782e-01
3.253322e-01
2.694033e-01
1.666812e-01
2.250516e-01
4.175378e-01
2.033637e-01
2.221896e-01
2.083241e-01
2.600677e-01
2.303754e-01
