-6.198603e-02
-4.307681e-02
-2.818516e-02
6.645988e-03
3.912785e-02
2.676943e-02
1.108344e-01
1.282107e-01
9.461082e-02
6.996568e-02
4.010720e-02
1.108497e-02
-7.353199e-02
-3.562974e-02
-1.299165e-02
-5.492602e-02
-6.391602e-02
-6.244991e-02
-4.929353e-02
-4.233662e-02
-8.521745e-02
7.721946e-02
8.124967e-02
-3.973046e-02
5.319379e-02
1.488721e-02
-7.097387e-02
7.879305e-03
2.901958e-02
-1.119627e-02
8.650175e-02
6.706683e-02
1.887363e-02
2.032884e-02
1.600617e-02
2.990966e-03
7.957399e-02
7.110547e-02
2.780869e-02
5.331162e-02
4.824485e-02
1.966935e-03
-5.965336e-02
-5.550852e-02
-2.830927e-02
2.981407e-02
-5.369947e-03
-1.044662e-02
2.380913e-02
1.303940e-02
-1.945889e-02
-2.418845e-02
2.200829e-02
3.686094e-02
1.784955e-02
2.695043e-02
4.853361e-02
-5.531840e-02
-2.783332e-02
3.254506e-02
-2.492261e-02
-3.534236e-03
3.050571e-02
7.896153e-04
-2.180223e-02
-3.659195e-02
-1.361433e-02
-2.163042e-02
-5.330892e-02
3.352213e-02
2.256551e-02
7.199620e-03
-1.007530e-02
-2.227628e-02
-8.466668e-03
-2.529849e-02
-2.229420e-02
6.399134e-03
-2.812447e-02
-8.206578e-03
1.048155e-02
-6.990740e-02
-1.916062e-02
-4.774847e-02
4.596297e-02
1.287539e-01
6.115086e-02
-1.096654e-02
3.756065e-02
-4.597791e-02
3.364674e-02
3.334654e-02
6.177741e-02
1.034040e-02
-1.830911e-03
1.580551e-02
-1.112954e-02
-1.217384e-02
-4.150388e-02
7.455651e-02
5.547376e-02
6.259690e-02
-5.010650e-03
-1.270440e-02
1.142279e-03
-4.513327e-02
-3.828212e-02
-3.260076e-02
1.858223e-02
-1.764601e-02
5.122426e-02
3.220604e-02
2.735306e-02
4.854247e-02
-5.300593e-02
-3.762641e-02
-2.495852e-02
-2.413272e-03
2.552072e-02
3.609549e-03
-8.406017e-03
1.620816e-02
1.449121e-02
-3.237353e-02
-2.121345e-02
1.666537e-02
4.477532e-02
1.736482e-02
-4.001334e-02
1.103282e-02
4.558883e-03
-2.585005e-02
4.975429e-02
2.244221e-02
4.242703e-02
-5.417986e-03
-1.121156e-02
-2.132222e-02
4.084587e-02
3.093326e-02
-3.929276e-03
3.126765e-02
2.603388e-02
-2.610121e-02
1.167501e-01
-3.148463e-02
-1.131421e-01
1.313015e-01
3.674288e-02
-8.608729e-02
4.393149e-02
4.282271e-02
-9.737793e-02
8.177772e-03
-7.909680e-03
-4.778411e-02
-4.780084e-02
-1.213507e-02
-1.901184e-02
-9.386768e-02
-2.293583e-02
-6.859794e-02
9.066937e-02
-2.557267e-02
-7.036669e-02
5.128574e-02
-5.731558e-02
-8.278955e-02
6.357304e-02
2.722556e-02
3.702116e-03
-2.310812e-02
5.839268e-03
-1.963240e-02
3.144046e-02
-2.397433e-02
-2.518778e-02
4.773403e-02
1.165520e-02
3.685571e-02
2.392763e-02
-1.549048e-02
-5.835578e-02
2.638125e-02
1.446607e-03
-5.427786e-02
2.098562e-02
3.418237e-02
-4.635090e-02
2.860559e-02
-3.496339e-02
3.476259e-02
1.950142e-04
-3.184944e-02
1.128880e-03
1.372127e-02
-4.233476e-02
-3.875667e-02
-9.415358e-02
-1.138388e-02
6.962880e-02
-1.131077e-01
-5.099734e-02
8.765523e-02
-3.112906e-02
-1.425457e-02
1.154976e-01
6.776176e-02
2.546763e-02
-3.761295e-02
6.619644e-02
-8.955151e-03
-1.160207e-01
-2.225114e-03
-1.320969e-02
-5.611448e-02
-1.321537e-02
-1.677882e-02
-1.669258e-02
-2.307237e-02
-3.721255e-02
-5.363120e-03
-3.937374e-02
-4.453838e-02
-2.020902e-02
4.211931e-02
6.411178e-02
-7.227644e-03
6.195462e-03
2.843125e-02
-6.815697e-02
1.135532e-02
2.847011e-02
-4.229437e-02
-2.206651e-02
2.098447e-02
3.484706e-02
-3.708444e-02
-1.136871e-02
2.769405e-02
4.550499e-03
-2.275424e-02
2.917650e-02
-4.979049e-02
2.629106e-02
6.083125e-02
-6.488129e-02
-1.423052e-02
3.689806e-02
-3.880011e-02
-3.357762e-02
5.802171e-03
-7.771935e-02
-2.281943e-02
4.505737e-02
-4.714806e-02
-3.865090e-02
4.338706e-02
-3.759721e-02
-1.154258e-01
4.417652e-02
-2.629013e-03
-5.883051e-02
-3.071390e-02
6.923974e-03
-4.746588e-02
-2.930262e-02
3.991054e-02
2.474730e-03
-9.027123e-04
7.149956e-02
4.531360e-02
-4.300063e-02
4.990284e-02
3.354299e-04
-6.723977e-02
6.171089e-02
4.105970e-02
-1.242882e-02
2.220706e-03
-1.544362e-02
-4.322927e-02
-3.097476e-03
-3.038613e-02
-1.331768e-02
-1.338396e-02
-4.743011e-02
9.029822e-03
-5.223274e-02
-1.699778e-02
-1.921455e-02
-4.357428e-02
-1.080281e-02
-4.473972e-03
-3.723456e-02
-1.760823e-02
-1.477145e-02
-1.364431e-01
8.490601e-02
-4.766469e-02
-5.531206e-02
5.941987e-02
3.683387e-02
-2.415625e-02
1.017928e-01
2.656562e-02
-1.869826e-02
-1.985587e-02
-5.693131e-02
4.447938e-02
6.463569e-02
2.082567e-02
-4.004179e-02
-2.180119e-03
-3.980393e-02
-3.400416e-02
-6.510936e-02
-3.890581e-02
-1.966436e-02
2.486886e-02
1.533974e-02
-4.412076e-02
7.602385e-02
-1.935092e-03
-7.027107e-03
3.728492e-02
-8.451441e-03
4.848917e-02
1.335792e-01
2.795104e-02
-7.395482e-03
4.122977e-02
-5.149829e-02
1.977232e-02
-2.830288e-03
-4.477705e-02
1.689449e-01
-2.028338e-02
-1.512525e-01
8.501823e-02
-8.402827e-02
-1.816701e-01
-1.804329e-02
-4.039695e-02
-2.994338e-02
-1.694405e-02
-4.690758e-02
1.329166e-03
1.029001e-02
-2.297089e-02
1.155627e-02
4.199383e-02
7.256301e-02
5.027850e-02
1.101995e-01
9.208687e-02
-3.099100e-02
7.543579e-02
6.673076e-02
-4.688471e-02
5.687309e-02
4.524473e-02
1.182606e-02
5.579632e-02
4.673564e-02
2.958934e-02
7.415155e-03
1.260292e-02
2.429844e-02
-5.874609e-02
-7.978972e-02
-1.145036e-01
-8.320734e-02
2.438310e-02
1.107391e-01
-1.385083e-01
3.714281e-02
9.691620e-02
6.398732e-02
-1.865734e-02
-5.556533e-02
6.258260e-02
-3.581125e-02
8.808353e-03
2.436195e-02
-2.666390e-02
-1.819515e-02
2.079631e-02
2.203844e-02
3.885155e-02
2.420030e-02
3.260460e-02
2.605519e-02
1.623259e-02
1.903859e-02
-2.303197e-02
-8.268596e-02
-1.121958e-01
-3.781633e-03
-5.644811e-02
-1.528817e-01
-6.689920e-02
-1.045391e-01
-1.625772e-01
-8.587447e-02
4.758744e-02
-5.301078e-03
-1.756705e-02
4.356729e-02
2.090878e-03
-2.213841e-02
1.967664e-02
-2.574749e-02
-2.373042e-02
-4.300843e-02
9.361190e-03
-5.974983e-02
-4.025190e-02
7.131352e-03
-7.175257e-02
-2.273822e-02
-2.023242e-02
-4.069352e-02
-7.304107e-02
4.616740e-02
3.188163e-02
-6.737112e-02
1.703249e-02
-2.766770e-03
-2.454031e-02
1.859559e-02
-2.895970e-02
5.808502e-02
-6.884345e-02
3.889845e-03
4.545997e-02
-5.016634e-02
-1.217048e-02
6.178003e-02
-7.509727e-02
-5.172142e-02
6.959628e-02
7.956926e-02
-3.735167e-02
7.090735e-02
1.328839e-02
3.071581e-03
-8.489138e-02
-8.773647e-02
-6.120531e-03
-2.043389e-01
-4.554861e-02
1.739229e-01
-1.902215e-01
3.899509e-02
2.476398e-01
-1.357872e-01
-8.031737e-02
2.201551e-02
7.569411e-03
-5.052801e-02
7.816312e-02
9.680203e-03
-5.959203e-02
7.439191e-04
3.008245e-02
-7.014535e-02
-3.127916e-02
1.005532e-01
-1.606521e-02
-1.067448e-02
1.291263e-01
-1.040937e-02
-6.859930e-02
1.040150e-01
7.055570e-03
-1.411565e-02
5.760207e-02
4.959429e-02
-1.014191e-01
9.464955e-02
-2.819093e-02
-9.657141e-02
6.087251e-02
5.280106e-02
-8.211380e-02
-2.161493e-02
-3.996235e-03
-6.303655e-02
4.422241e-02
4.162664e-02
-1.308635e-02
4.887438e-02
4.203578e-02
3.673709e-02
-2.332991e-03
-8.596508e-02
6.105881e-02
-2.646626e-02
-7.577576e-02
2.320680e-01
4.636029e-03
-7.813625e-02
1.708971e-01
4.072969e-02
-4.346488e-02
-8.204204e-02
4.978433e-02
-9.618671e-02
-6.716640e-02
5.348207e-02
-6.143479e-02
-3.548644e-02
-6.768593e-02
6.028360e-02
-3.000711e-02
-6.149296e-02
4.365771e-02
7.465736e-02
-1.480944e-01
-1.338313e-01
8.108614e-02
4.891140e-02
6.709196e-02
-9.026065e-03
-1.033773e-03
-1.596444e-02
3.745860e-02
9.236584e-04
-9.736845e-02
-2.333452e-02
1.317198e-02
-3.369761e-02
-4.888353e-02
1.377197e-02
-5.584861e-02
-9.535922e-02
5.117896e-03
1.620130e-02
5.688979e-03
-2.685446e-02
-1.685150e-02
-2.554670e-02
-1.499152e-02
2.980176e-02
1.665696e-01
2.858888e-03
-1.504421e-02
3.312416e-02
1.588458e-02
-1.141508e-02
2.922826e-02
2.348444e-02
-3.199097e-02
9.829641e-03
3.377224e-02
-5.320716e-02
-5.007242e-02
-7.548723e-02
-6.465455e-02
2.578448e-02
-1.421029e-01
-4.487697e-02
1.491155e-01
-1.374005e-01
-2.521116e-03
1.603929e-01
-1.547537e-01
-8.404026e-02
-5.253417e-02
-4.615220e-02
8.747582e-02
1.112934e-02
-1.929613e-02
1.302706e-01
-3.746730e-02
-2.157911e-02
-2.708974e-02
-2.274697e-02
-1.208761e-02
-6.035133e-02
9.805459e-04
-1.506221e-02
1.818703e-03
3.890878e-02
1.299996e-01
-5.254549e-02
-9.267202e-02
-7.390171e-02
-7.961231e-02
1.344954e-02
-2.975058e-02
6.321104e-03
7.843819e-02
4.132578e-02
1.103562e-01
-4.360232e-02
4.498406e-02
4.036379e-02
-5.053490e-02
-6.709878e-02
-9.807933e-02
-2.915708e-02
-2.143498e-02
1.009064e-01
-3.967738e-02
1.172337e-01
-3.645155e-02
-3.366289e-02
4.426433e-03
-3.480348e-02
3.260539e-02
7.262809e-02
4.382216e-02
-3.324390e-02
5.840398e-02
-5.073382e-02
-3.865872e-02
-8.764909e-03
-5.037180e-02
2.039827e-02
8.216958e-02
-6.725226e-02
-1.364242e-01
-5.766686e-02
-4.728609e-02
9.308577e-02
2.961526e-02
1.062677e-01
8.875384e-02
-5.652866e-03
-2.818458e-02
-5.536910e-03
-3.783555e-02
-1.782882e-02
4.562891e-02
-4.878994e-02
2.682586e-02
3.828035e-02
6.877396e-02
-1.392029e-01
6.979891e-02
-1.621618e-01
1.076289e-01
1.570382e-01
8.105412e-02
4.100740e-02
-6.618388e-02
3.827143e-02
9.499131e-02
-8.135411e-04
5.589368e-02
2.497511e-02
-1.826000e-02
5.548665e-02
-1.836997e-03
4.198526e-03
-1.975684e-01
1.091245e-01
-6.109254e-02
1.266469e-01
1.078576e-01
-1.937004e-01
-2.132827e-03
-1.554144e-01
-1.195614e-01
-3.914936e-02
-1.170777e-01
8.789457e-02
-7.077523e-02
9.261461e-02
5.806356e-02
1.760911e-02
-3.966256e-02
-3.857644e-02
2.605503e-02
-2.905885e-02
-3.437008e-02
-1.972307e-02
-7.395680e-02
-2.155726e-02
-8.779694e-03
-1.957921e-02
3.441232e-02
-9.583734e-02
-1.237329e-01
-4.964797e-03
-1.509479e-01
1.078456e-01
5.124388e-02
-2.290399e-02
6.094737e-02
-1.061540e-01
-6.983025e-03
-3.937218e-03
-2.607541e-02
8.330270e-03
-2.073143e-03
-2.260876e-02
5.504633e-03
-7.354840e-03
-1.659659e-02
1.185870e-02
-2.227334e-02
-3.472717e-02
7.476782e-03
-1.437122e-02
1.772526e-02
-5.004195e-03
1.924735e-02
6.664170e-02
8.927588e-05
-1.622049e-02
3.181050e-02
9.504856e-03
4.019119e-03
-2.775386e-03
1.717180e-03
-9.449213e-03
-2.095192e-03
-4.101061e-02
-3.853326e-02
-2.238920e-02
-3.007417e-02
-4.686976e-04
2.752686e-02
3.933155e-02
8.796611e-02
8.752672e-02
-2.249204e-02
-5.786606e-02
-6.536992e-02
-3.445566e-02
1.572638e-02
1.493137e-02
-2.930359e-02
3.865876e-02
4.157716e-02
-2.076414e-02
1.681385e-02
-6.618554e-03
-4.237287e-02
-1.259278e-02
-4.674922e-02
-8.943219e-03
1.471539e-03
-6.582267e-02
4.487801e-02
5.455507e-02
8.897899e-02
6.662465e-03
-4.511571e-02
-2.094823e-02
-1.567515e-03
-4.124953e-02
-5.300423e-02
-1.192396e-02
-2.280369e-02
-2.189588e-02
-1.486228e-02
-2.278087e-02
-3.954069e-02
1.428684e-02
4.291732e-02
1.720921e-02
1.515514e-02
-5.429046e-03
-2.832036e-02
-2.354584e-02
-2.726595e-02
-5.676660e-03
8.662711e-03
1.449459e-02
-1.841724e-03
6.746493e-02
7.630244e-02
3.182142e-02
1.465722e-03
-1.789956e-02
-4.894807e-02
-4.312256e-02
-4.851006e-02
-4.527212e-02
-1.263996e-02
-1.081796e-03
-5.780371e-02
-2.495372e-02
2.402055e-03
-3.981791e-04
-5.956349e-02
8.335873e-03
-1.433222e-02
1.045970e-02
4.270132e-03
4.822525e-03
7.991834e-03
-2.024580e-02
2.977006e-03
-6.811356e-03
-3.236142e-02
-1.666612e-02
2.508271e-02
-1.421024e-03
7.548925e-03
1.347052e-02
-5.745260e-03
-1.887748e-02
-1.496656e-02
6.975236e-03
7.861520e-03
5.932818e-03
1.212604e-05
-3.380893e-02
8.755259e-04
9.088102e-03
-2.750533e-02
-1.429129e-02
-1.928397e-03
-5.138763e-03
1.906797e-02
2.874372e-02
6.028657e-03
1.944249e-02
1.328509e-02
-7.264543e-03
3.802996e-03
6.021665e-03
-1.202049e-03
5.537677e-02
4.629384e-03
-3.176130e-02
1.436103e-02
-1.764501e-02
-2.161481e-02
2.994438e-02
-2.925698e-03
4.119692e-02
1.709611e-02
1.613380e-02
3.235182e-02
-2.112050e-03
-5.060710e-03
9.450042e-04
4.482426e-03
8.352218e-04
-5.011238e-03
3.151074e-03
-5.806485e-04
4.509018e-03
-2.159083e-02
-1.174936e-02
-2.015953e-02
-2.906241e-03
1.476874e-02
-2.617998e-03
1.727574e-02
5.298766e-03
1.125394e-02
-5.931871e-03
-3.559147e-03
-2.768530e-03
-2.888741e-03
-7.038906e-03
-2.192999e-02
-2.926229e-02
-6.294131e-02
3.832103e-02
2.395055e-02
7.148764e-03
3.233834e-02
1.964826e-02
-5.052362e-02
1.232848e-02
-1.737798e-01
3.091637e-01
-1.235497e-01
-1.677757e-01
8.396342e-02
-7.169244e-02
-9.145680e-02
1.843730e-02
9.410361e-03
-1.234427e-03
2.879590e-02
9.359741e-02
-3.814629e-02
-1.183078e-02
4.148686e-02
-1.192175e-02
-2.642237e-02
1.386476e-01
-7.901137e-02
1.018821e-01
-3.986958e-02
-9.936291e-02
2.860422e-01
-1.018051e-01
-1.142644e-01
7.168034e-02
4.840485e-02
2.644972e-02
7.328858e-02
2.612349e-02
2.368950e-02
1.046633e-01
5.466666e-04
-1.956177e-02
-1.951264e-02
-3.992534e-02
1.523383e-01
-3.828933e-02
-1.121381e-01
2.625683e-01
-7.428259e-02
-7.734308e-02
4.729574e-02
-5.575996e-02
1.006403e-02
3.206414e-02
2.532431e-02
-1.188434e-01
3.271527e-02
6.532820e-02
-1.649846e-02
-1.542009e-02
1.761412e-02
5.558354e-02
1.950044e-01
3.128328e-02
1.837745e-01
4.070393e-01
-2.670346e-01
3.381174e-01
1.942661e-01
-5.131485e-02
1.540872e-01
-1.930816e-02
3.734186e-03
-4.005799e-02
2.038789e-02
-8.086673e-04
2.768840e-02
-4.034349e-02
-4.907070e-02
4.218400e-02
-3.541888e-02
-3.961262e-02
-5.911585e-02
-1.073601e-01
2.060541e-01
6.032334e-02
-7.885725e-02
6.767135e-02
-1.010779e-02
4.910724e-02
-1.183099e-01
1.452101e-01
1.133768e-01
-2.714544e-01
2.820915e-01
8.876330e-02
-1.024037e-01
1.823459e-01
8.437706e-02
6.684308e-02
-1.114596e-01
8.180680e-02
5.287586e-02
-9.504806e-02
2.835117e-02
2.307843e-02
-6.680248e-02
-1.335556e-01
-3.099244e-01
-3.812872e-02
1.038253e-01
-3.081500e-01
2.090152e-01
-4.277455e-02
-3.214860e-01
-3.346923e-02
-1.270817e-02
-7.288373e-02
9.273340e-02
4.965833e-04
-6.195977e-02
6.859416e-02
-5.906950e-02
-7.637028e-02
1.322746e-02
-7.851645e-02
4.950316e-02
-8.822235e-02
-1.031886e-01
2.462923e-02
-4.377049e-02
-2.849119e-02
9.115010e-02
1.173007e-02
-6.344064e-02
-8.183710e-02
-7.335684e-02
1.192201e-02
-3.385371e-02
3.577712e-03
4.007448e-02
-1.469676e-04
-3.477042e-02
2.398845e-02
5.390879e-02
7.154581e-02
2.616060e-02
4.715890e-03
2.253681e-02
-2.500788e-02
-7.254975e-02
-2.531530e-02
2.132210e-02
3.893566e-03
1.508548e-02
7.854313e-02
5.027894e-02
1.258533e-01
-5.587221e-02
-1.142415e-01
9.399500e-02
5.982347e-02
1.547908e-02
-6.797875e-02
2.026478e-01
7.332366e-02
-1.702557e-01
1.195849e-01
-1.138418e-02
-2.115148e-01
-2.704033e-02
7.961415e-02
8.637916e-02
-2.003913e-02
-4.202218e-02
3.317542e-03
-7.060567e-02
-1.191750e-01
-4.160160e-02
-1.170262e-02
7.468170e-03
2.112325e-02
-2.032880e-02
-1.068404e-02
4.018811e-02
-7.315963e-02
-7.515769e-02
-3.417720e-02
1.917297e-02
-1.943857e-02
-1.132857e-02
-1.131420e-01
-3.385657e-02
1.407875e-02
4.211744e-02
1.425237e-01
6.702920e-02
1.418263e-03
2.594544e-02
-2.038300e-02
-6.328282e-02
-6.236579e-03
-2.112148e-02
2.906395e-02
5.855219e-02
1.438257e-02
-7.284659e-02
2.910867e-02
-1.134635e-01
2.968360e-02
1.380513e-01
-5.219103e-02
1.192911e-01
2.236976e-01
-6.959451e-02
5.503008e-03
4.525372e-02
3.956774e-02
-4.653994e-02
-3.577788e-02
-3.879936e-02
-2.679130e-02
-3.543328e-02
-6.170696e-02
2.376106e-02
-1.160274e-01
-1.324615e-01
5.937339e-02
-2.195670e-02
-1.277091e-01
-6.706806e-02
1.361217e-01
-2.306335e-03
1.338900e-01
-2.195473e-02
1.121648e-02
3.189593e-02
-1.071457e-01
-5.745851e-03
1.318302e-02
1.601796e-02
4.141011e-02
5.173901e-02
9.130088e-02
1.428592e-01
-1.752691e-01
-9.089403e-02
5.830920e-02
-1.557822e-01
-8.312810e-02
5.451971e-02
-1.827707e-01
-1.919741e-01
-7.942126e-02
5.818642e-02
2.181526e-02
-2.905197e-02
1.918783e-01
1.067611e-01
-1.990601e-02
1.648490e-02
1.075868e-02
-4.084831e-02
3.030441e-02
2.059483e-02
-5.636230e-02
2.875399e-02
4.253219e-02
-9.175692e-03
-7.307071e-02
-1.075661e-02
4.259199e-02
2.863521e-02
6.664649e-03
-1.018254e-01
1.455963e-01
4.401490e-02
-2.180611e-01
-2.093141e-01
7.256601e-02
3.974396e-02
-7.244956e-02
1.627691e-01
4.395110e-02
1.765704e-02
-1.575976e-02
-2.074207e-01
-3.879627e-02
2.186046e-02
3.918088e-02
-4.633428e-02
1.778414e-04
1.195495e-02
8.686289e-03
2.641145e-02
-6.798859e-04
-5.107168e-03
-1.901290e-02
1.725055e-02
4.007865e-02
-3.826678e-02
-8.627901e-03
-2.589018e-02
2.715563e-02
-2.988232e-02
-4.618834e-02
-9.274094e-02
9.486279e-04
2.220591e-02
-3.377186e-02
1.853334e-02
3.184272e-02
-1.296165e-02
-1.943278e-02
-7.155235e-02
-2.273263e-02
1.107212e-01
-5.392539e-02
1.473295e-02
4.859097e-02
-2.329874e-02
-1.016795e-02
1.188273e-03
-4.192043e-02
1.963889e-03
6.279007e-02
-7.563645e-02
-9.449615e-03
4.318538e-03
-1.160288e-04
3.033580e-02
-2.769363e-02
-2.426480e-03
9.940082e-02
-2.449369e-02
1.217842e-01
7.270624e-02
-1.769259e-02
8.991433e-02
-4.893017e-02
-1.273912e-02
1.948006e-02
3.039122e-02
-7.377671e-02
3.433414e-02
3.100628e-02
-3.432369e-02
2.237121e-02
3.057681e-03
-2.196666e-02
2.747098e-02
-1.003651e-02
1.376606e-02
1.984295e-01
-1.254350e-01
4.929793e-02
9.094449e-02
-5.961869e-02
6.013935e-02
-2.174544e-02
-2.829701e-02
2.566099e-02
-3.620078e-02
-5.832819e-02
5.299642e-02
-5.827775e-02
-2.928159e-02
6.312095e-02
4.526450e-02
-4.345669e-02
-3.485848e-02
4.317200e-02
4.953022e-02
-6.444829e-02
-8.035410e-02
-8.516376e-02
-1.484858e-01
3.027539e-02
-8.224798e-04
1.018381e-02
6.522241e-03
-1.820930e-02
2.732365e-02
-2.728359e-02
4.421901e-02
2.563747e-02
-7.558011e-02
1.113998e-02
-2.056113e-02
-7.498351e-02
8.492679e-03
1.009191e-02
-3.245322e-03
4.048923e-02
5.416070e-02
1.658677e-01
8.989065e-03
-1.128006e-01
1.521925e-01
-1.345661e-01
-1.036831e-01
-5.310738e-02
-1.576286e-01
3.615136e-02
3.883063e-02
2.116615e-02
2.460540e-02
9.779159e-03
-6.427449e-03
-1.137614e-02
1.908651e-02
-1.113599e-02
-3.349138e-02
-3.030698e-02
-5.831896e-02
1.596828e-02
6.050370e-02
-1.636897e-02
-2.361105e-02
4.602722e-02
2.960736e-02
-3.418516e-02
9.377763e-02
-1.176136e-02
4.008066e-02
3.771314e-02
-8.086316e-02
9.330406e-03
1.667987e-02
-6.045612e-02
3.909736e-02
1.575752e-02
-9.676727e-03
1.121174e-02
-1.265568e-02
1.403750e-02
1.879498e-02
1.095690e-03
-2.921002e-02
-2.548791e-02
-1.475244e-01
-2.261691e-02
8.994910e-02
1.005465e-01
-3.464295e-01
8.421613e-02
1.813132e-01
-1.362412e-01
-1.480258e-01
-6.908347e-02
-2.383920e-02
-4.593158e-02
-8.088810e-02
-1.615665e-02
-9.285820e-02
-2.085901e-02
5.875938e-02
-2.262605e-02
-2.234666e-02
1.299011e-01
-1.357203e-01
-2.232649e-01
1.916230e-01
1.944796e-03
-7.150405e-02
-5.602342e-02
9.936208e-02
3.158279e-02
3.673299e-02
-3.911569e-02
-2.064533e-02
1.292193e-02
2.682790e-02
-2.036310e-02
-7.271738e-02
-1.327126e-02
2.684290e-02
-5.747026e-02
2.470796e-02
2.624467e-02
4.790498e-02
-4.508506e-02
-1.727839e-01
8.228770e-03
1.281437e-01
-4.723544e-02
4.944223e-02
1.329629e-02
-5.617900e-02
-1.542525e-02
5.044126e-02
-2.098718e-04
-4.390968e-02
4.815585e-02
-3.269096e-02
-1.201299e-01
2.381217e-01
2.411546e-01
-2.690893e-01
2.350273e-02
-1.698377e-01
2.409524e-01
-1.973724e-01
-7.979643e-03
1.224465e-01
-4.604765e-02
-1.159226e-01
1.173113e-01
-3.661749e-04
-6.193536e-02
3.223472e-02
-3.212574e-02
-2.175365e-02
6.203653e-03
1.027791e-02
-1.184407e-01
-1.594459e-02
9.368118e-03
1.123185e-02
-9.611639e-02
2.458700e-02
3.168915e-02
-1.390099e-01
1.371842e-01
2.324925e-01
-1.172627e-01
-5.898330e-02
-4.113470e-03
2.455036e-01
-5.062130e-02
2.563898e-02
5.507181e-02
-2.237840e-02
-3.719193e-02
-4.460349e-03
4.900545e-02
-5.031691e-02
-9.201204e-02
6.923051e-03
-1.740578e-02
-1.863314e-01
1.446793e-02
1.659406e-01
-7.419783e-02
-9.526896e-02
-2.575439e-01
2.770189e-01
-1.811050e-01
1.151201e-02
2.050421e-02
2.234914e-02
1.273294e-03
2.313685e-02
-1.336425e-02
-6.556819e-02
1.759762e-02
-4.859522e-02
-1.320561e-02
-5.204521e-02
5.241046e-02
-1.219175e-01
-1.318116e-01
1.683969e-02
-2.854994e-02
-9.341431e-02
5.594506e-02
2.200734e-02
-4.887262e-02
-1.315808e-01
1.651872e-02
4.780001e-03
-7.598373e-02
-8.708956e-02
7.711494e-02
-1.677213e-02
-1.591969e-02
-9.014050e-03
-9.694637e-03
-5.857440e-03
-2.776161e-03
-1.285389e-03
-3.913074e-02
-4.304196e-02
-3.426360e-02
-8.103807e-03
5.543122e-02
5.599745e-02
1.915008e-02
6.053804e-02
6.446442e-02
-1.034267e-02
2.412193e-02
5.615612e-02
-9.883034e-03
-1.401679e-03
1.072816e-02
-5.699990e-02
-4.638298e-02
-4.717629e-02
-2.784989e-02
-2.339425e-02
-1.211653e-02
6.286716e-02
1.683601e-02
1.909293e-02
1.205838e-03
-2.299519e-02
-2.535443e-02
2.600875e-03
-1.078370e-02
-1.588183e-02
2.678334e-02
3.417952e-03
2.432325e-02
-1.977827e-02
-4.873150e-02
-1.676477e-02
-2.702209e-02
-5.873478e-02
-3.463753e-02
-2.889665e-02
-1.585537e-03
-1.366001e-02
-3.549828e-02
-8.065175e-03
-1.293329e-02
-7.045047e-03
1.103773e-02
1.732280e-03
-2.142784e-03
-2.731300e-02
-1.642673e-03
1.524097e-02
-1.077507e-02
1.781047e-02
2.987766e-03
-2.564023e-02
2.046533e-03
-4.658835e-02
-1.028664e-01
-8.022643e-02
-6.586962e-02
-1.189657e-01
-9.093679e-02
-4.578236e-02
-1.037717e-01
-7.664806e-02
1.399269e-02
4.244340e-03
-2.434327e-02
-7.696148e-03
-2.161142e-02
-5.003950e-02
-1.115299e-02
-1.105766e-02
-4.145834e-02
-8.049070e-03
2.535116e-02
-2.082122e-03
-2.190255e-02
8.133931e-04
-3.868032e-02
7.975193e-03
8.666939e-03
-3.619430e-02
4.276793e-02
5.446251e-02
4.602335e-03
3.744696e-02
5.161093e-02
1.419407e-02
7.617288e-03
2.877112e-02
-2.604836e-02
-3.203901e-02
-3.852879e-02
1.309023e-03
-3.862625e-02
-4.455265e-02
-8.248305e-03
-1.082253e-02
-1.904004e-02
5.211018e-03
-2.115710e-02
-3.469398e-03
-1.209251e-02
-4.799071e-02
-2.322518e-02
-3.394645e-02
-4.166200e-02
-2.363317e-02
-2.798621e-02
6.357372e-04
-9.027183e-03
-3.982460e-04
2.600508e-03
-6.770999e-03
6.070100e-03
-6.238915e-03
-1.315309e-02
3.031299e-03
-2.418742e-02
2.877597e-02
-1.607088e-02
-3.295023e-02
6.686544e-03
-3.237931e-02
4.913136e-03
4.009913e-02
8.801471e-03
-8.819575e-03
7.025851e-02
-1.266938e-02
1.085136e-02
8.057926e-02
-3.409398e-03
-3.182136e-02
5.137797e-02
-3.249303e-02
2.525783e-02
7.501243e-03
-3.279164e-03
2.801553e-02
1.172120e-02
-3.695210e-03
1.018991e-02
-6.395260e-04
-9.575692e-03
2.190423e-02
8.236278e-02
2.397181e-02
1.594309e-02
5.067986e-02
7.274122e-03
-1.476734e-02
3.763499e-03
1.656954e-02
-1.396922e-02
-1.570838e-02
-1.962457e-02
-3.525337e-03
-2.008316e-03
-5.621838e-03
7.235211e-03
2.276583e-03
-3.172866e-03
9.423181e-04
-1.842025e-02
2.503367e-02
-1.299306e-02
-3.677974e-02
-2.535435e-02
-1.332475e-02
-3.830215e-02
-4.820997e-02
-2.568442e-02
-1.913031e-02
-1.855780e-03
-3.736574e-02
-3.388577e-02
-1.635459e-02
-2.403697e-02
-2.044693e-02
2.631121e-03
6.391673e-03
4.559998e-02
9.253280e-03
3.325074e-03
3.381909e-02
4.000703e-03
1.264571e-02
5.518026e-02
2.679102e-02
3.137191e-02
2.007232e-02
1.218156e-02
3.062001e-02
1.185818e-02
8.719700e-03
2.029227e-02
-8.413948e-03
-3.018327e-03
-1.588001e-02
-5.230087e-02
-5.072628e-02
-5.298068e-03
-3.149704e-02
-2.119447e-02
-3.228020e-02
-4.448119e-02
-3.178488e-02
3.177146e-03
3.447369e-02
1.765009e-02
-2.124484e-02
5.393365e-05
-1.694814e-02
-7.823910e-03
2.413797e-02
-1.075416e-03
-2.376126e-02
-2.871763e-02
-4.117054e-02
-4.300276e-02
-3.159480e-02
-5.647624e-02
-2.522997e-02
-1.407963e-02
-3.615652e-02
6.630619e-02
5.992590e-02
-8.040824e-03
2.369902e-02
2.039356e-02
-2.930437e-02
3.065053e-02
3.956893e-02
-1.671471e-02
-3.763152e-02
-1.397503e-02
-2.184829e-03
-2.784411e-02
-1.302222e-02
-4.034035e-03
-1.939883e-02
-1.190781e-02
-4.646407e-03
-2.735340e-02
-1.803404e-02
-1.140486e-03
-3.493932e-02
-1.702338e-02
2.319144e-02
-6.105899e-02
-3.769864e-02
-7.655145e-03
4.456012e-03
2.445480e-03
4.629249e-03
1.070874e-02
1.289913e-02
1.360823e-02
9.304531e-03
1.360435e-02
1.460846e-02
-7.925982e-03
3.674801e-02
7.267014e-04
-3.065762e-02
1.529051e-02
-1.926992e-02
1.775103e-02
5.270589e-02
3.311623e-02
-1.943267e-02
3.781581e-02
-2.852746e-02
-2.673082e-02
2.668392e-02
-4.392254e-02
1.184187e-03
4.646312e-02
-1.871312e-02
-4.634068e-03
1.522771e-02
3.448867e-02
-3.132650e-02
8.933026e-03
3.961371e-02
-7.128404e-02
-2.010545e-02
4.243448e-02
1.139884e-02
5.518616e-02
-1.556293e-02
-4.322542e-03
1.441090e-02
3.539598e-02
-2.711718e-03
-8.448108e-02
7.832272e-02
-2.503037e-02
-7.402760e-02
-7.989829e-02
6.979206e-02
-4.376166e-02
-1.427549e-01
1.334825e-01
6.993085e-02
-8.916929e-02
-2.598358e-02
-3.925847e-02
-1.003414e-01
9.457935e-02
6.781390e-02
-4.961754e-02
2.086265e-02
6.838715e-02
3.810372e-02
3.974433e-02
4.918849e-02
1.952061e-02
-2.444458e-03
5.762396e-02
4.192000e-02
-6.332926e-02
-2.761157e-02
2.731622e-02
-1.793901e-02
-9.469107e-03
2.837418e-02
-1.889498e-02
-1.545216e-02
1.242528e-02
1.760837e-02
6.240754e-02
3.726628e-02
2.715869e-02
2.678107e-02
2.267918e-02
4.709529e-03
3.994771e-03
1.136980e-02
5.395093e-02
7.193456e-03
2.097957e-02
-1.273185e-02
6.794853e-02
5.996578e-02
-5.626085e-02
-1.366658e-01
-4.814233e-03
1.810756e-01
9.534694e-03
-3.092158e-02
4.682697e-02
4.177991e-02
4.241334e-03
-6.649882e-03
2.212667e-02
-8.146943e-03
-4.294956e-02
-2.169493e-02
-1.575551e-02
-1.121526e-02
-1.250968e-02
3.191172e-02
2.072509e-02
-2.834355e-02
-8.369337e-02
1.100556e-01
6.884506e-02
-3.948836e-02
2.713874e-02
-1.526503e-02
5.973012e-02
2.958577e-03
-8.287571e-02
-2.197567e-02
7.791083e-02
7.878372e-03
-1.564190e-02
2.544911e-02
4.240907e-02
2.150815e-02
-2.521081e-02
1.542064e-03
1.107377e-02
-5.023609e-02
-5.168291e-02
-2.584946e-02
-3.254281e-02
-4.618589e-02
-6.907777e-02
3.852301e-03
-7.696186e-02
-4.864320e-02
1.564003e-01
1.307843e-01
-1.513282e-02
4.489109e-02
1.458172e-02
-6.248270e-04
2.358336e-02
1.080135e-02
-1.566681e-03
1.177964e-02
1.025734e-02
-8.709239e-03
-2.549410e-03
2.980662e-02
5.042095e-02
9.611142e-03
-2.823844e-02
-5.506431e-02
9.067452e-02
-2.975511e-02
-6.219667e-02
-7.165447e-02
-5.814456e-02
-9.277571e-02
-3.657914e-02
4.033583e-02
-6.272103e-02
-1.673118e-02
6.765100e-02
-2.609286e-02
-5.733732e-02
-1.067127e-01
6.650984e-02
-9.268867e-02
-6.905232e-02
1.018355e-01
-6.196030e-02
1.146912e-02
8.368502e-02
-2.849711e-02
-4.611232e-02
-4.404741e-02
-2.188535e-02
-1.057032e-03
-1.511376e-02
-3.130224e-02
4.598111e-02
4.764512e-02
-1.644771e-02
-6.191093e-02
-7.705973e-03
1.852771e-02
-5.034265e-02
-6.847262e-03
4.713441e-02
7.537043e-03
2.434975e-02
-2.499270e-02
2.858028e-02
-2.784190e-02
4.371877e-02
2.703277e-02
-4.732312e-02
4.187810e-02
-2.053418e-02
-9.444194e-03
7.873169e-02
3.008749e-02
4.276649e-02
2.963746e-02
-2.161661e-02
-3.119132e-02
4.433560e-02
2.996153e-03
-2.255018e-02
-1.422380e-02
3.022834e-02
1.235374e-03
-5.800324e-02
-1.313521e-02
-2.581470e-03
-4.819291e-03
1.542137e-02
-1.674697e-02
1.067230e-01
5.805464e-02
-1.079531e-01
8.644714e-02
-4.208135e-03
-9.901010e-02
3.494450e-02
-3.164113e-02
-1.447935e-02
9.347758e-02
-2.042577e-02
4.202293e-02
4.062557e-02
-1.046362e-01
6.070706e-02
3.897752e-02
-1.373409e-02
8.031107e-02
-4.652992e-03
2.833483e-02
-8.794393e-02
-9.125334e-03
8.119775e-03
-7.194882e-02
-3.953315e-03
-2.568709e-02
-4.397751e-02
-5.923842e-02
1.653220e-02
-4.242868e-02
-4.985262e-02
5.826883e-02
-6.997318e-02
-2.207040e-02
7.688779e-03
-1.956275e-02
-5.194646e-02
-4.929647e-02
-2.532636e-02
-4.559734e-02
-2.482889e-02
1.350362e-02
-2.705378e-02
1.668506e-02
-1.452896e-02
1.746896e-01
6.251085e-02
-1.343857e-01
1.766845e-01
-2.098810e-02
-1.781865e-01
6.341665e-02
-1.088898e-01
-1.450976e-01
-4.267234e-02
-4.646299e-02
3.507616e-03
-8.564341e-02
-5.345809e-02
1.183464e-01
-9.048834e-02
-4.323148e-03
3.855742e-02
-9.503635e-02
-2.306048e-02
9.341124e-02
-1.216254e-01
-1.744650e-02
7.722322e-02
-6.759246e-02
2.420848e-02
4.582741e-02
6.272581e-02
4.538539e-03
-2.149062e-02
1.013940e-02
-4.106504e-02
-2.162974e-02
3.074759e-02
3.747146e-03
3.480984e-02
2.420220e-02
-6.043898e-02
-6.984374e-03
-2.651285e-02
-8.209974e-02
-2.426836e-02
-3.529168e-02
-4.722442e-02
-9.454281e-03
3.702636e-02
-8.253152e-03
-5.704837e-02
2.786118e-02
-2.923128e-02
-3.773575e-02
2.516375e-02
-3.022043e-03
-1.449414e-02
-1.084732e-01
-7.221788e-02
-9.405436e-02
-7.153697e-02
-9.826671e-02
-4.341293e-02
-5.730086e-02
-8.834016e-02
-2.932177e-02
4.302848e-02
1.680975e-03
-3.595334e-02
1.773786e-02
-4.047029e-02
-3.842960e-02
1.806954e-02
-3.128426e-02
-3.149073e-02
4.147818e-02
1.038482e-01
-4.432691e-02
1.895520e-02
1.029165e-02
-1.091650e-01
-1.677431e-02
-5.630175e-02
-5.770975e-02
-1.956686e-02
-6.873458e-03
-1.240372e-02
-3.927881e-02
-3.635135e-02
5.649389e-03
-2.803030e-02
-2.037804e-02
2.905525e-02
-1.088359e-01
-9.998177e-02
-3.914166e-02
-1.109521e-01
3.413004e-02
1.674401e-01
-6.362342e-02
4.814643e-02
6.851161e-02
-3.593762e-02
-1.841254e-02
2.954867e-02
-2.780728e-02
-1.214911e-02
1.500131e-02
-4.055859e-02
-2.492077e-02
-9.410945e-03
-4.255954e-03
-3.266755e-02
-8.979666e-03
6.868088e-02
9.245544e-02
9.696604e-02
3.667192e-03
-9.598444e-03
-6.328796e-02
6.819583e-02
3.692789e-02
-1.773786e-02
5.570940e-02
-2.950406e-03
-5.874975e-02
4.563736e-02
-2.408637e-02
-2.959767e-02
-8.621651e-02
3.896119e-02
2.109227e-02
-6.686359e-02
3.447653e-04
-2.629834e-02
-8.219184e-02
-2.740737e-02
-3.010434e-02
2.310339e-02
1.965748e-04
5.415674e-02
5.234131e-02
3.705093e-02
1.706235e-02
9.249646e-03
3.997106e-03
-3.192387e-02
-6.319196e-02
1.506288e-02
1.011031e-02
-5.402501e-02
4.036367e-02
4.639053e-02
-5.770870e-02
2.234020e-02
1.488887e-02
-9.022941e-02
-9.584747e-02
-8.239629e-02
-1.257244e-02
5.461667e-02
-2.971321e-02
7.773008e-03
5.155857e-02
-7.819404e-02
6.527998e-02
1.440610e-02
1.649494e-02
4.444296e-02
-1.115195e-02
1.204923e-02
2.465593e-02
-1.748525e-02
1.849752e-02
3.316401e-03
-1.128956e-02
-2.566796e-02
3.206585e-02
-1.379089e-02
-1.311481e-02
8.411862e-03
-5.263225e-02
-6.235417e-02
3.282132e-03
-1.661565e-02
-5.016037e-02
2.362295e-02
-3.364683e-02
-7.319587e-02
4.172441e-02
-1.303869e-02
-6.906978e-02
-2.632593e-02
-4.387276e-03
1.286052e-02
4.159942e-02
-4.477908e-03
-1.165888e-02
-5.517167e-03
-1.437405e-02
-1.411140e-02
8.267240e-03
-7.738033e-03
-1.302775e-01
3.158198e-03
-2.703433e-01
2.300649e-01
-8.551008e-02
2.532982e-02
8.001611e-02
-6.518292e-02
3.673520e-02
-4.767968e-02
-1.210844e-02
8.688028e-04
-1.325181e-01
-7.837151e-03
-1.647769e-02
-5.512342e-02
-8.059050e-02
1.289149e-01
-5.857215e-02
6.102226e-02
1.352076e-01
-1.373114e-01
8.191883e-02
-7.036540e-02
9.042384e-02
-5.198571e-03
2.212462e-02
-4.630269e-03
1.922670e-02
-2.600795e-03
-6.822100e-02
1.700551e-02
-7.750902e-02
-2.593923e-02
4.428907e-02
2.936756e-02
-6.545430e-02
-4.713882e-02
-1.128356e-01
4.348456e-02
-1.910938e-01
1.498720e-01
7.530492e-02
-5.041611e-03
-5.040417e-03
-4.908996e-02
-2.072220e-02
-8.215175e-02
-1.054872e-02
-3.152695e-02
-4.116568e-02
7.130090e-02
2.385932e-01
-1.488638e-01
-2.644212e-03
-9.748976e-02
-2.138590e-01
3.114029e-01
-1.105565e-01
2.777931e-01
-1.183442e-01
-3.917245e-02
1.870347e-01
-6.627896e-02
6.334846e-02
5.258452e-02
-1.935591e-01
8.041090e-02
-4.062515e-02
-7.505080e-02
-2.276410e-01
-9.479424e-02
-1.140537e-01
-5.540167e-02
2.177818e-01
-1.685275e-01
3.964237e-02
-3.724914e-02
-8.353630e-02
1.093390e-01
-1.380366e-01
7.483228e-02
5.261680e-02
-4.036389e-02
1.350722e-01
5.435620e-02
1.151191e-01
-1.442230e-01
6.714226e-02
3.152289e-02
-3.722087e-02
-2.015045e-02
-5.578249e-02
4.062973e-02
-9.817183e-02
-7.827960e-02
6.128454e-02
3.385367e-02
-1.934938e-01
4.734017e-02
-1.411075e-01
-3.802010e-02
1.347623e-01
-1.177768e-01
3.100538e-01
-1.464745e-01
-3.202430e-03
2.697607e-02
4.458968e-02
1.413273e-02
1.084600e-02
-6.362275e-02
1.485389e-02
-4.390047e-02
-1.325962e-01
5.640816e-02
3.153198e-03
-1.519002e-02
-1.484126e-02
-7.873766e-02
-7.216490e-02
3.560094e-02
-6.910764e-03
1.862970e-02
3.545835e-02
-2.478378e-02
3.510774e-02
-5.525051e-02
-7.304573e-02
9.978774e-03
1.444219e-03
-6.696713e-02
4.098736e-02
