-1.669970e-02
-3.156597e-02
-1.553771e-01
-8.058211e-02
-1.291793e-01
-1.299436e-01
-2.577987e-01
-2.741348e-01
-2.564729e-01
-4.489934e-01
-1.017869e-01
-2.340770e-01
-2.699774e-01
-1.082464e-01
1.801016e-01
-5.725630e-02
-1.811474e-01
-7.024558e-02
-1.636098e-01
-4.488037e-02
-1.925658e-01
-4.054748e-02
-1.595221e-01
-1.336711e-01
-7.970267e-02
2.074033e-01
-2.570409e-01
1.932066e-02
-1.857421e-01
-2.816007e-01
-1.328568e-01
-2.964497e-01
-1.311006e-01
-4.012134e-02
-5.044533e-02
-1.476298e-01
9.299436e-03
-8.020676e-02
-2.065267e-01
-2.230574e-01
-1.502747e-01
2.082321e-02
-1.273220e-01
-1.673930e-01
-2.758955e-01
-1.794086e-01
-1.456572e-01
-1.143847e-01
-5.376664e-02
-1.942568e-01
-1.591879e-01
-2.098907e-01
-1.206132e-01
-2.410848e-01
-1.126232e-01
-2.735069e-01
-1.318373e-01
-1.958715e-01
-1.327396e-01
-1.924789e-01
-2.737759e-01
-2.005008e-01
-2.343863e-02
-2.333903e-01
