-5.044636e-01
8.542900e-03
-1.637996e-01
-8.574975e-02
-2.992631e-01
-4.608051e-01
-5.781989e-02
-3.518237e-02
6.532744e-02
-1.318558e-01
-1.446381e-01
-2.419681e-01
-1.583334e-02
-3.231644e-01
3.301993e-01
3.317848e-01
-3.195038e-01
1.197452e-02
9.707525e-02
-5.756723e-01
-2.349274e-01
-3.707837e-01
8.022144e-02
-5.412012e-01
-3.632554e-01
-6.489243e-02
4.219214e-02
-2.134687e-01
-1.564382e-01
-4.703810e-02
-3.078425e-01
1.246865e-01
-3.278650e-01
-7.110773e-01
9.008865e-02
-5.525467e-02
-5.432500e-02
-1.474196e-01
-4.121139e-01
-1.196564e-01
-7.126526e-01
-1.625476e-01
-4.103777e-01
-1.610269e-01
-1.862630e-01
-2.346014e-01
-1.581158e-01
-3.399591e-01
-1.126009e-01
-1.003436e-01
-1.910350e-01
-2.714966e-01
-2.314200e-01
-3.414678e-02
-5.450824e-01
-9.238040e-03
-1.894858e-01
-2.216974e-01
-3.688438e-01
6.659108e-02
-5.536818e-01
2.938903e-02
-1.537392e-01
3.193785e-01
