-4.393172e-02
-1.045758e-01
-1.425233e-02
2.906789e-02
-5.653451e-02
-9.676564e-02
6.926382e-02
8.572457e-02
1.107798e-02
1.031123e-01
-9.180949e-02
-1.661148e-01
1.104708e-01
2.235527e-01
8.202349e-02
-1.452741e-01
-2.099026e-01
1.061706e-01
-9.196847e-03
6.608781e-02
1.032023e-01
-1.045803e-01
-1.015723e-01
-8.281654e-02
-1.502716e-02
-4.458066e-02
-1.317615e-01
6.220647e-02
1.413304e-01
2.126423e-01
3.729767e-04
-8.295456e-02
-5.876220e-02
-8.096060e-04
8.050837e-02
-2.707578e-02
-9.952990e-02
-1.247775e-01
-3.952837e-02
3.744580e-03
-5.224749e-02
-1.156325e-01
1.179855e-01
1.673369e-01
1.120426e-01
1.674451e-03
9.633965e-02
9.630929e-02
-5.708440e-02
-8.077238e-02
-3.859368e-02
2.833931e-02
-9.067346e-03
-8.139742e-02
2.625290e-02
-2.799082e-03
1.185795e-02
1.018218e-02
2.061924e-02
2.485385e-02
-5.066275e-02
-2.076609e-02
-2.363371e-03
4.676266e-02
6.970683e-02
-2.204237e-01
-9.720241e-02
1.213497e-01
3.314425e-01
3.471959e-02
-2.739603e-01
-1.344641e-01
2.878278e-02
6.489691e-02
7.755010e-02
1.068956e-03
-9.206903e-04
2.264973e-02
1.895660e-02
-1.105477e-02
-5.015473e-03
3.521454e-03
-1.570248e-02
9.367558e-02
2.886447e-02
-4.578167e-02
-1.590082e-01
4.619029e-02
7.244357e-02
-5.668588e-03
7.146028e-02
1.504789e-03
-1.438736e-01
-2.396514e-02
1.073198e-01
9.068388e-02
-4.481255e-02
-1.085866e-01
3.547817e-02
-5.166937e-02
-1.507785e-02
-5.129546e-02
-4.308005e-02
-4.120932e-02
-3.437887e-02
-2.137378e-02
1.094477e-02
6.222853e-02
2.202286e-02
3.248911e-02
-5.093084e-02
-1.343533e-01
4.495468e-02
1.242836e-01
1.161887e-01
-9.847791e-02
-5.397545e-02
-5.097688e-02
-4.700832e-02
9.904579e-03
1.578872e-02
-1.810564e-02
-2.416749e-02
7.714378e-02
3.530239e-02
-8.768225e-03
-4.886322e-02
-2.693890e-02
-8.412303e-03
4.364630e-02
7.168533e-02
4.239975e-02
2.044010e-02
2.467250e-02
5.650008e-02
-9.627093e-02
-5.900277e-02
-6.082558e-02
-8.113548e-02
-1.044761e-02
5.865007e-03
-1.958339e-02
-8.776601e-02
-8.041333e-02
6.575962e-02
1.674362e-02
-9.936565e-02
4.810461e-02
3.692704e-02
-3.341847e-02
3.100424e-02
4.464656e-02
-3.082277e-02
-7.821850e-02
-1.266060e-01
1.717270e-01
1.175354e-02
-1.133534e-01
-2.338007e-02
-3.331893e-02
-3.452140e-02
-2.156026e-03
2.261617e-02
2.136443e-02
-6.228159e-03
1.472328e-02
1.818868e-02
-4.173907e-02
-3.418358e-02
-5.595428e-02
-6.159530e-02
-8.257135e-02
2.510187e-02
3.252897e-02
-7.737620e-02
-6.363694e-02
1.631690e-01
2.516795e-02
-6.506590e-02
8.710362e-02
-9.903564e-03
1.394160e-02
3.947468e-02
1.974518e-03
-1.222950e-02
1.125664e-01
-4.192552e-02
-8.377115e-02
9.229463e-03
-1.798473e-02
5.132473e-02
-7.786941e-02
-5.026755e-02
1.278701e-01
-6.301911e-02
-4.502336e-02
2.951303e-02
-1.603228e-02
-1.241031e-02
1.096707e-02
8.320223e-02
2.323539e-02
-1.377243e-02
8.776648e-02
4.811466e-02
-3.618308e-02
2.275033e-02
6.287884e-02
-3.059467e-03
2.750234e-02
8.860629e-02
9.266082e-02
-1.295367e-01
3.032481e-02
8.477628e-02
2.936976e-02
-2.342584e-03
-1.143876e-02
2.694968e-02
-2.579226e-02
-4.314031e-03
3.621423e-02
-1.922384e-02
1.520882e-02
1.027838e-02
-1.012733e-01
1.049040e-03
2.908083e-02
2.738241e-02
-1.022600e-01
6.435143e-02
-9.530604e-03
-2.970407e-02
-1.491621e-02
1.071480e-01
-4.405630e-02
-4.220339e-02
1.164161e-01
5.112523e-02
-1.654499e-01
1.291624e-02
1.010767e-01
-9.234478e-02
-5.116822e-02
-1.747285e-02
5.360122e-02
-6.889706e-02
-3.639079e-02
5.602195e-02
-6.877395e-02
-1.035786e-01
-1.164906e-02
-7.733930e-02
-1.624430e-01
-1.839540e-01
-3.518563e-02
4.269843e-02
-2.376098e-01
-1.547215e-01
4.617038e-02
-1.801449e-01
5.199378e-02
-8.457634e-03
-5.285489e-02
6.342145e-02
2.354315e-02
-2.757253e-03
2.993129e-02
3.833459e-03
2.376612e-02
-2.575121e-02
-4.011348e-02
1.565729e-02
-3.685890e-02
-7.721646e-02
-1.190016e-02
-4.788238e-02
-1.050490e-01
-3.397908e-02
-5.529500e-02
-7.591026e-03
9.400261e-03
-4.210156e-02
3.670830e-02
-1.300006e-02
-6.868427e-02
3.560061e-02
-1.266960e-02
2.499229e-02
6.252010e-02
3.009086e-02
5.322110e-02
9.330428e-02
7.035181e-02
3.103322e-02
6.314802e-02
5.986917e-02
-2.530218e-02
3.049895e-02
-5.579399e-03
2.923418e-02
8.349105e-03
5.480348e-02
6.034681e-02
-4.394631e-02
1.964348e-02
-4.091967e-02
-5.811512e-02
-3.521242e-02
-1.105837e-02
-3.224049e-02
-2.358847e-02
-3.310581e-02
-3.214496e-02
-6.681257e-02
-6.245254e-02
-1.266098e-02
-1.881407e-02
-2.389241e-02
5.383858e-03
-1.548651e-02
-6.076811e-02
-1.786430e-02
-7.272714e-02
-9.045242e-03
1.611374e-02
1.279509e-02
3.293659e-02
4.788509e-02
2.588220e-02
6.403638e-02
6.088843e-02
3.596277e-02
6.899898e-03
1.122247e-02
-2.409925e-02
-1.146392e-02
-5.666421e-03
-1.226059e-02
-4.714847e-02
-1.087113e-02
2.436192e-02
-2.913885e-02
-3.170126e-02
-3.246468e-02
-6.382664e-02
-7.091031e-02
-6.810443e-02
-4.291722e-02
-5.879551e-02
-7.694930e-02
9.515323e-03
-8.338971e-02
-4.611945e-02
5.498770e-02
2.551674e-02
2.154716e-03
2.011505e-02
6.237642e-02
6.645337e-02
-1.749537e-02
-2.148742e-02
-2.899546e-02
-1.898319e-02
-2.247100e-02
-2.688932e-02
-5.251705e-03
-1.350974e-02
-1.571183e-02
-7.204732e-02
-2.292521e-02
1.001021e-02
-2.903919e-02
3.757986e-03
-3.162930e-02
-4.502418e-02
2.376629e-02
-2.966302e-02
-1.149180e-02
-3.378381e-02
-1.655574e-02
2.641820e-02
-1.850368e-02
-2.478790e-02
3.744255e-02
3.327648e-02
-5.855514e-02
-4.559921e-02
-4.251448e-02
-5.400468e-02
-5.608225e-02
-4.365218e-02
-5.581835e-02
-5.971451e-02
-5.221927e-02
-6.845347e-02
8.416240e-02
-8.055209e-03
-1.169158e-02
4.624794e-02
8.871677e-03
2.570176e-03
-3.266427e-02
2.569331e-02
4.033697e-02
-2.240886e-02
-2.048270e-04
7.660551e-03
-8.275261e-03
7.685013e-03
4.598376e-03
1.377414e-02
1.313943e-02
-7.200756e-03
6.138971e-03
5.695607e-03
7.482457e-03
2.438970e-03
-1.171150e-03
-1.169283e-03
1.897683e-02
-5.562474e-03
-1.302178e-02
6.748206e-02
9.612776e-03
-8.513441e-03
5.391428e-02
2.691889e-02
2.629738e-02
-6.365940e-03
1.181778e-02
3.022563e-02
-3.724379e-03
-3.252586e-03
-4.637668e-03
-4.417697e-03
-2.460890e-03
-2.856014e-03
-7.283556e-03
-4.727328e-03
-2.686365e-03
-1.148189e-03
5.435232e-03
8.915047e-03
2.194554e-04
8.366427e-03
1.575154e-02
-3.245634e-04
1.852597e-03
7.575204e-03
-9.751822e-04
-1.736041e-03
1.536779e-03
-6.381260e-03
-6.926676e-03
-6.137030e-03
-6.343177e-03
-6.669359e-03
-5.665326e-03
1.198589e-02
7.779421e-03
3.447793e-03
7.100000e-03
4.046749e-03
9.265065e-04
1.184469e-03
1.096405e-03
4.042761e-03
7.435001e-03
2.902244e-03
6.080652e-03
1.394502e-03
-3.060072e-03
2.391783e-03
-5.198141e-03
-8.855977e-03
-3.334454e-03
-8.099941e-03
-7.942656e-03
-3.223726e-03
-3.196784e-03
-5.883012e-03
-6.737840e-03
-7.333080e-04
3.892145e-04
-3.425577e-03
-5.519284e-04
-2.759079e-03
6.535125e-03
2.427355e-03
-1.719098e-03
6.940357e-03
-4.108736e-04
-5.347096e-03
3.413073e-03
-6.953173e-03
-7.969013e-03
-3.890600e-03
-6.659203e-03
-9.891393e-03
-6.491887e-03
-6.104829e-03
-7.436974e-03
-5.243363e-03
1.460039e-03
5.178168e-04
2.645531e-04
3.134601e-04
-6.065028e-04
-1.536108e-03
4.890952e-03
3.884555e-03
3.105515e-03
3.706323e-03
9.421980e-04
-1.577562e-03
-2.703568e-03
-3.076188e-03
-5.958441e-03
1.373410e-03
-1.570441e-03
-2.485822e-03
6.237925e-03
5.058375e-03
2.472498e-03
1.158253e-02
7.341769e-03
3.289669e-03
1.400633e-02
7.851232e-03
2.380282e-04
-1.334503e-03
-3.131599e-03
5.053168e-03
-2.520389e-03
-5.771894e-03
7.754011e-05
-3.454504e-04
-5.181031e-03
-1.106237e-03
4.849780e-03
1.766828e-03
-1.598549e-03
2.645897e-04
4.604610e-04
-9.109500e-03
-8.230311e-04
7.928257e-04
-9.655264e-03
7.712102e-04
-2.966713e-03
2.378429e-03
-2.669654e-03
-4.686491e-03
1.051747e-03
-3.762441e-03
-4.148526e-03
1.967300e-03
-6.873715e-04
4.030274e-03
1.035618e-03
-5.156454e-03
-2.511295e-03
-4.370898e-03
3.769419e-03
5.369954e-03
3.968865e-03
-9.897015e-04
6.227469e-03
-7.253126e-04
2.270701e-03
6.732127e-03
1.432021e-03
2.850671e-03
8.513754e-03
1.300391e-03
-8.756904e-03
-2.616495e-02
-2.498025e-02
2.824066e-03
4.521234e-02
-3.276784e-04
-1.517620e-02
-4.160158e-03
3.714360e-02
-6.808472e-02
2.336740e-01
-1.645843e-01
-3.511266e-02
-1.698470e-01
2.428683e-01
3.070129e-02
-5.494804e-02
-5.667716e-02
-4.335533e-02
2.735668e-02
7.441650e-02
4.148704e-02
-6.940345e-03
-8.736041e-02
-6.619812e-02
-6.078394e-02
-1.160243e-02
6.689295e-02
-1.338495e-01
1.208888e-01
3.766592e-03
2.226598e-01
-1.702371e-01
3.853959e-02
-8.039329e-02
6.845151e-02
4.831940e-02
3.367123e-03
2.028677e-02
2.104864e-02
8.369531e-02
-3.242658e-02
3.359270e-02
4.032050e-03
4.999038e-02
-1.158428e-01
4.368443e-02
-5.171629e-02
5.404453e-02
-1.805752e-01
-7.835683e-02
-2.986103e-02
1.061583e-01
1.352025e-01
5.681978e-03
-2.823194e-02
-1.769645e-02
-1.384001e-03
-1.380532e-02
-5.914833e-02
4.002967e-03
-1.239038e-02
1.946050e-03
-1.282356e-01
2.441009e-01
-1.671279e-01
5.464862e-02
-3.804683e-01
3.327942e-01
-2.128338e-02
2.994705e-01
-1.869337e-01
-1.787954e-02
6.028417e-03
1.414898e-02
3.861474e-03
1.137544e-02
4.012778e-03
7.598795e-03
-1.332844e-02
1.772426e-02
-1.182321e-01
-1.405691e-01
2.712850e-02
-1.294623e-01
9.069533e-02
-1.863266e-01
-4.954449e-02
-2.218536e-01
-1.890370e-02
6.333824e-02
2.004720e-01
3.614937e-02
4.084912e-02
-6.356031e-02
2.079961e-01
1.314868e-01
4.543137e-02
-8.839519e-02
-4.733856e-03
-2.238515e-02
-3.710933e-02
3.051265e-02
-1.660632e-02
-1.985455e-02
-4.435186e-02
-2.729082e-02
-2.301622e-02
-1.246986e-01
1.714952e-01
-1.268872e-01
2.693041e-02
-2.777433e-01
2.463299e-01
-6.079351e-02
8.617500e-02
-1.118447e-01
1.775305e-02
4.772380e-03
-1.699667e-03
-8.450885e-04
-2.389337e-02
-2.723562e-02
2.421452e-02
5.393755e-03
-2.154549e-02
1.613469e-02
3.509841e-02
2.324653e-02
4.312058e-02
2.016023e-02
1.036217e-02
5.280417e-04
3.203331e-02
8.068018e-02
-2.903648e-02
-3.767852e-02
-4.582458e-02
-2.253667e-02
-7.326943e-02
-5.062493e-02
-9.490445e-02
-7.685904e-02
-8.723915e-02
-3.000416e-02
-1.269693e-02
2.465875e-02
4.155081e-03
-3.101413e-02
3.961347e-02
4.040583e-02
1.741995e-02
4.151605e-02
4.222937e-02
-1.751210e-01
6.248676e-02
9.725894e-03
-1.276430e-01
-5.017273e-02
-7.572720e-02
-2.267377e-02
-2.569478e-02
-1.328046e-02
-7.505129e-02
-2.985436e-02
-3.409817e-02
-6.999307e-02
4.083458e-05
-1.226517e-02
-1.353103e-02
-4.557586e-02
-8.576013e-02
-2.919681e-02
-2.091072e-02
4.026654e-02
-1.120050e-01
1.330926e-01
8.046920e-02
2.151432e-02
3.947278e-02
-2.415403e-02
-4.040244e-02
8.346269e-02
3.695302e-02
-5.860604e-02
8.635209e-02
1.506075e-02
-4.814687e-02
5.832707e-02
-1.321296e-01
2.506487e-02
1.031320e-01
-1.753930e-01
9.051744e-02
9.765736e-02
-1.425059e-01
1.802932e-02
4.152126e-02
5.668024e-02
-2.773719e-02
-6.019997e-02
7.641387e-02
1.458997e-02
-2.347202e-02
3.256068e-02
1.035239e-02
-5.102166e-02
1.623551e-01
2.599766e-03
1.168432e-01
4.084019e-02
1.473156e-01
1.847729e-02
1.158776e-01
2.970631e-02
8.513553e-02
7.638822e-03
1.579290e-02
-1.572070e-03
-5.859168e-03
2.136820e-02
1.961524e-02
-2.287984e-02
9.583581e-03
-2.042962e-02
-3.291162e-02
-1.419349e-02
-7.067739e-02
4.498743e-02
-5.382159e-02
1.583728e-02
-2.551861e-03
-3.929166e-02
5.697155e-02
5.605911e-02
1.064107e-01
-6.873010e-02
2.025949e-02
1.999514e-01
-8.925436e-02
5.388016e-03
9.323817e-02
-8.564981e-02
7.025053e-03
-4.086503e-02
-6.576822e-03
5.426788e-02
2.456707e-02
1.759639e-02
1.775935e-02
-4.765683e-03
-9.880099e-03
-1.042326e-01
3.613448e-02
-1.724827e-01
-2.384719e-01
2.536153e-01
-2.528020e-01
-1.892756e-01
1.060563e-01
-2.036352e-01
9.101912e-03
2.601173e-02
2.696468e-02
-1.390018e-02
6.127536e-03
4.049642e-02
-1.595203e-02
-1.528227e-02
4.203451e-02
1.801203e-03
-1.022059e-02
2.671986e-02
-4.275578e-02
-4.670585e-02
-1.223385e-04
-7.060634e-02
-3.944260e-02
-1.380290e-02
1.116195e-02
1.445861e-02
-4.550439e-02
-1.238189e-02
4.124797e-02
-3.412706e-02
2.612991e-03
4.285854e-02
-1.148897e-02
3.303598e-03
-2.408507e-04
1.285004e-02
2.607306e-02
1.961257e-02
3.235779e-02
-8.684436e-04
-1.669527e-02
-2.831305e-03
-1.771820e-02
-5.994034e-03
-9.039052e-03
4.352553e-02
2.566331e-02
3.453883e-02
3.306927e-02
1.256405e-02
-1.759998e-02
-1.398517e-02
-1.392735e-02
9.143173e-03
1.606976e-03
1.089144e-02
1.327806e-02
-5.533646e-02
-3.385924e-02
-4.802573e-02
2.063726e-02
-5.706862e-04
3.588198e-03
3.689705e-02
3.639532e-02
4.566200e-02
-1.540033e-02
-3.954814e-02
-2.147578e-02
-1.194930e-02
-8.396263e-03
-3.502355e-04
-1.302576e-02
-1.423148e-02
-1.719854e-03
-4.527474e-02
-5.192228e-02
-3.793802e-02
-3.387975e-03
-1.486779e-03
-8.687793e-03
1.733910e-02
-1.063879e-02
-4.036670e-02
3.858485e-02
4.291213e-03
1.560993e-03
-1.723218e-02
-1.563715e-02
-1.180435e-02
-7.460834e-03
-7.917911e-03
-8.401556e-03
1.235299e-03
2.193384e-04
-1.691961e-02
-5.014498e-03
2.698447e-03
-1.453437e-02
-1.422700e-02
-1.658560e-02
-1.964126e-02
-1.782210e-03
2.387944e-02
2.669332e-02
1.786756e-03
7.216040e-03
7.619333e-04
-3.417157e-03
9.958291e-03
-4.139623e-04
1.241944e-04
1.290232e-02
1.559573e-02
1.195349e-02
-1.575513e-02
-3.243129e-02
1.495569e-02
2.901624e-02
4.091113e-02
-5.400165e-03
5.974717e-04
-3.766057e-03
9.034025e-03
-6.587128e-04
-1.252325e-02
1.285388e-02
1.639828e-02
3.707988e-03
1.717776e-04
1.454732e-02
-4.283751e-03
3.008291e-02
2.485624e-02
3.409038e-02
-1.149940e-02
-1.693949e-02
-1.056981e-02
-4.300113e-02
-4.901769e-02
-4.148680e-02
-7.309491e-03
-5.579049e-03
9.322797e-03
-2.395727e-02
-2.819273e-02
-2.656191e-02
-9.880280e-03
1.710874e-02
2.386457e-02
-2.196070e-02
-2.376208e-02
-2.711535e-02
-1.686830e-02
-1.400146e-02
-1.509984e-02
-2.419397e-02
-1.976951e-02
-1.201241e-02
-2.733390e-03
3.818123e-03
-9.012733e-03
-1.061133e-02
2.877813e-03
-1.195990e-02
-1.242606e-02
-6.706796e-03
-1.960124e-02
-5.904687e-03
2.118750e-02
3.937238e-02
4.572563e-03
2.403395e-02
3.508964e-02
1.987682e-02
2.909591e-02
2.435019e-02
9.313067e-02
2.258055e-01
1.372854e-01
-1.006037e-01
1.358268e-03
6.083988e-02
-1.383287e-01
-1.986855e-01
-1.272667e-01
1.113313e-01
2.930208e-02
-1.019480e-01
1.407943e-03
7.053410e-02
7.601428e-02
-3.792474e-02
-3.575256e-02
-2.112971e-02
-1.399704e-01
-1.225713e-01
-9.150153e-02
-9.871420e-02
-9.055310e-02
-1.123618e-01
6.132598e-02
1.921440e-03
-1.912518e-02
4.601394e-02
-7.299037e-02
-3.345374e-02
1.414725e-01
1.158260e-01
2.479179e-02
-2.489539e-02
7.396062e-02
6.255870e-02
2.673549e-02
-4.221005e-02
-6.141511e-02
4.818280e-02
1.911901e-02
-6.253112e-02
3.031907e-02
8.135233e-02
3.593866e-02
2.279708e-02
-1.180585e-03
4.578380e-02
-5.409338e-02
-5.260072e-02
-2.847352e-02
7.366149e-02
3.829950e-02
-4.643827e-02
-1.121725e-01
-2.203791e-01
-1.474261e-01
8.278252e-02
1.928383e-02
-1.388704e-01
1.087140e-01
2.766191e-01
1.114850e-01
4.568885e-02
1.654186e-01
2.622353e-02
-1.128975e-01
-2.787599e-02
3.240561e-02
-3.870559e-02
-5.055032e-02
-9.456795e-02
-3.280564e-02
-4.132281e-02
1.660861e-02
2.448867e-02
-3.937695e-03
-1.059259e-02
5.775099e-02
1.141054e-02
-1.920042e-02
7.171535e-02
-2.485267e-02
-1.880481e-02
4.209765e-02
1.008950e-02
-9.808177e-02
-3.987081e-02
1.627458e-02
5.869612e-02
3.502776e-02
4.156447e-03
-5.356166e-02
-4.584185e-02
4.173031e-02
2.487684e-02
1.604467e-03
1.916914e-02
7.150808e-02
-9.852270e-02
-2.444097e-01
-1.137929e-01
1.824430e-01
1.932999e-03
-1.241210e-01
1.759837e-01
2.325100e-01
4.492662e-02
7.744484e-02
9.348104e-03
5.376149e-02
-9.024502e-02
-8.287477e-02
6.016480e-02
2.728723e-02
-7.890474e-02
6.101405e-02
4.667584e-02
6.355776e-02
-4.375045e-03
-6.562544e-02
2.305490e-03
3.783737e-02
-2.041738e-02
-6.088058e-03
4.478225e-02
-8.528020e-03
-2.739058e-02
-7.575502e-02
9.343004e-02
8.351104e-02
3.837820e-02
3.458697e-02
7.543668e-02
-1.272527e-03
-4.453053e-02
9.479388e-03
-1.945194e-02
-3.621368e-02
-7.013955e-03
-4.517922e-02
1.086447e-02
1.626946e-02
-8.534903e-02
8.068500e-02
-3.209950e-02
4.142245e-02
3.536428e-02
-4.935122e-02
-1.366018e-03
-2.730362e-04
1.025237e-02
1.868514e-03
2.675902e-02
-1.371691e-01
4.320485e-02
-1.641614e-01
-5.617058e-02
8.193862e-02
-4.901722e-02
-2.200329e-02
-2.788615e-02
8.811698e-02
9.255137e-02
-2.231740e-02
-4.692722e-02
-1.185261e-01
-1.527740e-01
-3.764532e-02
-3.795827e-02
4.608797e-02
1.782000e-01
8.256052e-02
-4.730929e-02
1.601563e-01
-8.911050e-02
-9.445741e-02
6.786943e-02
-5.998059e-02
-3.970984e-02
2.378840e-02
-4.716140e-02
-4.049403e-02
-3.217360e-02
-1.009217e-01
6.110672e-03
-3.132133e-02
3.485106e-02
1.060173e-01
-1.466172e-01
-1.989378e-01
4.892614e-02
-1.275355e-01
5.642362e-02
1.581026e-01
2.952565e-02
9.552281e-02
-3.142053e-02
-4.847085e-02
-4.312257e-02
2.685013e-03
-4.587063e-02
1.473182e-02
8.992003e-02
-6.078916e-02
4.746833e-02
7.350438e-02
-2.008046e-01
-6.469164e-02
1.502461e-01
6.063304e-02
3.406808e-01
1.795241e-02
-3.011853e-03
-1.688228e-02
-2.251355e-01
1.449746e-02
1.245577e-02
-4.898232e-03
5.395510e-02
2.324417e-02
1.414349e-02
2.599327e-02
-2.155145e-02
1.000906e-02
-2.360245e-02
3.292906e-02
-1.682053e-01
8.418691e-02
-1.550225e-01
-1.601532e-01
-1.469373e-01
-1.313450e-01
5.075530e-02
-1.907735e-02
6.470578e-02
8.926070e-02
-3.313702e-02
3.051084e-02
-1.345290e-02
4.249344e-02
-4.020176e-03
-5.570509e-03
-1.102331e-02
-5.341528e-02
-1.758762e-02
-8.217423e-02
-7.588840e-02
-7.203167e-03
-1.327393e-02
2.437879e-02
3.746004e-02
-2.229941e-01
2.310904e-02
-9.127811e-02
-4.351538e-02
2.496939e-01
-9.721211e-02
4.272138e-02
-7.107175e-03
-2.065942e-01
-1.376543e-02
-2.128335e-02
-1.798123e-02
2.907743e-02
-7.645841e-03
1.815557e-02
-2.457887e-02
-3.736465e-02
1.859489e-02
-2.172730e-02
-2.643422e-02
3.919482e-02
-5.218879e-02
9.142152e-05
3.805717e-02
2.713196e-02
6.545496e-02
1.879692e-02
5.681965e-02
1.106269e-01
6.744374e-02
5.945887e-02
4.412628e-02
3.650742e-02
7.175388e-02
-8.974955e-03
1.695252e-02
-1.015085e-02
-3.104752e-02
-3.286298e-02
-8.194679e-03
-2.807921e-02
-2.631272e-02
-2.074718e-02
-3.750910e-02
-3.243875e-02
-1.210808e-02
4.864049e-02
3.207369e-02
1.568961e-02
3.733322e-02
7.985175e-02
3.957099e-03
-2.264174e-03
4.534087e-02
1.707917e-02
3.372402e-03
1.448003e-02
-5.421585e-02
-5.052937e-02
-4.117683e-02
-3.943253e-02
-3.285538e-02
-2.340883e-02
6.426146e-02
1.969584e-02
1.258165e-02
5.121496e-03
-1.362061e-02
-1.365007e-02
-1.458069e-04
1.719801e-03
3.009180e-02
6.346682e-02
4.039652e-02
5.590012e-02
7.831322e-03
-1.142444e-02
1.753497e-02
-1.816011e-02
-4.064262e-02
-1.314398e-02
-2.522233e-02
-2.963500e-02
-1.864090e-02
7.668127e-03
-8.597968e-03
-1.071224e-02
-6.883563e-04
2.792986e-03
-5.907320e-03
-3.271839e-02
-3.352263e-02
4.292474e-03
1.267151e-02
1.066423e-03
2.714949e-02
-5.318991e-03
-2.087112e-02
5.521345e-04
-6.682324e-02
-4.221031e-02
-5.202584e-02
-6.935049e-02
-8.369581e-02
-5.974139e-02
-5.280045e-02
-4.573438e-02
-4.571076e-02
-7.437872e-03
-1.405796e-02
-6.820964e-03
-6.449090e-04
-1.876368e-02
-6.630718e-03
3.784796e-02
1.219888e-02
2.877127e-02
-1.525125e-04
-1.074322e-03
-4.704763e-03
-1.548990e-02
-1.001366e-02
-1.883842e-02
2.111127e-02
-7.483212e-03
-1.311135e-02
5.100824e-03
1.369000e-02
-3.177013e-03
6.780297e-02
6.221069e-02
4.738715e-02
2.179464e-02
1.306429e-02
-1.456292e-02
-1.556469e-02
-1.713577e-02
3.018219e-02
-3.798220e-02
-4.426034e-02
-2.492161e-03
4.116743e-04
-1.615557e-02
1.215260e-02
4.627172e-03
4.760733e-03
-2.144668e-02
-7.075301e-03
-4.467506e-03
-5.390597e-02
1.089114e-02
1.346548e-02
-6.087243e-02
-1.073131e-02
-2.814253e-02
-1.142090e-02
-1.618741e-02
-2.548075e-02
-6.852604e-03
-2.654302e-02
-2.619268e-02
-5.212136e-03
-2.105880e-02
4.866060e-03
-5.098337e-03
-2.039708e-02
-6.295347e-03
-8.419443e-03
9.235157e-03
1.046201e-02
1.543764e-02
2.352878e-03
4.656769e-02
-9.009313e-03
6.083699e-02
9.393536e-02
4.997332e-02
8.369684e-03
3.417127e-02
-7.562307e-03
2.588741e-02
-3.896951e-03
-3.626580e-02
6.391808e-02
7.134470e-02
4.150362e-02
5.644922e-02
2.275426e-02
4.002298e-03
-1.378296e-01
3.460253e-02
7.559998e-02
1.189171e-01
1.782818e-01
-1.412109e-01
7.667092e-03
-7.994159e-02
-2.094361e-02
-3.511792e-02
-1.214135e-01
-9.141541e-02
-1.148796e-01
-4.857925e-02
7.910717e-02
4.246350e-02
8.778531e-02
-3.530090e-02
4.313129e-02
-8.861397e-02
4.119070e-02
-2.476855e-02
1.650565e-02
1.325596e-01
2.425676e-02
6.712754e-02
-3.495604e-02
-2.752322e-02
-5.100900e-02
1.259435e-02
-6.281242e-02
3.695890e-02
6.981973e-02
3.723176e-02
1.119193e-01
2.039741e-02
-1.582373e-01
6.581406e-02
5.191094e-02
1.368476e-01
2.098339e-01
-5.317071e-02
3.789805e-02
-1.903047e-01
-2.233216e-01
-7.206726e-02
-3.270063e-02
5.121221e-02
-2.331869e-02
2.504176e-02
4.712642e-02
3.972094e-02
6.344257e-03
-2.053595e-02
-6.045185e-02
3.266632e-01
1.287196e-02
2.905309e-01
-4.394756e-02
-2.949502e-01
-1.569228e-01
-2.378852e-01
1.277479e-01
7.653245e-02
7.850009e-02
4.018918e-02
2.862454e-02
2.208252e-02
1.846826e-02
-1.114402e-02
1.684170e-02
2.402518e-02
5.651965e-02
-8.275225e-02
-1.261375e-01
-1.352441e-01
-7.621039e-02
9.564602e-02
-9.197143e-02
2.322886e-01
1.090707e-02
2.091926e-02
7.554922e-02
-6.236292e-02
4.929670e-02
5.125874e-02
-4.928080e-02
2.359288e-02
1.690490e-02
1.112573e-01
-1.019900e-01
-2.700623e-02
4.365232e-02
-5.977004e-02
2.616066e-02
7.786404e-03
7.955924e-02
9.886598e-02
1.970589e-02
2.416290e-03
1.035723e-01
-4.407885e-02
1.089008e-01
-1.214066e-01
-1.693843e-01
-1.239441e-01
-1.646879e-01
3.171425e-02
2.501656e-02
-7.897343e-05
6.540089e-03
-7.568723e-03
-9.446378e-03
4.896936e-02
-4.202929e-02
4.683326e-04
4.952742e-02
-6.468402e-03
1.354563e-02
1.093590e-02
1.392645e-02
6.472072e-02
-1.541623e-02
2.668773e-02
-3.663536e-03
-6.205165e-02
4.548717e-02
6.090308e-04
-1.087154e-02
-2.164994e-02
-4.151054e-02
1.324619e-02
-3.992550e-02
-5.357539e-02
-2.619312e-02
1.152279e-02
-2.102482e-02
-5.937745e-02
1.078103e-02
4.755937e-02
5.282620e-02
-2.721340e-02
2.301515e-02
1.113798e-01
-9.613984e-02
2.516060e-01
2.810293e-02
-9.794554e-02
-1.009782e-01
1.222390e-01
6.788386e-02
-1.080148e-01
-9.222736e-02
5.720954e-02
-1.184538e-01
-1.495172e-01
1.825131e-01
2.929989e-02
-9.581297e-02
-2.031728e-02
7.265923e-02
7.950300e-02
5.684165e-02
-1.691443e-01
-1.364024e-01
7.340448e-02
1.102802e-01
-9.291229e-02
-1.250334e-02
8.172340e-02
4.124554e-03
8.776262e-02
6.827811e-02
-8.036876e-03
4.083614e-04
1.693595e-01
1.047518e-01
-1.426037e-01
-3.296774e-02
4.474150e-02
-1.452389e-01
-1.250280e-01
-3.296240e-02
1.807923e-01
3.729262e-02
-9.958892e-02
1.130983e-01
1.170469e-01
6.041714e-02
2.270927e-02
7.776176e-02
4.146584e-02
-8.070124e-02
-1.580778e-03
3.823428e-02
-2.165765e-02
-3.812400e-02
-2.413215e-02
-2.616055e-01
-1.719060e-02
1.735287e-01
-1.514277e-02
-2.999347e-01
-4.423202e-03
1.875823e-01
1.243984e-01
-8.180858e-02
5.874852e-02
-1.022977e-02
9.044192e-03
5.072598e-02
5.758101e-03
1.084574e-02
5.538892e-02
-1.106151e-02
8.750643e-06
1.427782e-02
-6.979661e-02
-5.244824e-02
-9.978872e-02
2.392615e-03
-7.629031e-02
-8.887437e-02
-1.190917e-01
2.296248e-02
-6.270575e-02
1.142818e-01
2.892831e-01
-3.421584e-02
-1.770588e-01
6.609397e-02
2.746921e-01
6.863963e-02
-5.900050e-02
6.712862e-02
4.995327e-02
1.841860e-02
-2.909046e-02
5.891799e-02
5.771154e-02
-6.860381e-02
-1.683425e-02
-3.558490e-02
-1.878409e-01
-6.085286e-02
1.011466e-01
2.830554e-02
-2.332140e-01
-1.849802e-03
1.154714e-01
-7.001819e-02
-1.542152e-01
6.784531e-02
1.238834e-02
1.568298e-02
5.563196e-02
5.240495e-03
-1.018803e-03
-2.871937e-02
-3.497251e-02
-4.768301e-02
-3.838426e-02
1.317719e-02
2.374728e-02
-3.053784e-03
2.111447e-02
9.429507e-03
-4.571840e-03
-3.479517e-02
-6.944335e-02
-1.454376e-01
-6.517043e-02
-1.138221e-01
-2.195206e-02
5.254703e-02
-8.647473e-02
-4.557420e-02
5.141071e-02
-5.486434e-02
-3.627187e-02
-2.760792e-02
-2.185953e-03
-2.355691e-02
-4.921917e-02
1.960781e-02
-2.009766e-02
2.726955e-02
3.180358e-02
6.715759e-02
-1.894083e-01
-1.651546e-01
2.091873e-01
3.679726e-02
-1.833100e-01
-4.687358e-02
7.162218e-03
-2.780744e-02
2.755305e-02
1.267186e-01
8.298865e-02
-1.085392e-01
-4.691300e-02
7.360176e-02
-4.219001e-02
-9.040623e-02
-7.895534e-02
-7.396212e-02
5.254854e-02
1.852962e-01
-9.342009e-02
-1.772556e-01
9.919773e-02
3.791569e-02
-1.778671e-01
3.885796e-02
-9.929237e-02
-9.519605e-02
2.707231e-02
9.930543e-03
-1.060132e-01
-8.300512e-02
1.692707e-01
7.860110e-02
-3.813384e-02
-2.293514e-02
1.905219e-01
7.767992e-02
-1.205347e-01
7.430726e-03
1.297083e-01
-3.428647e-02
-1.576912e-01
-6.192568e-02
-6.287338e-02
-8.538167e-02
-1.296690e-02
8.112419e-02
-3.339140e-02
-7.885073e-02
1.217755e-01
8.627764e-03
-9.322928e-02
7.414553e-02
7.450464e-03
-1.836831e-01
-9.622489e-02
2.163945e-01
2.700952e-02
-9.093664e-02
1.007449e-02
2.039024e-02
-5.955461e-02
-5.666562e-03
1.763929e-02
-6.237133e-02
-5.927584e-02
-9.365757e-03
-9.156807e-03
-5.909037e-02
-5.890507e-03
4.447552e-02
-1.000291e-02
5.324226e-02
3.765070e-02
-3.795807e-02
-5.289461e-02
-2.916468e-02
1.035435e-01
3.073508e-02
2.904471e-01
6.145664e-02
-1.453924e-01
8.583143e-02
2.390988e-01
2.341341e-02
-1.344282e-01
3.260012e-02
2.064340e-01
-1.065261e-01
-6.182890e-02
1.922307e-02
1.505206e-02
-4.908140e-02
-3.704124e-02
1.069699e-01
3.945754e-02
5.809780e-03
-2.438232e-03
4.248891e-02
-2.111394e-01
-7.924965e-02
2.203777e-01
6.147625e-02
-1.476561e-01
-1.219178e-01
5.224993e-02
-1.506094e-02
1.454130e-02
2.971455e-03
3.475844e-03
3.101308e-02
3.612061e-02
1.609943e-02
-3.684842e-03
9.061775e-03
3.741074e-03
-7.694465e-02
-4.191955e-02
1.643116e-02
-4.899604e-02
-9.015763e-02
9.148531e-02
1.855307e-02
-2.860258e-02
-1.361226e-01
-9.382644e-02
-1.084883e-01
-9.872852e-02
3.904748e-03
-4.997683e-02
-5.157939e-02
-9.341275e-02
-5.856553e-02
4.973397e-02
9.764767e-02
5.846703e-02
2.562782e-02
2.000275e-02
-1.186255e-02
-1.461922e-02
-2.823781e-03
-2.238068e-02
-1.772139e-03
-1.393066e-01
-1.984343e-02
4.605367e-03
1.852462e-01
5.427375e-02
1.020136e-01
8.568863e-02
-5.242258e-02
9.967694e-02
1.300641e-01
3.604641e-02
-1.979022e-01
-1.504244e-01
-2.605987e-01
-2.257925e-01
-1.366592e-01
-1.443562e-01
2.698666e-01
2.998954e-01
3.036360e-01
-3.055633e-02
-1.304023e-01
-5.522065e-03
-1.490120e-01
-1.121698e-01
-1.525271e-01
-1.277515e-01
-6.340940e-02
-4.983696e-02
-1.284894e-01
-1.273928e-01
-7.132825e-02
1.465202e-01
1.963353e-01
1.316628e-01
-6.571526e-02
-1.255957e-01
-1.480543e-01
-7.834299e-03
5.433111e-02
3.684333e-02
9.221524e-02
7.496028e-02
2.355315e-02
2.683848e-04
-3.653221e-02
-2.500661e-02
-6.657599e-02
-3.527725e-02
1.775785e-02
2.260870e-02
6.315407e-02
2.250383e-02
-9.712120e-04
-1.195897e-01
2.754938e-02
2.446800e-01
4.892780e-01
1.612044e-01
-4.321767e-02
-1.644820e-01
-1.424782e-01
9.190115e-02
1.192883e-01
8.603858e-02
5.801091e-02
8.671726e-02
7.682757e-02
2.852901e-02
4.121653e-02
4.679817e-02
1.328836e-01
1.618668e-01
2.104321e-02
4.789244e-02
-1.157895e-01
-1.473877e-01
-1.807771e-01
-6.712292e-02
4.907967e-02
-7.602239e-02
-7.515924e-02
-3.725031e-02
-3.462297e-02
-4.642473e-03
-2.794688e-02
2.535187e-02
4.583852e-02
8.215042e-02
-6.835745e-02
-2.466413e-02
6.842538e-03
-1.145122e-01
-7.488014e-02
-2.169909e-02
8.728638e-02
5.975140e-02
3.867996e-02
-1.338057e-02
-7.612310e-02
8.115591e-03
-2.052257e-02
9.748870e-02
9.980160e-03
4.969523e-02
-8.319481e-02
3.227168e-02
-1.340728e-02
-7.172522e-05
1.571058e-02
-6.824272e-02
-5.166806e-02
-2.629170e-02
2.247839e-02
4.669419e-02
7.621369e-02
-1.026768e-01
-1.086965e-01
-1.539562e-01
1.510844e-02
-6.718321e-03
-6.208156e-02
7.865883e-02
9.179566e-02
-1.061767e-02
3.129915e-02
7.641887e-02
7.647759e-02
-2.893435e-02
-7.955355e-03
1.221624e-02
-9.091867e-02
-8.890179e-02
-3.150997e-02
-4.883341e-02
-6.304095e-02
-9.912276e-02
4.972929e-02
6.838191e-02
3.432618e-02
3.498261e-02
6.233461e-02
7.728183e-02
9.431794e-02
2.107896e-02
-2.915104e-02
6.754190e-03
-1.542330e-02
-7.240100e-02
-1.244284e-01
-6.209364e-02
-9.755747e-03
-7.939572e-02
-2.550492e-02
-7.028425e-03
-1.186640e-01
-4.845816e-02
-3.768088e-02
-9.029050e-02
-4.819030e-02
4.935019e-02
-5.824175e-02
-6.334700e-02
-3.915758e-02
-6.099215e-02
-6.990790e-02
-5.962564e-02
1.056758e-01
5.003698e-02
1.424120e-02
-8.007742e-02
-1.237117e-01
-1.390680e-01
1.632462e-02
1.593072e-02
1.062563e-02
4.523427e-02
5.718178e-02
7.536605e-02
4.679901e-02
-2.137058e-02
-7.738210e-02
7.970884e-03
-5.155608e-02
-4.922796e-02
-9.869865e-03
2.004272e-02
3.378979e-02
3.972657e-02
2.233946e-02
5.916733e-02
-8.997418e-04
-2.142681e-02
-2.275847e-02
9.954529e-03
-4.771386e-02
-7.777713e-02
5.803724e-02
9.301295e-02
2.073018e-01
-2.243980e-02
-7.909352e-02
-8.383670e-02
-1.875082e-02
-1.282533e-01
-1.212999e-01
-3.652980e-03
2.194118e-02
4.412708e-02
-2.173836e-02
-3.393872e-02
-2.046132e-02
6.686610e-03
-1.624692e-03
-2.385539e-02
4.526115e-02
1.269920e-01
8.265734e-02
-3.468328e-02
-9.238064e-02
-4.118920e-02
-1.135530e-02
-1.023169e-01
-1.086026e-01
5.643195e-02
4.244067e-02
3.496011e-02
-2.248539e-02
-2.972165e-02
-4.293053e-03
1.278978e-02
-1.404667e-02
-3.123764e-03
6.247458e-03
-5.980125e-02
-7.234600e-02
3.921041e-02
-3.547363e-03
4.184142e-03
5.483483e-02
4.876540e-02
6.316222e-02
3.409190e-02
9.837838e-02
9.807083e-02
-1.530238e-02
-5.979978e-02
-6.232455e-02
1.819388e-02
-5.428746e-02
-9.561605e-02
-3.706382e-02
-2.557098e-02
-1.250965e-02
7.657856e-03
-6.196719e-03
-1.971327e-02
3.784733e-02
2.655198e-02
-9.282687e-03
1.472043e-02
2.965449e-02
4.230784e-02
1.392117e-02
3.878907e-02
7.436949e-02
-9.201181e-03
-2.151040e-02
-1.166070e-02
-9.784268e-04
6.692473e-02
9.995704e-02
-3.884090e-02
-4.376173e-02
-5.270336e-02
-2.906863e-02
-7.890813e-02
-1.213679e-01
1.453284e-03
-4.764067e-02
-3.407980e-02
1.289760e-02
1.458661e-02
-1.105942e-03
6.589414e-02
4.152068e-02
4.644689e-02
1.004480e-01
2.683067e-01
7.132157e-02
-6.304398e-02
-2.389098e-01
-6.464647e-02
-3.065898e-02
5.607926e-02
-3.973088e-02
-2.682613e-01
-2.308871e-01
-2.356409e-01
5.546392e-02
2.197545e-01
7.675921e-02
-1.753564e-01
-6.958584e-02
-2.363982e-02
-1.732010e-01
-1.919942e-01
-8.729786e-02
1.610403e-02
2.338263e-01
-2.786161e-02
9.639306e-02
-4.074986e-03
2.009869e-01
4.685953e-02
3.701834e-02
1.737584e-02
-1.318942e-02
1.147008e-01
7.989030e-02
-6.578510e-02
-9.085400e-02
-4.596080e-02
-3.126451e-02
3.373415e-02
2.033127e-02
5.502521e-02
-2.640885e-02
-9.895589e-02
7.024018e-03
-1.638253e-02
5.526993e-03
6.572175e-03
4.761836e-02
-1.298799e-03
-2.634718e-02
-3.172477e-02
-1.046185e-01
3.514190e-02
1.338093e-02
5.918413e-02
2.223307e-02
3.717439e-01
5.858935e-02
-2.300937e-01
-5.516812e-01
-3.177423e-01
1.851889e-01
5.757555e-01
2.310053e-01
9.204996e-02
6.450696e-02
1.105033e-01
9.470356e-02
7.810014e-02
6.431509e-02
6.964432e-02
4.350716e-02
9.009010e-02
3.706996e-02
-1.508753e-01
-1.526199e-01
-1.738526e-02
2.170251e-01
1.374514e-01
4.090326e-02
-7.426804e-02
-1.836841e-01
4.581919e-03
3.323724e-02
4.033894e-02
-4.219695e-02
-8.798110e-02
4.681818e-02
-1.291215e-02
2.611545e-02
5.795395e-02
2.122265e-02
6.642450e-02
-9.773890e-03
2.671049e-03
2.387599e-02
-2.700748e-02
-3.100349e-02
-2.071186e-02
-5.060743e-02
3.427604e-02
1.279824e-01
2.198369e-02
5.631484e-02
-1.533142e-01
3.911261e-02
-1.956095e-02
1.594613e-01
-1.123245e-03
-2.348072e-02
-2.052739e-02
-1.249568e-02
-3.731524e-02
-1.939678e-02
9.397785e-03
5.180372e-02
5.465921e-02
4.438927e-02
5.152654e-02
1.388582e-02
3.159417e-02
3.133549e-03
4.455492e-02
2.345604e-02
-2.344594e-02
-7.456837e-02
-8.670872e-02
-5.137751e-02
-4.098118e-02
3.946767e-02
-2.449161e-02
-3.848908e-02
2.204799e-03
-6.273411e-02
-7.177014e-02
-3.055648e-02
