-1.193710e-01
6.590829e-02
-3.469730e-02
-1.583205e-01
-4.291427e-02
-1.834983e-01
-1.154318e-01
-5.831121e-02
6.179279e-02
-7.323244e-02
-6.946875e-02
-1.417644e-01
4.612259e-02
-3.389687e-02
1.656361e-01
-8.435249e-02
-9.703822e-02
-5.618908e-02
-4.608917e-02
-9.276580e-02
-9.998462e-02
-1.181020e-01
-3.480142e-02
-1.215673e-01
1.262544e-01
-2.789100e-02
-7.122786e-02
-8.245223e-02
-4.409064e-02
-4.479466e-02
-9.871541e-02
-1.519259e-01
-7.897500e-02
-5.230834e-02
-7.831955e-02
-1.474989e-01
-1.504582e-01
-1.033489e-01
-6.991784e-02
-9.448002e-02
-2.205190e-01
1.518264e-01
-6.775083e-02
-8.660692e-02
-5.201827e-02
-6.698816e-02
-1.569264e-02
-1.090088e-01
1.005055e-02
-2.099551e-02
-1.453354e-01
-1.372488e-01
-4.092019e-02
-4.765467e-02
-3.571375e-02
-9.510508e-02
4.325897e-02
-4.707400e-03
-1.766866e-01
-6.990618e-02
-1.046126e-01
-7.634497e-02
-1.475339e-02
1.455959e-02
