8.210840e-01
1.027113e+00
1.030402e+00
7.816822e-01
9.243226e-01
8.082644e-01
7.798309e-01
9.555711e-01
1.022532e+00
9.671550e-01
8.832991e-01
8.765838e-01
9.895772e-01
8.344045e-01
1.101364e+00
9.722664e-01
9.677068e-01
1.076879e+00
7.608086e-01
8.433841e-01
9.998144e-01
9.970084e-01
8.742270e-01
8.516039e-01
9.705446e-01
9.977586e-01
1.018341e+00
9.334247e-01
1.018875e+00
1.140274e+00
9.036605e-01
1.069520e+00
1.062479e+00
1.151233e+00
9.471408e-01
9.625972e-01
1.055660e+00
8.500138e-01
8.823654e-01
8.054590e-01
6.782323e-01
1.033714e+00
9.115313e-01
9.930127e-01
8.415567e-01
7.939172e-01
8.739998e-01
8.577799e-01
9.520544e-01
1.089261e+00
9.891047e-01
9.016972e-01
8.214733e-01
9.396057e-01
9.475019e-01
1.021297e+00
7.693323e-01
8.811527e-01
8.702633e-01
1.062525e+00
1.054736e+00
9.754696e-01
8.690325e-01
8.971510e-01
