2.776451e+00
2.405886e+00
2.170870e+00
2.248618e+00
2.134891e+00
3.989604e+00
2.378258e+00
1.964834e+00
2.023773e+00
1.802205e+00
2.389965e+00
1.445979e+00
2.024460e+00
2.287779e+00
1.732347e+00
1.913476e+00
1.528524e+00
1.731164e+00
1.962785e+00
2.891358e+00
1.958121e+00
1.962221e+00
3.413849e+00
1.916963e+00
2.031445e+00
1.970180e+00
2.643945e+00
2.098451e+00
3.173427e+00
2.118737e+00
2.213589e+00
1.676751e+00
1.715895e+00
2.087132e+00
1.476958e+00
2.343251e+00
2.261873e+00
1.752365e+00
2.105809e+00
2.019622e+00
2.392811e+00
2.635679e+00
2.794137e+00
1.788237e+00
2.234884e+00
2.335059e+00
1.992635e+00
2.712741e+00
2.020857e+00
2.452274e+00
2.081720e+00
2.162013e+00
2.372581e+00
2.015213e+00
2.408646e+00
2.112338e+00
1.471111e+00
2.402827e+00
2.018781e+00
2.054495e+00
1.805390e+00
2.581482e+00
2.524455e+00
2.679030e+00
