4.974872e-01
4.155998e-01
4.603471e-01
3.812028e-01
3.853402e-01
4.436313e-01
4.613901e-01
3.680954e-01
4.412730e-01
4.203244e-01
4.312014e-01
4.873101e-01
4.218722e-01
4.982066e-01
4.241134e-01
3.746646e-01
5.992690e-01
4.608608e-01
3.829905e-01
3.881338e-01
3.722341e-01
4.287964e-01
4.483110e-01
4.425849e-01
4.421442e-01
4.376238e-01
4.422838e-01
5.624332e-01
3.924002e-01
4.985901e-01
4.163157e-01
3.470941e-01
3.884313e-01
4.401542e-01
3.991550e-01
4.294460e-01
4.306327e-01
3.586109e-01
4.203777e-01
4.458531e-01
4.091969e-01
5.243024e-01
4.256808e-01
4.238057e-01
4.934209e-01
3.381220e-01
4.400506e-01
4.285532e-01
5.056966e-01
4.401553e-01
4.408623e-01
4.205157e-01
4.675338e-01
5.349194e-01
3.982298e-01
3.963909e-01
3.992672e-01
4.606413e-01
4.142213e-01
4.130472e-01
4.622433e-01
3.818393e-01
3.691571e-01
4.760335e-01
