4.672545e+00
5.505683e+00
5.789362e+00
7.538477e+00
3.828544e+00
4.870589e+00
4.818217e+00
4.607151e+00
4.621427e+00
3.805769e+00
4.451282e+00
4.352772e+00
5.721706e+00
5.655920e+00
7.192866e+00
3.776196e+00
5.172193e+00
4.850599e+00
4.389061e+00
3.848672e+00
5.316185e+00
4.904035e+00
4.714949e+00
4.755506e+00
4.758961e+00
4.432164e+00
8.069623e+00
5.866308e+00
6.983803e+00
5.412151e+00
4.471094e+00
4.626938e+00
4.913657e+00
6.540823e+00
5.429634e+00
4.563568e+00
4.629991e+00
7.337878e+00
5.946373e+00
4.381488e+00
5.513516e+00
5.386837e+00
5.492439e+00
6.128153e+00
4.196032e+00
6.121278e+00
6.764944e+00
5.229896e+00
4.478152e+00
4.920023e+00
5.517906e+00
4.888157e+00
5.642771e+00
5.511921e+00
4.658386e+00
5.686598e+00
8.362954e+00
5.652880e+00
5.246100e+00
5.652398e+00
5.550899e+00
3.327953e+00
5.007188e+00
4.946304e+00
