1.131122e+00
1.298356e+00
1.120986e+00
1.244362e+00
1.196865e+00
1.099033e+00
1.189323e+00
1.726163e+00
1.007494e+00
1.177921e+00
8.136786e-01
1.172807e+00
1.133468e+00
1.570138e+00
1.293264e+00
2.702630e+00
1.199106e+00
1.404066e+00
1.517703e+00
2.312485e+00
1.624789e+00
2.191935e+00
1.740610e+00
2.094679e+00
1.376286e+00
1.281916e+00
1.062841e+00
9.353841e-01
1.269417e+00
1.012930e+00
1.132359e+00
1.111862e+00
6.956422e-01
1.743019e+00
1.480888e+00
1.261708e+00
1.161763e+00
1.796265e+00
1.710628e+00
7.912625e-01
2.588963e+00
8.840199e-01
1.384052e+00
1.160865e+00
1.210883e+00
1.767819e+00
1.126027e+00
9.883662e-01
1.186283e+00
1.170196e+00
1.204910e+00
1.568309e+00
1.578704e+00
1.249865e+00
1.358756e+00
1.326406e+00
1.479645e+00
1.142465e+00
1.469719e+00
1.620359e+00
1.430948e+00
1.526463e+00
1.584930e+00
1.685826e+00
