1.473255e-02
4.394222e-02
2.283180e-02
-1.131897e-02
3.289538e-03
-6.542418e-03
-4.142985e-02
-8.309864e-03
-2.106182e-02
-1.112577e-01
-1.820440e-01
-1.991100e-01
-6.040918e-03
-8.033931e-02
-1.590483e-01
-1.537677e-02
-1.996489e-02
-6.510200e-02
6.021503e-02
5.208239e-02
9.737433e-02
1.157295e-01
9.061274e-02
2.017289e-01
1.308615e-01
1.505426e-01
1.849465e-01
-9.503145e-02
-6.023297e-02
-1.045854e-01
-6.273861e-03
1.345941e-04
-5.264513e-05
5.549350e-02
4.010475e-03
-5.603945e-03
-3.889938e-02
-4.831092e-03
-1.197505e-02
4.816744e-03
1.330653e-02
1.455559e-02
-1.279120e-02
-2.633373e-03
-3.073935e-02
-2.019114e-02
1.275210e-02
1.917793e-02
-2.254531e-02
1.106634e-02
7.960223e-02
2.033732e-02
3.326286e-02
2.628781e-03
-3.323670e-02
-5.977511e-02
-7.433943e-02
-1.508514e-04
-6.385552e-03
-3.204867e-02
2.881907e-02
1.567105e-02
-1.753328e-02
4.016482e-02
6.223906e-02
3.672678e-02
1.148095e-01
4.683165e-02
1.327516e-01
1.352035e-01
1.886408e-01
1.414055e-01
-3.298807e-03
-4.423693e-02
-3.470564e-02
-3.060106e-02
-5.429230e-02
-3.949995e-02
1.009944e-02
-2.660935e-02
-2.246326e-02
-7.006104e-02
-8.435591e-02
-5.538866e-02
-1.015089e-01
-1.244070e-01
-1.149473e-01
1.058420e-02
-6.709843e-02
-4.591131e-02
6.007057e-02
4.312624e-02
1.268663e-01
1.555336e-01
2.090726e-02
1.221885e-01
7.670697e-02
9.299672e-02
1.051011e-01
-2.172124e-02
-2.177290e-02
-2.126430e-02
6.850930e-02
7.298458e-02
6.334416e-02
1.842300e-03
3.873741e-03
-2.451557e-02
-2.125704e-01
-2.199502e-01
-1.421207e-01
-2.958617e-01
-1.991369e-01
-2.673122e-01
-1.391989e-01
-2.003113e-01
-1.172758e-01
-5.403885e-02
-4.589235e-03
-6.231711e-02
2.390822e-02
6.271143e-02
-1.111194e-03
5.987619e-02
7.805952e-02
2.210148e-02
2.526247e-02
-3.498716e-02
3.112923e-02
-2.131152e-02
-8.045784e-02
-1.789210e-03
-2.287045e-02
-7.270304e-02
2.800652e-02
-7.682812e-03
-7.021845e-02
-2.715353e-02
-2.893792e-02
-9.883966e-02
-4.216992e-02
1.648410e-04
-5.315082e-02
4.143030e-02
-2.876421e-02
-5.040996e-02
-4.144267e-02
-2.474820e-02
7.206733e-04
4.138983e-04
-2.030025e-02
3.105534e-02
4.255612e-02
2.937508e-02
2.574930e-01
9.760906e-02
-7.232252e-02
2.426056e-01
1.160481e-01
-5.409793e-02
1.087945e-01
9.717353e-02
5.446462e-02
2.719531e-03
-1.267073e-02
7.454304e-02
-3.663160e-02
-1.089724e-01
6.115959e-02
-6.264416e-02
-1.120828e-01
7.081567e-02
-4.860326e-02
-8.766366e-02
1.776698e-01
3.573278e-02
-1.253981e-01
1.571812e-01
1.504982e-01
-9.556583e-02
1.509001e-02
4.473838e-02
-3.395211e-02
-4.254125e-02
5.479338e-02
-7.654114e-03
-7.037038e-02
3.389598e-02
3.218581e-02
2.063881e-01
-1.054951e-01
-2.063444e-01
3.118058e-01
-7.596155e-02
-2.928657e-01
2.375293e-01
5.816396e-02
-1.100650e-01
-5.679329e-02
-4.711145e-03
4.887832e-02
3.256498e-03
6.660186e-04
5.093368e-02
3.547857e-02
1.644337e-02
2.138044e-02
-2.712647e-02
-4.461661e-02
3.078946e-02
3.871769e-03
-7.761190e-02
-3.735565e-02
1.238211e-02
-2.288473e-02
4.014635e-02
-5.597093e-03
1.835853e-02
4.643326e-04
-1.159067e-02
-7.947836e-03
-3.962830e-03
-2.589360e-02
-3.997340e-02
-1.463476e-02
-2.717936e-02
-4.601557e-02
4.853498e-03
-1.954911e-02
7.203477e-02
-1.960936e-02
-2.462062e-03
-5.329158e-03
-3.586039e-02
-9.480230e-02
-8.691706e-02
9.740558e-02
-1.213462e-01
-1.730809e-01
1.523414e-02
-4.941864e-02
-1.065564e-01
-2.123462e-02
-1.070990e-03
9.997102e-03
6.350081e-02
-4.553402e-02
-7.899266e-02
8.592368e-03
4.050360e-02
-3.482345e-03
1.743025e-02
-3.520669e-02
-1.392482e-01
-7.276876e-02
-3.781323e-02
-2.784208e-01
-6.228366e-02
-4.693301e-02
-1.929747e-01
-1.616231e-01
9.345236e-03
-9.255434e-03
-5.072099e-02
1.010258e-02
3.375750e-02
-2.944376e-02
-6.408458e-03
3.089766e-02
7.102428e-03
-1.853282e-02
1.305573e-02
-1.547346e-02
3.546043e-02
7.921291e-03
-2.684456e-02
7.897641e-02
4.696357e-02
-2.245375e-02
-4.461247e-02
5.981646e-02
7.495818e-03
-5.873135e-02
7.317924e-02
8.002562e-02
-9.634049e-02
1.372040e-02
2.325410e-02
-1.758959e-02
-9.231397e-03
-3.212039e-02
1.871676e-02
9.721058e-03
6.313067e-03
-1.426619e-03
2.719083e-02
4.497937e-02
6.943823e-02
-2.441901e-02
-1.355716e-01
8.761977e-02
5.852313e-02
-6.350967e-03
3.605541e-02
-1.322616e-02
-3.987996e-02
1.054477e-01
2.385190e-01
2.501935e-01
2.840551e-02
8.315588e-02
9.782305e-02
-8.423958e-02
-9.311344e-02
-1.076327e-01
-7.047959e-02
-6.455912e-02
4.579130e-03
-1.436989e-02
-1.455931e-02
2.392841e-02
1.089305e-01
8.969539e-02
6.824608e-02
-3.473373e-03
3.043366e-02
7.013371e-02
4.646535e-04
3.540339e-02
4.905590e-02
-7.956260e-02
-2.955684e-02
-1.973807e-02
-1.609085e-03
2.468559e-02
-4.307610e-02
8.888438e-02
-2.826731e-02
-5.320915e-03
3.726180e-02
-2.459592e-02
1.008366e-02
-4.405558e-02
-3.429993e-02
-3.339307e-02
1.331671e-02
2.640377e-02
1.370449e-02
-8.312613e-03
6.160729e-03
-3.671837e-02
-1.427152e-01
-1.304467e-01
3.593311e-02
-1.216557e-01
-7.140363e-03
7.991876e-02
-1.272466e-01
-2.346620e-02
-7.234587e-03
-2.865907e-02
-4.846773e-02
-4.302498e-03
-2.544793e-03
-5.606197e-04
7.642782e-02
8.114092e-02
1.105882e-01
1.535557e-01
1.782408e-01
8.166351e-02
-5.087850e-02
9.641712e-02
-4.001529e-02
-2.318516e-01
-9.310247e-02
-1.893242e-01
-2.406913e-01
-1.166811e-01
-1.292824e-02
4.122080e-02
-4.727484e-02
1.655026e-02
1.542856e-01
-1.718763e-03
3.698361e-02
1.840467e-01
-7.325572e-02
1.591102e-03
1.112285e-02
8.034260e-03
5.647755e-02
3.911735e-02
2.253844e-02
3.099056e-02
-4.536587e-03
1.572220e-01
-5.821478e-02
-1.922942e-01
1.693679e-01
5.157939e-03
-1.487935e-01
1.313476e-01
-5.317729e-03
-7.127563e-02
-4.423493e-02
-1.305237e-02
-8.545930e-04
-2.031220e-02
4.392067e-02
5.801115e-02
-7.761052e-02
1.436889e-02
3.556528e-02
-2.132822e-02
-1.696838e-02
4.461443e-02
-1.240233e-02
4.876108e-02
3.192152e-02
-7.318075e-02
-5.103840e-02
-1.372962e-02
-3.852712e-02
-3.746555e-02
3.941537e-02
-8.779082e-02
-1.162869e-01
-8.840170e-02
-7.465233e-02
-1.749526e-01
-2.133368e-01
1.087764e-01
2.319307e-01
1.290456e-01
2.037558e-01
9.249729e-02
-1.170630e-01
8.590531e-02
-1.494972e-01
-2.666435e-01
-1.415002e-02
-4.316464e-02
-3.144095e-02
-3.594645e-02
1.195821e-02
5.831909e-02
-4.124905e-02
1.202983e-01
9.064355e-02
-1.307853e-03
-5.454448e-03
-3.454644e-02
-5.163340e-02
-6.010428e-02
-1.119402e-02
-9.269618e-02
-2.503179e-02
1.075082e-01
-1.076715e-02
9.952613e-03
4.088198e-02
-6.382044e-02
-3.453903e-02
5.014092e-02
5.053950e-03
8.818546e-02
4.781026e-02
-2.331592e-02
1.318296e-02
3.020494e-02
1.207404e-02
4.623817e-02
4.682796e-02
6.343670e-02
9.594329e-02
9.050871e-02
-6.299195e-02
-3.450274e-02
1.217476e-03
-4.184324e-03
-1.140405e-02
7.473508e-02
2.060919e-03
4.132844e-02
6.520769e-02
-1.091912e-01
-1.093115e-01
-2.228719e-04
-1.562014e-01
4.295504e-03
1.283545e-01
2.741526e-02
2.287026e-01
1.863533e-01
-2.676842e-02
1.214403e-02
3.869355e-02
6.354580e-02
8.528638e-02
-1.447395e-02
2.914598e-03
-7.369267e-02
-8.531338e-02
2.949426e-02
-2.530201e-02
-1.998051e-02
-2.372540e-02
-7.689000e-02
-9.392305e-02
-3.789302e-02
-9.363089e-02
-7.073572e-02
-5.625232e-02
-6.558931e-02
-1.983111e-02
-3.608109e-02
-7.220466e-02
9.438073e-02
-3.750704e-03
8.317806e-02
1.323540e-01
4.327322e-02
1.354092e-02
-1.503275e-02
1.479468e-02
-8.241971e-02
-6.904115e-02
2.684300e-02
2.842444e-02
-4.119347e-02
-1.677552e-01
-1.921245e-01
-8.289249e-02
-1.943087e-01
-1.462181e-02
1.646464e-01
-1.849133e-02
2.313041e-01
2.766374e-01
5.683494e-02
1.340499e-02
-4.991070e-03
-3.298329e-02
-6.898304e-02
3.006472e-02
-4.011662e-02
6.981699e-04
5.599841e-02
1.492427e-01
1.477975e-01
1.016911e-01
1.220974e-01
-1.497038e-02
-8.270314e-02
-1.849064e-02
-1.423194e-01
-1.318813e-01
1.937421e-02
-2.405532e-02
-4.995584e-03
-3.729541e-02
-5.134123e-02
3.230311e-02
-5.718015e-03
2.526170e-02
2.291292e-02
2.602875e-02
-6.940905e-02
-4.383954e-03
-1.280614e-02
-5.340773e-02
-3.326754e-02
5.095395e-03
-2.413430e-02
-2.879134e-03
2.640522e-02
5.290965e-03
6.408938e-03
2.512946e-02
-3.626088e-04
-1.325407e-02
1.851669e-02
-1.821491e-02
-3.675908e-02
-6.634177e-03
-7.316227e-02
-6.506934e-02
3.796477e-02
-2.120823e-02
-1.470370e-02
-2.196777e-02
1.487771e-02
-4.217789e-03
-6.157534e-02
-6.751070e-03
1.853197e-02
-5.349874e-02
-5.741366e-02
1.368655e-02
2.626104e-02
4.203789e-02
3.878404e-02
-2.465424e-02
2.665168e-02
8.228324e-02
1.652697e-02
-1.158685e-02
7.647141e-02
3.270127e-02
-3.433383e-02
-9.105105e-03
-1.672030e-01
-1.575363e-01
-1.073545e-01
-1.851069e-01
-1.750904e-01
-1.666402e-01
-1.380675e-01
-1.078950e-01
-1.123061e-01
-1.020135e-01
-5.239733e-03
7.219744e-02
-4.518986e-02
2.599535e-02
9.192591e-02
6.545431e-02
7.885660e-02
6.839681e-02
1.075003e-01
1.004159e-01
1.056480e-01
5.988607e-02
4.454020e-02
6.984048e-02
2.294385e-02
-8.555735e-03
3.737450e-02
-2.685135e-02
-1.699230e-02
1.485448e-02
-3.710993e-02
-3.437727e-02
-6.504528e-02
-6.729229e-03
4.296564e-02
3.011492e-02
8.869025e-02
1.162308e-01
7.225792e-02
6.620760e-02
3.994273e-02
5.792279e-02
2.305977e-02
7.973898e-03
3.343619e-02
-3.735365e-02
-4.280983e-03
6.760325e-02
3.467265e-03
-1.679053e-02
8.435027e-02
9.077120e-02
1.505498e-01
1.439998e-01
8.432789e-03
-3.105245e-02
-3.219931e-03
-2.297793e-02
-2.648162e-02
1.003040e-02
3.356754e-02
3.453298e-02
6.486890e-02
-1.157678e-01
-4.702477e-02
-6.249825e-03
-1.380694e-01
-8.193202e-02
-2.252504e-02
-1.526709e-01
-1.031416e-01
-4.779949e-02
3.105091e-03
-6.657410e-05
-1.232439e-02
1.239964e-01
4.529691e-02
-1.680848e-02
3.035436e-02
-1.653400e-02
-5.507422e-02
1.288994e-02
2.380964e-02
6.495748e-03
1.827991e-02
2.367389e-02
9.965545e-03
-2.438072e-02
-6.669562e-03
-2.459382e-02
-7.937036e-02
-6.971900e-02
-6.504271e-02
-7.028172e-02
-1.063367e-01
-6.653242e-02
6.839651e-03
1.076638e-02
-2.247696e-02
2.907186e-02
-4.027750e-02
-2.432754e-02
1.013242e-01
7.203777e-03
-4.529257e-02
1.831644e-01
1.189984e-01
3.278898e-02
6.282038e-03
2.807564e-03
-3.545117e-02
5.300909e-02
3.258800e-02
-1.997704e-02
4.623059e-02
4.610958e-02
1.766459e-02
-4.721908e-02
-7.727557e-02
-5.642784e-02
-4.105393e-02
-4.088847e-02
-3.200991e-02
-2.524350e-02
-3.462213e-02
-1.035018e-01
7.787576e-02
8.308974e-02
3.899296e-02
4.501733e-02
1.266239e-02
-4.856302e-02
-1.048045e-02
-1.071613e-01
-8.975650e-02
-5.367912e-02
-2.712745e-02
-1.137953e-01
-5.183593e-02
-6.434211e-02
-9.215974e-02
-3.846152e-02
-8.884457e-02
1.790873e-04
5.749088e-02
-2.325228e-03
-7.938215e-02
1.132232e-01
1.731502e-02
-4.790315e-02
1.336170e-01
4.642354e-02
-5.436775e-02
-1.401272e-01
-1.189196e-01
-1.165720e-01
-2.711796e-01
-1.980942e-01
-2.133133e-01
-2.198772e-01
-2.066889e-01
-2.183428e-01
1.910433e-02
7.428359e-02
3.899825e-02
9.132232e-03
3.834752e-02
1.711797e-02
-2.523947e-02
-1.619419e-02
-2.968415e-02
-8.773364e-02
1.210837e-02
6.546822e-02
-2.409115e-02
7.339859e-03
9.292269e-02
7.199640e-02
1.388688e-01
1.315106e-01
-7.317854e-02
-4.175658e-02
-6.182133e-02
-1.101695e-01
-3.617465e-02
-4.804994e-03
-6.165344e-02
-1.829633e-02
3.351231e-02
1.302719e-01
1.907555e-01
1.006448e-01
1.095689e-01
7.821757e-02
6.487960e-03
4.526414e-02
-9.654520e-02
-5.365611e-02
-5.423846e-02
-2.261621e-02
5.807187e-02
-6.333474e-02
-3.870307e-02
5.009009e-02
-9.086257e-04
-1.509671e-02
-2.460647e-04
-2.165719e-02
2.946417e-02
-3.359023e-03
6.377059e-03
4.363975e-02
2.643625e-02
2.254166e-02
4.810578e-02
8.384111e-03
4.943899e-02
-6.993066e-02
-1.015183e-01
5.115881e-02
6.111399e-02
-6.145981e-02
-1.079552e-03
-4.264987e-02
-8.657348e-02
-2.396818e-02
-2.502738e-02
-1.806232e-02
1.376407e-02
5.191150e-03
1.268071e-02
2.101032e-02
1.462514e-02
1.424103e-02
1.075436e-01
-2.551832e-02
-2.063785e-02
-1.054079e-02
-3.655768e-02
-8.910904e-02
-5.498927e-02
-1.362482e-01
-1.258340e-01
-2.007587e-02
-8.043971e-02
-1.390610e-02
-4.214039e-03
-5.354324e-02
-5.072473e-02
3.687813e-02
-2.093378e-02
-1.708169e-02
1.889818e-02
-5.474769e-02
-1.254514e-03
4.512643e-02
-3.281871e-02
-5.684802e-03
1.777315e-02
-2.034211e-02
9.156674e-04
1.843817e-01
-3.019020e-02
-2.174954e-01
1.706780e-01
-1.094878e-01
-2.328102e-01
1.246335e-01
-2.613641e-02
-1.345575e-01
6.300194e-02
-2.594069e-02
-5.122194e-03
2.310360e-02
-5.578835e-02
-6.101251e-02
6.850500e-02
1.163325e-02
3.625949e-02
-3.750389e-02
-4.534629e-02
-1.258317e-02
5.923814e-03
-1.089550e-01
-2.115322e-03
8.147150e-02
-4.498273e-02
-3.683127e-03
1.322882e-01
2.230282e-02
-2.025644e-02
1.742810e-01
8.366331e-03
-8.508307e-02
1.407202e-01
-3.586849e-02
-1.107542e-01
-1.231752e-01
-7.084908e-02
1.292694e-01
-1.856183e-01
-9.055396e-02
2.240509e-01
-2.179182e-01
-1.353180e-01
1.985140e-01
-1.935924e-02
2.079956e-02
-2.874077e-03
-3.285246e-02
1.110436e-03
-1.349850e-03
-2.180549e-02
-1.425053e-02
8.974656e-03
-1.203915e-02
7.407456e-02
8.121045e-02
-1.154848e-01
1.485288e-01
1.050601e-01
-4.526016e-02
5.175892e-02
4.836015e-02
6.955823e-03
-6.797454e-03
-1.566373e-03
1.102454e-02
-2.156352e-02
2.707246e-03
-4.694220e-03
1.133656e-02
-2.073619e-02
8.876733e-04
-7.674440e-03
1.164370e-02
-4.602454e-02
8.551014e-03
-7.757065e-02
-1.834207e-02
-5.331109e-03
-1.953521e-02
-2.451046e-02
4.975538e-02
8.453052e-02
-6.007837e-02
1.053331e-01
1.475088e-01
-1.523572e-02
1.285340e-01
5.980743e-02
-4.002041e-02
2.987859e-02
-2.473646e-02
-6.449568e-03
3.334801e-02
-1.211849e-02
-5.496687e-03
-1.264026e-02
-5.251827e-02
-6.492612e-02
1.088884e-01
4.474885e-02
-9.982795e-02
9.006970e-02
2.584590e-01
-1.326155e-01
2.039487e-01
2.313944e-01
3.163453e-02
-4.945644e-02
-5.449333e-02
4.613053e-02
-7.515900e-02
-5.879819e-02
4.313391e-02
-6.326722e-02
-5.868769e-02
4.162009e-02
-3.969433e-02
-3.801788e-02
6.118612e-02
-6.601449e-02
-2.708781e-02
-3.342375e-03
-2.289387e-02
-2.095004e-02
1.780681e-02
4.383890e-03
-7.519286e-02
2.112331e-02
1.614496e-02
-9.538779e-02
2.292915e-02
2.121051e-02
-3.722009e-02
9.050801e-02
2.895637e-02
7.618658e-03
7.697280e-02
3.387799e-03
-2.740961e-02
7.474496e-02
-3.655439e-03
-3.749017e-02
-1.047185e-02
-3.776081e-02
9.014902e-02
6.005631e-02
-7.251711e-02
8.509930e-02
2.559970e-03
-1.146702e-01
-2.112299e-03
8.279636e-02
3.154029e-02
3.468903e-02
1.960222e-02
-1.116964e-03
-3.080614e-02
3.892330e-02
5.196223e-02
-2.113017e-03
8.043347e-02
-1.129231e-01
-1.956654e-02
5.270657e-02
-1.202268e-01
6.452011e-03
3.502510e-02
-6.558970e-02
2.379836e-02
7.166213e-02
-1.710576e-02
-3.627083e-02
9.324188e-03
-4.665454e-02
-3.222312e-02
1.393084e-02
-6.012728e-02
-2.418436e-02
-8.673144e-03
-5.481233e-02
-4.151084e-02
1.600915e-03
-4.472469e-02
-6.590061e-02
-1.707470e-02
-4.916426e-02
-9.703970e-04
-1.118728e-03
-5.737336e-03
9.200693e-02
6.705360e-03
4.729918e-03
1.017049e-01
1.782701e-02
-7.966019e-03
6.712953e-02
-4.200636e-02
-1.219970e-01
-7.267655e-02
-5.683596e-02
-5.411967e-02
-1.447494e-01
4.042903e-02
-4.746880e-02
-6.439824e-02
-3.838673e-02
-8.373339e-02
-7.225873e-02
-3.975902e-02
-4.676548e-02
-7.120593e-02
-2.175719e-02
-4.427003e-02
-9.242230e-02
-5.559238e-02
-1.116837e-01
-5.147703e-02
-1.919836e-02
-7.083782e-02
-4.314967e-02
2.645776e-02
2.148021e-03
-4.570621e-02
-2.330732e-02
1.126961e-01
-9.179956e-02
-4.545603e-02
8.815783e-02
-1.224872e-01
-4.491572e-02
5.818885e-02
-8.181307e-02
-5.464909e-02
1.930542e-03
7.743877e-02
-6.542643e-02
-1.321290e-02
7.937308e-02
-7.155921e-02
-3.703045e-02
3.126073e-02
-6.029805e-02
1.288075e-01
-3.748184e-02
-6.101617e-02
1.426729e-01
-4.722008e-02
-4.731036e-02
1.753401e-01
-5.848803e-02
8.921738e-02
1.797928e-02
-6.897249e-02
6.349428e-02
-5.856006e-03
-6.938034e-02
5.511672e-02
-5.182456e-03
-3.509567e-02
2.963348e-02
-8.377954e-02
-1.601349e-03
4.783497e-02
-1.082032e-01
-1.443972e-02
2.577159e-02
-4.920534e-02
-1.924254e-02
-5.153784e-03
9.495337e-03
-3.041964e-02
-2.870798e-02
1.035415e-02
-4.574746e-02
3.716751e-02
3.899764e-02
-3.255760e-02
-5.678188e-02
-2.512852e-03
5.346004e-02
-8.243861e-02
-5.724041e-02
7.436171e-03
-5.925468e-02
-6.577200e-02
-4.638965e-02
-3.144177e-02
-1.367589e-02
-7.232437e-02
8.878511e-02
8.166698e-02
-1.614247e-02
1.187817e-01
4.379144e-02
3.232863e-02
-5.532143e-03
-7.161967e-02
-1.361726e-01
1.225560e-01
-3.595057e-02
-7.274511e-02
2.805170e-01
2.009069e-01
4.708197e-02
3.310054e-02
8.172181e-03
-3.819084e-02
4.994921e-02
1.243259e-01
6.137839e-02
-7.997680e-02
2.372488e-02
7.070125e-02
7.382941e-03
1.572759e-02
-5.040233e-03
-1.913068e-02
2.116984e-02
3.314640e-02
-7.692787e-02
-3.740554e-02
-3.423753e-03
2.899408e-02
8.077473e-05
-4.620828e-02
-6.602555e-02
-4.350531e-02
-4.281614e-02
-4.796746e-02
3.707777e-02
2.998636e-03
2.802192e-02
3.441950e-02
-2.289534e-02
5.581480e-03
2.558689e-02
-2.675281e-02
1.719666e-02
2.260124e-02
1.240371e-02
5.700574e-02
1.657611e-01
7.843720e-02
6.041862e-02
5.847427e-02
1.027237e-01
2.233841e-02
3.028613e-02
2.253614e-02
1.649111e-02
7.362521e-02
4.600103e-02
4.882423e-03
3.854581e-02
2.002614e-02
-3.451917e-02
-7.192291e-04
1.218715e-02
-5.369078e-02
-6.001411e-02
-1.577758e-01
-1.219799e-02
-1.202751e-01
-1.936013e-01
1.453245e-01
-4.280218e-04
-1.308347e-01
1.056941e-01
4.404257e-02
6.672733e-02
-1.089835e-02
-1.185262e-01
-8.673245e-02
2.240703e-02
-5.520543e-02
-9.224956e-02
7.506982e-02
6.965283e-02
2.215150e-02
-2.453664e-02
3.055951e-02
2.398701e-02
-1.174433e-01
-3.857261e-02
8.841441e-03
-2.465337e-01
-1.641588e-01
-7.525434e-02
-1.254874e-01
-8.721338e-02
-9.140802e-02
1.554756e-01
1.264050e-01
6.746821e-02
4.233140e-03
3.762810e-02
4.792232e-02
-5.541489e-03
3.529290e-03
1.703169e-02
-5.508153e-02
-5.628418e-02
-4.268307e-02
-9.210891e-02
-9.878495e-02
-1.187396e-01
1.241272e-01
-6.655564e-02
-6.802087e-02
3.435526e-01
2.003440e-01
5.483906e-02
-2.918927e-02
-6.519273e-04
-1.873719e-02
-8.180238e-03
1.249256e-02
1.529029e-02
-2.920828e-03
1.157626e-01
7.154154e-02
-1.496046e-01
-2.388110e-01
-2.063652e-01
1.990937e-02
-8.642939e-02
-1.167020e-01
1.988473e-01
2.402564e-01
2.037826e-01
-2.511635e-02
-1.555830e-02
-2.421356e-02
-3.001492e-02
-3.458926e-02
-3.385522e-02
-1.933554e-02
-2.070247e-02
-3.174777e-02
-1.908663e-02
-7.403110e-03
-4.627934e-02
-1.412835e-03
-7.691952e-02
-2.569717e-02
-3.879829e-02
5.598044e-02
7.727212e-02
6.105712e-02
4.150803e-02
8.635697e-02
-2.341638e-02
-5.759667e-02
-3.595635e-02
2.242841e-02
-1.260683e-01
-9.005841e-02
1.026288e-02
-3.452053e-02
-5.277847e-02
2.575888e-02
-2.258603e-03
-1.867962e-02
-1.314678e-03
9.612665e-03
-3.043218e-02
-1.410883e-02
-3.907206e-02
2.869098e-02
1.269693e-02
-3.056365e-02
-2.805483e-02
7.398522e-03
-6.764024e-03
8.274526e-03
1.469423e-01
2.300169e-01
2.065047e-01
-5.667496e-02
-8.050092e-03
6.493212e-02
-2.288714e-01
-3.305465e-01
-2.362092e-01
-1.403353e-02
-2.559919e-02
-1.479415e-02
2.707767e-02
-5.414376e-02
-3.202003e-02
2.341339e-02
1.233843e-02
-5.301136e-02
9.258188e-02
4.065994e-02
6.957137e-02
5.399081e-02
4.437947e-02
2.091547e-03
2.956705e-02
-7.106666e-02
-3.714024e-02
-3.974326e-02
3.201351e-02
-3.482739e-03
-1.849937e-02
9.372002e-03
-3.453064e-02
9.419329e-03
4.752662e-03
3.349011e-02
1.572931e-02
-4.763066e-03
1.020916e-01
3.719437e-03
-7.284146e-02
4.273746e-02
2.951459e-02
-7.561313e-02
-7.112019e-02
1.229484e-01
2.103798e-01
1.539815e-01
-1.830849e-02
6.081581e-02
8.852884e-02
-1.955998e-01
-2.381995e-01
-1.944159e-01
2.895815e-02
4.160798e-02
-3.074688e-02
-2.045527e-02
4.125175e-02
-1.218948e-02
1.917777e-02
2.099974e-02
1.105911e-02
-4.364437e-02
-1.286345e-01
-8.035579e-02
4.281591e-02
-1.177588e-02
-1.466785e-02
1.131444e-01
8.834174e-02
6.194794e-02
7.683367e-02
6.485887e-02
1.075775e-02
-3.259669e-02
-3.692936e-02
-8.167671e-02
-1.927307e-02
-5.155242e-03
-3.231329e-02
-8.983409e-03
8.529120e-03
-6.224032e-04
5.233539e-02
-4.382068e-03
2.572091e-02
-3.874991e-02
7.096432e-03
-4.902550e-03
-5.536950e-02
-7.255497e-02
-7.154176e-02
-3.691988e-02
-2.624543e-02
9.295064e-03
-7.001404e-02
6.965373e-04
2.922791e-02
-3.530288e-02
-9.580583e-02
-5.481763e-02
-7.448525e-02
-5.767390e-02
2.577836e-02
-6.707953e-02
1.909856e-02
4.887706e-02
5.676416e-02
-4.655914e-02
-1.855704e-01
6.698752e-02
-8.366863e-03
-1.831157e-01
1.351400e-02
-1.120433e-01
-6.746579e-02
-2.294016e-02
-6.801372e-02
-8.196057e-02
3.876549e-02
-6.287361e-02
-4.330169e-02
-4.815495e-02
-1.472750e-01
2.266521e-02
-4.549230e-02
-4.624858e-02
9.214296e-03
-7.400566e-02
-1.606393e-02
3.444740e-02
-1.324414e-02
3.922652e-02
1.442538e-02
-6.707309e-02
3.575278e-02
2.184687e-01
1.604097e-01
1.985765e-01
2.926463e-01
1.561419e-01
1.084913e-01
-3.984224e-02
-8.061296e-03
2.379841e-02
-4.616270e-02
4.635606e-02
2.324071e-02
-6.181502e-02
-1.505626e-03
-3.600667e-02
-8.987293e-02
-2.318098e-03
5.456568e-02
3.150655e-02
7.407891e-02
9.311724e-02
-3.046710e-02
4.532732e-02
-2.296508e-02
-6.569390e-02
1.669575e-02
-4.113733e-02
-5.815274e-02
-5.391919e-02
-1.212040e-01
-6.915088e-02
-8.871671e-02
-9.173838e-02
-5.754856e-04
-3.216029e-02
-2.596834e-02
-1.094530e-01
4.457582e-03
-5.572500e-02
-2.245383e-02
-4.402607e-02
-1.244282e-02
4.495393e-02
-9.427945e-02
-4.434433e-02
2.344392e-02
-1.151230e-01
-5.865731e-02
-2.384537e-02
-4.606752e-02
3.118798e-02
5.817328e-02
-3.815552e-02
2.544244e-02
7.570612e-02
-2.964659e-02
1.523177e-02
4.549497e-02
-7.739845e-03
1.611693e-02
1.941923e-02
1.074685e-01
1.326180e-01
2.431721e-02
1.315746e-01
3.197691e-02
-2.296535e-02
-7.100793e-02
-1.318360e-01
-1.071663e-01
3.245610e-02
1.069179e-02
-5.546229e-03
1.514610e-02
2.892049e-02
1.871625e-02
-2.849150e-02
-5.804286e-03
-5.193793e-02
1.722009e-01
1.558351e-01
-7.295192e-02
1.864200e-01
2.463721e-02
-1.200211e-01
8.974951e-02
-9.261014e-02
-1.329345e-01
1.267557e-01
4.171457e-02
-1.033123e-01
4.135009e-02
-6.514072e-03
-2.127479e-01
-2.645006e-03
-1.125452e-01
-1.694951e-01
-3.671893e-04
-1.241536e-02
-2.038744e-02
1.641709e-02
1.252534e-02
5.265143e-04
5.644402e-02
5.422584e-02
2.592761e-02
1.020426e-02
6.803608e-02
9.718616e-02
8.229455e-02
1.310034e-01
1.371888e-01
2.601044e-02
1.415153e-02
5.828393e-02
-7.228986e-02
-9.143913e-02
-8.311573e-02
-1.166124e-02
-4.519389e-02
1.780676e-02
8.589763e-02
1.138603e-01
9.901785e-02
-1.867242e-01
-2.193592e-01
-2.110599e-01
-1.522267e-01
-1.644421e-01
-1.223688e-01
6.815447e-02
8.789419e-02
1.245783e-01
-7.518516e-02
-1.035203e-01
-4.410406e-02
8.919320e-02
5.263782e-02
9.494358e-02
2.375364e-01
2.619211e-01
2.649759e-01
-6.093637e-02
2.136503e-02
4.288450e-02
-9.509333e-03
2.021019e-02
2.022609e-02
3.403047e-02
7.940958e-02
-5.337514e-02
1.165859e-01
1.313076e-01
8.610625e-02
-4.844905e-02
-3.465294e-02
-5.399623e-02
-1.236863e-01
-8.693233e-02
-9.446402e-02
4.806738e-02
1.316871e-01
4.106418e-02
7.268836e-02
6.774830e-02
1.834853e-02
2.387401e-02
9.570773e-03
-4.445434e-02
4.793106e-02
3.804060e-02
2.382994e-02
1.296805e-02
6.364210e-02
3.650894e-02
2.878193e-02
7.364605e-02
8.052105e-02
-4.394937e-02
-5.371992e-03
1.984245e-03
-5.805819e-02
-8.186606e-02
3.180676e-02
-5.759090e-02
1.167817e-02
7.788773e-02
3.310636e-02
8.156854e-02
9.027264e-02
5.848973e-03
-3.529906e-02
2.899834e-02
1.487344e-02
3.898425e-02
3.523432e-02
8.421811e-02
5.971699e-02
2.703309e-02
1.892153e-02
-1.191279e-02
-8.866409e-03
-3.265654e-03
-1.629475e-02
-9.279373e-04
7.220681e-03
4.701707e-03
1.039071e-02
-5.722441e-02
6.160308e-02
-2.923771e-02
-2.084793e-02
2.661346e-02
3.388989e-02
-8.863459e-02
-1.232164e-02
2.750382e-02
-1.481660e-02
7.177415e-02
7.982076e-02
3.770890e-02
1.086283e-01
8.968593e-02
4.381096e-02
9.088500e-03
7.011099e-02
9.681439e-02
1.782305e-02
1.080833e-01
5.531478e-02
4.321689e-02
4.681825e-02
-1.660840e-02
-5.124714e-02
-3.260415e-02
-1.505174e-02
-4.358356e-02
-2.950499e-02
6.469535e-03
1.035352e-02
-1.850722e-02
-2.706653e-02
-4.092188e-02
-6.259160e-02
-2.062750e-02
-2.651075e-02
-1.653828e-02
-4.100412e-03
8.493725e-03
5.530742e-02
-1.527191e-03
1.006519e-01
-2.262690e-02
5.140438e-02
4.057024e-02
-8.463844e-02
-3.120609e-02
-4.150533e-02
-1.333174e-01
-7.327005e-02
2.873626e-02
1.108757e-01
-1.114203e-02
6.775778e-02
1.250228e-01
-3.372882e-02
8.493179e-02
1.282804e-01
-5.456070e-02
9.070372e-02
1.266744e-01
8.637412e-02
2.347101e-01
1.985725e-01
9.083506e-02
2.355681e-01
1.231082e-01
9.155632e-02
9.296360e-02
-1.678254e-02
1.002921e-01
4.032518e-02
-9.695374e-02
2.529810e-02
-5.199726e-02
-1.632932e-01
-1.638699e-02
-1.162925e-01
-8.361689e-02
-1.627936e-01
-2.703930e-01
-2.740514e-01
-2.083831e-01
-2.465370e-01
-1.285564e-01
-2.433404e-02
4.629267e-03
-3.039915e-02
-5.747969e-03
4.444566e-02
1.474483e-02
-3.211426e-02
-1.526199e-02
-2.107107e-02
4.198235e-02
-4.197851e-02
4.537901e-02
-2.979791e-03
-5.133304e-02
-4.774594e-02
-1.030346e-02
-2.192426e-02
4.025846e-02
-2.199853e-02
2.510314e-02
1.825166e-02
-9.989555e-03
2.205423e-02
-9.657276e-03
4.954196e-03
-6.879484e-03
-5.897175e-02
-7.145771e-02
2.385553e-02
-3.586145e-02
3.307807e-02
2.465634e-02
3.344144e-02
-1.854841e-02
1.471127e-03
2.194054e-02
-4.869993e-02
-9.697163e-02
-1.024719e-01
-1.699463e-02
-2.372789e-02
-7.164644e-02
-2.505153e-02
-4.640777e-02
-3.547099e-02
-1.911531e-02
-8.543923e-03
-1.829095e-03
6.496982e-02
2.675210e-02
-1.147144e-02
-1.796232e-02
-6.896719e-02
-9.874574e-02
-1.232165e-01
-7.623121e-02
-2.096288e-02
-3.584233e-02
-5.404709e-02
1.502036e-02
2.285869e-02
7.462130e-02
5.052349e-02
-3.281387e-02
-1.914201e-02
-1.973210e-02
9.699606e-03
2.299516e-03
-2.262869e-02
9.819061e-03
3.104275e-02
-2.104437e-04
3.879031e-03
-7.838273e-02
-7.459192e-02
-6.816979e-03
-8.898187e-02
-2.439249e-02
-1.492141e-02
3.573992e-02
1.225210e-01
8.013289e-02
-2.740550e-02
-2.982553e-02
5.310145e-03
-7.827546e-02
-4.529886e-02
-2.040087e-02
-7.393147e-02
-2.096996e-02
8.319775e-02
-1.945280e-02
-4.678895e-02
-1.698565e-02
-1.087666e-01
-3.141401e-02
-5.384529e-04
-3.296731e-03
6.900000e-02
-1.983943e-02
-8.529218e-02
-1.353610e-03
-6.204666e-02
-1.058412e-01
6.486283e-02
-7.931931e-02
9.176596e-02
1.872709e-01
2.995427e-02
3.533015e-02
-3.363014e-03
3.290508e-02
-3.319657e-02
-1.001238e-01
2.992561e-02
-1.120116e-02
7.571376e-03
1.017209e-01
1.755745e-01
1.470977e-02
1.563806e-01
4.917157e-02
-1.537915e-01
6.943045e-02
-1.947975e-01
-1.605492e-01
6.905863e-02
7.079532e-03
-5.396618e-02
-1.769976e-02
-7.940058e-02
-3.575832e-02
-1.080070e-01
-4.123563e-02
7.615177e-02
-2.457967e-01
-2.350462e-01
-1.216805e-01
-3.147468e-01
-2.309265e-02
2.565842e-01
5.591009e-02
3.097161e-01
3.257905e-01
-8.094349e-02
1.084868e-02
3.675887e-02
-5.616514e-02
1.494559e-02
-1.901010e-02
-2.249528e-02
5.193326e-03
-5.240041e-03
1.149044e-02
-1.580392e-02
6.283306e-02
-1.713190e-02
9.789877e-02
1.175117e-01
8.276142e-02
1.130650e-01
6.761706e-02
1.270671e-01
1.071468e-01
-4.586565e-02
6.891820e-02
-1.522199e-02
-1.800242e-01
4.067340e-02
-8.151485e-02
-1.203047e-01
1.442113e-02
1.461747e-01
7.091837e-02
1.662672e-01
7.258251e-02
3.330109e-02
1.189142e-01
-4.732813e-03
-9.279595e-02
2.841838e-02
2.325330e-02
5.430210e-02
9.316964e-02
2.664537e-02
-1.458272e-04
4.660491e-02
-2.211190e-02
-8.202615e-02
-1.584898e-02
4.368915e-02
-9.495899e-03
3.461362e-02
6.329080e-02
-1.723791e-02
-2.184905e-02
4.624433e-03
-3.453377e-02
-6.297244e-02
5.092722e-03
-3.147120e-02
9.248672e-04
1.007866e-01
6.123227e-02
9.261727e-02
8.834239e-02
2.283159e-02
9.085137e-02
3.969691e-02
1.180679e-02
-2.796327e-03
-2.693391e-02
3.695175e-02
-3.385977e-02
2.990059e-02
1.379483e-01
-4.210984e-03
-4.878228e-02
3.122035e-02
-1.392301e-02
-6.438497e-03
1.397526e-01
5.534867e-02
3.512789e-02
1.054904e-01
6.187648e-02
-3.780979e-02
-1.900591e-02
-3.790649e-02
-9.938980e-02
-6.321366e-02
-7.372526e-02
-9.494706e-02
1.640895e-02
2.801760e-02
7.193189e-02
1.005449e-01
-6.018172e-02
-4.864362e-02
-3.814881e-02
-5.770834e-03
4.999592e-02
5.398096e-04
-5.389579e-03
-7.619093e-02
3.787754e-02
1.418720e-02
7.617941e-03
-2.114938e-02
2.364859e-02
6.630739e-02
4.434194e-02
-6.432283e-02
-9.356498e-04
2.414276e-02
-3.399162e-02
-6.867357e-02
2.969765e-02
8.026929e-02
1.382769e-01
6.983067e-02
1.171348e-01
1.237350e-01
6.807988e-02
-1.387970e-01
-5.181889e-02
-8.805402e-02
-9.912172e-02
-1.355122e-01
-1.364376e-01
-1.412034e-01
-1.344627e-01
-1.083794e-01
-6.173611e-02
-1.050911e-01
-9.138466e-02
1.941305e-01
2.301254e-01
1.695966e-01
-2.217420e-02
3.224391e-03
7.672703e-02
-8.158801e-02
-3.245991e-02
4.634191e-02
6.716830e-02
1.053637e-02
-9.059213e-02
5.784928e-02
7.478666e-03
8.583397e-03
5.518971e-02
3.499198e-02
2.198270e-02
-2.113180e-02
-3.783180e-02
-2.143300e-02
1.419769e-02
-3.171789e-02
-4.948601e-02
3.180651e-02
-1.729264e-02
1.846954e-02
4.104821e-02
8.208773e-02
6.056062e-02
6.921448e-02
8.495238e-02
7.097445e-02
-4.203859e-02
-7.988019e-03
2.863434e-03
-5.287912e-02
-4.169188e-02
-1.951635e-02
-7.056021e-02
3.261492e-02
1.319812e-01
5.426536e-02
-8.538568e-04
4.532951e-02
7.435036e-02
-1.677758e-02
-4.083882e-02
-4.192679e-02
1.747400e-02
5.144610e-02
2.132782e-02
2.373565e-03
-1.646231e-02
-8.843731e-04
-2.170658e-03
2.865596e-03
-6.868326e-03
-1.963797e-02
-5.170648e-02
3.251997e-02
1.696113e-02
-1.542293e-03
-2.696686e-03
1.959128e-02
2.306124e-02
3.842113e-02
4.359389e-02
6.665689e-02
-4.025400e-02
5.916605e-02
-2.821254e-02
-1.277583e-01
-1.378449e-01
-5.519340e-02
-6.395707e-02
-4.082959e-02
4.859864e-03
-1.263809e-02
-4.406048e-03
1.276109e-02
1.332633e-01
1.435147e-01
1.053675e-01
-5.232457e-02
-9.870893e-02
7.957497e-03
3.618751e-02
-1.526921e-02
2.086855e-02
7.665480e-02
7.066715e-02
1.363043e-02
9.922867e-02
-1.900402e-02
-8.802438e-02
5.769274e-02
3.655143e-02
2.734131e-02
-5.872284e-02
9.281608e-02
1.070393e-01
1.641765e-01
1.358429e-01
5.131353e-02
5.973948e-02
-1.464046e-02
-6.188230e-02
-3.600097e-02
-9.870423e-02
-7.591713e-02
1.150721e-01
1.148100e-01
8.495286e-02
-1.059410e-01
-9.803473e-02
-7.482018e-02
-3.670142e-02
8.884866e-04
-3.735334e-02
-2.491788e-02
-9.398411e-03
-9.370119e-02
5.467700e-02
4.855430e-02
-6.634389e-03
4.239443e-02
4.181041e-02
3.827826e-02
-1.039229e-02
-7.772853e-02
-3.890403e-02
8.276029e-02
6.643250e-02
6.482952e-02
1.786362e-02
2.126295e-02
-2.018761e-02
6.660565e-05
-9.097723e-03
-2.432220e-02
3.335148e-02
9.422618e-03
-3.917040e-02
1.769001e-02
-1.220917e-02
-3.117787e-02
4.834381e-02
2.750160e-02
1.009119e-02
5.203505e-03
-2.700479e-02
1.440441e-03
-7.513996e-02
-5.429942e-02
3.797349e-02
-1.849992e-01
-1.272424e-01
-8.264222e-03
-5.150520e-02
8.251240e-02
1.400683e-01
6.709372e-02
1.535084e-01
1.141888e-01
-1.217164e-01
-1.060774e-01
-1.117321e-01
-5.268512e-02
-1.939585e-02
2.290774e-02
1.449007e-01
8.500592e-02
1.259214e-01
-1.854852e-02
-5.426243e-02
-5.911433e-02
-8.118483e-02
-5.399671e-02
-6.934118e-02
-6.054116e-02
-6.351112e-02
-4.551274e-02
-7.874627e-02
-1.964471e-02
1.986929e-03
3.266770e-02
5.790124e-02
7.457219e-02
-1.919250e-02
-3.111291e-04
-6.966250e-02
-3.403860e-02
1.450491e-04
2.692745e-02
-9.520732e-03
-1.167672e-02
1.564314e-02
6.235007e-02
6.686534e-02
3.636643e-02
-1.309075e-01
-4.712781e-02
4.965672e-03
-8.737449e-02
2.941128e-02
4.694260e-02
-7.063670e-02
1.654883e-02
-9.134638e-03
1.849135e-01
1.990026e-01
1.546467e-01
4.433735e-02
-3.971425e-02
-4.154712e-02
-2.053974e-01
-2.243017e-01
-1.892594e-01
3.163607e-02
-2.917868e-02
-4.390011e-02
3.990205e-02
-4.322570e-02
-2.079388e-02
2.104124e-02
3.891281e-03
5.471006e-02
1.688521e-01
8.925334e-02
-2.181448e-02
7.402349e-02
-4.758386e-02
-3.835801e-02
-6.291948e-02
-3.425372e-02
-2.951696e-02
7.718858e-02
3.361477e-02
-4.331310e-02
7.488007e-02
-2.750887e-03
-1.250707e-01
-4.993458e-02
-8.838826e-02
-1.315550e-01
-1.701652e-01
5.954965e-03
1.762340e-01
-2.877085e-01
-1.992196e-02
2.665969e-01
-2.165774e-01
3.269176e-02
2.817677e-01
-4.860489e-02
6.677051e-03
1.996300e-02
1.431867e-02
-3.599766e-02
5.221249e-03
-4.317308e-02
2.358324e-04
8.040630e-03
-5.845181e-02
-3.426535e-03
3.424140e-02
-2.177487e-02
-2.614092e-02
1.252283e-02
-5.943341e-02
-3.057179e-02
-1.564331e-03
5.194892e-02
2.302782e-02
-6.905833e-02
1.086678e-01
1.831344e-02
-3.026891e-02
-2.056697e-03
-2.108880e-03
-2.490472e-02
8.680489e-03
1.524954e-02
4.962283e-02
-5.669819e-02
-2.048114e-02
3.940416e-02
-3.680953e-02
-5.441424e-03
8.064812e-02
-1.378360e-02
-2.934626e-02
-1.320157e-02
1.582482e-02
2.316385e-02
1.976955e-02
-5.702743e-02
3.942835e-02
-7.783670e-03
2.114340e-01
-4.301475e-02
-2.864194e-01
2.811296e-01
-4.647605e-02
-3.251390e-01
1.785280e-01
-5.973335e-02
-2.264676e-01
-1.663897e-04
-3.812914e-02
-6.337237e-04
-1.185099e-02
8.188215e-02
-1.981877e-02
1.206776e-02
-3.465128e-02
4.419115e-02
-4.158805e-02
-5.464198e-02
-2.911078e-02
-1.295898e-02
-6.633662e-02
-4.790924e-02
2.411927e-03
-3.586757e-02
-8.111498e-03
-4.603262e-02
3.276436e-02
1.727570e-02
6.111535e-02
-1.687667e-02
6.043591e-03
2.687218e-02
7.053871e-03
-3.851992e-02
5.245377e-02
-1.271529e-02
-1.125278e-02
7.125202e-02
7.421684e-03
-1.670986e-02
2.385409e-02
-2.700835e-02
-5.373025e-03
1.427215e-01
-1.528651e-02
-1.221203e-01
2.551692e-01
2.105097e-02
-1.782598e-01
1.353656e-01
-3.762274e-02
-1.592707e-01
2.743655e-02
6.400090e-02
2.166794e-02
1.057166e-02
-5.992704e-03
6.215335e-02
2.520711e-02
3.977456e-02
-3.441845e-02
-4.386282e-02
5.984325e-03
9.195452e-02
-1.077068e-01
6.031875e-03
1.112618e-01
-6.622083e-02
4.088414e-02
1.059295e-01
7.653579e-03
6.760917e-02
3.021215e-02
2.590009e-03
-5.407378e-02
3.150665e-02
-2.345605e-02
-4.623600e-02
-1.837605e-02
3.583734e-02
6.674531e-03
-2.414939e-02
3.356335e-02
-1.880396e-02
-1.223272e-02
-3.029327e-02
2.751102e-03
2.711460e-02
-5.901330e-02
-9.800022e-03
6.703382e-03
-3.997771e-02
-2.200235e-02
3.063569e-02
-4.729015e-02
-4.531118e-02
6.548342e-03
1.103008e-02
2.303392e-02
3.696125e-02
-6.051867e-02
-8.137190e-02
-3.679121e-02
-1.510692e-02
-5.464169e-02
-3.906261e-02
-1.067836e-01
-9.702827e-03
9.904413e-02
-8.599073e-02
-5.227573e-02
9.620508e-02
-5.839308e-02
-1.299865e-02
1.030482e-01
3.133135e-02
3.862906e-02
6.482664e-02
6.951272e-02
4.871237e-03
4.403356e-02
7.826293e-02
7.506398e-02
8.975124e-02
5.255158e-02
-6.311715e-03
4.852997e-03
1.750821e-02
-4.036565e-02
-2.608976e-02
-7.475896e-02
-1.371034e-01
-1.547961e-01
-8.658174e-02
1.120385e-02
-3.876533e-02
-2.001592e-02
1.345341e-02
-2.089518e-02
-5.013405e-02
-5.659108e-02
-7.907397e-02
2.142664e-02
-4.308670e-02
-5.256674e-02
3.366732e-02
-4.048879e-02
-7.135215e-02
3.354571e-02
-4.121726e-02
-5.555695e-02
2.083085e-02
-4.645018e-02
-9.961060e-02
6.999458e-02
1.381382e-02
-3.269305e-02
8.203194e-02
1.282815e-01
1.379562e-02
4.698009e-02
1.058661e-02
-5.245484e-03
9.337480e-02
1.686954e-02
-8.009959e-03
7.066667e-02
4.460159e-02
4.080212e-03
-1.444911e-01
-9.673104e-02
3.490046e-03
-1.994295e-01
-6.067389e-02
-7.098846e-02
-2.431163e-01
-2.862940e-01
-1.703848e-01
5.274326e-02
-2.748723e-02
3.401724e-03
3.628349e-02
-3.131835e-02
7.301328e-02
2.546976e-02
5.753447e-02
8.023318e-02
5.800590e-02
-5.348779e-02
-1.247480e-01
1.130780e-01
3.169304e-02
-4.013315e-02
6.339641e-02
2.441916e-02
-2.989759e-02
2.790902e-02
1.293196e-01
1.628928e-01
-5.097840e-02
5.170682e-02
-1.044884e-02
-1.182797e-01
-1.682575e-01
-2.245319e-01
3.721725e-02
4.422603e-02
7.899185e-02
-2.388241e-04
3.122777e-03
4.221750e-02
-1.415638e-02
-6.187852e-02
-4.691200e-02
-3.916927e-02
7.396811e-02
1.002886e-01
-5.986038e-02
2.027520e-02
2.269360e-02
-7.826249e-02
-7.022616e-02
1.222859e-02
-5.741351e-02
7.716266e-02
1.288743e-01
-1.679848e-02
4.390172e-02
9.232541e-02
2.398875e-02
4.807981e-02
5.095314e-02
7.683370e-02
4.251529e-02
-3.249160e-02
4.334036e-02
4.186902e-02
-1.748378e-02
1.562880e-02
4.789262e-02
6.686469e-03
-6.600145e-02
-2.267052e-02
-3.110606e-02
-3.785962e-02
-3.700671e-02
4.247187e-02
-2.456437e-02
6.805542e-02
9.355694e-02
-2.166274e-01
-1.686319e-01
3.919417e-02
-1.971529e-01
-5.851544e-02
8.670945e-02
-2.638244e-01
-2.160505e-01
4.744959e-02
1.014226e-01
1.533937e-02
-4.500661e-02
1.479809e-01
5.350314e-02
-1.098253e-02
1.369487e-01
8.070997e-02
3.907495e-02
2.357986e-02
3.731047e-02
2.164556e-02
8.959052e-03
5.401582e-02
4.316436e-02
-2.522169e-02
3.133325e-02
3.088772e-02
-4.076230e-02
-5.200146e-02
1.217380e-02
2.944963e-03
-1.804592e-02
-1.323840e-02
-2.084755e-02
1.510157e-02
-4.777933e-02
-7.619254e-02
-1.125088e-02
3.855316e-02
-5.484477e-02
-1.863465e-02
2.322860e-02
-2.922971e-02
-2.520002e-02
1.701383e-02
6.880106e-03
2.012810e-02
9.122857e-02
7.873808e-02
4.929192e-02
4.666744e-02
4.734056e-02
8.174825e-02
6.878386e-02
7.528079e-02
3.220315e-02
-2.631183e-02
1.059021e-01
-1.713125e-02
-1.767964e-02
1.258787e-01
8.214473e-02
3.336494e-02
-1.401816e-01
2.915555e-02
2.101369e-01
-2.010621e-01
1.049429e-02
1.798444e-01
-1.526884e-01
-6.553429e-02
7.742099e-02
-8.796912e-02
-4.527125e-02
-3.583550e-02
-4.374374e-02
1.621728e-02
-6.328741e-02
-3.994150e-02
-3.905436e-02
-7.932750e-02
-4.738301e-02
3.674438e-03
6.784222e-02
-2.138060e-02
3.989093e-03
5.813031e-02
-1.341824e-02
-1.536986e-02
-7.320545e-03
1.051947e-01
1.180609e-01
5.221435e-02
1.300394e-01
9.015431e-02
1.364502e-01
6.539176e-02
1.650227e-01
7.658866e-02
4.228220e-02
-7.201441e-03
-5.595670e-02
5.761771e-02
3.660648e-02
5.493179e-03
1.158452e-02
2.431215e-02
6.795557e-03
-6.342815e-03
1.489410e-02
9.994248e-02
-3.771246e-02
-5.614878e-02
-1.133005e-03
-2.449777e-02
-9.468752e-02
-4.199946e-02
-1.641558e-02
-3.116793e-02
-4.103486e-02
4.866862e-03
6.090792e-03
1.010816e-02
1.066339e-02
8.312914e-02
1.137253e-01
-4.315861e-02
-7.088300e-02
-1.064374e-01
1.579904e-03
-2.553129e-02
-1.000766e-02
-2.493077e-02
-1.257026e-02
3.558982e-02
-8.251189e-02
-8.884219e-02
-2.027656e-02
-7.452943e-02
-1.013197e-01
5.640070e-02
-1.310867e-01
-6.775852e-02
1.127795e-01
1.228202e-01
1.106225e-01
2.451349e-02
3.717302e-02
2.366367e-03
-5.011174e-02
4.445221e-02
1.532088e-03
-5.521271e-02
-2.159677e-03
-3.948981e-03
5.518795e-02
-3.490692e-02
3.066153e-02
1.442995e-02
-4.635665e-03
-3.146737e-02
-1.506638e-02
-1.662373e-02
5.347810e-03
3.709166e-02
3.362227e-03
2.539166e-03
1.327969e-02
-1.774694e-02
-2.532735e-02
-3.087920e-02
7.126340e-02
4.900752e-02
1.998632e-02
6.478901e-02
4.131050e-02
2.684041e-02
1.876644e-02
5.747774e-02
8.103491e-02
5.956630e-02
3.403822e-02
1.799081e-02
7.915766e-02
4.109457e-02
-1.331782e-02
6.585979e-02
2.316341e-02
-4.792490e-02
1.094584e-01
4.963668e-02
-3.571371e-02
1.146405e-01
2.535908e-03
-2.891270e-02
9.651588e-02
5.948298e-02
-6.412520e-02
-3.321834e-02
-3.954554e-02
-6.497789e-03
-1.847240e-03
-1.360619e-02
-6.588133e-02
-1.048126e-02
-4.347814e-02
-3.154968e-02
-3.076570e-02
-5.909394e-02
-1.038209e-01
3.768329e-02
-3.622977e-03
5.687631e-02
1.530187e-01
1.935000e-01
4.677318e-02
-1.780558e-01
-1.877083e-01
-1.451118e-01
2.199345e-02
-1.577844e-02
-3.133026e-02
8.733591e-02
1.338091e-01
5.367189e-02
-3.803984e-03
-3.104742e-03
-3.366983e-02
2.478724e-02
9.268570e-03
-3.872217e-02
3.184262e-02
5.130422e-03
-5.768220e-02
-4.137740e-02
3.577724e-02
8.370930e-02
-1.038506e-01
6.607270e-02
7.999846e-02
-1.351279e-01
-7.255456e-02
5.790218e-02
2.189619e-02
-1.719356e-02
-5.337338e-02
5.599271e-02
3.370438e-02
-5.740307e-03
5.043419e-02
5.153954e-02
1.393310e-02
-1.596484e-01
-8.819111e-02
-2.841900e-02
-1.362915e-01
-1.223981e-02
-2.524680e-02
-1.313712e-01
-4.757235e-02
-1.888780e-02
2.205780e-01
2.735447e-01
1.405305e-01
2.050203e-02
5.143523e-03
-5.241170e-02
-1.962947e-01
-2.854379e-01
-2.508416e-01
-8.935856e-03
-1.153603e-02
-3.245898e-02
-5.315788e-03
2.420551e-02
-5.340945e-03
3.229449e-02
3.400902e-02
4.333943e-02
3.927655e-02
7.028655e-02
3.499682e-02
1.349389e-01
8.340966e-02
8.993699e-02
6.236987e-02
6.121619e-02
-9.222685e-03
3.199605e-02
2.142480e-01
1.923120e-01
-1.147781e-02
4.888298e-02
1.500979e-01
-1.047421e-01
2.670373e-02
5.518267e-02
3.374935e-02
5.202931e-03
-3.926635e-03
-6.193024e-03
-4.425672e-02
-3.926627e-02
-2.280621e-02
-5.981421e-02
-1.975443e-02
-4.905414e-02
-4.261117e-02
-6.149352e-02
-5.075934e-02
-5.701877e-02
-9.154598e-02
-6.828576e-02
-1.013511e-01
-1.122872e-01
-1.549902e-02
-1.774061e-02
-3.998822e-02
-1.096724e-02
1.616072e-02
-1.147361e-02
-3.894023e-02
5.160774e-02
2.587038e-02
-7.269463e-02
-1.204285e-02
5.171207e-02
-8.211884e-02
-2.748656e-02
3.963213e-02
-1.333121e-02
4.759068e-02
8.174521e-02
-8.909757e-02
-4.454618e-02
4.127275e-02
-9.647825e-02
-3.642670e-04
5.146937e-02
-9.687570e-02
-5.119755e-02
1.142540e-02
3.073344e-02
-4.275680e-02
-3.220913e-02
3.746609e-02
6.561895e-03
-1.910652e-02
3.334151e-02
1.162833e-04
1.304884e-02
7.869257e-02
7.053053e-02
-4.666459e-02
6.934258e-02
-2.160488e-02
-2.996968e-02
-2.308088e-02
3.736536e-02
3.627622e-02
-1.244801e-02
-7.161950e-02
-6.222721e-02
-1.381524e-02
-1.769644e-03
-7.200217e-02
3.890229e-02
3.359772e-02
2.319286e-02
-3.741317e-02
-3.564847e-03
1.810935e-02
-5.913810e-02
-3.427724e-02
-2.599524e-02
-4.688116e-02
-2.490995e-02
-3.829951e-02
1.876269e-02
-1.611974e-03
-3.585904e-02
1.418248e-01
1.197532e-01
1.067429e-01
1.620218e-01
2.181276e-01
1.463366e-01
1.892165e-02
4.561121e-03
-1.022870e-02
-1.472422e-02
-1.160635e-02
-3.503783e-02
-7.739752e-02
-6.644932e-02
-8.489332e-02
6.541647e-02
8.188814e-02
3.718835e-02
5.794783e-02
2.635104e-02
1.155740e-01
2.949424e-02
8.241250e-02
7.269983e-02
-9.796906e-02
1.620581e-02
1.760876e-01
-3.027212e-02
4.455388e-02
2.145880e-01
7.620499e-02
1.274034e-01
1.276194e-01
-7.917073e-02
-7.477741e-02
-1.195729e-01
2.924121e-02
2.245409e-02
-2.319110e-02
7.270136e-02
9.963194e-03
-6.431707e-02
-2.252103e-02
-1.129048e-01
-4.557219e-02
-7.707342e-02
-1.552975e-01
-8.974213e-02
-2.557126e-03
-7.059817e-02
-1.273948e-01
1.030416e-01
5.696165e-02
-5.477806e-03
7.878201e-02
7.661986e-02
6.515466e-02
3.393643e-02
9.436589e-02
7.306650e-02
4.469649e-02
1.657216e-01
1.101522e-01
1.288083e-01
2.253567e-01
3.285678e-01
1.348139e-02
1.464658e-01
2.431594e-01
1.703949e-02
5.821089e-02
1.143482e-01
-6.611398e-02
-1.335973e-02
8.672827e-02
-1.968427e-01
-2.148280e-01
-1.665311e-01
6.208689e-02
7.779387e-02
6.891736e-02
1.358603e-01
1.784743e-01
1.712881e-01
2.212400e-02
-3.916847e-02
5.275897e-02
3.369248e-02
3.364638e-02
2.999324e-02
-2.043220e-03
-9.996371e-03
-2.750287e-03
-2.079896e-02
-1.703810e-02
4.495684e-02
-8.737945e-03
-1.865970e-02
-3.914506e-02
6.759881e-03
-2.670939e-02
-4.133119e-02
9.199016e-02
1.385901e-01
7.101961e-02
-3.755171e-02
-3.281402e-02
2.985942e-02
-6.164089e-03
1.374652e-02
1.526178e-02
-1.882469e-02
5.638821e-03
1.678480e-02
-6.994827e-04
1.205825e-02
-1.315408e-02
-3.741430e-02
1.518346e-02
-2.333386e-02
-4.579441e-02
-8.685739e-02
1.125152e-02
-8.353382e-02
-1.526173e-01
-1.170089e-01
-1.499588e-02
-7.502957e-02
-9.709062e-02
2.756188e-02
-8.035105e-03
3.048890e-02
5.059967e-02
5.951596e-02
7.656343e-02
-5.039173e-02
-7.039092e-03
5.774300e-02
-1.701892e-01
-1.195471e-01
-4.715732e-02
-3.553475e-02
1.932907e-02
1.130389e-02
5.668363e-02
6.370453e-02
8.968773e-02
2.553295e-02
9.428971e-02
6.148856e-02
-5.003635e-03
-2.318306e-02
-5.014803e-02
2.015051e-02
2.553911e-02
4.302054e-03
2.077494e-02
5.572362e-04
-3.208290e-02
3.505885e-03
2.422689e-02
1.986864e-02
8.133844e-03
-2.877985e-02
4.668146e-04
2.302871e-02
4.408788e-02
7.602651e-02
-1.250484e-01
-9.625423e-02
-8.604877e-02
-8.940603e-02
-8.748636e-02
-5.504866e-02
-2.385748e-02
-2.777869e-02
-6.898425e-02
-2.220301e-02
-5.091637e-02
1.099051e-02
-4.688629e-03
-4.232568e-02
-4.455201e-03
3.764981e-02
-9.813420e-03
-2.579640e-02
2.094860e-02
-3.261908e-02
4.184068e-02
1.744883e-02
8.278425e-03
6.540579e-02
2.039871e-03
6.160616e-02
2.029037e-02
9.347852e-03
-1.389734e-01
-2.702068e-01
9.558918e-02
-4.202047e-02
-2.708049e-01
1.042616e-01
-1.001277e-01
-2.472745e-01
2.190850e-02
-6.457296e-03
9.114739e-02
5.832254e-02
-2.329867e-02
7.248271e-02
9.813877e-02
3.685723e-02
1.306377e-01
2.572087e-02
4.273191e-02
-1.967989e-02
1.102017e-02
2.535480e-02
-6.827471e-02
-1.579896e-02
-1.283064e-02
-9.368712e-02
-1.204657e-02
-5.684321e-02
-8.974589e-02
9.340934e-03
-3.227308e-02
-1.206045e-01
-1.404056e-02
-6.072549e-03
-4.215639e-02
2.039921e-03
2.345893e-02
-2.266299e-02
-2.003646e-02
-2.277643e-02
-3.093129e-02
-7.644559e-03
-2.820309e-02
-2.389029e-02
7.052100e-02
-1.415315e-02
-9.432848e-02
2.033093e-02
6.079876e-02
-8.074515e-02
6.253064e-03
-4.502948e-02
-1.053163e-01
-1.134993e-02
6.171096e-02
1.518361e-01
-7.542207e-03
8.678262e-03
1.838009e-01
1.788709e-02
8.360060e-02
1.413328e-01
1.311101e-02
-1.462442e-02
-1.531257e-02
9.084696e-02
1.586803e-02
2.017484e-02
5.339255e-02
1.181880e-01
1.018195e-01
-5.379006e-02
-5.127777e-02
1.990379e-03
-9.335894e-02
-3.966941e-02
1.310973e-02
-1.884285e-02
9.608177e-03
8.814038e-02
5.374067e-02
7.600338e-02
4.854965e-02
-5.077327e-03
3.098460e-02
8.764426e-03
-4.692789e-02
1.386600e-02
2.026261e-02
1.431137e-01
7.384785e-02
9.202133e-02
9.882534e-02
-6.684730e-03
1.070768e-01
4.502003e-02
8.876840e-02
9.899084e-02
2.562522e-02
3.019108e-02
3.803978e-03
4.025544e-02
3.813049e-02
-8.852120e-03
3.532920e-02
2.469704e-02
-4.336398e-02
7.919757e-02
3.292305e-02
-3.358976e-02
5.275561e-02
1.573972e-02
-3.527157e-02
5.423894e-02
5.549807e-02
7.012877e-02
1.768896e-01
5.837696e-02
-1.609115e-01
1.657128e-01
5.782961e-02
-2.026287e-01
4.340141e-02
-2.847316e-02
-2.191951e-01
-6.052463e-02
-8.086506e-02
-5.537953e-02
-6.885473e-02
-6.064183e-02
-1.175738e-03
-6.507810e-02
-2.970813e-02
5.644356e-02
-1.215040e-02
-1.340428e-02
-2.098545e-02
-5.454352e-02
-1.030218e-01
2.121472e-03
-2.288096e-02
-1.341351e-01
-9.981728e-02
-1.200388e-01
-5.998721e-02
5.147712e-03
-3.055514e-02
-5.777722e-03
1.060292e-01
1.802766e-01
3.191553e-01
3.176084e-01
5.240081e-02
-1.659035e-03
3.421552e-02
8.450185e-03
5.745823e-03
-3.041471e-02
-8.592305e-02
-9.823218e-02
-8.102423e-02
-3.140369e-02
-4.137838e-03
2.353092e-02
-7.080888e-02
-3.891007e-02
-3.032370e-02
-1.869199e-03
7.965026e-03
3.926383e-02
-7.633561e-04
-1.695781e-02
-3.994685e-02
1.461971e-02
-2.399926e-02
3.633490e-02
2.716750e-02
7.119742e-02
1.674922e-02
-1.945232e-02
2.473835e-02
-6.287104e-03
3.302315e-02
3.049066e-02
-2.247934e-02
-9.981221e-03
-3.362430e-02
-7.822505e-02
-6.774221e-02
-7.395309e-02
-4.567742e-02
-7.640190e-02
-1.102018e-01
-4.945793e-02
-4.532393e-02
-2.462893e-02
1.015359e-02
1.209458e-01
1.319339e-01
1.278661e-01
4.709791e-02
4.133772e-02
5.410795e-02
-5.518075e-02
-7.648017e-02
-5.116722e-02
-1.071382e-01
-1.048919e-01
-2.654560e-02
-7.609136e-02
-8.910272e-02
8.998468e-02
-2.585759e-02
1.148496e-01
1.360898e-01
5.479366e-02
5.754634e-02
-2.811969e-02
-4.122357e-02
-1.633987e-02
-1.074167e-01
-1.124695e-01
-9.495229e-02
-1.574176e-01
5.246822e-03
3.844376e-02
-6.866489e-03
2.365630e-02
2.287216e-02
-5.408894e-02
-1.943265e-02
-6.286817e-02
-1.408819e-01
-3.582603e-02
-1.442797e-02
1.043216e-02
3.483983e-02
2.531449e-02
9.143101e-02
-6.659448e-02
1.032251e-02
3.861259e-03
-3.527731e-02
-1.081594e-02
1.442196e-02
-4.176020e-02
-2.199119e-03
2.700301e-02
2.760000e-02
7.459349e-02
9.520571e-02
-5.891261e-02
-8.124226e-02
-3.837224e-02
-1.982568e-02
-9.426359e-02
5.272999e-02
1.886897e-02
3.731107e-02
9.531967e-02
-1.478136e-01
-1.253283e-01
-1.409608e-01
-1.350126e-01
-1.535037e-01
-1.527735e-01
5.996643e-02
2.756264e-03
-2.628978e-02
-4.900753e-03
-3.752232e-02
-3.139469e-02
-2.289952e-02
-5.016108e-02
-4.131920e-02
-1.416675e-02
-5.705302e-02
-4.573073e-02
-2.023670e-02
-8.947311e-03
-1.588677e-02
-7.683267e-02
-4.434618e-02
-7.638725e-02
-2.997976e-02
1.707299e-02
-1.868675e-02
1.097997e-02
-3.641162e-02
-5.934348e-02
-1.190261e-02
-4.048733e-02
-5.531881e-02
-3.444448e-02
-7.067104e-02
-8.208626e-02
-4.430738e-03
5.038260e-02
-7.639747e-03
-1.129392e-02
2.254961e-02
-1.727406e-02
-7.951211e-03
5.119212e-02
-7.845271e-03
3.996996e-03
1.183140e-02
1.033850e-02
1.704375e-02
1.140438e-02
4.482128e-03
1.659803e-02
7.642754e-03
-6.643503e-03
-7.376032e-02
3.372566e-02
-1.363294e-02
-7.153635e-04
7.088450e-02
3.530621e-02
9.562536e-04
7.402388e-02
5.504599e-02
2.368153e-02
-5.001012e-02
-1.981678e-02
1.361044e-02
-7.450175e-02
-5.220917e-02
6.468669e-02
-2.786204e-02
-2.200807e-02
-2.946122e-02
-1.266401e-01
-8.500264e-02
-1.489249e-02
-1.065715e-01
-6.557215e-02
-6.917544e-02
-1.818064e-01
-1.280688e-01
-5.019517e-02
-6.806670e-03
1.641250e-02
-2.253885e-02
5.673281e-03
1.927654e-02
4.336230e-02
6.557427e-02
8.036942e-02
3.290772e-02
3.216044e-02
-1.287971e-02
4.061725e-02
4.916531e-02
2.104947e-02
1.666131e-02
2.114866e-02
-2.464090e-02
-4.163498e-02
-1.776162e-02
2.647413e-02
2.149031e-02
3.445135e-02
8.115936e-02
2.787246e-02
5.593660e-02
1.020200e-01
2.604912e-02
-2.413117e-02
-7.141135e-03
-2.347403e-02
-8.179056e-02
-6.735388e-02
-5.349015e-03
-6.206288e-02
-4.675331e-02
2.213760e-03
-9.012693e-03
-2.893072e-02
-9.872653e-02
-9.991535e-02
-1.185462e-01
-9.366678e-02
-6.323981e-02
-6.915284e-02
2.979210e-02
-2.001896e-02
2.633183e-03
-3.201032e-02
-8.303989e-02
-6.201747e-02
4.035656e-02
-2.565605e-02
-1.441116e-02
-4.334981e-02
1.412989e-02
-1.061125e-02
-1.301094e-02
3.833458e-02
3.235782e-02
3.766652e-02
7.287576e-02
8.582465e-02
-4.197847e-02
3.494486e-02
3.836300e-02
2.084746e-02
1.216338e-01
1.011184e-01
-3.640270e-03
7.433678e-02
8.040466e-02
-8.259656e-03
5.141152e-02
3.871087e-02
9.235260e-03
5.444282e-02
1.278480e-02
3.276883e-02
5.706567e-02
3.895433e-02
3.221955e-03
1.861968e-02
1.836512e-02
5.626509e-02
7.270666e-02
6.692195e-02
2.665894e-02
1.138383e-01
5.641744e-02
-1.716153e-01
-1.978104e-01
-1.194547e-01
-1.335831e-01
-1.121970e-01
-1.354914e-01
-1.137623e-01
-1.563719e-01
-1.374251e-01
9.675700e-03
4.541771e-02
8.083723e-02
-4.917232e-02
2.631313e-02
4.272238e-02
-5.741284e-02
3.187141e-02
1.908929e-02
-9.608227e-02
8.248355e-03
-1.696249e-02
-1.025784e-01
2.431252e-02
-1.092150e-02
-8.863991e-02
1.529383e-02
-1.121148e-02
1.185679e-02
5.349513e-02
5.012802e-03
7.789768e-02
7.669833e-03
-4.855555e-02
3.542170e-02
-4.285865e-03
-7.010107e-02
-5.044768e-02
-2.733758e-03
3.831666e-02
-6.178018e-02
2.789930e-03
3.825932e-02
-3.765191e-02
2.188185e-02
3.070805e-02
-1.395443e-02
-2.993155e-02
4.911198e-04
-5.233860e-02
-5.351375e-02
2.391615e-02
-4.394267e-02
-1.408424e-02
2.081862e-02
5.165769e-02
1.159718e-01
1.171820e-01
8.405700e-02
7.313523e-02
1.527590e-01
9.008347e-02
1.528884e-01
1.814768e-01
8.570518e-02
1.098271e-01
1.254363e-01
9.157723e-02
4.147580e-02
1.012499e-02
1.190151e-01
7.289523e-03
-9.743135e-02
-9.605993e-02
-9.605609e-02
-4.218679e-02
-6.944821e-02
-2.258294e-02
-1.473739e-02
1.432531e-03
1.192210e-02
-1.836402e-02
-2.671158e-03
5.889764e-02
2.302279e-03
-1.612789e-02
5.916380e-02
2.329922e-02
-8.252826e-02
6.040435e-03
-2.889797e-02
6.908299e-02
1.865945e-01
9.272826e-02
3.831076e-02
5.024559e-02
6.778934e-02
2.369348e-02
6.314469e-02
3.117787e-02
-3.498488e-03
4.922419e-02
2.162515e-02
1.125097e-02
5.547351e-02
2.373777e-02
8.419340e-03
5.910767e-02
1.822448e-02
-3.558753e-02
-7.545882e-02
-7.796852e-02
-2.618777e-02
-5.075544e-02
-9.021048e-02
2.815066e-02
-4.333872e-02
-6.940738e-02
-5.183971e-03
-1.317751e-02
-7.492854e-03
-1.169942e-01
-2.255596e-02
5.641939e-02
-1.704505e-01
-6.958587e-02
1.010520e-01
1.181309e-01
7.269357e-03
-9.062522e-02
8.104096e-02
4.402125e-02
-1.398800e-02
1.604476e-05
4.610015e-02
4.297524e-02
3.683273e-02
2.387601e-02
-3.940245e-03
2.464959e-02
2.834952e-02
4.661530e-02
7.918782e-03
-9.160295e-03
4.451767e-02
-1.192948e-01
-4.964241e-02
8.045007e-02
-6.450667e-02
-8.905556e-03
9.913734e-02
-1.062326e-01
-7.956119e-02
2.010890e-02
-2.784494e-02
-5.703051e-02
-4.812745e-02
5.052876e-02
-6.178661e-02
-9.056646e-02
1.444222e-01
2.048839e-02
-1.194470e-01
5.257271e-02
5.900622e-03
-1.034480e-01
7.707299e-02
4.376642e-02
-8.527468e-02
3.763315e-02
7.968908e-02
-2.027621e-02
-3.542504e-02
-1.055643e-01
-2.745449e-02
-2.338051e-02
-5.541969e-02
-1.103626e-01
2.025997e-02
-3.238607e-02
-9.130250e-02
-1.145190e-01
1.326613e-02
4.737255e-02
-4.266163e-02
1.572723e-02
3.778844e-02
3.691760e-02
2.408497e-02
5.753963e-04
5.602589e-02
-1.687062e-02
-5.088187e-02
2.989654e-02
5.826174e-02
-3.015170e-02
-5.708546e-05
-2.603847e-02
-4.154259e-02
1.221610e-01
4.205314e-03
-3.696039e-02
1.561610e-01
1.971406e-02
-6.594982e-02
1.356713e-01
8.714887e-02
1.267191e-02
1.917957e-02
-7.976129e-03
-5.241761e-02
-1.187932e-02
4.828832e-03
-1.959371e-02
2.172259e-03
-3.652100e-02
3.271396e-02
8.311000e-02
-6.659377e-02
-1.380069e-01
9.062984e-02
-2.177399e-02
-1.754387e-01
5.297189e-02
2.406448e-02
-1.004021e-01
-2.934648e-02
3.030260e-02
1.356152e-02
-3.525322e-03
1.959954e-02
-1.909847e-02
1.518768e-02
1.714129e-02
-5.208466e-02
-1.052155e-01
1.038882e-02
1.450374e-01
-1.062266e-01
-7.426188e-02
1.670453e-01
-5.825630e-02
-1.252333e-01
4.462745e-02
-1.426681e-03
-4.251914e-02
-2.705416e-02
4.358922e-02
-1.193170e-03
-2.606967e-02
3.358695e-02
2.295011e-02
-1.483370e-02
-1.071031e-02
4.234447e-02
7.699246e-02
-1.241763e-02
3.073232e-02
1.155382e-01
-6.267359e-03
-3.397383e-02
2.923732e-02
-1.837690e-01
6.343558e-02
2.219068e-01
-2.175110e-01
-3.334874e-02
3.183793e-01
-1.723031e-01
-1.198070e-01
1.276331e-01
-9.414501e-02
-3.955234e-02
5.782960e-03
-2.119644e-02
-3.311230e-02
-3.534107e-02
4.688938e-02
8.370908e-03
-4.212416e-02
6.835876e-02
-2.604976e-02
-1.791072e-01
1.845119e-01
1.930271e-01
-5.934411e-02
6.587415e-02
1.685315e-01
6.595714e-02
-4.230796e-02
-7.132574e-02
-1.878549e-02
-1.790884e-02
-8.889632e-02
-4.027737e-02
3.203299e-02
-4.843622e-02
-1.099827e-01
-1.432766e-01
4.675724e-02
1.912518e-01
-2.128796e-01
-1.238473e-01
1.275601e-01
-4.140540e-02
-1.215240e-01
8.740837e-03
-4.807726e-02
-4.592015e-02
-2.463888e-02
7.469433e-02
-6.995649e-03
-8.943942e-02
1.245483e-01
8.611603e-02
-6.165709e-02
-1.936444e-02
4.922972e-02
9.593544e-02
-1.349820e-01
-9.407857e-02
-5.124578e-02
-9.307275e-04
-1.271489e-01
-1.351320e-01
3.798329e-02
-1.026159e-02
-6.508364e-02
-2.850349e-02
-2.900118e-05
-5.141605e-02
2.084643e-02
3.702027e-02
1.047869e-02
6.990461e-02
9.256748e-02
4.141170e-02
8.889666e-02
4.701349e-02
1.356578e-01
-6.763686e-02
3.267084e-02
-1.053474e-02
-1.110390e-01
-3.599138e-02
4.528221e-02
-9.622683e-02
-5.581146e-02
6.182703e-03
-8.980590e-03
-3.677115e-02
-6.841156e-03
-5.204254e-02
-1.323310e-01
-1.013982e-01
6.839568e-02
-6.659478e-02
-1.397483e-01
1.136089e-01
2.402015e-02
-6.092029e-02
3.515050e-02
-9.467894e-02
-1.479727e-01
3.989711e-02
-6.882370e-04
-1.090711e-01
1.160759e-02
2.610621e-02
-2.860427e-03
7.452062e-03
-6.185214e-03
-8.660015e-02
2.105191e-02
5.405880e-02
-3.108421e-02
-3.057907e-02
3.225572e-02
-3.574348e-02
3.122348e-03
2.485804e-02
-4.773206e-02
2.467950e-04
4.306282e-02
1.052563e-01
-3.228284e-02
-2.626982e-02
6.716030e-02
-3.485097e-02
1.311443e-02
9.977590e-02
2.729806e-02
-2.308946e-02
6.244945e-04
5.812035e-02
-1.750688e-02
-5.596515e-02
-3.828100e-02
-1.031399e-01
-2.024607e-02
4.812939e-02
2.472411e-03
-5.230796e-02
9.142858e-02
3.705513e-02
-4.377065e-02
6.791412e-02
1.384134e-01
6.802308e-03
8.044019e-03
1.337022e-01
1.379691e-01
-1.980604e-01
-1.333277e-02
8.136980e-02
5.103622e-02
1.450807e-02
-4.868931e-02
1.828761e-02
1.505282e-02
-2.388807e-02
4.989011e-02
2.326770e-02
-1.468525e-02
-1.293886e-01
-1.578048e-01
1.332505e-01
-1.471165e-01
-2.358811e-01
1.833045e-01
-1.018345e-01
-1.425895e-01
8.442353e-02
-1.439016e-02
2.598157e-03
-2.632265e-02
-4.483528e-02
-2.138118e-02
-6.269342e-02
9.919502e-02
-1.976330e-03
-8.557496e-03
-7.501934e-02
1.347042e-02
4.864282e-02
-1.041521e-01
1.653670e-02
9.177249e-02
-9.395219e-02
-2.062493e-02
1.119084e-01
-7.000000e-02
1.719365e-02
1.531941e-01
-1.004668e-01
-3.053338e-02
1.678584e-01
-1.001111e-01
-6.174730e-02
1.108668e-01
-5.847993e-02
1.658065e-01
6.159705e-02
-1.338398e-01
2.005009e-01
9.981942e-02
-1.170431e-01
1.987568e-01
1.002639e-01
-1.267090e-02
-1.496004e-02
1.840713e-02
2.848764e-02
2.959643e-02
3.714976e-02
-8.598151e-03
2.213502e-02
4.507659e-02
5.209675e-02
2.729091e-02
-9.574321e-02
5.135970e-02
1.021305e-01
-1.444487e-01
7.239893e-02
2.814940e-02
-8.376361e-02
2.576754e-02
7.249346e-03
6.617343e-02
2.553046e-02
-2.940119e-02
7.211672e-02
1.757143e-02
-4.732452e-02
2.991307e-03
2.732037e-02
-4.861760e-02
-5.818600e-02
-2.212494e-02
-3.900966e-02
-4.560784e-02
2.804889e-02
-2.200267e-02
-1.791535e-02
1.128619e-01
8.835340e-03
-4.163635e-02
2.144371e-01
3.521044e-02
-1.187973e-01
1.602190e-01
2.454060e-02
-9.161664e-02
-2.935210e-02
-2.089775e-02
4.249584e-02
-4.385854e-04
-2.757340e-02
5.161064e-02
-3.035469e-02
-3.197068e-02
7.593721e-02
6.711235e-03
6.717878e-02
-1.184717e-01
2.414544e-01
1.148739e-01
-1.674835e-01
1.878738e-01
1.774459e-01
-7.871712e-02
-4.305217e-02
-1.936805e-02
7.480096e-02
-9.108809e-02
-4.121621e-02
7.744692e-02
-8.275428e-02
-5.262334e-02
5.223258e-02
-8.518612e-02
-2.674999e-02
-7.280496e-03
1.328198e-02
-2.196093e-02
4.772923e-03
1.277987e-01
3.837683e-02
1.602964e-02
1.439515e-02
-2.053439e-02
7.023876e-03
-4.967368e-03
-6.163656e-02
2.442577e-02
-2.070708e-02
-6.791636e-02
6.991096e-03
-2.882499e-02
-1.807359e-02
-6.949024e-02
1.736521e-02
-4.059479e-03
-5.380896e-02
9.011898e-03
-1.024220e-02
-5.814970e-02
1.207483e-02
-1.271295e-03
-4.054516e-02
-2.842383e-02
-1.979036e-03
3.820565e-02
-6.866695e-03
3.546022e-02
4.594900e-02
-4.514310e-02
-5.437643e-02
3.683351e-02
6.966341e-02
7.529458e-02
1.128624e-01
6.145811e-02
-7.243193e-03
3.532307e-02
-1.972763e-02
1.155914e-02
2.195727e-02
-2.208216e-02
3.482827e-02
2.154176e-02
2.007114e-02
5.071505e-02
1.653583e-02
-1.361092e-02
3.015551e-02
4.557985e-02
5.103151e-03
8.804682e-03
1.073966e-02
-6.524816e-02
-4.236826e-02
-4.447441e-02
-2.255449e-02
4.771029e-02
5.964699e-02
3.018457e-03
-8.038048e-03
3.685683e-03
-4.392932e-02
1.644445e-03
1.066046e-02
-1.187418e-03
4.088272e-03
-1.421155e-02
-2.861275e-02
-8.844042e-03
-2.713392e-03
-2.875076e-02
1.305808e-03
1.331306e-02
-6.699159e-03
-2.749609e-02
-8.303527e-03
4.472049e-02
-5.636221e-02
-9.073935e-03
4.069931e-02
3.995292e-02
-2.846140e-02
3.018835e-02
5.228782e-02
4.050647e-02
4.256626e-02
3.752612e-02
4.217893e-02
6.738482e-02
7.942025e-02
3.109078e-02
4.823334e-02
6.390721e-02
3.850613e-02
2.376417e-02
1.077755e-01
1.797703e-01
3.353815e-03
1.299546e-01
1.559082e-01
4.725743e-02
7.295270e-02
1.124988e-01
1.324160e-01
7.417058e-02
1.305070e-01
1.501686e-01
1.227653e-01
7.668579e-02
-7.520226e-02
-4.438966e-02
-1.667710e-02
-1.989355e-02
-1.134925e-02
-1.655080e-02
2.215447e-02
2.027678e-02
-2.373081e-02
7.052437e-03
-8.380188e-02
-5.869067e-02
-2.090262e-01
-6.084996e-02
-9.565356e-02
-2.477562e-01
-1.299454e-01
-3.108554e-02
-3.367602e-02
1.646842e-02
-1.421935e-02
-9.931460e-03
3.675196e-02
1.263671e-03
-7.509120e-02
-1.708063e-02
-2.689675e-02
6.392118e-02
2.979131e-02
-9.693623e-03
-2.276354e-02
9.679208e-03
-3.422878e-02
1.613128e-02
4.559898e-02
5.035915e-03
-7.611493e-02
-1.459087e-01
-2.624332e-01
-1.324958e-01
-1.345673e-01
-2.574960e-01
-1.694667e-01
-2.296592e-01
-2.238773e-01
-1.872663e-01
-2.026771e-01
-1.583601e-01
-1.069357e-01
-8.640901e-02
-5.632545e-02
-4.870528e-02
-5.366484e-02
-3.156178e-02
-4.241176e-02
2.296765e-02
3.250350e-03
2.797720e-02
8.814939e-03
9.943896e-03
5.562893e-02
-7.173665e-02
-4.488387e-02
1.165344e-01
6.980158e-02
3.288958e-02
2.914108e-02
-2.006134e-02
-5.913366e-02
-4.882123e-02
-1.309429e-01
-2.044008e-01
-9.561506e-03
-6.678840e-02
-4.614415e-02
-1.139714e-01
-1.318567e-01
-1.044477e-01
-1.697558e-01
-1.552674e-01
-1.445603e-01
-2.452802e-01
-2.239182e-01
-2.316866e-01
-1.781259e-01
-1.266290e-01
-1.634109e-01
-9.588782e-02
-7.754403e-02
-9.669330e-02
-1.912221e-02
3.218282e-02
2.107467e-02
-4.300618e-02
6.449690e-02
1.914983e-02
4.015252e-03
-3.908414e-02
-1.867297e-02
1.279657e-01
4.661098e-02
-1.538803e-02
1.190671e-01
1.050514e-02
-2.362415e-02
8.851948e-02
-1.361926e-02
-1.669378e-02
1.843181e-02
8.424958e-02
2.729258e-02
-2.680329e-04
3.045845e-02
4.945848e-02
-9.658495e-03
-6.597231e-02
-5.665511e-02
-2.242239e-02
-2.800457e-02
-2.360092e-02
-3.494971e-02
-5.229742e-02
-3.773132e-02
-2.459455e-02
-2.168497e-02
-1.700124e-02
1.461498e-01
5.354802e-02
-4.903047e-02
3.702058e-02
-3.589914e-02
-1.175353e-01
-3.662651e-02
-8.576337e-02
-1.485881e-01
8.661675e-02
4.140569e-02
-1.718071e-02
6.141475e-02
2.498764e-02
-2.053067e-02
-3.140996e-02
-2.873470e-02
-8.635973e-02
9.586801e-02
8.977909e-02
3.016587e-02
8.262520e-02
6.158376e-02
-1.673665e-02
4.842689e-02
3.547907e-02
-2.680761e-02
-3.357535e-02
-2.672415e-02
-3.064409e-02
6.186410e-02
8.221700e-02
6.674790e-02
1.023766e-01
9.352211e-02
6.583094e-02
-1.153350e-01
-1.160163e-01
-9.820766e-02
-9.440353e-02
-7.528450e-02
-6.365179e-02
-7.177792e-02
-5.609743e-02
-5.033706e-02
4.523050e-02
3.051732e-02
1.093201e-02
3.969767e-02
2.346819e-02
1.698026e-02
2.471498e-02
-7.071471e-03
-5.161783e-02
-5.409984e-02
-2.987181e-02
-1.018307e-02
-6.045725e-02
5.359190e-03
1.988797e-03
-6.541094e-02
-6.572650e-02
-4.729061e-02
5.604592e-02
-3.224502e-02
-8.150604e-02
2.373030e-02
-3.742746e-02
-9.954698e-02
2.629088e-02
-2.986480e-02
-9.153458e-02
-3.639166e-02
1.630586e-01
-7.724225e-03
-4.103905e-02
3.335907e-02
-5.986730e-02
8.535872e-03
1.036304e-01
-3.179551e-02
1.264954e-01
8.007325e-02
-5.590657e-02
1.099251e-01
3.744785e-02
-6.466611e-02
4.366637e-02
-5.324734e-03
9.445820e-04
-5.127317e-02
5.523363e-02
-1.517753e-01
-3.958000e-02
1.265237e-01
-1.047007e-01
-7.405634e-02
1.909086e-02
-2.091200e-02
3.978904e-02
7.178707e-02
-6.832006e-02
3.210561e-02
8.045588e-02
-6.271762e-02
-1.025023e-02
1.367930e-02
-9.260594e-02
9.460916e-02
-8.303361e-02
-6.021699e-02
4.973425e-02
-5.561088e-02
-9.686132e-03
8.834234e-02
-2.470964e-03
-2.419108e-02
-5.597723e-02
2.700840e-02
2.152087e-02
-5.932774e-02
1.965584e-02
2.257705e-02
-5.536150e-02
-2.547002e-02
-1.529748e-02
-2.507926e-02
-4.274851e-02
-7.630152e-02
-7.760885e-02
8.470772e-03
-9.667446e-02
-7.626058e-03
-5.444979e-02
-6.400096e-02
7.122627e-03
2.544292e-02
-1.870952e-02
-1.749138e-02
-1.711847e-02
-1.713644e-03
-2.756953e-02
-5.393897e-02
8.253463e-03
-6.409498e-02
-9.281061e-03
-7.798691e-02
-8.336826e-02
9.709664e-03
-9.028827e-02
-3.476646e-02
-3.547551e-04
-3.166924e-02
8.034847e-02
-1.914769e-01
8.894061e-02
1.197284e-01
-2.022880e-01
1.207599e-01
9.805992e-02
-1.166366e-01
1.230678e-01
-4.006479e-02
4.998671e-02
3.886534e-02
-5.616667e-02
2.420186e-02
1.109334e-02
-8.418491e-02
-9.010753e-03
-6.976861e-03
4.927766e-02
-9.770633e-02
1.791555e-01
1.681687e-01
-1.896173e-01
2.780245e-01
2.931692e-02
-1.546890e-01
1.088756e-01
7.770418e-02
8.334683e-03
-1.824207e-02
7.751201e-02
5.121088e-04
-1.036425e-02
6.182128e-02
-5.319233e-03
-3.640006e-02
-5.224083e-02
3.884809e-02
-1.038825e-01
-6.259759e-02
-3.127048e-02
-9.478986e-02
-3.440136e-02
3.519078e-02
-4.786370e-02
8.738133e-04
-2.574550e-02
3.754470e-02
1.252666e-02
-3.831844e-02
3.859656e-03
-1.076185e-02
-3.553541e-02
-1.097454e-02
