-7.558484e-02
-4.437002e-02
-6.218081e-02
-1.229125e-02
2.549327e-02
2.132111e-02
-2.625590e-03
3.054985e-02
2.465316e-02
-9.531334e-03
4.177488e-02
6.475083e-03
-3.308104e-02
-7.703393e-03
-4.672755e-03
1.769302e-02
1.446083e-02
9.868734e-03
-4.779607e-02
-3.712247e-02
-4.536453e-03
4.466390e-02
8.967490e-02
7.942012e-02
-1.136687e-02
-3.163274e-03
3.336480e-03
-5.706591e-02
-8.131041e-02
-5.019267e-02
8.570338e-03
1.008795e-02
4.488823e-03
4.925515e-02
2.552526e-02
6.263852e-02
-1.104282e-02
-3.858618e-03
-1.829104e-02
-2.826080e-02
-2.003670e-02
-2.897898e-02
-2.702769e-02
-3.614347e-02
-1.973541e-02
9.284093e-03
1.431118e-02
4.168983e-03
7.572842e-02
2.922765e-02
-7.987819e-02
-5.185850e-02
1.548052e-03
-1.420648e-02
-3.226714e-02
-1.248303e-02
-1.894438e-02
-4.235454e-02
-3.233798e-02
-2.536765e-02
-1.430156e-02
-3.126542e-03
1.188803e-03
-1.028848e-01
-4.174873e-02
-1.078454e-01
6.934895e-02
8.220522e-02
8.593301e-02
-3.975715e-02
1.127235e-02
-8.870561e-03
-8.703597e-03
-2.160563e-02
-2.715697e-02
2.816318e-02
2.221236e-02
2.829244e-02
2.621988e-03
4.647180e-03
-1.605985e-02
-3.421270e-02
-1.517855e-02
-1.762188e-02
-3.495644e-02
4.583813e-03
4.763354e-02
1.365409e-02
-3.134326e-02
-5.563849e-02
-1.088332e-02
1.027596e-02
2.286165e-02
7.959591e-03
2.262306e-02
6.135353e-02
6.980058e-03
-1.136656e-03
-2.078309e-02
1.358945e-02
1.472451e-02
-3.059588e-03
-2.776047e-02
-1.852650e-02
-3.617480e-02
-8.699035e-04
9.336077e-03
8.297950e-03
-1.183657e-02
-6.213039e-04
7.866226e-03
-8.702326e-02
-4.927914e-02
-8.335895e-02
5.126786e-02
2.025982e-02
-2.121435e-02
-4.776506e-02
-2.531531e-02
-3.009529e-02
-3.607932e-02
-2.104922e-02
-2.572947e-02
-1.258102e-02
-1.155790e-02
-1.460917e-02
-1.019715e-02
-4.460762e-02
-3.668147e-02
1.481906e-01
1.123572e-01
1.342111e-01
-3.099492e-02
-4.018205e-02
-1.556644e-02
-3.094540e-02
-2.732487e-02
-3.297355e-02
1.321683e-01
1.194422e-01
1.054653e-01
1.650216e-02
2.593686e-02
1.769541e-02
-3.025001e-02
3.978117e-02
1.895505e-03
-2.812001e-02
-2.761775e-02
-1.788698e-02
-8.625482e-03
1.089271e-02
6.312503e-03
1.015320e-01
9.546636e-03
1.329884e-01
1.167559e-02
1.170581e-01
8.695685e-02
3.269390e-02
-2.488779e-01
-6.503330e-02
-4.973809e-02
-2.026200e-02
-7.159939e-02
-1.541324e-02
7.500009e-02
-2.418339e-02
-5.615107e-02
7.383125e-02
-6.391527e-02
-4.821860e-02
1.652483e-01
6.611615e-02
-3.684371e-02
-3.688373e-02
3.507436e-02
-1.158741e-01
9.705129e-02
-2.690511e-02
-1.228546e-02
1.035438e-01
2.988320e-02
-4.157660e-02
-1.263373e-01
-8.981179e-02
-4.030896e-02
-3.887694e-02
-1.301916e-02
1.638534e-01
5.019432e-02
-5.431563e-02
-2.418404e-02
3.356682e-02
1.770155e-02
1.632037e-02
1.329523e-02
-5.045269e-02
-2.108980e-03
-1.214894e-02
2.245555e-02
-6.036861e-02
-4.881686e-02
2.546812e-02
4.373300e-02
1.067064e-01
5.226139e-02
6.280617e-02
-9.218110e-02
-8.777748e-02
-6.004927e-02
1.911521e-01
9.326070e-02
-5.506141e-02
-3.682081e-01
-2.738849e-01
-1.512701e-02
-4.138784e-02
-3.186030e-02
-6.645415e-02
-5.167195e-02
-5.210549e-02
-5.569480e-02
-5.491045e-02
-5.666991e-02
2.321912e-03
1.206464e-01
8.433329e-02
4.321364e-02
-8.095534e-02
-2.180393e-02
-4.239464e-02
7.287460e-02
6.641794e-02
-2.902980e-02
-1.203225e-01
1.480520e-03
2.926196e-02
6.881250e-02
2.511921e-02
1.101778e-02
1.390590e-02
7.118893e-03
3.113060e-02
7.175011e-02
4.801959e-02
2.343133e-02
1.758630e-02
2.945891e-02
-2.840450e-02
-1.734971e-02
-3.141259e-03
1.290477e-01
1.993673e-02
1.791392e-01
4.667429e-02
1.679605e-01
8.198089e-02
3.221795e-02
-3.393207e-02
2.745871e-03
4.195716e-02
6.768048e-02
3.136265e-02
-2.608853e-02
-1.557735e-03
-4.211358e-02
1.209365e-02
1.695141e-02
1.768576e-02
-2.694910e-02
-4.204475e-02
-5.379410e-03
-8.081757e-02
-9.638961e-02
-1.007415e-01
-4.782834e-02
-6.839286e-02
-1.032998e-01
-1.782742e-02
-7.110088e-02
-6.201809e-02
-5.297042e-02
-4.749060e-02
-5.414727e-02
-2.966359e-02
-3.375445e-03
-2.380070e-02
-3.130625e-02
-1.034167e-02
3.388521e-02
8.470951e-03
-5.394133e-03
6.969067e-03
-5.698237e-02
1.667037e-02
9.554509e-03
2.425507e-01
-2.466972e-02
-6.445931e-02
-5.626058e-02
1.795980e-01
2.138147e-02
-1.704252e-01
6.918933e-03
-7.396026e-02
-4.902047e-02
-5.732699e-02
-2.705922e-02
-1.163326e-02
-2.122374e-02
4.357624e-03
3.049272e-02
1.166977e-02
2.592186e-02
-4.377258e-02
-3.750969e-02
2.313393e-02
4.967093e-02
-1.133075e-01
-5.570264e-02
1.070034e-01
2.561212e-02
-6.578668e-02
-1.692965e-03
-6.322755e-02
-2.148020e-02
1.491258e-02
-3.294561e-02
-4.595303e-02
-3.164336e-02
4.460372e-02
3.020750e-02
-2.554070e-02
-1.262241e-02
2.102551e-03
-1.499526e-01
-8.914820e-02
-8.171494e-02
2.690027e-02
-6.128238e-03
-4.884816e-02
3.370326e-02
1.557718e-02
5.355963e-02
-2.632955e-02
-5.066063e-02
3.427246e-02
-1.047947e-02
-1.010436e-01
-9.808112e-02
2.838363e-02
1.031194e-01
-1.085596e-01
-1.291740e-01
1.517849e-01
1.270508e-01
-1.769765e-02
-1.367650e-01
-2.688114e-02
-1.590191e-02
-2.725871e-02
-2.301760e-02
-4.437900e-02
-2.994250e-02
-4.121117e-02
-8.729231e-03
-3.476663e-02
-2.651234e-02
-1.462184e-02
-7.970694e-02
8.695457e-03
3.852521e-02
-7.195219e-02
1.040574e-02
-8.849412e-02
-5.162945e-02
-1.177469e-02
4.107879e-02
1.439558e-01
2.665995e-02
-1.691968e-02
1.262896e-01
8.897240e-02
-3.409876e-03
-1.896618e-03
3.506269e-02
-5.700253e-02
-2.583120e-02
-7.081772e-04
-4.818741e-02
-2.291934e-02
5.589929e-02
6.717740e-03
-1.619305e-02
3.402577e-02
-3.343431e-02
2.188705e-01
-1.830246e-02
-6.390590e-02
5.510150e-02
5.350396e-02
-8.578072e-02
-2.029861e-01
8.501405e-02
4.086673e-02
3.102025e-02
-1.568475e-02
5.162458e-02
1.064464e-02
-2.099752e-02
4.505645e-02
-1.534674e-03
-8.118933e-03
1.095210e-02
-5.468149e-03
-6.038111e-03
4.848082e-03
2.297897e-02
-1.505597e-02
1.550055e-02
5.251361e-02
2.806425e-03
-2.723099e-02
-5.363257e-03
-1.576756e-02
-2.101469e-02
1.322851e-03
-3.444530e-02
-6.832263e-03
-9.458228e-03
-2.458812e-02
-3.261182e-02
-5.011936e-02
6.529964e-02
6.524215e-02
-3.415479e-02
5.996007e-02
5.217822e-03
-2.218946e-02
6.629916e-02
5.892161e-02
-1.971264e-01
-2.141529e-01
1.427334e-01
-1.071154e-01
-1.663370e-02
5.459948e-02
-1.386985e-02
-1.755494e-01
-4.190498e-02
7.525422e-02
1.934352e-02
1.408640e-02
-1.633807e-02
-2.297595e-02
4.583765e-02
2.435687e-02
4.729992e-02
-5.224444e-02
2.982217e-02
2.419968e-02
1.562228e-01
-7.415389e-02
2.217853e-02
7.437199e-02
-1.329620e-01
-1.560122e-02
7.012234e-02
-8.126448e-02
-9.188261e-02
2.358768e-01
-5.575988e-02
-7.312267e-02
6.957944e-02
-4.477720e-02
-7.669509e-03
-8.511309e-02
-1.167511e-01
2.557201e-02
-2.204715e-01
-1.573383e-01
6.721043e-03
-6.618062e-02
-2.776417e-03
-5.020224e-02
-5.492900e-03
-4.458551e-02
-2.675434e-03
3.541686e-02
-1.879128e-02
3.146159e-02
-1.467473e-02
1.672831e-02
7.540741e-03
1.284590e-01
9.254657e-03
-2.016166e-02
-6.409957e-02
6.835081e-02
8.361653e-02
2.843978e-02
2.464626e-02
3.535341e-02
2.033427e-02
-1.567110e-02
7.692327e-05
5.144265e-03
-1.136213e-02
2.677593e-02
-1.903716e-03
-3.084513e-02
1.220484e-02
-3.595261e-02
-1.012643e-01
-5.161462e-02
8.685213e-02
-5.261499e-03
-1.191922e-01
-4.551263e-02
-7.197989e-02
8.053864e-03
3.424841e-02
3.631020e-02
9.443706e-02
-2.162867e-02
1.062582e-01
9.468820e-02
-1.021066e-01
3.104384e-02
5.596937e-02
5.537888e-02
-3.360210e-02
1.594694e-02
5.777892e-02
-4.425193e-02
2.878389e-02
-8.370751e-03
-1.276387e-02
5.805190e-02
-1.663249e-01
-1.935897e-01
-1.665907e-01
-2.566133e-01
3.080014e-02
-7.852892e-02
-3.177867e-01
-1.570761e-01
-1.917705e-01
-4.156474e-02
2.798898e-02
9.712153e-03
1.304470e-03
5.199742e-02
1.432777e-02
-4.296378e-02
-5.498145e-02
-5.498589e-02
5.687414e-02
-1.064793e-02
-1.745255e-02
-7.401425e-02
-9.296145e-02
1.419468e-02
-1.440021e-02
-1.795890e-02
2.857262e-02
1.313302e-02
-3.570869e-02
-5.535002e-02
-5.959895e-02
-4.695749e-02
-6.914315e-04
3.254477e-02
-3.367634e-02
2.168514e-02
1.586464e-02
1.764096e-02
3.991345e-02
4.584998e-02
5.244514e-02
7.313102e-02
-2.314064e-02
-2.665230e-02
1.576113e-03
-4.271432e-02
-2.318174e-03
2.292755e-03
-2.289809e-03
-9.321170e-03
4.946823e-02
-3.946405e-04
-3.145245e-02
-8.137880e-02
9.954746e-02
1.130783e-01
1.311524e-01
3.263075e-02
5.840677e-02
3.570098e-02
3.699664e-03
2.284694e-02
2.456785e-02
-1.328325e-02
-1.239367e-02
2.548485e-03
1.233179e-02
2.144030e-02
-1.870477e-02
-3.157741e-03
1.822221e-03
5.973257e-02
-7.038518e-03
3.037786e-02
3.254446e-02
-4.095706e-02
-7.317082e-03
-1.252959e-02
8.154144e-03
4.396117e-02
6.692503e-02
2.162334e-02
1.894402e-02
-1.556077e-02
5.903086e-02
2.043952e-02
-7.325634e-02
2.263506e-02
3.819657e-02
2.654870e-02
-3.302445e-02
-2.606793e-02
-2.901324e-02
-1.772543e-02
-2.580763e-02
-4.690752e-02
7.897142e-02
5.415475e-02
3.888419e-02
8.280569e-03
5.676487e-02
-7.331154e-03
5.954354e-02
5.210371e-02
6.880516e-02
-4.221691e-02
-3.244191e-02
-3.329632e-02
2.984332e-04
-1.863396e-03
-7.669726e-03
3.384924e-02
3.277956e-02
3.108772e-02
-1.293451e-02
-2.235839e-02
-2.746527e-02
-4.973558e-02
-2.459006e-03
3.321225e-02
-6.075499e-02
-2.896553e-02
-2.941153e-02
1.834464e-02
-2.794312e-02
-4.607849e-02
2.003466e-03
2.394555e-02
1.961845e-02
-1.197294e-02
1.226461e-02
2.038007e-02
5.177060e-02
5.285549e-02
1.796803e-02
-3.281548e-02
-1.550901e-02
-4.076480e-02
-7.160731e-02
-4.389612e-02
-7.870812e-02
3.151508e-02
6.182748e-02
2.884062e-02
-4.451672e-02
-4.896484e-02
-4.680358e-02
-1.156287e-01
-1.078661e-01
-1.159590e-01
-8.370621e-02
-1.063433e-01
-1.668634e-01
-7.148376e-03
3.160623e-02
1.680832e-02
-5.059709e-03
1.543883e-02
9.973191e-03
2.313943e-02
3.412164e-02
5.174286e-02
-8.068537e-03
-1.083843e-02
-1.165423e-02
6.591155e-02
7.684478e-02
8.659138e-02
-7.196232e-03
-7.347026e-03
1.676647e-02
3.276894e-02
2.906252e-02
2.013393e-02
7.283433e-02
6.272345e-02
4.569812e-02
-1.062782e-03
5.786599e-04
-9.875731e-03
-3.510704e-02
-2.635634e-02
-1.876342e-02
5.014373e-03
3.746412e-02
-1.152774e-02
-2.256222e-02
-4.192496e-02
4.215118e-02
-2.802167e-01
-1.140733e-02
-1.090762e-01
-1.343731e-01
-1.271337e-01
-4.758140e-03
-4.897280e-02
-1.023118e-01
-7.945090e-02
5.266209e-02
-2.863770e-02
2.909398e-02
2.277368e-02
-9.731497e-02
-8.288257e-02
8.765054e-02
-3.877788e-02
-1.087552e-03
-7.619095e-02
-7.908012e-02
-4.927596e-02
-9.987351e-02
1.045799e-01
-5.781448e-02
-4.559090e-02
-1.872923e-02
-5.046898e-02
9.712743e-02
-5.665864e-04
-1.445473e-01
1.676570e-01
9.617014e-02
-1.524008e-01
-4.587957e-03
-4.272426e-02
-7.055377e-02
-9.590919e-02
-1.030019e-01
-1.754392e-01
-1.471062e-01
-1.771960e-01
-1.538666e-01
-1.104814e-01
-3.857162e-02
-1.089234e-01
-5.214344e-02
1.467903e-03
-5.305424e-02
-3.000923e-02
4.619988e-02
4.665625e-02
-7.933917e-05
2.278847e-02
3.522852e-02
5.563514e-02
-5.133970e-02
1.096957e-02
3.857432e-02
-1.210611e-01
-2.247374e-02
7.630639e-03
-4.763740e-02
-2.154838e-02
4.189450e-02
3.212119e-02
-3.963619e-02
-4.406837e-02
-1.356160e-02
-2.887486e-02
-1.398796e-02
1.803413e-02
-2.447045e-02
1.077398e-02
7.566642e-02
-6.750543e-02
-4.506416e-02
1.068836e-01
-2.203662e-02
-1.011832e-01
-3.349551e-03
1.240652e-02
1.443470e-02
-8.672661e-03
1.106963e-01
2.822069e-02
-3.529919e-02
1.287141e-01
1.539692e-02
-3.991002e-03
6.766038e-02
5.913414e-02
1.022284e-03
-4.720599e-02
5.993985e-02
1.583333e-02
-2.044918e-02
-2.093033e-02
1.104206e-03
-1.490074e-02
-1.846140e-01
-1.454032e-01
-1.913419e-02
-1.152977e-01
-1.327522e-01
5.775892e-02
-7.183675e-02
-7.506406e-02
-1.531859e-01
-1.498263e-03
1.805828e-02
-8.475220e-03
5.183562e-02
6.427547e-02
-1.293451e-02
7.487096e-03
2.810582e-02
-6.604637e-02
7.935070e-03
2.912055e-04
-3.993835e-02
-8.095554e-02
-1.165443e-01
-9.651376e-02
-3.324434e-02
-1.243999e-02
1.723378e-02
-1.804227e-02
2.487961e-02
2.996715e-02
-1.631298e-02
-5.397573e-02
-2.242249e-02
3.803972e-02
3.602649e-02
-2.113227e-02
-7.214960e-02
-9.977686e-02
2.578761e-02
5.067917e-03
3.957607e-02
5.895770e-02
2.785297e-02
-1.970233e-02
-1.212142e-02
-3.150218e-01
2.195972e-02
-2.375521e-01
-7.483893e-02
-1.756534e-01
-1.865571e-01
-6.477369e-02
-8.307929e-02
-6.975828e-02
8.624477e-02
-1.516539e-02
4.905564e-02
-1.026381e-01
-4.521620e-02
6.590014e-02
-1.217877e-01
6.095422e-02
1.068892e-01
5.897785e-03
-7.557975e-02
-2.707650e-02
-6.663980e-02
1.749126e-01
-1.140653e-03
-1.277303e-01
-1.396084e-02
-6.144940e-02
-1.076122e-01
-4.213604e-02
1.257309e-02
-1.215419e-01
1.095496e-01
1.522310e-01
-4.029033e-02
-3.541925e-02
-2.217733e-02
5.558965e-02
6.535655e-02
-6.333420e-02
3.266676e-01
1.405817e-01
7.788647e-03
6.663872e-02
-6.914704e-02
-5.915723e-02
1.640683e-02
6.659530e-03
-3.512019e-02
6.336690e-02
4.028523e-02
-2.623875e-02
1.903518e-02
-4.224561e-02
-2.727201e-02
-2.411013e-02
9.523853e-02
8.299458e-02
1.492910e-01
-7.502791e-02
3.102742e-04
2.006652e-02
3.250612e-02
4.224914e-02
-5.391061e-02
4.652825e-03
3.510061e-02
-3.282231e-02
5.306878e-03
-1.049447e-02
-5.472486e-02
1.294348e-04
3.137544e-02
-7.001095e-02
-2.075695e-01
-7.668612e-02
-2.596730e-01
-4.149352e-02
-1.488923e-01
-9.861546e-03
-4.905282e-03
-1.641858e-02
3.920873e-02
9.194697e-03
3.373113e-02
9.685732e-02
-3.113579e-02
5.392602e-02
8.887900e-02
9.267815e-02
1.102511e-01
-5.317326e-02
8.589663e-02
2.686148e-02
-2.970396e-02
9.647316e-02
8.674709e-02
-1.961624e-02
-2.205549e-02
-4.580759e-02
-1.440612e-01
-2.179961e-01
-2.679068e-01
1.554795e-02
-2.342452e-01
-2.497010e-01
-1.481037e-01
-8.966997e-02
-1.228131e-01
3.800061e-02
-2.572673e-02
3.037980e-02
5.725032e-02
5.215608e-02
6.830128e-02
-3.191207e-02
3.573833e-02
-1.054900e-02
-8.952409e-02
2.914869e-02
-4.256886e-02
-1.037106e-01
-6.188994e-02
-5.971081e-02
-1.357481e-02
-4.345112e-02
-7.032269e-02
-2.299131e-02
5.562094e-03
4.602404e-02
-3.383162e-02
4.063969e-03
-3.633679e-02
-2.077743e-02
2.185523e-02
8.919327e-03
2.609230e-02
9.221515e-03
2.938281e-02
1.330910e-02
-2.587204e-02
2.982036e-02
4.441031e-02
1.353820e-02
4.681800e-02
-4.191757e-02
1.611230e-02
-1.404689e-04
-3.874122e-02
1.134519e-02
-1.644753e-02
3.966661e-03
-5.938360e-02
4.138753e-02
3.798805e-03
-1.262497e-03
4.591580e-02
-3.625875e-02
-2.326652e-02
-4.362710e-02
-3.839933e-02
-2.357696e-02
-7.349025e-02
3.321021e-02
-3.739556e-02
1.713567e-02
4.819444e-02
-6.024045e-02
6.117770e-02
2.223158e-02
9.300358e-03
4.438607e-02
3.117440e-02
7.232665e-03
2.045506e-02
2.258894e-02
-2.840779e-02
4.611840e-02
1.086205e-02
2.627749e-03
6.828545e-02
7.396941e-03
-2.698079e-02
-3.513803e-02
4.209622e-02
5.592549e-03
-8.206194e-02
-1.058849e-02
-5.562166e-03
-1.136479e-02
-1.941168e-02
-2.516109e-02
2.334048e-02
-6.546118e-03
-1.843726e-02
2.730023e-02
5.412321e-03
-6.432911e-03
6.233410e-02
-8.431672e-02
-1.309881e-01
-4.203497e-02
-1.889667e-03
2.191307e-02
-3.680809e-03
-4.147637e-02
-7.944085e-02
-1.394282e-02
4.274895e-03
1.181871e-01
-2.655589e-02
5.309419e-02
1.109163e-01
2.660525e-02
6.100436e-02
1.556896e-01
2.620832e-02
-5.263121e-02
8.526118e-02
-1.970480e-03
-3.017073e-02
2.319388e-02
-9.269126e-03
-2.595888e-02
2.916664e-02
-7.844923e-02
2.444066e-02
2.243473e-02
2.580598e-02
5.584128e-02
4.684872e-02
7.213362e-02
5.823493e-02
6.831401e-03
-7.425723e-03
2.925940e-02
5.472977e-02
2.899695e-02
-3.702898e-02
-6.690487e-04
-2.983852e-02
-4.811989e-02
-5.564742e-03
-1.268848e-02
-6.146764e-02
-2.466797e-02
1.264727e-03
-9.526682e-02
2.189136e-02
-5.560686e-02
-5.814030e-02
-2.505654e-02
-4.869103e-02
2.413405e-02
-1.036483e-02
-7.075334e-03
2.460252e-03
-3.197270e-02
-5.072991e-02
5.253528e-02
1.960148e-02
2.569234e-03
3.384645e-02
1.486072e-01
-1.494096e-02
1.214737e-01
1.843246e-01
1.208712e-01
3.816685e-02
1.380486e-01
2.659591e-02
5.752848e-02
1.505970e-01
4.163300e-02
1.829594e-01
2.325883e-01
1.317881e-01
8.453158e-02
1.708921e-01
2.723982e-02
1.702964e-02
3.906891e-03
-3.693886e-02
4.783976e-02
9.347023e-03
4.015056e-03
1.451653e-02
-2.807968e-02
-6.607106e-02
4.035665e-02
-1.526592e-02
9.342286e-02
1.073919e-01
1.277673e-02
-3.815821e-02
6.394574e-05
3.881746e-02
5.323102e-02
-7.479928e-04
1.673777e-03
-4.627514e-02
-1.553306e-02
3.068106e-02
4.074973e-03
1.327421e-02
2.117530e-03
2.497307e-02
8.432972e-02
1.510496e-01
4.941822e-02
-9.215920e-02
2.842109e-02
1.616284e-01
6.801935e-02
-5.574192e-02
4.567410e-02
-2.934973e-02
9.501726e-03
3.207910e-02
-5.566744e-02
-5.147564e-02
1.144904e-03
-5.068765e-03
-1.305912e-02
-3.540416e-02
1.129941e-01
6.988885e-02
6.948249e-02
1.791023e-02
9.284732e-02
1.145588e-01
-1.122032e-01
-3.953380e-02
-1.179254e-02
5.144583e-02
-4.327206e-02
5.884031e-03
-7.070976e-03
-1.505983e-02
-2.285026e-02
5.057221e-02
5.426779e-02
7.374472e-03
-4.673960e-03
-1.477432e-01
-6.838966e-02
1.343277e-01
1.830547e-01
-3.772050e-02
-1.154225e-01
1.221576e-01
2.141857e-01
-3.447934e-02
-2.941466e-02
-1.102214e-02
-3.307847e-02
-2.290414e-02
-1.343862e-02
-2.998605e-02
-3.689458e-03
-1.533314e-02
-8.510223e-02
2.877951e-02
3.194346e-02
-3.561688e-02
-5.682639e-02
1.457126e-02
-8.834806e-02
-2.063725e-02
-2.226708e-02
6.041455e-03
-2.346519e-02
2.543532e-02
5.547680e-03
2.246651e-02
-5.891024e-02
-2.775563e-02
4.086523e-02
-6.444565e-04
5.868217e-02
-2.787662e-02
-4.619680e-02
1.852408e-03
-8.500362e-03
-6.201235e-02
-8.587606e-03
4.322327e-02
2.195784e-02
-3.122665e-03
-6.999919e-02
-2.783873e-02
5.862862e-02
1.240120e-01
-1.057566e-01
-9.284141e-02
1.047104e-02
-4.981589e-02
-2.883688e-02
2.939049e-02
8.077534e-02
-4.166443e-02
-3.361130e-02
3.710833e-03
1.510752e-02
-3.275082e-02
-2.707899e-03
-1.313544e-02
-1.142517e-02
-1.357936e-02
-2.392977e-02
-2.983634e-02
-2.204742e-02
4.293535e-02
1.136697e-02
1.031747e-02
-3.756012e-02
-2.485350e-03
1.892485e-02
-5.783806e-02
-6.551613e-03
1.973308e-03
-3.276939e-02
-2.860187e-02
-4.504227e-02
-1.031050e-01
-2.307122e-01
-1.029824e-01
-2.303786e-01
-1.163189e-01
7.540058e-02
-2.520541e-02
1.685333e-01
1.591410e-01
6.441849e-02
-3.304658e-03
-3.186712e-02
-6.440939e-02
-5.761890e-02
5.715013e-02
4.904292e-02
3.342371e-02
7.316323e-02
-7.080967e-02
-3.530624e-02
-1.039464e-02
-9.213810e-02
-8.255092e-02
-1.014632e-01
-1.066339e-01
-6.942109e-02
-6.231197e-02
8.451892e-02
2.121176e-02
4.842347e-02
7.140859e-02
-3.209976e-02
-8.886880e-02
-8.458363e-02
-6.994467e-02
1.050664e-02
-4.152682e-03
-2.641801e-02
8.897830e-03
-4.041785e-02
-4.553207e-02
-1.167053e-02
-8.369177e-03
4.061825e-04
7.033802e-03
-6.348670e-02
-5.699773e-03
6.171601e-03
-8.687304e-04
1.110685e-03
-9.557636e-03
-5.051138e-02
-1.224435e-02
-3.489007e-03
1.402646e-01
2.118865e-01
2.957656e-02
1.515454e-01
-4.569986e-02
-1.690910e-01
-1.160930e-01
-2.485677e-01
-1.074309e-01
-8.224717e-03
-9.333897e-02
-2.472126e-02
2.152036e-02
-2.334697e-02
-4.318525e-03
-1.357393e-02
-1.084562e-02
-2.501176e-02
1.374742e-02
3.462796e-02
2.055368e-02
3.423355e-02
3.446136e-02
1.648876e-02
4.372854e-02
2.101829e-02
6.949421e-03
-2.677709e-02
-4.537083e-03
-2.941913e-02
-1.768108e-02
-6.477278e-02
-6.032688e-02
-5.540986e-02
-2.777245e-02
-4.443461e-02
-6.035576e-02
4.064114e-02
3.161591e-03
1.795777e-02
1.193553e-02
-5.530585e-02
-2.811290e-02
-7.264731e-02
-5.921383e-02
3.706422e-02
1.682081e-01
8.044858e-02
8.718722e-02
-5.918964e-03
-1.181133e-01
-8.602716e-02
-1.819633e-01
-1.293904e-01
-4.366906e-02
3.332638e-03
-1.214093e-02
3.576101e-02
4.262906e-03
-4.104575e-03
8.739412e-02
6.277861e-02
7.622101e-02
-9.830633e-03
-5.522526e-02
2.133152e-02
-4.487666e-02
-8.951345e-03
5.409365e-02
3.662954e-02
4.704758e-02
9.053579e-03
4.592065e-02
7.707468e-02
2.550500e-02
-1.576499e-02
-4.450545e-02
-4.812403e-02
-4.980904e-02
-4.945159e-02
-2.082638e-02
-3.825658e-02
-1.998992e-03
3.799451e-03
-3.104247e-02
-2.096785e-02
-2.175363e-04
8.262627e-03
2.996060e-02
4.398276e-02
-1.196851e-02
3.714573e-02
-2.292645e-02
7.381911e-02
1.295623e-01
-9.263726e-03
2.003633e-02
-9.830158e-03
-8.911509e-02
-5.666079e-02
1.510033e-01
-1.766240e-01
-1.812812e-01
-8.683084e-02
-7.057396e-02
-3.594726e-02
-2.064837e-01
-3.396920e-02
-1.731603e-01
-2.324850e-01
-1.653575e-01
-1.517130e-01
-6.693202e-02
-4.282866e-02
-1.008041e-01
6.785668e-03
-7.766431e-02
1.902759e-02
8.926474e-03
8.285142e-02
-1.308136e-02
2.809179e-01
1.131214e-02
1.077663e-01
1.423079e-01
4.694610e-02
-7.595135e-02
-4.497056e-03
-7.307013e-03
3.307768e-02
2.425241e-01
3.847094e-02
-3.658962e-02
6.812325e-03
-5.059915e-02
-1.164265e-02
-1.779166e-02
4.215866e-02
1.261820e-01
-8.554481e-02
-1.244609e-01
-1.820266e-02
-8.327437e-02
-8.541953e-02
5.334583e-03
2.446833e-02
-4.132433e-03
-1.363078e-02
-2.850491e-02
-3.494599e-02
-3.137397e-02
-7.299480e-02
6.812106e-02
-4.975462e-02
2.241726e-03
-1.917000e-01
-1.366905e-01
-1.300078e-01
-8.985738e-02
2.685399e-03
3.892387e-03
-4.097079e-02
2.065299e-02
6.280387e-03
-1.334748e-03
-5.748677e-04
2.819653e-02
2.094561e-02
-1.924039e-02
-5.473517e-03
2.177558e-02
-1.877963e-01
-1.002690e-01
-1.167371e-01
-1.541387e-01
1.089374e-01
-3.611898e-02
-1.406311e-01
-2.683778e-03
-3.098219e-02
4.745561e-02
5.388007e-03
-1.427139e-02
3.870745e-03
-2.477665e-02
5.657465e-02
3.696482e-02
-2.823024e-02
3.049362e-02
6.967278e-02
6.467128e-02
2.504732e-02
3.216078e-02
4.773959e-02
2.680666e-02
-2.766252e-02
-1.537739e-02
1.882487e-02
-7.581711e-02
-8.438672e-02
-4.998413e-02
-1.630275e-02
-7.209482e-02
-4.522856e-03
-5.408797e-02
-1.128181e-01
-5.089435e-02
-2.696227e-02
5.694330e-02
6.106840e-02
1.549896e-02
9.251069e-02
5.293164e-02
-4.973666e-02
2.616575e-02
-4.263994e-02
-9.496015e-02
-1.112282e-01
-1.420228e-01
-6.933130e-02
-7.449985e-02
-1.132693e-01
-1.023355e-01
-1.218791e-01
-7.884462e-02
-6.315429e-03
1.102814e-02
5.745449e-02
8.012857e-02
2.059801e-02
6.509104e-02
6.749977e-02
3.025854e-02
3.994127e-02
5.476052e-02
4.199365e-02
-6.550943e-04
7.432843e-02
2.332437e-03
-3.002477e-02
4.917777e-02
1.871308e-03
-2.484894e-02
-5.212448e-02
-1.033943e-01
-3.307999e-02
-1.075220e-01
-4.171645e-02
7.766858e-02
-7.247626e-03
-2.533144e-02
2.941487e-02
2.519255e-03
3.584286e-02
3.676732e-02
3.075795e-02
5.440708e-02
2.433141e-02
-4.909917e-02
-3.940927e-02
-2.695816e-02
6.434587e-02
6.477349e-02
-2.058567e-02
7.348318e-02
-1.100217e-02
-2.692142e-02
-1.248268e-01
-8.961312e-03
5.694823e-02
3.439563e-02
1.615210e-02
1.718038e-03
1.827433e-02
-2.245875e-02
-1.778513e-02
-1.263050e-02
-1.368687e-03
6.067025e-03
-4.861800e-02
-7.711204e-02
2.677553e-02
-1.905201e-02
-2.053615e-02
5.846789e-03
4.014997e-02
2.561501e-02
-1.822144e-02
-5.517336e-02
-2.352278e-02
2.723064e-02
2.212916e-03
-7.339375e-03
1.692219e-02
7.185038e-03
6.312513e-03
1.181477e-03
-7.823451e-02
-1.880025e-02
8.201914e-02
2.234632e-02
1.680532e-01
4.569918e-02
1.259765e-01
1.269357e-02
-8.375915e-02
-8.647608e-04
-6.334400e-03
-7.796725e-03
-3.427129e-03
-2.148787e-02
-1.827658e-02
-5.705390e-02
-4.358003e-02
-1.583210e-02
7.594804e-02
1.345833e-01
2.303558e-02
1.260000e-01
3.856255e-02
-2.891036e-02
-3.770346e-03
4.176532e-02
8.535505e-02
-3.532108e-02
-4.708859e-02
-2.034428e-02
-7.176922e-02
-4.593083e-02
-4.473813e-02
-1.830575e-02
-4.315861e-02
-1.218824e-02
-1.346237e-02
1.275255e-02
-4.491352e-03
8.923409e-04
-1.629730e-02
-5.429968e-02
2.922196e-02
-2.929451e-02
-5.636762e-02
-9.339493e-03
-2.606502e-02
5.006411e-02
-9.709492e-02
9.065941e-03
-1.100059e-01
5.438641e-02
-4.942301e-02
-7.204368e-02
-2.015027e-02
-2.336783e-02
-2.474458e-02
-4.032654e-02
-2.471144e-02
-7.277505e-03
-4.216402e-02
-1.441956e-02
1.778971e-02
4.172433e-02
1.671203e-02
-2.259152e-02
-1.051416e-02
8.696885e-03
4.367057e-02
-5.884672e-02
-2.024475e-02
-2.413537e-02
-2.733272e-02
-2.982075e-02
-3.897819e-02
-2.882342e-02
-4.031774e-02
-3.926668e-02
-6.019975e-02
-6.564699e-02
-1.674816e-02
-6.581911e-02
-4.670696e-02
-1.951730e-02
-3.936690e-02
-2.284802e-02
-3.288874e-02
3.117931e-02
5.917663e-02
3.133840e-02
3.291145e-02
4.887537e-02
4.383414e-03
-1.920390e-02
1.071278e-02
1.365592e-02
-3.495362e-02
-2.991533e-02
-5.934610e-03
-5.060419e-02
-4.031797e-02
-4.174173e-02
-1.131159e-02
-1.281199e-02
-4.056244e-02
-2.060889e-02
1.419064e-02
-1.495163e-02
-3.457469e-02
-2.409452e-02
-9.950718e-03
-4.490128e-02
-5.421498e-02
-3.447600e-02
-2.707424e-02
1.482710e-03
4.666759e-03
-3.052187e-02
-2.519495e-02
-3.647342e-02
-7.021431e-03
2.655354e-02
-3.068038e-03
-1.475682e-02
1.213352e-02
-1.371879e-02
-2.842401e-02
-2.525608e-02
-2.381300e-02
1.572657e-02
5.089815e-03
-3.423965e-02
3.260103e-02
7.570573e-03
-5.240046e-04
1.034699e-01
1.023846e-01
6.618018e-02
1.219053e-02
9.430550e-03
2.940891e-02
-5.199043e-02
-7.633099e-02
-4.687558e-02
-2.945075e-02
1.807192e-02
7.493928e-03
5.673795e-03
7.903596e-03
-3.239635e-02
-2.119519e-02
8.535290e-03
-2.325447e-02
-2.465585e-03
-1.222348e-02
-5.403540e-03
1.284521e-02
-6.374240e-03
-8.812131e-03
5.258409e-03
-1.454223e-04
-1.868427e-04
-2.743146e-03
-4.599337e-02
-4.310774e-02
2.023600e-02
1.209242e-02
-3.113399e-02
5.797243e-03
3.657435e-02
1.141908e-02
-8.243587e-03
2.221794e-02
1.394409e-02
-9.557930e-03
9.445366e-03
2.318250e-02
-2.238035e-02
-1.380637e-02
-8.729674e-03
3.415255e-02
3.244165e-02
-1.568524e-02
1.435155e-02
3.492405e-02
2.376790e-02
-3.706741e-02
-3.641346e-02
-2.986236e-02
-2.108636e-02
-1.130881e-02
6.947584e-03
-2.570343e-02
-4.037242e-03
8.265053e-03
-3.301288e-02
1.206821e-02
2.686021e-02
7.011420e-03
1.570449e-02
3.353810e-02
-4.287743e-04
-1.831137e-03
2.208584e-03
-1.281561e-02
-1.717043e-02
-2.969078e-02
-5.025371e-03
-1.172138e-02
-3.412288e-02
9.529617e-03
1.416093e-02
4.256330e-03
9.546199e-03
7.441061e-03
-7.700893e-03
-2.644384e-02
-2.945118e-02
-2.439208e-02
-4.869858e-03
-5.100594e-03
-1.807247e-03
7.474041e-03
5.705376e-03
5.375205e-03
-9.795465e-02
-2.210470e-01
-1.485703e-03
1.452975e-01
-1.186581e-01
-1.755023e-01
2.188534e-01
1.147101e-01
-1.000552e-01
2.601152e-02
-7.603297e-02
3.339945e-02
1.104735e-03
3.366306e-02
7.818373e-03
-3.618716e-02
-1.050011e-02
-4.391319e-02
3.588985e-02
-2.675836e-02
-1.425922e-02
-5.054016e-03
-6.774931e-02
-1.307166e-01
-2.249394e-02
-6.746613e-03
-5.354792e-02
-2.095969e-02
5.912093e-02
9.792820e-02
-4.441589e-02
-8.497556e-02
4.784675e-02
3.031198e-02
-6.940052e-02
1.894321e-02
-1.056458e-02
-2.361705e-02
2.124219e-03
-4.629554e-02
-4.824983e-02
-4.660010e-02
-4.255786e-02
-2.258903e-03
-1.068552e-02
-4.365426e-02
1.286906e-02
8.168326e-02
-2.325762e-02
-6.152327e-03
-6.726345e-02
1.366373e-02
-1.641512e-02
2.377641e-02
4.335801e-02
1.644513e-01
-5.370202e-03
-1.718280e-01
5.971741e-02
1.959533e-01
-1.628647e-01
-1.850053e-01
4.617966e-02
2.082688e-02
-6.819148e-02
1.753384e-02
7.329652e-02
-6.650931e-02
-1.824860e-02
5.641986e-02
4.030624e-03
-3.064307e-02
-1.992117e-02
-2.509490e-02
-1.129035e-02
-5.251188e-03
-6.669084e-03
1.270390e-02
3.549548e-03
4.585335e-03
1.803118e-02
1.103687e-02
9.806963e-03
-4.980319e-02
1.525106e-02
1.300600e-02
1.555547e-02
3.324297e-02
2.810128e-02
-2.309212e-02
1.887700e-03
2.629792e-02
2.226371e-02
-5.577587e-02
-1.132871e-02
2.091146e-02
-5.856732e-02
-4.577643e-02
-6.199086e-02
8.706053e-02
1.669225e-01
-9.968045e-02
-1.411752e-01
1.245380e-01
1.200128e-01
-1.827171e-01
-1.051252e-01
6.025803e-02
4.788616e-02
-5.243870e-02
-2.734383e-02
2.346106e-02
-6.317446e-02
-2.240846e-02
-7.261050e-02
-5.200880e-02
4.486548e-02
-8.349346e-02
-4.294476e-02
1.460867e-01
-4.704807e-03
-9.936046e-02
-8.198551e-03
4.811481e-02
-3.181234e-02
-2.661257e-02
-5.643970e-02
-9.112235e-02
-6.084155e-02
-6.277354e-03
-1.935777e-02
1.314503e-02
-6.527823e-03
-3.952761e-02
-2.457149e-02
-4.782338e-02
-4.853948e-02
-6.614470e-02
-2.934214e-02
9.598045e-03
-2.087982e-02
-3.417757e-02
2.000829e-02
-1.746263e-02
9.310357e-03
2.059866e-04
8.725171e-03
9.514187e-03
9.547295e-03
1.637769e-02
4.545684e-02
1.820670e-02
2.586849e-02
9.213213e-03
8.191955e-02
5.372093e-02
-5.197661e-02
-6.211402e-02
4.313587e-02
-4.485059e-02
-3.373413e-02
-2.511507e-02
7.431521e-03
-1.522429e-03
-3.248044e-02
9.844526e-02
8.011410e-02
8.723722e-02
-2.160776e-02
-7.238517e-03
3.032969e-03
-7.247007e-02
-6.806871e-02
-1.252975e-01
-8.225049e-03
3.118411e-02
-1.045746e-02
3.266060e-02
5.889232e-03
3.037917e-02
-3.080198e-03
-1.062827e-03
1.386125e-02
2.451900e-02
2.381987e-02
1.582144e-02
3.646087e-02
3.054070e-02
4.144074e-02
4.749870e-02
5.137959e-03
2.976525e-02
7.277954e-03
-2.242961e-02
1.522661e-02
-2.898448e-02
-1.058176e-02
2.381826e-02
1.134536e-03
1.871012e-03
-1.146010e-02
7.493358e-02
3.655831e-02
6.909876e-03
5.699944e-02
3.673628e-02
2.345407e-02
-7.935581e-02
-1.421814e-01
-9.843101e-02
-3.973439e-02
-9.091072e-02
-4.286338e-02
5.271777e-02
9.420986e-02
7.207617e-02
-4.127482e-02
-3.938562e-02
-5.011097e-02
-5.997338e-03
1.795462e-03
-6.396908e-03
-2.537498e-02
-1.124548e-02
-8.776366e-04
3.023117e-03
2.384838e-02
-3.734902e-02
4.097299e-02
5.488006e-02
1.475863e-02
-2.614460e-02
-5.311756e-02
-2.067287e-02
-3.485760e-02
-4.383829e-02
5.669396e-05
4.445469e-03
-2.537245e-02
-7.119679e-03
-2.153680e-03
-1.665391e-02
-1.926288e-02
-2.251046e-02
-1.109046e-02
3.515458e-03
3.279102e-02
3.556455e-02
2.623427e-02
8.968432e-03
1.729654e-02
-1.010286e-03
-5.671046e-02
-3.461314e-02
5.156389e-02
2.295586e-02
-1.747803e-02
2.977616e-02
-2.878222e-02
-2.644286e-02
-2.809167e-02
-2.544632e-02
-5.737839e-02
-2.961265e-02
2.760791e-02
-1.105427e-02
-2.515660e-02
2.081617e-02
1.813640e-02
1.145370e-02
9.030362e-02
9.735054e-02
4.962654e-02
3.339671e-02
2.383924e-02
-1.546281e-02
-7.187478e-03
5.242202e-03
1.799330e-02
-2.315147e-02
-1.226115e-02
-3.003647e-02
1.424118e-02
2.543641e-02
1.010650e-02
1.285976e-02
2.277876e-02
-1.302384e-02
3.498627e-02
-1.058532e-03
-2.869086e-02
2.949681e-02
4.217725e-03
-2.447501e-02
8.463844e-03
-1.276433e-03
-4.852029e-03
-3.049944e-02
-7.594878e-03
-4.540318e-02
3.744820e-02
-3.543725e-02
-2.619346e-02
9.290036e-02
-6.505214e-02
2.338065e-02
-4.742139e-03
-4.909985e-02
-1.513798e-02
-1.101448e-02
-2.355179e-02
-1.219649e-02
-4.716522e-02
-3.868160e-02
-3.155430e-02
3.624505e-02
-1.391596e-01
1.250702e-02
1.753936e-02
-2.976240e-02
-8.157702e-03
-5.032166e-03
-2.001138e-02
-1.584409e-02
7.227926e-02
3.846919e-02
4.727175e-02
6.285385e-02
3.204499e-02
1.838381e-02
7.437368e-02
2.403429e-02
3.987674e-03
-4.582490e-03
5.081224e-02
-1.733626e-02
1.662899e-03
1.465121e-02
1.616053e-02
-3.100545e-02
-8.943967e-03
3.523204e-02
-8.172774e-03
7.712658e-03
-1.304284e-02
-1.486544e-02
1.989279e-03
-1.658869e-02
-1.652557e-02
-2.421694e-02
-4.321868e-02
-9.365620e-03
-4.444177e-02
-1.845427e-02
3.395790e-03
-3.531786e-02
-3.078525e-02
7.312048e-03
-6.993807e-03
-5.386715e-03
-2.528533e-03
1.732242e-02
5.453538e-03
6.361365e-03
1.838750e-02
1.133267e-02
8.243152e-03
1.612837e-02
1.912707e-02
-3.469837e-02
-5.863340e-02
1.609862e-02
-5.136448e-02
-1.506202e-02
-4.281659e-02
-2.123865e-02
1.078217e-02
-5.653864e-02
-3.054298e-02
5.147631e-02
-5.315162e-03
-3.211623e-03
2.996895e-02
3.959334e-03
7.115065e-03
3.596587e-02
1.575894e-02
-1.835289e-02
7.327304e-04
1.897946e-02
-1.349973e-02
-8.113174e-03
-6.626812e-03
-3.252632e-03
-2.467926e-02
-3.530241e-02
-2.546837e-03
1.131631e-01
-1.746049e-02
9.767089e-03
5.874512e-02
3.084382e-02
1.715201e-02
9.614612e-02
8.549234e-02
2.695963e-02
-3.055106e-02
-2.132307e-02
3.982398e-02
-7.522704e-03
-7.443122e-03
3.130254e-02
-2.253661e-03
-2.229330e-02
2.918860e-02
5.959683e-02
6.278287e-03
1.946951e-02
1.532338e-02
-2.032936e-02
2.980126e-02
2.892690e-02
1.060670e-02
-1.828986e-03
2.633383e-02
2.708463e-02
1.394236e-02
3.878239e-02
2.425792e-02
2.000805e-02
3.493794e-02
2.467166e-02
