1.072950e+00
7.874769e-02
-1.280544e+00
-3.171778e+00
-8.231103e-01
-5.732728e-01
-1.691467e+00
-1.632810e+00
-6.828751e-01
-3.398266e-01
-8.331267e-01
-3.279838e-01
8.254853e-01
-1.513843e+00
-1.339429e+00
-5.366185e-01
-6.000645e-01
-3.965198e-01
-1.189512e+00
-1.125110e+00
-1.727269e+00
-1.216261e+00
-1.246988e+00
-6.087450e-01
4.126996e-01
-5.507984e-01
-2.296991e+00
-1.085298e+00
-1.600244e+00
-1.601813e+00
-1.660572e+00
-1.666840e-01
-2.295979e-01
-1.259006e+00
-1.812195e+00
-1.122264e+00
-1.711085e+00
-4.474760e-01
-2.360381e+00
-1.076613e+00
-3.016556e+00
-1.766110e+00
7.048126e-01
-2.374220e+00
-1.784320e+00
-1.798548e+00
-2.039885e+00
-8.584856e-01
-1.123439e+00
9.335512e-02
-2.420762e-01
4.939243e-01
-1.208343e+00
-1.450470e+00
-1.149775e+00
-1.762280e+00
-3.700273e+00
-1.814154e+00
-1.748428e+00
-1.071650e+00
-1.857739e+00
-2.982290e-01
-8.041335e-01
-1.551312e-01
