-2.638953e-02
-2.259698e-02
-2.385373e-02
-1.957877e-02
-1.229456e-02
-1.236696e-02
-4.757326e-02
-4.934200e-02
-5.312650e-02
-2.231174e-02
1.433755e-02
6.873670e-03
-6.137874e-04
-3.736190e-03
9.611820e-03
9.708347e-03
2.694619e-02
3.191608e-02
-7.624121e-03
7.478552e-04
-2.180550e-02
8.217948e-03
2.515397e-02
1.258873e-02
9.541115e-04
7.806765e-03
1.908502e-02
-3.194812e-02
4.174330e-04
-7.956569e-03
3.115005e-02
8.602553e-03
2.726107e-03
-1.578420e-02
9.643687e-03
-3.895366e-02
-1.156199e-02
-2.070584e-02
-2.056652e-02
-2.924061e-02
-3.160263e-02
-4.415828e-02
-2.203322e-02
-2.734555e-02
-3.264927e-02
-4.584396e-03
1.300025e-02
6.488293e-02
-3.196561e-02
9.709042e-04
5.644353e-02
-2.148631e-02
-2.415769e-02
3.879503e-02
5.095916e-02
8.328918e-04
-3.459402e-02
2.124408e-02
-7.264318e-03
-5.184203e-02
2.453655e-02
-2.003061e-02
-4.055963e-02
-3.667824e-02
-5.119787e-02
-6.650189e-02
-7.712087e-02
-1.009363e-01
-1.086052e-01
-9.430558e-02
-1.220402e-01
-1.328497e-01
1.232767e-02
1.631904e-02
1.516728e-02
5.104229e-03
1.063894e-03
-1.440300e-02
1.641927e-02
1.022039e-02
-2.483885e-02
4.053954e-02
1.824608e-02
-2.083537e-02
2.707226e-02
-4.181932e-02
-4.582115e-02
-2.291740e-02
-7.938652e-02
-4.139794e-02
3.034354e-03
6.025201e-03
1.150752e-02
3.942274e-04
4.210858e-02
-2.468091e-03
3.604885e-02
1.032580e-02
-5.150578e-03
-1.479071e-02
1.767359e-02
1.296766e-02
-3.042024e-02
5.009545e-03
2.171461e-02
-1.617550e-02
9.300203e-03
1.217776e-02
-6.728363e-03
-2.268224e-03
-1.081309e-02
1.944810e-02
1.686673e-03
-4.969090e-03
-2.521222e-03
-1.247493e-02
-1.308895e-02
-2.386250e-03
1.668270e-02
1.799832e-02
5.712819e-03
-1.270637e-02
1.772541e-02
1.606585e-02
-3.175914e-02
-2.404798e-02
-2.204795e-02
-2.527841e-02
-1.259572e-02
1.093729e-03
3.264243e-03
-7.816912e-03
1.806279e-02
1.859642e-03
2.041074e-02
7.868266e-03
2.948641e-02
2.965312e-02
4.767019e-03
-7.671560e-03
3.651866e-02
-6.455659e-03
-2.052230e-02
1.860669e-02
1.662934e-02
8.780427e-03
1.777897e-02
-2.316884e-02
-3.128702e-02
-3.822010e-02
-2.428552e-02
-2.818677e-02
-3.836546e-02
-1.360458e-01
-1.514863e-01
7.995629e-02
4.863528e-02
3.092560e-02
3.810443e-02
-5.525193e-02
-4.537786e-02
-2.649613e-02
-1.552989e-01
-8.757587e-02
-7.049301e-02
-8.078505e-02
-1.547875e-01
-4.890461e-02
1.397059e-02
-1.169749e-02
-1.221103e-01
-1.356060e-02
-2.106070e-02
3.212200e-02
-1.050052e-02
-1.065411e-01
1.639025e-01
-1.998852e-01
-2.628632e-02
1.760801e-01
5.149917e-03
-3.032402e-02
1.711482e-02
1.327993e-02
-1.403279e-04
2.013185e-02
-4.299389e-04
-2.798791e-02
-2.143203e-02
-6.787460e-02
-7.486677e-02
-5.260731e-02
-1.301411e-02
-7.232038e-02
9.756149e-03
7.167928e-04
9.716415e-02
8.838633e-02
-8.196974e-02
2.562569e-02
2.842056e-02
8.303270e-03
-7.586236e-02
-1.503348e-03
2.833881e-02
1.059963e-01
-1.793753e-01
-3.577445e-02
1.042373e-01
-1.912810e-02
-4.908787e-02
7.445754e-02
-3.952643e-02
-3.400264e-02
7.478448e-02
-1.963640e-02
-3.831803e-02
-1.187633e-01
-1.956955e-01
2.577215e-02
-1.571845e-02
-1.024297e-02
1.420195e-02
-5.747711e-03
2.064598e-02
5.548992e-03
9.725022e-02
-7.365515e-04
-1.186085e-02
4.214384e-02
-3.210342e-03
5.016460e-02
3.358577e-02
5.837595e-02
2.479620e-02
-2.190813e-01
1.388323e-01
-3.652917e-03
-9.811056e-02
-1.540565e-02
7.325964e-02
1.224637e-01
1.477549e-02
2.001308e-02
-9.693110e-02
-2.355407e-02
4.182178e-02
4.464759e-02
1.689987e-02
6.446871e-03
-1.063493e-02
8.325693e-02
2.517406e-03
3.961028e-04
2.029563e-02
-1.722644e-02
-3.901476e-03
-7.824657e-03
6.256865e-03
5.205536e-03
1.663555e-02
-4.629321e-02
-2.456974e-02
-5.913337e-02
1.113467e-02
-4.007247e-02
-5.833777e-02
9.516894e-02
4.587643e-02
-3.775470e-02
-8.489402e-04
-5.449519e-02
-1.236154e-02
-2.901827e-02
1.182127e-02
-4.138563e-02
-2.042264e-02
1.647569e-02
6.213500e-02
-2.081754e-03
8.855842e-02
-7.360430e-02
1.617113e-02
6.494864e-02
-2.214689e-02
4.380652e-02
4.193990e-02
1.312372e-02
-4.595493e-02
-3.647755e-02
-5.461867e-02
-8.915047e-02
-1.034495e-01
-1.000029e-01
-1.355296e-01
-1.278605e-01
-1.331893e-01
2.041407e-02
4.293023e-02
1.767329e-02
-1.114338e-01
-2.492473e-01
-1.667004e-01
8.120993e-03
1.488360e-01
9.672739e-02
-4.190570e-03
-1.250799e-03
6.324855e-03
-9.944463e-02
-1.021977e-01
-5.849517e-03
7.218503e-03
1.961752e-02
-2.166870e-02
2.896186e-02
-2.299428e-03
-1.048531e-01
-1.589477e-02
-4.548024e-02
-5.849551e-02
3.324691e-02
-2.155335e-02
2.548171e-03
3.320049e-02
9.313896e-02
5.090640e-02
-5.230962e-02
-2.145522e-02
-6.847905e-04
-1.512850e-01
-8.256777e-02
-1.208449e-01
-4.861522e-02
6.240169e-02
1.115401e-04
-3.623411e-02
-1.433875e-02
5.181223e-02
-3.069843e-02
-4.221657e-02
9.459161e-03
3.839654e-02
3.463596e-02
-3.607379e-02
8.776093e-02
6.906516e-02
-5.086874e-02
-9.921759e-03
-9.786882e-03
-4.439569e-02
3.616014e-02
-3.299863e-02
-4.709055e-02
6.272605e-02
-1.579365e-02
-3.010897e-02
-4.305230e-02
-9.752385e-02
-1.249399e-01
-6.582508e-02
3.688635e-02
9.988873e-02
-8.380554e-02
1.401269e-03
1.293681e-01
1.429361e-02
2.357499e-02
7.868605e-03
1.608180e-01
7.040814e-02
3.760985e-02
1.470214e-01
1.331533e-01
7.145146e-02
4.312972e-03
-7.964737e-03
7.352781e-03
1.191585e-02
7.448087e-02
5.098990e-02
5.455408e-02
4.676885e-02
5.408943e-02
1.502029e-03
-6.316379e-02
-1.305453e-01
4.594116e-02
1.649529e-01
9.808961e-02
3.456651e-02
6.703550e-02
-6.740303e-02
7.979278e-02
3.765948e-02
1.627790e-02
5.306997e-02
9.245967e-02
6.749801e-02
4.099170e-02
6.636598e-02
6.667180e-02
-2.818400e-02
-7.261864e-03
-4.433831e-03
-4.220510e-02
-6.500117e-02
2.218531e-02
1.142891e-02
-1.195710e-02
7.039678e-02
2.117490e-02
-3.749192e-02
-6.971370e-02
5.913564e-02
7.278393e-02
1.237937e-01
-4.058983e-02
4.738597e-02
9.160699e-02
6.124485e-02
1.141734e-01
1.307094e-01
-9.422311e-03
-2.151251e-02
2.256890e-02
-1.109653e-02
-4.151363e-03
1.888977e-02
3.059023e-02
3.580185e-02
5.489882e-02
2.955019e-03
5.205245e-03
7.803780e-03
6.361459e-02
6.171369e-02
6.867962e-02
-2.608422e-02
-3.536441e-02
-3.352614e-02
3.964253e-02
9.407756e-02
-5.371515e-02
-3.874225e-02
6.032056e-02
-9.870283e-02
-4.937785e-02
1.172647e-01
-2.845985e-03
4.099576e-02
-5.171842e-02
-2.052553e-03
2.697541e-02
2.634891e-02
-4.438357e-02
5.600872e-02
-4.136529e-02
5.172063e-02
3.809930e-02
-7.489338e-03
-8.798307e-03
-7.182491e-02
-1.217768e-01
2.816171e-02
6.283537e-02
4.718125e-02
9.811167e-02
-2.386388e-02
-2.818317e-02
4.752082e-03
5.970890e-03
-6.310316e-03
3.529653e-02
-6.092316e-02
-9.361598e-02
-8.216385e-02
-7.031877e-02
4.123897e-02
1.244743e-01
-9.336781e-02
8.351997e-02
6.761176e-02
4.697257e-04
-3.936538e-02
-6.032937e-03
5.387049e-02
7.705417e-02
-1.009792e-01
-7.289175e-03
7.738169e-02
-1.301287e-01
1.653795e-02
2.695295e-02
5.200980e-02
-5.218398e-02
8.717472e-02
4.179068e-03
7.944403e-03
1.479373e-01
5.926840e-02
-1.394814e-01
5.682182e-03
-1.077823e-01
-8.873769e-02
1.400316e-02
2.883538e-02
-3.478962e-02
-3.190564e-02
-8.697520e-02
1.522557e-02
-3.091114e-02
-2.814460e-02
-1.207253e-01
-1.015353e-01
-4.456662e-02
-1.220603e-01
-3.986629e-02
-6.025098e-02
1.667362e-02
4.733248e-02
-4.063113e-03
8.191197e-02
6.072453e-02
-7.885368e-04
-1.063941e-01
-9.006361e-03
-4.186174e-02
-9.514579e-02
-1.706513e-01
-1.011868e-01
-6.722848e-03
-4.477525e-02
-6.200191e-02
-4.474110e-03
-9.096322e-02
-7.256331e-02
-8.809292e-03
-5.449605e-02
-4.777809e-02
1.353982e-02
-1.517106e-03
3.566944e-03
-2.367614e-02
-3.676308e-02
-6.705518e-03
-3.972154e-02
-4.285153e-02
-1.355806e-02
-1.467431e-02
-8.539451e-02
-4.078163e-02
2.446612e-02
-2.937969e-03
-8.988485e-03
1.761666e-02
5.757893e-02
1.237310e-02
6.276453e-02
8.201605e-02
8.958007e-02
-4.180840e-04
-1.901956e-03
-1.163291e-02
4.970834e-02
4.677331e-03
-3.315959e-03
-4.575420e-03
1.917098e-02
-1.283765e-02
1.778697e-02
4.666370e-02
-4.819674e-02
2.020230e-05
4.936159e-02
-6.512430e-02
-6.333843e-02
-7.018588e-02
-5.944907e-02
5.968033e-02
6.684380e-02
7.787453e-02
1.436008e-02
4.922621e-03
1.444278e-02
-8.201621e-02
-7.393622e-02
-4.902411e-02
-3.309540e-02
5.516313e-02
4.129853e-02
8.422387e-02
9.824175e-02
1.515121e-02
5.347192e-02
-1.494674e-02
1.245226e-02
3.518252e-02
3.522998e-02
-1.584240e-02
-7.100965e-02
-3.093832e-02
-9.781776e-03
2.915437e-02
-6.137711e-03
7.567962e-04
-1.831174e-02
-1.285361e-02
3.369533e-02
-1.094544e-02
1.138278e-02
-3.135247e-03
-1.080431e-01
-1.136910e-01
-1.400743e-01
5.493437e-02
3.890097e-02
5.265498e-02
1.051061e-02
2.662233e-02
1.792939e-02
-3.562720e-02
-2.388121e-02
7.500609e-04
-4.831737e-02
-5.932108e-03
7.725959e-02
-7.315014e-02
5.545811e-03
5.966611e-02
-2.893967e-02
-3.217287e-02
-6.591036e-02
2.612437e-02
-2.185835e-03
-1.537148e-01
6.338573e-02
3.268633e-02
-3.206871e-02
-1.435316e-01
3.845802e-02
-7.602505e-02
6.558920e-02
2.681075e-01
1.674602e-01
-2.459686e-02
1.637090e-01
7.124042e-02
4.213173e-02
4.327142e-02
-6.510273e-02
3.285705e-04
-6.055573e-03
-7.102197e-03
-4.327636e-02
-5.537298e-02
-3.121862e-02
-6.384445e-03
3.697355e-02
2.646688e-03
3.386836e-04
-2.273824e-02
-4.942826e-02
-4.088255e-02
-7.839727e-02
-3.561080e-02
-5.287604e-02
-1.605851e-01
-1.077286e-01
-6.445229e-02
5.351575e-02
-7.571080e-02
1.538681e-02
-1.514634e-02
2.430864e-03
-3.501251e-02
-5.424881e-04
6.655032e-03
-6.166375e-02
5.212409e-02
5.182315e-02
1.202554e-03
-3.099598e-02
-5.677481e-02
5.681284e-02
8.160829e-02
7.520016e-02
4.200329e-02
2.154136e-02
2.235962e-02
8.027688e-03
-2.976238e-03
1.209520e-02
3.533398e-03
4.499586e-03
4.066400e-02
-3.234923e-02
-1.363241e-03
5.218859e-02
-4.719923e-02
-3.292648e-02
3.298577e-02
8.031194e-03
4.946369e-02
5.774257e-02
-2.456862e-02
-9.321056e-03
-3.743732e-03
-8.076888e-02
-7.609871e-02
-8.948947e-02
1.530628e-02
7.973838e-02
-3.276201e-02
3.450292e-03
6.202637e-02
-6.780426e-02
-3.450666e-02
3.827466e-02
-9.429965e-02
-5.074651e-03
4.143658e-03
1.854048e-02
3.334428e-02
3.988565e-02
5.051885e-02
8.573475e-03
2.306634e-02
4.487340e-02
6.678031e-02
-3.865358e-02
-9.540162e-02
-2.421167e-02
-5.400919e-02
-5.722482e-03
-9.991036e-02
-7.335844e-03
1.052357e-01
1.211393e-02
1.649928e-02
-2.876149e-02
3.756324e-02
-1.062051e-02
7.029290e-02
-2.189341e-02
-4.576439e-02
2.436041e-02
-6.217292e-02
3.458368e-03
5.786310e-02
-7.363985e-02
-2.009396e-01
-1.145501e-01
-1.946571e-02
-9.168923e-02
5.346334e-02
-2.186777e-02
-1.362239e-02
-5.819166e-03
1.862335e-02
1.739668e-03
1.193038e-02
5.503459e-03
4.265888e-02
5.047960e-02
6.469392e-02
1.684314e-03
-3.515628e-02
-1.063486e-01
-1.922433e-01
-7.134496e-04
-1.165630e-01
-8.122366e-02
-5.377338e-02
-7.076028e-02
-1.279505e-01
-2.260829e-02
1.428696e-02
1.513534e-01
2.694786e-01
1.643392e-02
6.793719e-02
8.650269e-02
-5.331904e-02
-7.373998e-02
8.593822e-02
-5.066873e-02
-7.279848e-02
8.758201e-02
-6.685062e-02
-6.459637e-02
1.181161e-01
1.662932e-02
8.620819e-02
4.014413e-02
-3.896795e-02
-3.480305e-02
1.274027e-02
4.781886e-03
-4.080266e-02
-5.060757e-02
6.193819e-04
1.999798e-02
1.196511e-02
1.103885e-01
5.365499e-02
-1.504115e-02
-2.345939e-03
9.607801e-03
2.803317e-02
6.609354e-03
-1.188487e-01
-6.205560e-02
-1.294937e-01
-1.899750e-02
1.921218e-01
1.327793e-02
5.553889e-02
4.829629e-02
6.462382e-04
-4.715924e-02
3.722593e-02
3.389528e-02
6.675547e-02
1.001854e-01
4.039294e-03
1.180338e-02
1.699944e-02
-8.100551e-03
1.720199e-02
5.614972e-02
-5.162317e-03
7.335507e-03
5.300127e-02
-2.557687e-02
-2.711117e-02
2.439871e-02
3.131957e-02
-8.490760e-02
3.396032e-02
3.902426e-02
-1.078285e-01
-1.064628e-02
-1.694425e-02
-6.630253e-02
-2.952694e-03
1.075063e-02
-2.473994e-02
1.308302e-03
-1.184947e-02
1.188967e-02
6.408154e-02
-7.590635e-03
4.270988e-03
-1.556381e-02
-6.936456e-02
-3.877786e-02
3.175415e-02
-2.635704e-02
-3.252073e-02
-1.231840e-02
-3.775384e-02
-2.870772e-02
-2.619274e-02
5.283931e-02
5.810771e-02
5.699680e-02
-1.178533e-02
-5.433245e-03
-2.933865e-03
6.139230e-03
7.087339e-03
7.009637e-03
2.365594e-03
1.472723e-02
1.847915e-02
5.833090e-04
7.516001e-03
2.294939e-02
3.528864e-02
1.741817e-02
1.520526e-02
-2.065230e-02
-1.145955e-02
-8.976126e-03
5.004994e-03
1.542739e-02
1.631700e-02
1.237284e-02
1.384374e-04
-1.673815e-03
-3.698353e-02
-2.479212e-02
-1.097755e-02
-2.043071e-03
-1.095809e-02
-1.613512e-02
-2.830467e-02
-3.053580e-02
-2.194425e-03
3.188621e-02
2.631512e-02
1.922713e-02
2.196993e-02
2.077678e-02
1.635700e-02
-1.952088e-02
-1.877015e-02
-9.392212e-03
-1.983524e-02
-1.182216e-02
2.707402e-02
4.639896e-03
1.701171e-02
1.775398e-02
-7.548930e-03
-1.766588e-02
-1.716314e-02
-6.664503e-04
3.508439e-02
7.023921e-03
1.671759e-02
4.215243e-03
3.878698e-03
-1.146011e-02
-4.752982e-02
-2.651178e-02
5.536734e-02
8.310525e-02
7.712425e-02
2.506725e-02
4.907678e-02
4.557082e-02
-1.364908e-03
2.191292e-02
1.676198e-02
-5.157699e-03
1.821023e-03
7.942429e-03
-9.080390e-03
-6.849800e-03
-2.014575e-02
4.057648e-03
2.637824e-03
1.993239e-02
-1.800225e-02
-1.483930e-02
-4.502897e-02
-2.264131e-02
-2.452520e-02
-3.717578e-02
2.737058e-03
-2.980362e-02
-2.484574e-02
-2.546150e-02
2.101474e-02
1.455942e-02
-2.287882e-03
1.016624e-02
8.197778e-04
8.265275e-03
-1.532529e-03
-3.676390e-02
1.693364e-02
9.481298e-03
4.955728e-03
1.662006e-03
6.568279e-03
2.267360e-02
1.825704e-03
-1.098432e-02
-9.086178e-03
-4.780511e-03
3.717640e-03
5.357325e-03
-6.977934e-03
-1.222015e-02
-1.240740e-02
1.162206e-02
-6.051224e-03
7.329745e-04
-3.502598e-02
-1.941712e-02
-3.550150e-03
-3.173830e-02
-3.457491e-02
1.005761e-03
5.664165e-03
-3.330366e-02
-2.028024e-05
-7.565258e-04
5.510740e-03
-6.329348e-03
3.907724e-04
-1.332118e-03
9.234647e-04
-5.744290e-03
-4.237716e-03
6.503092e-03
1.345242e-02
1.468816e-02
2.014709e-02
2.054224e-02
4.403537e-03
3.018993e-02
1.011324e-02
8.592363e-03
2.100410e-02
-2.110092e-02
-1.340795e-02
-4.737529e-03
-1.763130e-01
-1.745968e-01
-1.703814e-01
4.371316e-03
2.337124e-02
2.532067e-02
-6.764388e-02
-2.978838e-01
-4.470706e-02
5.948525e-02
2.177242e-01
-1.024953e-02
2.551816e-03
-1.526534e-01
1.041823e-01
-1.029867e-01
5.424473e-02
3.844868e-02
-3.486340e-02
-9.666734e-03
4.764468e-02
2.512145e-02
1.275845e-02
-1.818315e-01
-7.027683e-02
-1.670893e-02
-1.373183e-02
8.439801e-02
1.418855e-01
-1.634455e-01
-1.211651e-03
-1.339132e-01
-9.973879e-02
9.176987e-03
7.710127e-02
7.129608e-02
-1.302628e-01
-6.714681e-02
-1.383226e-01
-3.435345e-02
2.043532e-02
-4.761600e-02
-5.434014e-02
1.064598e-01
5.648193e-02
1.706575e-01
-5.147501e-02
5.837288e-02
2.991421e-04
-1.342943e-02
-9.666710e-02
1.643204e-02
-1.008708e-02
-4.383152e-02
-3.372099e-02
-1.995339e-01
2.730766e-01
-4.671623e-02
5.230730e-02
-1.088075e-01
1.018386e-01
-3.454193e-02
9.516691e-02
-1.873042e-01
-3.117342e-01
-2.201315e-01
8.355077e-02
-7.606733e-02
4.418503e-02
-1.210606e-01
5.615078e-02
5.668657e-02
-1.734312e-02
5.479282e-02
-1.036035e-01
1.886694e-02
-4.622642e-02
-7.653231e-02
-3.800829e-02
-1.470899e-02
-1.474418e-02
3.008807e-02
-2.904403e-02
-6.291589e-02
-2.133436e-02
4.484090e-02
7.293200e-02
5.115201e-02
1.977016e-01
-4.067929e-02
9.398671e-02
-2.881682e-01
4.897445e-02
-1.431715e-02
1.149351e-01
8.442210e-03
1.719479e-01
-5.237921e-02
-1.092306e-01
-7.410161e-02
-1.065231e-01
-5.044688e-02
-1.982785e-01
-2.228743e-02
4.109947e-02
2.421099e-02
2.771239e-02
-1.241660e-02
-6.961052e-03
3.343373e-02
3.757747e-02
6.180404e-03
6.792152e-03
-8.732363e-03
-2.963993e-02
-2.171787e-03
-6.079413e-03
3.618640e-03
2.871665e-03
2.082052e-02
2.958410e-02
-9.854842e-02
-9.625902e-03
-6.838566e-02
-3.147299e-02
-7.945739e-02
3.678115e-02
1.029312e-01
7.986707e-02
3.271175e-02
1.325286e-01
8.390317e-02
-2.446027e-02
-3.449823e-02
1.511360e-02
-1.322722e-02
-5.759119e-02
2.520632e-02
-2.058359e-02
-5.843388e-02
-2.737831e-02
-1.363064e-02
-1.472001e-02
-1.923465e-02
-5.389740e-03
-5.200138e-03
-4.306409e-03
-2.616668e-03
-3.090906e-03
-5.786882e-03
-1.826281e-02
8.289577e-02
2.105076e-03
1.743019e-02
4.536305e-02
-3.887197e-02
2.838495e-03
9.719892e-02
5.678735e-02
-3.804259e-02
-1.081576e-01
-4.046024e-02
-2.248248e-03
-3.008688e-02
-9.283082e-02
3.863060e-02
-1.345459e-02
-1.046164e-01
4.996902e-02
1.165608e-02
6.829137e-02
1.597343e-03
-1.850677e-02
1.872841e-02
-4.283564e-02
-3.976610e-02
-7.207014e-03
9.385068e-03
-7.797796e-04
-1.339527e-02
-8.625108e-03
-1.279215e-02
-1.687037e-02
-1.142151e-02
-1.024058e-02
-1.534470e-02
-3.111835e-02
1.083499e-01
7.588091e-02
-3.191267e-02
8.067913e-02
9.278577e-02
-7.128582e-03
7.557155e-03
2.367600e-02
2.311950e-02
2.784670e-02
-3.134076e-02
5.862134e-02
8.662882e-03
1.081088e-02
-2.390389e-02
-1.673263e-03
-1.963581e-02
1.629624e-02
-4.323727e-02
-4.587247e-03
5.056948e-03
-4.402189e-02
-1.449181e-02
3.971152e-03
-4.150493e-02
-2.403230e-02
-2.173375e-02
-2.585942e-02
-3.112020e-02
-8.977124e-03
-2.260616e-02
-5.931532e-02
-1.935047e-02
-7.804977e-02
-4.612226e-02
-2.467677e-02
-4.344007e-02
-2.011352e-02
-2.141545e-02
1.988837e-03
6.007450e-02
-5.171249e-03
4.759467e-02
9.522287e-02
3.561459e-02
1.490318e-01
-5.347495e-03
-8.520413e-03
8.747861e-02
-1.565662e-02
6.548779e-03
-1.497347e-02
2.086423e-02
-4.038466e-03
-4.827935e-03
-3.095919e-02
-3.929414e-02
-4.079534e-02
-3.807482e-02
-5.502948e-02
-5.406198e-02
-8.431733e-03
1.120785e-02
-1.118854e-02
-6.182264e-03
9.569674e-03
3.347222e-03
4.105407e-03
-2.267774e-03
-2.371127e-03
-1.257616e-02
2.412428e-02
1.282214e-02
-1.742249e-02
3.587798e-02
-6.748896e-03
-5.271390e-03
7.833180e-02
2.625933e-02
-3.861618e-02
-7.839295e-02
-4.127948e-02
-6.139648e-02
-3.243220e-02
-4.075963e-02
-4.049160e-02
-2.629119e-02
-5.040756e-02
-8.773673e-02
3.104362e-02
6.453193e-04
2.512225e-02
2.777968e-02
9.870084e-03
2.430013e-03
2.750039e-02
-3.929914e-03
1.954403e-02
2.175722e-02
1.498753e-02
-1.664545e-03
1.003326e-01
8.244549e-02
7.584608e-02
-3.028485e-02
-2.365561e-02
-1.232255e-02
3.577990e-02
9.443959e-03
-2.976165e-02
-1.981537e-01
3.020232e-02
5.364501e-02
9.728985e-02
1.205082e-01
-1.515107e-01
-4.965653e-02
-2.341333e-02
5.818106e-02
-8.881935e-02
4.111844e-04
-3.166784e-02
-2.567940e-02
6.041049e-03
5.971418e-02
-2.055241e-02
-3.735007e-02
6.660025e-03
-1.265658e-01
2.655984e-02
4.381228e-02
1.703724e-02
2.357562e-02
-1.059031e-01
-1.466798e-02
-2.873067e-03
-3.688886e-03
-1.987781e-02
-1.243846e-02
1.844463e-02
-2.281961e-02
-4.271650e-02
-1.289051e-02
-7.058699e-02
-2.097432e-03
-7.080141e-03
7.010925e-04
3.830720e-02
-5.684231e-02
2.932606e-02
-6.977598e-02
4.134370e-02
-8.114273e-03
4.620080e-02
2.896960e-02
1.733068e-03
9.683982e-02
-2.110717e-01
2.059204e-02
-2.007731e-02
1.957592e-01
2.339411e-02
7.579760e-03
-4.610600e-02
6.042122e-02
5.503370e-02
3.198333e-02
-6.927881e-02
-2.182039e-02
-3.954637e-02
7.991175e-03
5.290815e-02
2.761527e-02
-2.032221e-02
-1.297231e-02
3.474240e-02
-8.216745e-02
-1.185445e-01
1.107937e-01
1.075793e-01
9.116729e-02
1.147801e-01
1.229482e-01
1.802876e-01
9.433292e-02
1.312255e-01
6.604844e-02
-2.967283e-02
-3.274176e-02
5.018301e-02
5.483162e-02
7.020050e-02
8.029738e-02
-1.187290e-01
2.115595e-02
-1.405611e-01
2.612823e-02
-6.500272e-03
-4.042455e-02
-1.087187e-02
-1.958232e-02
5.407587e-02
1.342399e-02
8.128178e-02
3.495000e-02
-4.242233e-02
4.653305e-03
1.710710e-02
-1.561994e-02
-2.189628e-04
5.855029e-03
3.498958e-03
-1.083247e-02
1.530361e-02
-8.754471e-03
-2.037905e-02
-1.182148e-01
-4.890971e-02
-4.945956e-02
-9.442068e-02
-6.803624e-02
-4.751048e-02
-8.572260e-02
-8.642688e-02
-1.627495e-02
5.687212e-04
-1.931030e-02
1.809933e-02
-2.091763e-02
-2.166956e-02
9.616684e-03
-4.369882e-02
-4.911862e-03
-1.073411e-02
-4.912160e-02
-9.046625e-02
-2.870837e-02
-4.705672e-02
-6.489721e-02
-4.209086e-02
-2.062076e-02
-2.308654e-02
1.629888e-02
6.904180e-03
-1.138444e-03
3.180156e-02
3.556980e-02
2.848872e-02
-9.405368e-03
6.714638e-03
7.642807e-03
-1.157314e-01
-1.116149e-01
1.613087e-03
1.430621e-02
2.968651e-02
-6.606039e-02
-4.408698e-02
-1.047445e-01
8.617333e-02
-5.426614e-02
-2.264645e-02
-1.584101e-02
-1.664525e-01
-1.978691e-01
-7.357788e-02
-1.564679e-01
-1.449821e-01
-5.510363e-02
-7.256298e-03
-1.034889e-01
-1.840911e-01
1.455690e-01
1.784031e-01
-1.831844e-01
4.833280e-02
6.100454e-02
4.693284e-03
3.944723e-02
9.081988e-02
2.912873e-02
2.798257e-02
8.302256e-02
3.322587e-02
1.399728e-02
6.489099e-02
5.298303e-02
-3.183241e-02
-1.149365e-01
-3.072364e-02
1.880486e-01
-8.928049e-02
-5.220738e-02
6.150004e-02
1.275644e-01
-7.383561e-02
-1.967999e-02
8.439717e-02
7.011361e-02
-5.491996e-02
-1.643253e-01
1.642910e-01
-3.290735e-02
-1.155592e-01
-1.003493e-02
1.201611e-02
-4.172830e-02
-3.796107e-02
-2.178511e-02
-5.138664e-02
-4.392412e-02
1.466389e-02
-2.202467e-02
3.614590e-02
-4.109160e-02
-1.220426e-01
-6.059323e-02
-7.090797e-02
-6.415631e-02
-1.056114e-01
-7.302537e-02
-4.288846e-02
-1.947710e-02
9.291981e-02
4.428919e-03
7.176331e-02
4.268796e-02
1.051107e-01
1.537812e-01
-4.198162e-02
-2.829630e-02
-8.866186e-02
-9.071317e-02
-1.623908e-02
1.182457e-01
1.445644e-01
-1.069797e-01
-9.963091e-02
4.647884e-02
1.309567e-01
6.141006e-02
1.485465e-02
-6.938593e-03
2.576726e-02
7.110245e-03
9.875380e-04
1.787152e-03
-2.159312e-02
1.737386e-02
4.048311e-02
2.385618e-02
2.510595e-02
4.270201e-02
-3.205239e-02
-2.579286e-02
1.952499e-02
-3.725472e-02
-4.664038e-02
-4.202057e-02
-4.013981e-02
7.602131e-03
-1.855118e-02
-8.302591e-02
-8.098446e-03
6.019005e-02
1.536730e-02
3.508604e-02
9.167468e-03
-3.254311e-03
1.600213e-02
-4.030026e-02
1.093543e-02
-3.494332e-02
4.576382e-02
-5.732720e-02
-2.190422e-02
-2.096302e-02
1.126846e-02
-2.328562e-02
7.827586e-03
-1.483419e-02
2.323069e-02
8.180264e-03
2.105835e-02
2.681661e-02
2.695781e-02
-2.747719e-02
-3.192419e-02
-2.992091e-02
-3.365537e-02
-3.256221e-02
-3.200542e-02
1.071530e-02
7.258272e-03
8.763688e-03
-1.434598e-02
1.059480e-02
6.085796e-03
1.738473e-02
1.963248e-02
3.080554e-02
-4.310106e-03
-3.921619e-03
3.640639e-02
1.862505e-02
-2.260786e-03
-3.130955e-02
2.395322e-02
-1.477684e-02
-1.232355e-02
3.731090e-05
1.079413e-02
-2.741027e-02
2.300079e-02
-1.134379e-02
-3.175208e-02
1.039612e-02
7.166414e-03
-1.219653e-02
8.775968e-03
-2.078770e-02
2.491765e-02
-2.729459e-02
-3.260987e-02
-3.787792e-02
-3.740362e-02
-4.222587e-02
-2.740290e-02
1.958116e-03
2.714720e-03
-3.674057e-03
1.793382e-02
9.812194e-03
4.951003e-03
-1.554461e-02
5.759244e-03
-1.057298e-02
6.303030e-03
1.951360e-02
-1.034123e-02
-1.437180e-02
-4.252621e-03
3.837607e-02
-1.798471e-02
3.881135e-02
3.289178e-02
1.502662e-02
4.301101e-02
3.209829e-02
-4.891482e-02
-5.521763e-02
-7.595317e-02
-7.765241e-02
-8.009371e-02
-1.045683e-01
-1.599719e-02
-1.823749e-02
-4.529650e-02
2.296099e-02
1.041921e-02
-7.632848e-03
3.862377e-03
-2.201621e-02
1.636384e-02
-9.147917e-03
-4.890267e-03
2.617987e-02
1.327368e-02
1.905383e-02
3.774303e-02
-2.396149e-02
1.945608e-02
3.272379e-02
1.377773e-02
5.824929e-02
4.707978e-02
-3.271836e-04
-6.117700e-03
3.424615e-03
-4.460580e-02
5.570377e-03
9.451814e-03
-9.683233e-03
5.543409e-02
-2.184107e-02
1.285526e-02
-2.793813e-03
2.331347e-02
1.810181e-02
1.143143e-04
1.616089e-02
4.594628e-03
-2.643532e-02
-1.195715e-02
1.391815e-02
5.296631e-03
1.295218e-02
2.681774e-03
-5.803680e-03
-5.714051e-03
8.180650e-03
-9.918254e-04
-1.051148e-03
2.453774e-02
3.271677e-02
2.495459e-02
1.190376e-02
3.150029e-02
2.252651e-02
3.197720e-03
3.998628e-02
3.471557e-02
-3.804040e-03
-2.268949e-02
-2.059096e-02
5.829853e-03
-6.527422e-04
-1.324247e-02
6.417227e-03
-4.456040e-03
6.399599e-03
-3.008758e-03
-7.222439e-03
-2.041692e-02
-6.132893e-03
9.297309e-03
-2.158097e-02
-1.040239e-02
7.961333e-03
-2.579847e-02
-1.579388e-03
2.652247e-02
7.655968e-03
-5.510269e-02
-3.753489e-02
-4.595766e-02
3.523039e-02
5.555833e-02
2.247243e-02
-1.368483e-01
2.823870e-02
-6.982904e-02
5.294904e-02
1.375140e-01
-2.764746e-02
-1.917442e-02
-6.796376e-02
1.077697e-01
-1.007518e-01
4.656489e-02
6.244428e-02
-1.073659e-01
7.784236e-02
8.688005e-02
6.290729e-03
5.020281e-02
-2.802574e-03
-3.083596e-02
8.854613e-02
-6.451187e-02
-2.295977e-02
1.111153e-01
-3.449270e-01
-1.903717e-02
-3.206619e-02
-1.617071e-02
1.098637e-02
3.050488e-02
4.103572e-02
-1.920117e-02
-6.901429e-03
-4.478066e-02
-1.716096e-02
2.112532e-02
-4.089286e-04
1.617529e-02
4.447582e-03
-6.798474e-02
2.360791e-01
-2.037916e-01
-1.136373e-02
1.013323e-01
-8.627991e-03
-5.367885e-02
2.942237e-02
-7.419779e-02
8.172363e-02
-1.134160e-01
-2.103291e-01
2.093928e-01
-1.248699e-01
9.023403e-04
-1.126056e-02
1.176003e-01
-2.055124e-01
9.304297e-02
1.429681e-02
-2.723310e-01
2.927331e-03
7.225666e-02
-2.393454e-01
3.220449e-02
-1.014641e-01
-8.419240e-02
-6.004013e-02
8.893082e-02
-4.317142e-02
-8.906751e-02
4.647476e-02
7.802293e-02
-4.789296e-02
-6.642111e-02
-3.549726e-02
-1.789705e-02
1.748541e-02
-3.227143e-03
-9.704377e-03
-3.851233e-02
8.297174e-03
-2.661149e-04
1.239183e-03
4.318188e-02
2.208145e-02
5.192123e-02
-3.312920e-01
1.269312e-01
2.118743e-02
3.899444e-02
9.147245e-02
1.000859e-01
-4.051816e-03
-1.086665e-01
1.247658e-01
-4.314194e-03
-5.058867e-02
-8.487282e-02
-6.979839e-02
-1.018932e-01
-1.917279e-04
-1.028813e-02
2.682841e-03
-2.790282e-02
5.809369e-03
2.641265e-02
-3.158390e-02
2.268928e-02
6.555353e-03
4.599618e-03
5.725937e-02
5.308619e-02
1.219535e-02
1.137756e-01
1.432356e-04
5.694788e-02
7.136553e-04
-6.234383e-02
2.854411e-02
-2.470667e-02
-4.776304e-02
6.188183e-02
-9.685759e-03
-4.267734e-03
-1.428294e-02
2.842203e-02
1.018805e-02
4.818238e-02
-1.500751e-01
9.131877e-03
1.156951e-01
5.835742e-03
1.102261e-01
9.054228e-02
-3.389406e-03
9.392361e-02
4.190485e-02
3.727279e-02
3.480037e-02
2.042675e-02
1.841908e-02
1.658289e-02
-5.080580e-02
-5.478038e-02
-5.498107e-02
-4.290478e-02
-2.612679e-02
-2.079264e-02
-1.532820e-03
1.093877e-02
-1.598450e-02
3.819728e-02
9.245584e-03
1.079215e-02
-4.032500e-02
-1.262370e-02
1.297185e-02
-2.834012e-02
-3.080813e-02
1.111744e-02
-8.075758e-03
2.972756e-02
-1.736767e-02
-3.326990e-02
-2.276524e-03
-6.945594e-03
2.087165e-02
2.899219e-02
-1.206774e-02
2.529188e-03
5.522242e-02
-7.107450e-03
2.057327e-02
2.544595e-02
2.148469e-02
2.763841e-02
3.269535e-02
4.585413e-02
-3.905575e-02
-3.274677e-02
-3.660098e-02
-3.011491e-02
-3.456167e-02
1.476502e-02
-9.225813e-03
-2.320809e-02
1.650785e-02
-7.478249e-03
-1.123959e-02
2.962849e-02
-6.495292e-03
-1.398103e-02
-5.339508e-02
-4.669988e-03
1.889890e-03
-1.415752e-03
-2.035905e-02
5.805821e-03
1.703851e-02
6.424315e-02
9.417084e-03
2.545949e-04
5.027997e-02
-9.084674e-03
-1.224034e-02
-4.367266e-02
-1.076060e-01
-1.091040e-01
-1.335418e-02
-2.475677e-02
3.197762e-02
-1.991078e-03
3.692690e-02
7.972915e-03
-8.701129e-03
2.682301e-02
2.567133e-02
4.441234e-03
7.271738e-03
-1.818597e-02
2.726008e-02
-2.186869e-03
-1.727777e-03
1.456700e-02
-9.833961e-03
5.412572e-04
9.082217e-03
-1.274760e-02
-2.259456e-02
-9.634526e-03
9.003541e-03
-2.261853e-02
8.872121e-03
-2.352442e-02
3.496711e-02
-1.586659e-02
8.264593e-03
-1.032452e-02
-2.236699e-02
5.920419e-03
-1.847215e-02
-6.333670e-04
1.402867e-02
7.805634e-03
1.944633e-03
4.028754e-04
2.476775e-03
-4.622828e-03
2.358422e-03
6.051802e-03
6.884838e-03
6.091231e-04
8.687284e-03
2.728617e-02
8.125868e-03
3.544077e-02
5.586519e-03
3.078494e-02
1.903344e-02
1.528845e-02
1.475686e-02
2.129707e-02
-9.897431e-03
2.835058e-02
6.106008e-03
1.045309e-03
1.274871e-03
3.600097e-03
-2.233765e-03
2.575939e-03
-6.085632e-03
-5.600560e-03
-9.246487e-03
-1.140176e-02
-1.440738e-02
-1.853899e-02
-1.625041e-02
-3.693565e-03
-1.742174e-02
-1.784035e-02
-4.691815e-02
-4.944665e-02
-4.425137e-02
-3.539131e-02
-4.100171e-02
-4.224261e-02
7.992066e-03
4.057022e-03
5.652047e-03
-5.624269e-04
-2.606408e-02
-5.445605e-02
7.094900e-02
4.258551e-02
2.198403e-03
1.675780e-03
3.883283e-02
2.834485e-02
-5.110839e-02
-4.392914e-02
4.308465e-02
4.004142e-02
8.010780e-02
3.046322e-02
4.555478e-02
6.365173e-02
-5.228855e-02
-6.672993e-03
-1.595703e-04
4.760658e-02
-5.555137e-02
-3.163625e-02
-3.500665e-02
-3.321951e-02
-7.796501e-02
-3.848456e-02
-5.683045e-03
-5.807868e-03
-2.081713e-02
-6.838093e-02
-6.189854e-02
-8.693697e-02
-5.716480e-03
-1.737470e-02
-3.269626e-02
4.743199e-04
-8.745651e-03
-2.779995e-02
3.826991e-02
-7.760944e-03
-3.108220e-02
-1.378127e-02
-3.240539e-02
8.524212e-03
-6.541126e-02
-2.444424e-02
-8.167084e-02
-6.924329e-03
4.058613e-03
-3.298865e-02
2.625693e-02
-3.407895e-02
-7.759591e-02
-8.123475e-02
-1.502483e-02
-3.340284e-02
-7.729380e-02
-2.295534e-02
-3.288218e-02
-2.565789e-02
1.974242e-02
1.640092e-02
-8.240519e-03
7.806722e-02
4.815501e-02
-6.214096e-03
5.324977e-02
3.626980e-02
3.973269e-02
-1.321019e-02
-7.962365e-02
4.222632e-02
4.808006e-02
1.962930e-02
3.021052e-02
9.523191e-03
2.817605e-02
-2.587486e-02
1.555207e-02
3.794308e-02
1.849962e-02
-1.617818e-02
4.097362e-03
1.122987e-02
-2.844945e-02
2.166485e-02
-2.172939e-02
5.466817e-03
3.786981e-03
3.699208e-02
-2.392604e-04
-1.956538e-02
4.055262e-02
4.105608e-02
1.761245e-02
-8.585149e-03
1.307516e-02
4.050178e-02
-9.829209e-03
7.011929e-03
4.010728e-03
-1.258841e-02
-1.488612e-02
-1.440415e-02
7.367634e-03
1.336917e-02
6.639375e-04
-7.270501e-02
-1.353992e-02
1.361829e-03
1.883277e-02
-2.178688e-02
-4.033129e-02
5.764631e-02
3.809576e-03
-3.372816e-02
-3.889466e-02
-2.162616e-02
1.704473e-02
2.438355e-02
3.602083e-02
6.561482e-02
-2.899776e-02
-2.132808e-02
-2.318675e-02
-1.730179e-02
2.015595e-03
-9.680627e-03
1.857966e-03
4.322601e-03
8.032556e-03
1.581352e-03
1.331568e-02
1.631219e-02
5.061538e-02
4.489891e-02
4.503796e-02
-1.587909e-02
-1.054929e-02
-2.383829e-03
8.079977e-02
5.528311e-02
2.510958e-02
-1.202702e-02
-3.507910e-02
-1.239066e-02
3.369137e-02
5.795712e-02
3.649344e-02
-2.634510e-02
6.077773e-03
-3.474167e-02
7.347663e-02
1.526440e-01
6.863225e-02
4.638435e-02
2.896722e-01
2.761956e-01
-8.681409e-03
1.780436e-01
2.579517e-01
-3.158902e-02
3.214600e-03
7.258614e-03
-1.008466e-02
3.825495e-02
3.454605e-02
-6.375297e-02
-4.249522e-02
-6.371199e-04
1.663190e-02
9.899146e-03
1.302118e-02
1.445005e-02
-1.205591e-02
-2.669680e-03
2.268255e-02
2.024993e-02
3.254821e-04
2.468009e-02
-3.044671e-02
-5.195943e-02
6.025124e-02
-3.436829e-02
-6.678404e-02
-2.780821e-02
-9.144380e-03
-2.980942e-02
-3.734108e-02
2.005043e-03
2.817561e-02
1.233678e-02
-9.848453e-02
1.146270e-02
-2.128331e-02
-1.305074e-01
-6.389636e-02
-2.039745e-02
-7.527773e-02
5.951779e-02
-1.221487e-02
-7.201133e-02
3.563244e-02
1.994128e-02
-4.944943e-02
8.787294e-03
2.446191e-02
8.010282e-02
3.105351e-02
1.358677e-01
1.836957e-01
1.923029e-01
1.217739e-01
1.906272e-01
1.897361e-01
-1.855708e-02
-7.021371e-02
-5.087438e-02
-6.259553e-02
-5.663978e-02
-2.605399e-02
-1.134688e-01
-8.723313e-02
-2.694276e-02
-3.141218e-02
2.417403e-02
2.005195e-02
4.777214e-02
-5.445920e-02
-4.125372e-02
9.208616e-02
7.814706e-03
8.367570e-04
2.770659e-02
2.918370e-02
4.306707e-02
2.146987e-02
-1.740245e-02
-3.037019e-02
-2.055080e-02
-7.440086e-03
-3.953737e-02
1.942534e-02
2.992089e-02
-1.218727e-02
4.489750e-02
5.857023e-02
3.114087e-02
-1.229960e-02
5.747579e-02
4.268689e-02
8.999856e-02
1.649933e-01
8.549639e-02
1.119244e-01
1.925303e-01
1.692041e-01
5.517858e-02
7.162502e-02
8.611624e-02
5.414183e-03
-1.772260e-03
-4.899217e-02
-3.468222e-03
-4.581091e-03
-1.673906e-02
3.069603e-02
9.082104e-02
5.936887e-02
-5.105652e-03
3.209898e-02
4.505475e-02
-1.737842e-02
1.647217e-02
4.169295e-02
-2.076963e-03
-8.319551e-04
-2.708963e-03
