-2.622729e-01
7.361181e-02
-9.915645e-03
-6.401313e-02
-1.244716e-01
-1.392067e-01
-4.567192e-02
-4.979086e-02
-3.814584e-02
-8.291362e-02
-1.364204e-01
-8.824365e-02
-7.124333e-02
-8.494527e-02
-1.594551e-01
4.553472e-03
-7.590308e-02
-6.844685e-02
-1.119562e-01
-5.013423e-02
-6.354535e-02
-2.272594e-01
-1.739130e-01
-3.554647e-01
-1.773648e-01
1.493430e-02
-3.788239e-02
-2.805385e-01
-4.921326e-02
-1.207989e-01
-1.833156e-01
-8.114272e-03
-2.129138e-01
-1.929039e-01
-4.208446e-01
-1.638051e-01
3.150150e-02
-1.163415e-01
-1.629744e-01
6.777024e-02
-1.724839e-01
3.088914e-01
-1.025311e-01
-7.636489e-02
-2.102291e-01
-2.293184e-01
-1.003127e-01
9.611022e-03
-1.089611e-01
-6.819670e-02
-6.414229e-02
-2.427126e-01
-1.339469e-01
-1.054470e-01
1.717936e-02
1.035789e-02
1.203042e-02
1.035927e-02
-1.496889e-01
-1.064807e-01
-7.745759e-02
-4.292600e-02
-1.389551e-01
-9.648574e-02
