4.474583e-01
3.493155e-01
4.399704e-01
4.950795e-01
4.102778e-01
4.744265e-01
4.518780e-01
2.442145e-01
3.814243e-01
3.279791e-01
4.138352e-01
1.609964e-01
2.177246e-01
4.548877e-01
3.294337e-01
2.952420e-01
3.143041e-01
4.487551e-01
4.979364e-01
6.007886e-01
3.674398e-01
4.782173e-01
3.548556e-01
3.092289e-01
3.363464e-01
6.896090e-01
3.532473e-01
3.836285e-01
4.113598e-01
2.703131e-01
3.687745e-01
3.534657e-01
3.601447e-01
3.940331e-01
1.667579e-01
3.417222e-01
3.645165e-01
6.087255e-01
3.873218e-01
4.283883e-01
4.373385e-01
2.641608e-01
2.776326e-01
2.828763e-01
3.839388e-01
3.324329e-01
3.571532e-01
4.402620e-01
2.803997e-01
3.464014e-01
2.108298e-01
2.387065e-01
5.247267e-01
1.846050e-01
4.783101e-01
2.870207e-01
2.996968e-01
2.435125e-01
1.938301e-01
3.367587e-01
3.685671e-01
2.761216e-01
4.348762e-01
3.065095e-01
