-6.006349e-02
-2.319140e-02
5.986805e-02
-2.201054e-02
-1.272370e-02
3.420869e-02
3.184569e-02
-4.777438e-03
6.211753e-03
-3.781108e-03
2.994512e-02
-4.628060e-02
3.643391e-02
1.551460e-02
-6.172773e-02
8.759598e-02
-4.846194e-02
-9.837177e-02
-1.110813e-02
-2.040591e-02
2.018601e-03
-2.867616e-02
-7.858952e-03
1.038185e-02
-3.756372e-02
3.537693e-02
1.846631e-02
7.551066e-02
-4.388446e-02
5.693918e-02
1.956366e-02
-7.514434e-03
4.608388e-02
-4.279578e-02
-1.107342e-02
-3.860767e-03
5.108836e-02
1.940674e-02
-2.269561e-03
2.317321e-02
2.280494e-02
-1.989551e-02
1.066033e-02
-6.061899e-03
-5.403296e-02
1.701306e-02
-8.049856e-02
-7.899917e-02
7.404905e-02
-6.029717e-02
-4.814687e-02
6.494206e-02
-6.949618e-02
-1.492247e-02
-1.462245e-02
8.756340e-03
-8.824377e-03
-5.398770e-02
3.422264e-03
4.057508e-04
-8.896116e-02
-3.863304e-02
2.393480e-02
-1.376913e-02
-3.807941e-02
1.595180e-02
-4.935184e-02
-2.255676e-03
2.667890e-03
-5.227556e-02
-1.885889e-02
1.749017e-02
-3.921191e-02
2.043920e-02
-5.272867e-02
-1.359148e-02
1.623496e-02
-4.215925e-02
4.984513e-02
6.713185e-02
1.404893e-02
6.928774e-02
-2.753063e-02
-4.735360e-02
5.327122e-02
-1.171658e-02
-1.364077e-02
5.926066e-02
2.488938e-02
-2.278802e-02
-6.778289e-02
7.496373e-02
6.048368e-02
-5.534659e-02
7.123774e-02
7.560791e-02
-7.376964e-02
7.142791e-02
8.291180e-02
4.044519e-02
7.035976e-04
-2.504841e-02
1.270106e-02
6.290126e-04
-2.239760e-02
-2.483351e-02
-2.965970e-02
-2.719543e-02
6.857841e-02
1.079991e-01
-7.625521e-02
8.604486e-02
7.636326e-02
-5.151299e-02
3.071359e-02
3.565826e-02
-3.467520e-02
7.232457e-03
-3.015275e-02
-8.890474e-03
1.760758e-02
9.367801e-03
2.189980e-02
-9.751599e-03
1.107772e-02
2.853778e-02
-6.961985e-03
1.483217e-01
-6.819951e-03
-2.271814e-02
1.080002e-01
-2.912541e-02
4.018581e-02
1.610556e-01
2.857803e-02
-4.663247e-02
1.016247e-01
9.278603e-02
-4.251301e-02
9.515586e-02
7.454786e-02
-2.101368e-02
1.244502e-01
9.932295e-02
3.788111e-02
2.372978e-02
-7.302616e-04
4.532821e-02
3.938857e-02
1.183803e-02
6.210119e-03
-1.748624e-03
-4.118451e-02
-1.410183e-02
8.869599e-03
3.328393e-02
-2.779026e-02
4.721631e-03
1.243269e-02
-5.238491e-02
-1.641750e-02
-3.819063e-03
-4.943713e-02
-2.416586e-02
-4.764038e-02
-6.219880e-04
1.004039e-02
4.631569e-03
-1.004342e-02
-3.019860e-03
-1.200416e-02
-7.850932e-02
-4.265898e-02
-7.174486e-02
6.881777e-03
3.235531e-02
2.492025e-02
-5.431127e-02
-1.647194e-02
-4.725560e-02
-1.778661e-02
-2.107175e-02
-3.574811e-02
-6.583146e-03
-1.235886e-03
-1.521569e-02
-2.262667e-02
-1.725280e-02
-4.422725e-02
-3.018586e-02
-1.743280e-02
1.775414e-02
-6.535735e-03
7.443903e-03
3.312609e-02
-4.314160e-03
-7.527778e-03
1.100681e-03
1.768958e-02
-1.403595e-03
-2.709369e-02
8.504763e-03
-1.200442e-02
-2.711610e-02
1.708560e-02
4.175011e-03
-7.571952e-03
3.757500e-02
5.144904e-02
2.020567e-02
-3.328488e-02
-3.052675e-03
-2.658506e-02
4.306209e-02
3.829690e-02
4.459179e-02
-7.879424e-03
-1.431561e-02
2.436040e-02
-2.881213e-02
-3.075759e-02
-7.666650e-03
1.558523e-02
1.659997e-04
2.825421e-02
-5.816921e-02
-2.841118e-02
-3.374507e-02
-3.821977e-03
1.796590e-02
2.448216e-02
-2.220643e-02
8.425747e-03
-6.982727e-04
4.362336e-02
4.086050e-02
3.774846e-02
2.847115e-03
1.040136e-02
-5.759768e-03
1.768084e-02
1.989256e-02
2.595233e-02
-1.154823e-02
1.128478e-02
2.722711e-02
-1.835012e-02
2.813894e-03
1.858784e-02
-2.099442e-02
-4.458337e-03
1.062860e-02
1.172443e-02
-4.190276e-02
9.058221e-03
1.728058e-02
-2.376693e-02
2.466582e-02
-1.619827e-02
-7.572229e-02
-8.486056e-03
-1.047069e-02
2.032537e-05
-2.399252e-02
4.163031e-02
5.354751e-02
3.291909e-02
1.672152e-02
2.837353e-02
6.804226e-03
3.253761e-02
3.909115e-02
1.063088e-01
1.064519e-03
1.429849e-02
6.977616e-02
6.810547e-02
7.125839e-02
1.339998e-01
4.416148e-02
4.306664e-02
7.391100e-02
6.266240e-03
8.417119e-03
3.366542e-02
5.834498e-02
5.356201e-02
8.821050e-02
-1.948806e-02
-2.909323e-02
1.690360e-02
1.059006e-01
3.667485e-02
-3.075790e-02
-8.844108e-03
-2.684466e-04
5.179862e-02
-3.452822e-02
-6.237064e-02
-8.879215e-02
-8.897207e-02
-2.337687e-02
-6.994428e-02
-9.572969e-02
-9.088194e-02
-9.254137e-02
-1.283081e-01
-1.239173e-01
-7.154987e-04
-1.312815e-01
-1.092789e-01
2.467525e-02
1.149472e-01
-2.291255e-02
-1.099839e-01
-2.401363e-02
1.210643e-02
1.638045e-01
1.378407e-01
-5.669964e-03
-1.234992e-01
-1.503427e-02
-5.529620e-04
-8.865358e-02
5.938284e-02
-5.157124e-02
-1.220714e-01
2.805713e-01
2.513308e-02
-2.791904e-01
8.404492e-02
1.076844e-02
-9.159308e-02
-8.171254e-02
-1.245444e-01
-1.263233e-01
-1.391625e-01
-2.705599e-01
-1.445662e-01
2.228022e-03
-9.948208e-02
-3.324839e-02
5.002478e-02
1.953359e-02
2.603260e-02
2.409861e-03
2.896131e-04
1.957644e-02
-8.336673e-02
-4.034521e-02
-4.248269e-02
7.004380e-02
-2.221042e-02
-5.295409e-02
-1.476447e-01
-7.737672e-02
1.290046e-01
1.136265e-01
-1.112468e-01
-7.100988e-02
4.564178e-02
-2.778245e-02
-5.712691e-02
-7.970409e-02
-7.995063e-02
1.009837e-01
-6.197317e-02
-6.019517e-02
4.974677e-02
-1.076348e-01
-6.510771e-02
-3.605600e-02
7.342409e-02
5.992736e-02
-1.419537e-02
-2.597108e-02
-2.925355e-02
-6.233465e-02
4.017902e-02
5.822580e-03
3.749566e-02
-1.668880e-03
3.038326e-02
1.625827e-01
1.915998e-02
2.408728e-02
1.044976e-01
2.662152e-02
-6.651407e-02
-3.598749e-02
7.347336e-02
-4.789010e-02
-4.647540e-02
5.400111e-02
-6.663729e-05
2.798966e-02
-9.604178e-02
-2.558270e-01
-2.833242e-02
-1.038780e-01
-2.063086e-01
9.346619e-03
6.834759e-03
-1.917378e-01
-6.894544e-02
2.631896e-02
5.858327e-02
8.589002e-02
7.236349e-02
4.753667e-02
3.061479e-02
-2.477205e-02
-5.937237e-02
-4.560619e-02
-1.235392e-02
-3.063155e-02
-5.103222e-02
-6.828858e-02
-7.816903e-02
-2.936047e-02
-3.788270e-02
-4.821254e-02
-2.106519e-02
-4.118661e-02
-1.890278e-02
-5.466221e-02
-1.158305e-01
-5.788098e-02
3.103859e-02
-5.533795e-02
-5.779272e-02
-4.057371e-04
3.572122e-02
1.030838e-03
-1.321402e-03
3.867235e-02
8.204850e-03
1.191622e-02
2.304716e-02
7.249845e-03
1.271497e-02
1.308846e-02
-1.369513e-02
2.510122e-03
2.190599e-02
1.765140e-02
1.468300e-02
3.647584e-03
2.494772e-02
3.534417e-02
-6.750854e-03
-9.565530e-03
-1.390885e-02
3.923996e-02
4.081047e-02
3.480152e-02
1.048323e-02
1.317452e-02
2.539789e-03
-1.538568e-03
1.037101e-02
1.481127e-02
5.870543e-03
-8.129832e-03
1.493790e-02
1.123573e-02
8.615192e-03
1.809490e-02
1.254616e-02
8.543051e-03
2.524619e-03
1.776313e-02
2.128515e-02
2.099002e-02
2.595189e-02
4.340139e-02
2.771189e-02
4.593323e-03
1.043024e-02
-1.789783e-03
2.575882e-02
3.044919e-02
3.227233e-03
2.209731e-02
9.752082e-03
-2.408304e-02
-2.840271e-02
-4.132815e-03
-1.658064e-02
6.223649e-03
3.399926e-02
1.266175e-02
3.180921e-02
6.985041e-02
4.940718e-02
-2.137886e-02
-4.589888e-03
-1.093228e-02
3.495083e-02
4.484606e-02
3.596045e-02
2.152165e-02
1.777253e-02
2.188894e-02
-1.302076e-02
1.791991e-02
1.650407e-02
1.900952e-03
3.454372e-02
2.076004e-02
-1.274613e-02
-2.368058e-03
-5.778620e-03
1.825808e-02
2.869086e-02
2.035126e-02
8.812064e-03
1.433088e-02
1.616541e-02
-6.929707e-03
-9.987268e-04
7.740602e-03
-2.113910e-03
2.332973e-02
2.248886e-02
5.629623e-03
2.275222e-02
1.819837e-02
-2.786012e-03
5.872463e-03
4.611411e-03
-4.634771e-02
-1.608602e-02
-3.741634e-02
-2.467242e-02
-1.196250e-02
-3.515796e-02
-2.323145e-02
-2.387775e-02
-5.026827e-02
-3.506304e-02
2.276934e-03
-2.183187e-03
-3.094641e-02
5.398763e-03
-8.151098e-03
-3.128262e-02
-1.663326e-02
-1.231420e-02
2.487395e-02
3.339278e-02
4.956913e-04
5.940823e-02
9.469631e-02
6.035914e-02
5.146350e-02
1.049610e-01
6.921761e-02
1.502353e-02
3.229055e-02
2.017747e-02
1.198849e-02
2.555808e-02
1.561451e-02
1.207069e-02
2.618886e-02
1.726188e-02
2.747501e-02
4.392121e-02
4.131219e-02
1.168452e-02
2.091123e-02
2.243721e-02
1.205315e-02
1.599331e-02
1.720168e-02
-1.038883e-01
-1.115368e-01
-8.664922e-02
-6.072510e-02
-1.231119e-01
-1.173813e-01
2.817556e-03
-6.300154e-02
-1.151459e-01
4.304086e-02
2.734284e-02
-1.332497e-02
6.988587e-02
4.981230e-02
4.145430e-02
1.648620e-02
3.848943e-02
4.321399e-02
-2.499060e-02
-2.508754e-02
-2.004789e-02
1.171926e-02
-3.188815e-03
3.241393e-03
-2.762277e-02
-1.491039e-02
-3.120110e-02
-3.252098e-03
2.479873e-02
1.995770e-03
-4.432124e-02
-2.313171e-02
-1.383234e-03
-6.326418e-03
-4.617374e-02
-1.492441e-02
-4.978361e-03
1.921704e-03
1.860373e-02
-1.623773e-02
-2.631804e-03
2.430279e-02
-2.514431e-02
-2.533094e-02
1.652248e-02
3.981356e-02
2.194299e-02
2.444640e-02
4.210823e-03
2.030748e-02
7.442884e-03
4.714330e-03
4.548554e-02
9.473446e-03
8.668453e-02
4.570783e-02
-5.726012e-02
-1.360854e-02
3.208841e-02
8.552767e-03
-7.390028e-02
-3.836685e-02
3.653789e-02
5.856924e-03
-1.226766e-02
-5.075326e-03
-6.771768e-03
-4.624792e-03
4.572122e-03
-2.180471e-02
-4.523378e-02
-3.343042e-02
-3.684986e-02
-2.112156e-02
4.114383e-04
-5.270411e-02
-7.528750e-02
-4.294321e-02
-3.414923e-02
-7.196163e-02
-5.345903e-02
3.353876e-03
9.214986e-03
-2.310565e-02
-2.610117e-03
-8.968774e-04
-3.459949e-02
5.344484e-05
7.972301e-03
-1.789285e-02
2.960203e-02
2.859756e-02
2.235025e-02
4.121316e-02
2.995434e-02
2.884937e-02
5.949210e-02
3.674567e-02
4.042994e-02
1.995161e-02
-2.376921e-02
-7.353427e-02
-3.733128e-02
-1.330730e-02
-3.868476e-02
-6.161555e-02
-5.461800e-02
9.639018e-03
1.952358e-02
1.611565e-02
7.670487e-02
3.074230e-02
4.608340e-03
3.812567e-02
4.280734e-02
2.104163e-02
2.955160e-02
-1.879460e-02
-1.792042e-02
-2.616262e-02
1.833914e-04
-3.139622e-03
-7.395909e-03
3.924403e-02
1.713782e-02
-8.118564e-03
5.305672e-03
-1.109541e-02
-5.556259e-04
-5.525863e-04
-1.902898e-02
-7.393017e-03
1.493092e-02
-5.951224e-05
2.565890e-03
-2.285668e-02
-4.865211e-02
-2.525587e-02
-5.998919e-03
-4.749990e-02
-4.203510e-02
9.017164e-03
-1.994486e-02
-3.831170e-02
1.362217e-02
-1.094607e-02
7.745762e-03
5.489356e-02
-3.370623e-03
-4.132032e-03
5.263934e-02
-3.121428e-02
2.221005e-03
-6.747334e-02
4.321456e-02
-1.304090e-02
-7.153646e-02
1.525678e-02
-2.561530e-02
-4.009967e-02
2.511170e-02
-6.470826e-04
-8.337253e-02
-1.576415e-02
-2.747695e-02
-2.130722e-02
2.762222e-02
-3.425900e-02
-3.633982e-02
3.772631e-02
-3.391260e-02
1.435596e-02
5.619043e-02
-3.896583e-02
1.710099e-02
3.168241e-02
-7.639147e-02
3.993061e-03
-4.041940e-03
-2.514676e-02
-3.120239e-02
-1.930560e-03
-3.969131e-03
-4.913103e-02
-4.216664e-02
-4.827286e-03
-5.077760e-02
-5.826776e-02
2.480754e-02
-7.530877e-03
1.206980e-01
-5.210439e-03
-2.013609e-02
1.329051e-01
7.348661e-02
-4.763555e-02
1.729045e-01
1.126711e-01
9.288949e-02
4.068151e-02
-8.900565e-02
5.639129e-02
-9.262686e-04
-1.172080e-01
6.566790e-02
-8.100356e-04
-1.373910e-01
-3.883373e-02
-2.070348e-02
-1.130947e-02
-4.195567e-02
3.041023e-02
-4.457850e-02
-2.067039e-02
6.200834e-02
-3.777816e-02
-3.907632e-02
3.243361e-02
1.657639e-02
-4.870763e-02
5.348942e-02
1.954167e-02
-5.522475e-03
9.096056e-02
1.367464e-02
-4.888327e-02
-1.167191e-02
5.064091e-03
-5.365239e-02
-6.409781e-03
6.270036e-03
-2.895003e-02
1.591457e-03
3.011921e-03
-5.651506e-03
1.143140e-02
-2.617932e-02
-2.180537e-02
-1.187947e-02
-5.218307e-02
3.134765e-03
3.757092e-03
-6.292426e-02
1.095834e-02
2.261702e-02
-7.210713e-02
-2.701822e-02
1.309512e-03
-5.293676e-02
-1.122404e-03
2.457313e-02
-3.633797e-02
3.517537e-02
1.955547e-02
1.036524e-01
-1.573446e-02
1.907172e-02
9.282035e-02
-5.074020e-02
5.117414e-02
4.972467e-02
-1.364732e-02
5.498786e-02
2.824951e-02
-2.869769e-02
1.752178e-02
-2.540688e-02
-3.453649e-02
-1.748401e-02
-5.772357e-02
-9.403753e-03
8.600578e-02
4.430989e-02
-4.010635e-03
9.527759e-02
5.018855e-02
4.343216e-04
9.346095e-02
5.320868e-02
6.130316e-02
1.116622e-01
1.602876e-02
3.476941e-02
9.690273e-02
-7.064708e-03
3.365527e-02
8.227012e-02
-1.233341e-02
1.234351e-02
-2.067558e-03
8.229056e-03
-3.807234e-02
7.175091e-02
1.390834e-01
1.386043e-02
4.020952e-02
4.335440e-02
-1.284793e-01
-1.225912e-01
8.980297e-03
3.119557e-02
-1.993625e-01
-6.873871e-02
9.741892e-03
-7.876243e-02
-8.413032e-02
3.245050e-02
4.687858e-02
2.663787e-02
-5.987979e-02
6.124186e-02
-4.456134e-03
-5.211840e-02
2.345642e-02
2.111080e-02
8.619569e-02
4.123101e-02
-5.413583e-02
-3.217497e-02
-5.025340e-02
1.861999e-01
5.251059e-02
-1.216137e-01
8.002246e-02
-3.636615e-02
1.329073e-03
6.417486e-02
-1.146026e-01
-9.764527e-02
2.554403e-01
7.957952e-03
-1.051655e-01
9.398352e-02
-8.885156e-02
-6.740798e-03
4.306972e-02
-4.392832e-02
2.426815e-01
1.290647e-01
-1.054020e-01
1.091786e-01
4.194893e-02
1.192369e-02
-9.437426e-03
-1.242375e-02
6.722201e-02
-5.070155e-03
6.675164e-02
5.507175e-02
1.091700e-02
-2.568638e-02
-8.492917e-02
9.843421e-03
2.536681e-02
7.146159e-02
4.071362e-02
-8.587844e-02
-5.354198e-02
9.265377e-02
1.453225e-02
-1.217076e-02
-2.117873e-02
3.041824e-02
3.188103e-02
4.981852e-02
-1.029979e-01
7.942066e-02
7.734305e-02
-5.635444e-02
-5.126690e-02
-1.699305e-02
-9.981523e-04
-1.451297e-02
-4.728436e-02
4.259445e-03
1.017706e-01
-7.048060e-03
-4.793224e-02
7.237522e-02
1.985320e-02
1.122567e-02
7.318406e-02
2.073244e-02
-1.230224e-01
1.985509e-02
6.824427e-02
-5.219593e-02
7.989791e-02
3.291821e-02
3.236236e-02
6.579488e-04
-7.771090e-02
9.582711e-03
6.079041e-02
-2.913448e-02
6.686848e-02
-8.465584e-02
-2.128067e-01
-2.449938e-01
-1.618737e-01
2.574903e-02
-3.834272e-01
-1.747257e-01
5.195267e-02
-3.266906e-01
-3.034854e-02
4.611979e-02
1.521505e-02
8.805126e-03
7.075462e-02
6.109905e-02
-4.208492e-02
-3.128844e-02
-2.698230e-02
4.499038e-03
-7.745788e-02
9.148806e-03
-2.343007e-02
-7.519791e-02
-4.982702e-02
-2.311327e-02
-5.586540e-02
-2.404166e-02
6.845815e-02
-1.997828e-02
2.819921e-02
7.603204e-02
4.514658e-02
-4.161347e-02
-1.805102e-03
6.956857e-02
1.962425e-02
-2.925799e-02
4.485328e-02
3.351201e-02
2.318842e-02
1.396812e-02
-2.676245e-02
-2.794106e-02
-7.384200e-02
-8.091796e-02
3.168695e-02
-1.039876e-02
4.876168e-02
-1.487930e-02
-2.076780e-03
6.533330e-03
-3.307632e-02
-5.515701e-02
2.837331e-02
-8.776963e-03
-6.643040e-03
-3.120795e-02
-1.355448e-02
-1.906282e-02
-4.529747e-02
-1.622328e-03
-4.006139e-02
-3.893522e-02
-2.693610e-02
-5.956955e-02
-4.551541e-02
-1.310141e-02
-5.444735e-02
2.324414e-02
1.857077e-02
5.278229e-02
1.668328e-02
3.031756e-02
-2.793049e-02
-3.221994e-02
7.761586e-03
-6.212341e-02
-4.553759e-02
-2.034214e-02
-3.754619e-02
-2.064116e-02
-3.907065e-02
-1.680589e-02
-4.425384e-02
-1.702036e-02
7.054730e-03
4.668830e-03
-2.361874e-02
2.582420e-02
1.057216e-02
4.394011e-03
-6.812117e-02
1.066287e-02
-2.023035e-02
-2.545898e-02
6.682684e-02
2.439487e-02
8.325944e-02
6.229978e-02
2.551060e-02
1.971411e-02
3.794517e-02
1.188035e-02
5.312815e-02
-3.707698e-02
-2.690746e-03
-1.922385e-02
-2.420253e-02
-4.785100e-02
-3.475845e-02
-4.167991e-02
-3.237547e-02
2.234083e-02
-2.781609e-03
-2.802793e-02
1.560238e-02
-2.523522e-02
4.947849e-03
-1.408344e-02
-5.472459e-02
-4.298735e-02
-3.701208e-02
-4.743560e-02
-2.580573e-02
-2.986311e-02
-4.304263e-03
-6.660303e-02
-4.775238e-02
-3.819372e-02
-5.681509e-02
-2.083845e-02
-4.420421e-02
-3.982197e-02
-2.980895e-02
-5.060972e-02
-4.617282e-02
-9.656645e-02
-4.647830e-02
-6.545194e-02
-3.074815e-02
5.054553e-02
-1.164142e-02
6.893166e-02
8.556534e-02
3.925886e-02
9.893496e-02
-2.327739e-02
5.365625e-02
1.316929e-01
-6.567400e-02
6.316464e-02
6.122821e-02
-4.166765e-02
7.282825e-02
7.456616e-02
4.072962e-02
4.104416e-02
-2.370641e-02
-4.771883e-02
-2.132501e-02
-8.594329e-02
-4.598584e-02
-3.073605e-03
4.776897e-03
1.777612e-02
-3.951863e-02
-2.129380e-02
-6.296754e-03
-1.118258e-02
-2.124086e-03
1.329221e-02
1.303101e-02
3.419906e-02
2.942632e-02
1.634152e-02
5.598323e-02
2.860402e-02
2.309209e-02
6.158897e-02
3.948850e-02
2.460961e-02
-8.291887e-02
-5.268305e-03
-8.724499e-02
8.234392e-03
-6.918050e-02
-2.470187e-02
1.301422e-01
-5.247091e-03
-6.891835e-02
-3.020341e-02
-7.965399e-02
-4.862771e-02
6.143025e-02
8.565052e-03
-1.099630e-01
-8.572739e-04
-5.576491e-02
-1.197203e-01
-7.709853e-02
-1.440440e-01
-2.443393e-01
-3.721998e-01
-2.674209e-01
-1.957727e-01
-2.661030e-01
-1.936291e-01
1.210365e-01
-4.532377e-02
6.813019e-02
-3.473474e-02
-7.741265e-03
-2.104209e-02
9.312559e-02
2.832546e-01
1.271447e-01
-1.598129e-01
-2.876886e-01
-2.512559e-01
-5.449552e-02
2.339784e-03
-6.144047e-02
1.660374e-01
4.137590e-01
2.285993e-01
-1.342356e-01
-2.858816e-03
1.235802e-01
-6.937263e-03
-6.870725e-02
-5.156979e-03
1.244168e-01
-3.633669e-02
-1.375451e-01
2.938220e-03
7.214915e-02
5.783045e-02
-7.908612e-03
2.299552e-02
1.191564e-02
-5.163835e-02
-1.061784e-01
-7.400186e-02
-2.296169e-04
3.217014e-02
4.305552e-02
-4.940614e-02
-1.079273e-01
-1.050564e-01
-1.370772e-01
-1.938161e-01
-2.137580e-01
2.853402e-02
1.171200e-01
6.618851e-02
1.127186e-01
1.546533e-01
1.142219e-01
-3.692244e-02
-1.094501e-01
-7.136460e-02
4.234670e-02
-8.183277e-02
-1.423263e-01
-1.259823e-01
-1.240035e-01
-3.877603e-02
-5.612379e-02
4.342762e-02
1.369922e-01
1.246973e-01
1.629931e-01
7.353737e-02
8.276992e-02
5.411040e-02
2.568249e-02
-7.325399e-02
-1.445692e-01
-8.170932e-02
4.269784e-02
3.454514e-02
1.968648e-02
2.659043e-02
1.349432e-02
8.531870e-04
-5.140347e-02
-2.769967e-02
-3.606210e-03
-1.916691e-02
2.080420e-01
3.067577e-02
8.002285e-03
-3.496864e-02
3.199961e-03
3.100112e-02
-1.151247e-01
1.114248e-03
3.037289e-02
-3.108437e-02
3.819488e-02
3.464062e-02
2.130220e-02
3.295520e-02
2.982106e-02
4.412117e-02
-2.033492e-02
-7.220130e-02
-4.190663e-02
-5.186475e-02
-6.729439e-02
-9.183790e-02
-9.049032e-02
1.044338e-02
-2.412703e-02
-7.310088e-03
1.367569e-02
7.199133e-02
3.144012e-02
-9.443110e-03
-4.404230e-03
-2.730857e-02
9.849396e-03
-3.410996e-02
-7.292850e-03
-4.181518e-02
-5.160431e-02
4.482313e-02
-5.023634e-03
1.150371e-01
-8.154836e-02
-3.105251e-02
7.516723e-02
-1.917060e-02
-7.887106e-02
7.660538e-02
-9.129051e-03
-1.106176e-01
-1.098986e-01
-4.143981e-02
-3.947254e-02
-3.362114e-02
-7.564877e-02
-1.757490e-01
-2.589117e-01
-2.355243e-01
-1.752691e-01
-2.536437e-01
-1.210566e-01
-1.026634e-01
-6.383181e-02
4.095169e-02
2.705745e-02
-2.631669e-01
9.060577e-02
-6.532688e-02
2.732970e-01
-4.573388e-03
-2.289327e-02
1.524673e-03
-4.654730e-02
-1.864340e-02
-1.188536e-01
2.352827e-02
-4.714333e-02
2.355351e-01
2.930287e-02
-4.207734e-02
4.934533e-02
-9.735171e-02
-1.535523e-01
8.335242e-02
4.005140e-02
-3.022740e-02
3.200860e-04
-2.835006e-02
3.067925e-03
-4.715300e-02
-5.300709e-04
-5.639452e-03
2.432404e-02
-7.850667e-03
-3.018757e-02
6.284538e-02
-1.107115e-02
-1.405576e-03
-1.262549e-02
3.936742e-02
-3.072258e-02
7.072461e-02
-6.116825e-02
-1.138951e-01
-2.213316e-01
-1.536611e-01
3.380325e-02
1.308451e-01
1.213835e-01
6.579199e-02
1.630083e-01
7.279705e-02
-1.549353e-02
-4.106248e-02
-3.462375e-02
-4.535433e-02
-1.717063e-01
-4.378274e-02
-8.950702e-02
-1.820649e-01
-9.032091e-02
-7.187388e-02
8.578509e-02
1.367707e-01
-7.255284e-02
-1.379642e-01
-2.806971e-02
8.876243e-02
1.226195e-01
-6.401993e-03
3.032859e-02
-6.762281e-02
-2.056848e-02
2.720662e-02
-9.899215e-02
-2.708979e-02
5.846681e-02
3.733107e-02
3.784651e-02
5.694927e-03
4.857806e-02
9.735888e-02
4.795304e-02
-1.264724e-03
8.264912e-03
-1.902524e-01
2.545061e-01
-1.268122e-01
7.969216e-02
-1.704040e-01
1.396808e-01
1.201677e-01
-8.646769e-03
1.894498e-01
-3.111763e-02
-3.516282e-03
3.227945e-02
-3.941489e-02
-1.843300e-02
-1.628756e-02
-4.472690e-02
3.525181e-02
-3.333819e-03
-9.588818e-02
-1.250429e-01
-9.994122e-02
4.144139e-02
1.810147e-03
5.552625e-02
4.322397e-03
-4.024091e-02
2.251239e-02
1.260785e-02
3.502586e-02
-4.037899e-02
8.427478e-02
6.520549e-02
8.637919e-02
3.170296e-03
-3.945175e-02
1.604649e-02
-2.998088e-03
-3.390795e-02
-1.860567e-02
4.352297e-04
-3.474435e-02
-1.399838e-02
3.713268e-02
-1.222351e-02
-2.621732e-02
3.596428e-02
1.374178e-02
-1.281767e-02
2.330169e-02
4.694866e-02
2.812814e-02
2.893629e-02
-2.307129e-02
-7.821929e-03
-1.469601e-02
-5.924017e-02
3.913242e-04
1.431301e-02
2.843494e-02
1.368529e-02
-1.335820e-02
4.321770e-02
-1.434868e-02
9.878361e-03
-2.306976e-02
3.288724e-03
-7.461785e-03
-2.550879e-02
-2.750778e-02
1.174009e-02
2.510300e-02
3.239907e-02
-2.606914e-02
-2.100130e-02
-5.276029e-02
3.997121e-02
3.214278e-02
1.474190e-02
-1.406160e-02
-1.494029e-02
-1.402941e-02
4.137911e-02
-2.268124e-02
7.083227e-03
1.140647e-01
2.222820e-02
-5.314034e-02
3.519491e-02
-2.528671e-02
-3.172519e-02
-6.139678e-02
-1.998860e-02
-3.622711e-03
-5.890371e-02
-1.520844e-02
2.976968e-02
-9.148276e-02
-4.368520e-02
6.017276e-02
-8.012706e-02
-4.509182e-02
-4.474324e-02
1.208196e-01
7.941595e-02
9.586311e-02
-2.620342e-02
3.341509e-02
-2.060238e-02
-8.705154e-03
5.350848e-02
-1.565389e-03
1.446207e-02
2.901681e-02
2.342533e-02
-4.219999e-02
-1.929488e-02
-5.282982e-02
1.684058e-02
2.710168e-02
-1.376699e-03
-2.580262e-03
3.489642e-02
-1.412329e-02
6.973971e-02
6.288031e-02
2.193469e-02
-5.995484e-02
5.250077e-02
-5.681658e-03
7.254215e-03
8.062956e-02
9.332304e-02
-4.413668e-02
3.052529e-02
-3.386407e-03
4.527185e-02
5.942309e-02
2.484728e-02
-1.648107e-02
1.561739e-02
-1.977900e-02
-3.141256e-02
-1.014901e-03
-2.500035e-03
4.090086e-02
7.143927e-02
2.192610e-02
1.957006e-02
2.416740e-02
-1.180898e-02
-1.338603e-02
2.045067e-02
-5.255437e-02
-4.149798e-02
-7.012484e-02
-2.733597e-02
-9.737934e-03
-2.769543e-02
-8.601174e-03
1.386142e-02
1.379561e-03
1.281966e-02
6.462169e-03
9.416001e-02
-1.028477e-02
1.541187e-01
1.830269e-01
1.260181e-01
-1.723896e-03
7.331998e-02
-2.505058e-02
-4.825556e-02
4.885526e-02
8.653607e-03
9.873708e-02
1.392365e-01
1.358630e-01
1.580590e-02
7.345572e-02
3.066109e-02
-6.588715e-02
8.781552e-04
-2.517329e-02
-8.958711e-02
-1.133533e-02
4.294390e-02
4.163146e-02
8.886998e-02
-8.471764e-04
-4.483477e-02
-8.731468e-02
-1.752315e-02
-6.284697e-02
2.832791e-02
-5.962533e-02
-5.100233e-02
-2.273108e-02
-9.430707e-02
5.125877e-02
1.218085e-01
2.416807e-02
-1.614236e-02
-6.166812e-02
-2.746068e-02
-8.404594e-02
-1.536593e-01
-1.876773e-02
1.657346e-01
1.036560e-01
-5.593247e-02
6.181648e-02
-6.235938e-02
7.941198e-02
7.295033e-02
2.440204e-01
1.227127e-01
-3.151260e-03
-8.950132e-02
-1.373841e-01
-1.155736e-02
-1.138899e-01
-4.518647e-02
1.225522e-01
1.996614e-01
4.773871e-02
-7.632285e-02
-1.275758e-01
-8.497863e-02
-7.619961e-02
-1.009684e-01
1.921010e-02
-2.830078e-02
-1.069057e-01
-3.859481e-02
6.292170e-02
-5.461077e-02
1.039784e-02
1.288361e-02
-8.176397e-02
-6.118571e-02
4.998374e-02
1.059383e-01
4.370797e-02
-3.382584e-03
-4.997654e-02
-1.876772e-02
2.633959e-02
1.173156e-01
1.952992e-02
-1.124428e-01
-8.451141e-02
2.440059e-02
-4.443296e-02
-1.248237e-02
2.606480e-02
-1.651828e-02
5.982911e-02
5.001951e-02
-8.067164e-02
-5.293212e-02
-1.981528e-02
1.371395e-01
7.681076e-02
4.827586e-02
-2.254293e-02
-5.337470e-02
8.322542e-03
9.008332e-02
1.324206e-01
1.555425e-01
1.246187e-02
-1.301424e-02
-2.997668e-02
6.252336e-02
6.248972e-02
-5.639787e-02
-3.349790e-02
-8.220853e-02
-6.332565e-02
1.067029e-02
-8.708207e-02
-7.557105e-02
6.411904e-02
-8.745760e-02
-1.173922e-01
2.058105e-02
1.134146e-02
-2.171592e-02
-3.932635e-02
-4.480337e-02
-3.703121e-02
-8.707952e-02
8.383330e-02
-1.079590e-01
5.718430e-02
-9.043293e-02
5.227654e-02
-2.114001e-02
5.549150e-02
7.948013e-02
-7.249926e-02
2.212501e-03
2.924437e-02
3.705687e-02
6.267427e-03
2.278792e-03
1.012234e-02
3.268619e-02
2.755843e-02
-5.192366e-02
-3.856901e-02
-5.051377e-02
-2.563582e-02
-2.878698e-02
-2.442721e-02
-4.876358e-02
8.578863e-03
1.104241e-02
-1.017933e-01
-3.198389e-02
-4.172630e-02
-1.337624e-01
-1.098669e-01
-3.706351e-02
-2.171915e-02
-1.419270e-02
-2.019330e-02
-3.573561e-02
-4.233119e-02
-4.355771e-02
-3.037358e-02
-3.932568e-02
-3.602534e-02
1.034665e-02
1.357686e-03
2.164832e-02
-3.625372e-04
-4.082547e-03
-6.607098e-04
-4.233574e-03
7.009411e-03
1.065010e-02
-8.413251e-03
-1.092328e-02
-1.230973e-02
-1.286147e-02
-1.346167e-02
-2.122854e-02
1.127896e-02
8.965735e-05
-2.881471e-03
9.351815e-04
1.093412e-02
-1.162551e-02
9.282997e-03
9.596511e-03
8.225993e-03
4.561247e-03
-2.551421e-03
-3.104635e-03
2.731420e-02
2.596599e-02
7.975598e-03
2.316623e-02
2.126586e-02
1.812484e-02
2.054732e-02
1.869522e-02
1.601964e-02
3.584523e-02
-1.754435e-02
-1.806992e-02
1.617637e-02
-1.196497e-02
-5.002305e-03
1.345443e-03
-7.490040e-03
-9.489275e-03
2.276840e-03
-6.036102e-03
7.947595e-03
1.275269e-02
1.657918e-02
1.437675e-02
-4.235800e-03
7.285829e-03
4.522412e-04
5.807522e-03
2.885332e-03
2.009705e-02
-3.621199e-03
-4.822724e-03
-7.605951e-03
-5.873896e-03
-1.418512e-03
-3.821536e-03
-1.629612e-03
-6.856719e-03
4.033786e-04
-4.184125e-03
-4.933218e-03
-8.220574e-03
-1.807831e-02
-1.702699e-02
-2.331707e-02
2.781488e-03
6.269320e-03
8.050062e-03
1.259753e-02
7.358994e-03
7.514587e-03
1.387579e-02
-1.283262e-03
-3.175130e-03
-2.521474e-02
-2.611428e-02
-1.656650e-02
-2.763922e-02
-2.761416e-02
-2.956879e-02
-2.248147e-02
-2.201889e-02
-2.724221e-02
-1.950600e-02
-2.391294e-02
-1.579179e-02
-1.806274e-02
-1.677338e-02
-2.081315e-02
-1.847020e-02
-1.702977e-02
-2.570293e-02
1.436294e-02
4.558465e-03
2.013890e-02
4.027256e-03
1.067989e-02
7.621957e-03
1.961723e-02
1.986129e-02
6.454367e-03
1.680508e-02
9.231519e-03
-9.510362e-03
1.937812e-02
1.397943e-02
9.887387e-03
1.285495e-02
1.326048e-02
1.703300e-02
-5.719962e-03
-6.258124e-03
-9.349126e-03
1.933515e-04
-2.257556e-03
-2.092796e-03
-3.010339e-03
-5.171757e-03
-3.989944e-03
-3.618027e-03
-5.055010e-03
-9.531997e-03
-3.245792e-03
-4.325912e-03
-6.041000e-03
-1.000018e-02
-9.916678e-03
-1.017221e-02
1.933078e-02
9.118079e-02
-1.984198e-02
3.827693e-02
8.993608e-02
-7.532293e-04
-1.007432e-01
-8.007041e-02
-4.371853e-02
-7.665636e-03
5.672990e-03
-8.407061e-03
1.279318e-02
-2.557754e-02
-2.801857e-02
-9.252413e-03
5.414164e-02
7.666104e-02
-8.922946e-02
-8.153843e-02
-7.997575e-02
-1.563894e-01
-1.820977e-01
-1.525975e-01
-9.837874e-02
-1.850941e-01
-1.414540e-01
4.680653e-03
-4.193267e-02
-1.307453e-02
3.893537e-02
5.332449e-02
1.159014e-02
4.025962e-02
6.361433e-02
9.796646e-03
-1.082132e-01
-1.383136e-01
-1.247511e-01
3.060007e-02
2.259991e-02
-1.147353e-02
1.040157e-01
1.794631e-01
1.152890e-01
-5.261538e-02
-1.535698e-02
5.959861e-02
-5.479629e-02
-7.719189e-02
1.869418e-03
-1.529325e-03
-5.513653e-02
-7.010660e-02
-6.781074e-02
-8.656033e-02
6.992660e-02
-1.337229e-02
-7.607348e-03
2.716991e-02
1.463138e-01
1.128619e-01
1.806043e-02
-5.617011e-02
-2.053688e-02
2.227151e-02
-9.912872e-02
-6.241690e-02
-6.373156e-02
-3.376362e-02
-5.897416e-04
-1.117795e-02
9.172960e-03
3.519252e-02
3.611734e-02
2.006409e-02
8.524062e-02
7.221290e-02
2.825764e-02
5.206156e-02
5.214414e-02
1.140862e-02
-2.750047e-02
-4.073950e-02
-3.841588e-02
-1.393976e-02
4.365632e-03
-1.432303e-02
-5.031693e-03
5.299879e-02
-2.257079e-02
-5.313360e-02
-7.016592e-02
-2.908237e-02
-3.464847e-02
-5.695359e-02
-4.714406e-02
-4.174480e-02
-4.641272e-02
-7.695454e-02
-9.115754e-02
3.751143e-02
-4.954947e-02
-3.128526e-02
-1.158131e-02
2.027864e-02
9.974410e-02
-3.940623e-02
7.323105e-02
1.288735e-01
1.043269e-01
-2.619857e-02
5.849926e-02
4.054185e-02
-3.609961e-02
-4.968853e-05
-3.610239e-02
1.173435e-02
1.051817e-02
-3.824603e-02
2.361233e-02
-1.395496e-02
-6.989691e-03
3.329813e-05
-4.060237e-02
2.571796e-02
-5.526859e-02
-5.675115e-02
-4.945766e-02
-5.297443e-02
-7.725529e-02
-6.285118e-02
-1.796109e-02
-4.237035e-02
-3.112599e-02
-6.392881e-03
3.495358e-02
3.359604e-02
-2.048115e-02
-8.983938e-04
9.015815e-03
-4.413437e-02
-6.796214e-02
-4.438351e-02
-1.882835e-02
-8.968597e-03
-1.068238e-02
-5.056921e-02
9.796970e-02
-4.817802e-02
9.755104e-03
-6.019482e-02
-5.641142e-02
-2.218481e-01
8.070344e-02
-6.950703e-02
4.668106e-03
-1.522421e-01
4.920638e-03
2.336295e-02
-1.178965e-01
-2.828633e-02
-4.962227e-02
-1.600839e-01
4.438269e-02
-5.618602e-02
-8.933118e-03
9.080321e-02
-9.314977e-02
4.157382e-02
4.290600e-02
1.113142e-01
-1.971184e-01
6.145328e-02
-2.191537e-01
4.164602e-01
-2.061995e-01
4.775495e-02
-3.421431e-02
-3.281415e-02
-2.651669e-02
-5.126818e-02
-3.786696e-02
-1.237545e-01
2.625433e-01
-5.737097e-02
5.959703e-02
-2.213711e-02
7.578905e-03
-2.790077e-02
-2.464291e-02
-2.081944e-02
2.058351e-01
-6.682786e-02
-6.525476e-02
5.411787e-02
-7.358356e-02
4.514141e-02
1.809360e-02
5.843887e-02
1.483978e-02
2.767726e-02
7.465883e-02
-3.892856e-02
1.588902e-02
-5.423244e-02
6.600775e-02
-7.102998e-02
1.174287e-01
-1.339388e-02
1.556641e-01
-1.187519e-01
7.189922e-02
-5.176981e-02
1.213870e-01
3.421266e-02
4.222502e-02
-5.267235e-02
6.302465e-02
5.591723e-02
-1.042945e-01
3.591807e-02
-9.166177e-03
-3.650741e-02
9.519893e-02
6.763756e-02
-1.088958e-01
2.447238e-02
-1.156386e-01
-5.061106e-02
6.173159e-02
-1.067081e-02
-8.623488e-02
1.138537e-02
2.863233e-02
6.693836e-02
-3.787291e-02
1.928189e-02
-9.252908e-02
-4.942861e-02
-3.300628e-02
-5.900856e-04
-7.275483e-02
-3.005828e-02
-2.272107e-02
2.134303e-02
2.610615e-02
-1.462096e-02
-2.329964e-02
5.787829e-02
-1.729931e-02
-1.051161e-02
-3.152665e-02
-8.947015e-02
-1.433468e-01
1.793046e-01
-3.785675e-01
1.860151e-01
-1.771054e-01
-2.888969e-02
-8.035018e-02
-4.851838e-04
-1.910457e-02
4.408041e-02
-6.738061e-02
-1.560183e-02
4.799109e-02
-1.235581e-01
3.530093e-02
-1.418725e-02
-5.319468e-02
-2.945202e-02
-4.077557e-02
-7.346516e-02
-5.129122e-02
-2.838688e-02
-9.396818e-02
-1.812961e-02
-9.692428e-03
-1.037006e-02
3.286349e-02
4.345049e-02
3.357880e-03
-6.990199e-02
-1.082482e-02
-3.403054e-02
4.340247e-02
1.853020e-02
1.921418e-02
1.214653e-02
-1.218315e-02
1.137730e-01
1.099700e-01
7.469010e-02
7.364055e-02
6.593373e-02
4.734001e-02
1.208538e-03
-2.100113e-02
8.861166e-03
3.816067e-02
1.352978e-02
2.330885e-02
3.742462e-02
4.193807e-02
7.617212e-02
3.882887e-02
5.391771e-02
4.226279e-02
2.740989e-02
2.626532e-02
4.026079e-02
-2.600251e-02
-3.116995e-02
-5.211559e-03
3.759588e-02
4.058309e-02
1.395972e-02
-5.762287e-03
-4.165922e-03
4.259327e-02
1.487704e-02
2.169971e-03
7.938517e-03
-2.798969e-02
-2.532069e-02
-2.630036e-02
-9.943760e-03
-2.317142e-02
-4.977731e-03
2.206680e-02
3.545482e-03
-3.757227e-03
9.331074e-05
1.835718e-02
1.537648e-02
-8.382173e-03
2.170815e-02
-2.545008e-03
-8.229394e-04
1.021397e-02
-4.038313e-02
-1.695705e-02
-2.149121e-02
-2.357361e-02
-4.500736e-02
-4.031954e-02
-2.046860e-02
-2.756657e-02
-3.963785e-02
-3.242630e-02
-2.321922e-02
-3.213586e-02
-2.347088e-02
-2.946805e-03
1.561690e-02
-3.464551e-02
-5.059165e-03
2.733039e-02
3.979085e-02
-1.713224e-02
-6.856265e-03
-1.853454e-02
1.072433e-02
2.611123e-02
-1.798704e-03
1.896933e-02
4.483938e-02
1.841094e-02
5.308144e-03
8.006754e-04
-2.553489e-02
-2.032761e-03
-1.572355e-02
-2.026170e-03
-6.514006e-03
-5.948223e-03
-1.233707e-02
1.123631e-02
1.254537e-02
1.304949e-02
1.553045e-02
1.152922e-02
-3.183549e-03
2.406674e-02
2.894536e-02
2.288427e-02
-5.058188e-03
5.048161e-03
2.236843e-03
-1.580828e-02
9.027640e-04
-3.112672e-03
-9.916515e-03
1.216752e-02
4.919622e-03
-4.195753e-03
3.888007e-02
1.463015e-02
4.539455e-03
7.163593e-02
2.555464e-03
-4.349103e-02
3.224055e-02
1.379365e-03
-9.013765e-03
-4.946792e-03
2.375146e-04
-2.110836e-02
-2.627046e-02
-1.835826e-02
-1.884184e-02
-3.324236e-02
-3.647633e-02
-1.211771e-02
6.019241e-03
-3.367716e-03
4.199408e-03
1.770523e-02
5.954348e-03
-4.789991e-03
9.709862e-03
-2.740005e-03
1.061244e-02
1.563359e-02
1.092264e-02
1.262756e-02
3.492875e-03
4.050944e-03
-3.982519e-03
-1.321065e-02
-7.950723e-03
