-2.541499e-01
1.185302e-02
-3.719597e-02
-4.653960e-02
-4.972998e-02
-1.282914e-01
-1.154579e-01
1.026811e-01
-8.060917e-02
-1.658484e-01
-1.522519e-01
-1.794330e-01
-9.065174e-02
-1.252466e-01
-1.445134e-01
8.865044e-03
5.269632e-02
-1.081350e-01
-7.935876e-02
-6.398776e-02
-1.133574e-02
-1.220786e-01
-1.928029e-02
-7.462159e-02
-2.258871e-01
-6.819329e-02
-1.068386e-01
-1.497737e-01
7.783109e-02
-3.442435e-01
-5.619711e-02
2.909715e-02
-1.340294e-01
-1.805524e-01
-3.619409e-02
-1.145006e-01
4.050768e-02
-2.766110e-02
-1.883046e-01
-1.596478e-01
-2.907158e-02
-1.172817e-01
-8.821797e-02
-5.588323e-02
-9.523527e-02
-4.288436e-02
-1.044589e-01
-1.197153e-01
-3.917117e-01
-1.053168e-01
-1.440768e-01
-1.584962e-01
-3.893715e-01
-1.186273e-01
-8.319410e-03
-6.570607e-02
-1.150472e-01
-2.421222e-01
-7.184559e-02
5.624864e-02
-1.958763e-01
-1.725021e-01
3.644292e-02
-1.730676e-01
