1.203393e+00
1.660874e+00
1.781256e+00
1.020827e+00
1.235096e+00
1.349925e+00
1.220777e+00
1.901788e+00
1.640501e+00
1.395145e+00
1.560697e+00
1.332330e+00
1.089341e+00
1.110949e+00
1.346572e+00
1.747637e+00
1.924115e+00
1.834235e+00
1.352518e+00
1.662491e+00
1.525856e+00
1.259165e+00
2.508623e+00
1.385755e+00
1.254351e+00
1.177970e+00
1.184541e+00
2.187102e+00
1.406168e+00
1.441625e+00
8.968142e-01
1.292461e+00
1.654074e+00
1.225862e+00
1.575730e+00
1.380954e+00
1.216416e+00
1.345829e+00
1.273844e+00
1.329004e+00
1.523768e+00
1.673993e+00
1.469587e+00
1.100951e+00
1.303102e+00
1.007412e+00
1.731767e+00
2.062432e+00
1.542955e+00
1.043247e+00
1.206274e+00
2.080755e+00
1.180123e+00
1.311150e+00
1.407407e+00
1.313568e+00
1.478694e+00
1.521405e+00
1.481944e+00
1.369589e+00
1.279505e+00
1.110600e+00
1.276215e+00
1.764205e+00
