3.916605e-02
7.131663e-02
7.900838e-02
6.503253e-02
9.041594e-02
8.356033e-02
3.501628e-02
7.312337e-02
4.545835e-02
4.565758e-02
6.635078e-05
2.284852e-02
3.452804e-02
1.335523e-03
3.264292e-02
3.458645e-02
7.868645e-03
3.052244e-02
2.486777e-02
2.929490e-02
4.740322e-02
2.348541e-02
2.601460e-02
4.517419e-02
2.971952e-02
2.389299e-02
4.271476e-02
-9.121362e-03
-2.431684e-02
5.315800e-03
-1.558208e-02
-3.914000e-02
-2.474621e-02
-2.663769e-02
-4.868004e-02
-1.301054e-02
2.947820e-02
3.829972e-02
1.393316e-02
3.709199e-02
1.973141e-02
-8.005463e-04
1.515939e-03
-2.121585e-02
-6.241587e-03
-2.352922e-04
8.433461e-03
1.973832e-02
9.246129e-03
7.830104e-03
-4.084821e-03
2.837312e-03
-4.524034e-03
-9.962189e-03
1.531746e-02
-1.614927e-02
-1.286138e-02
1.867695e-02
3.021026e-02
-2.118422e-02
4.229990e-02
5.984567e-02
5.804868e-02
-2.491549e-02
7.215329e-03
-6.501535e-03
-7.925342e-02
-2.723075e-02
-4.260033e-02
-2.311301e-02
-3.691082e-02
-1.685886e-02
8.003869e-04
-1.911159e-02
-1.414648e-02
-1.614423e-03
-1.958134e-04
-4.355926e-02
3.817296e-02
5.026864e-03
-2.515052e-02
-4.375541e-02
-1.764459e-02
2.907492e-03
-3.460441e-02
-4.700654e-02
-1.083820e-02
-2.114693e-02
-2.435915e-02
-7.014544e-03
-4.682250e-02
-7.966989e-02
-7.430967e-02
-8.201323e-02
-1.138374e-01
-1.078304e-01
-7.857653e-02
-1.183602e-01
-1.093370e-01
-1.933282e-02
-2.895122e-02
-3.849646e-02
-3.313953e-02
-4.617437e-02
-5.201910e-02
-4.239722e-02
-5.567406e-02
-5.736815e-02
5.467800e-03
2.839098e-02
6.781646e-03
4.054662e-02
8.252981e-03
-2.528151e-03
2.360190e-02
7.260282e-03
1.080957e-02
-2.103713e-03
8.245176e-03
1.282986e-02
1.785401e-02
2.541658e-02
-6.599867e-04
-4.563711e-03
9.017313e-03
1.439786e-02
-1.297021e-02
-4.057351e-03
-1.122844e-02
-2.357744e-02
3.673613e-02
5.529031e-03
-1.651672e-02
-1.419537e-02
9.066829e-03
-1.266301e-02
-1.275892e-02
-3.533613e-02
3.818833e-02
-1.553731e-02
-8.187807e-03
2.998252e-02
1.261560e-02
5.077466e-02
1.615128e-02
3.748355e-03
2.366558e-03
4.673281e-02
3.556158e-02
5.637116e-03
6.849452e-02
4.891323e-02
-6.398674e-03
1.558725e-02
-3.742578e-02
-5.664956e-02
4.137605e-02
1.588230e-02
-9.147682e-03
4.875825e-02
1.936555e-02
-2.085285e-02
-1.999287e-02
-4.093486e-02
-5.135553e-02
1.321962e-01
1.037760e-01
-2.755431e-02
8.195700e-02
9.647948e-02
6.520391e-03
-6.997184e-02
-6.513543e-03
6.776024e-02
-4.942339e-02
-4.785406e-02
1.252013e-02
-4.784778e-03
-4.210669e-02
-4.369289e-03
2.890963e-02
4.234453e-03
7.300823e-02
6.184990e-02
9.010841e-02
3.135988e-02
8.955780e-02
1.014623e-01
-1.072854e-01
3.207868e-03
2.201305e-02
2.593678e-03
-1.824367e-02
-3.141716e-03
-2.118168e-03
-6.341547e-03
1.086203e-02
-5.192576e-03
-1.585363e-01
-2.657390e-02
-9.258746e-02
2.816865e-02
8.210140e-03
4.965340e-02
1.842662e-01
-1.500033e-01
1.575586e-01
-4.269117e-02
-7.712569e-03
-6.947157e-02
-1.072270e-01
1.186466e-02
-2.886351e-02
-2.293312e-02
3.103975e-02
1.556196e-02
-6.319289e-02
-2.277236e-02
3.577904e-02
-3.330561e-02
-3.190245e-02
4.105951e-02
-1.385537e-02
9.492063e-03
8.636246e-02
2.921899e-02
8.131214e-02
3.404181e-02
-1.889477e-01
9.113535e-02
-8.067957e-03
-4.465081e-02
3.618853e-02
3.431159e-02
-7.019848e-02
-2.391868e-02
-6.882247e-02
-1.234715e-02
2.477424e-02
-1.946944e-02
8.632650e-03
4.696572e-02
-6.224031e-03
-5.286952e-02
2.904507e-03
-2.031802e-02
-3.902559e-02
1.371550e-02
5.699289e-04
-2.535723e-02
2.607485e-02
1.489259e-02
-1.405275e-02
-1.941610e-02
1.276879e-02
-2.260005e-02
-2.048290e-02
1.423510e-02
4.362575e-02
4.211680e-02
4.523658e-02
-7.200929e-04
-3.680975e-02
-5.728740e-02
8.443478e-02
1.082420e-02
-1.620253e-02
1.230499e-01
2.238044e-02
1.500300e-02
-1.013376e-02
-4.197894e-02
1.083989e-02
2.315339e-02
-5.923014e-02
-1.847932e-02
5.148133e-02
-5.865421e-02
-2.275041e-02
6.683000e-02
9.671158e-02
4.692951e-02
-4.169939e-02
1.265491e-01
-7.308809e-02
8.968628e-02
-1.073555e-02
-1.100556e-01
-7.247935e-03
-1.929350e-04
7.754009e-04
-3.208348e-03
-6.628087e-04
1.200253e-02
-6.517216e-03
-1.225019e-03
1.127435e-02
-1.870247e-02
2.452322e-03
9.998776e-03
-1.257154e-02
6.075566e-04
1.578088e-02
-3.901369e-03
-5.817136e-03
2.044953e-02
1.162734e-02
4.557608e-03
-5.138048e-03
6.474388e-03
-3.352251e-03
-1.229222e-02
2.494126e-02
1.365664e-02
8.885926e-03
-7.729931e-03
-7.777521e-03
-1.868864e-02
1.334734e-02
-4.513102e-03
-2.239285e-02
-8.505534e-04
6.011498e-03
-3.590883e-02
-9.140334e-03
-1.267226e-03
-2.108727e-02
1.316375e-02
-9.898851e-03
-7.328143e-03
2.313334e-03
6.728480e-03
5.297282e-03
1.377987e-02
1.439670e-02
8.013733e-03
1.574276e-02
1.524450e-02
1.214874e-02
3.746492e-03
7.537249e-03
4.837421e-03
-2.406170e-02
-2.148336e-02
5.684402e-04
-8.678354e-03
8.041110e-03
1.101434e-02
7.496616e-03
1.863628e-02
1.628193e-02
-1.598353e-02
-7.628958e-03
1.983421e-02
-8.108933e-03
8.239605e-03
1.090318e-02
-5.963200e-03
-7.979746e-03
2.252362e-02
2.042616e-02
5.478892e-03
6.151918e-03
-1.647959e-03
-1.096911e-02
-3.347255e-03
-5.337139e-03
-1.229128e-02
6.062523e-04
-1.745277e-02
-8.327886e-03
-3.310401e-03
1.546978e-03
4.128435e-03
-1.839505e-02
-2.817117e-02
-4.608795e-03
-1.113976e-02
-9.829042e-03
-5.192150e-02
-3.463847e-02
-2.108402e-02
-6.395475e-02
-4.331636e-02
-2.551696e-02
-6.902184e-02
-4.908447e-02
6.444476e-03
-2.088921e-02
-2.037839e-02
1.661728e-03
-2.491311e-02
-2.387937e-02
-1.282825e-03
-2.777494e-02
-2.766013e-02
-1.691158e-02
-9.279889e-03
-6.319197e-03
-4.835283e-03
1.381132e-02
2.117022e-02
-1.379729e-02
-7.181933e-03
-6.247049e-04
-8.869306e-03
-3.916401e-03
3.768248e-03
-1.220208e-02
-8.864358e-03
8.267752e-03
-9.500134e-03
7.031637e-04
1.384619e-02
-2.809461e-03
-1.148550e-02
-1.024086e-02
8.082506e-03
1.198961e-02
5.023220e-04
2.113326e-02
1.643114e-02
1.105095e-02
-9.445286e-03
1.270146e-02
-1.338527e-02
-9.441840e-04
-7.390379e-03
-1.352283e-03
-1.711048e-02
4.569217e-03
1.075398e-02
-3.131169e-03
-4.803082e-02
-4.686890e-02
-2.419296e-02
-6.253771e-02
-6.173120e-02
-1.514675e-02
-3.335154e-02
-1.284175e-02
-1.213650e-02
-4.574191e-02
-5.657457e-02
4.894271e-03
-1.760740e-02
-3.785539e-02
2.466120e-02
2.439938e-02
-3.565641e-02
1.445192e-02
6.289595e-02
5.123943e-02
1.013366e-02
3.250330e-04
1.322616e-02
-1.394737e-02
-5.677742e-02
-2.867866e-02
-2.374314e-02
-3.835076e-02
-2.497877e-02
4.050326e-03
-1.217385e-02
-1.231774e-03
1.380329e-02
2.977483e-02
1.372280e-02
3.398914e-02
-1.319459e-02
-1.754235e-02
-3.049566e-03
-1.351337e-02
-3.142406e-02
8.454242e-03
-2.955981e-02
6.952010e-02
-4.511944e-02
-3.740107e-02
-2.526964e-02
-2.440506e-02
-3.308386e-02
-2.906104e-02
-6.500830e-03
6.139948e-03
1.714535e-02
7.419070e-02
-4.891538e-02
6.897648e-02
5.267579e-02
-9.288238e-02
6.773400e-02
-1.467992e-02
4.693246e-02
-3.148289e-03
-1.694179e-02
1.000762e-02
-1.475502e-02
6.953230e-03
-2.892404e-02
-2.013582e-02
4.738700e-02
-2.173711e-02
-2.365114e-02
3.459447e-02
-1.197063e-02
1.592468e-02
5.963209e-02
1.521292e-02
5.603914e-02
4.573842e-02
8.586221e-02
9.179373e-02
-5.611565e-02
4.669445e-02
-5.114729e-02
3.290585e-02
-5.293422e-02
3.542240e-02
6.619227e-02
2.144268e-02
6.481028e-02
1.489245e-02
3.338981e-02
3.850276e-02
-2.058665e-02
-2.413641e-03
3.947309e-03
-5.288099e-02
-3.472209e-02
-2.602307e-02
2.508367e-03
1.546503e-02
2.268029e-02
-1.168871e-02
8.355498e-04
5.194923e-03
-1.642238e-02
-2.516332e-03
8.669985e-03
-2.157763e-02
-3.477570e-02
-1.755637e-03
8.188269e-03
2.400279e-02
2.118385e-02
-1.003881e-03
2.201585e-02
5.526274e-02
3.842879e-02
-3.942897e-03
-2.406341e-02
2.221874e-02
9.230773e-03
2.130791e-02
6.031140e-02
4.899884e-02
4.922877e-02
-7.240647e-03
-9.706456e-03
-1.997324e-02
-1.253090e-02
-1.587861e-02
2.456164e-02
2.438013e-03
2.434630e-02
4.262574e-02
-7.062641e-02
1.289244e-02
-1.982758e-02
7.157194e-03
-1.175562e-01
-2.427522e-02
2.242135e-02
-5.975610e-02
8.343608e-02
-1.151293e-03
2.522566e-02
4.840192e-02
9.043664e-03
-4.865832e-03
2.221957e-02
3.939966e-02
4.890734e-02
7.455390e-02
2.387882e-03
-4.348038e-02
3.118096e-03
6.374981e-03
-8.643810e-02
-3.194027e-02
-2.084441e-04
-8.712725e-02
-5.904027e-02
-3.096871e-02
5.477338e-02
6.208775e-02
-6.351034e-02
4.475005e-02
2.907874e-02
-3.857483e-02
2.030214e-02
4.443750e-02
4.803501e-02
1.554746e-02
3.265666e-02
2.688503e-02
-1.428878e-02
-8.851406e-03
2.545477e-02
1.196001e-02
5.785378e-02
-5.309349e-02
-2.136201e-03
2.107568e-02
-5.255887e-02
5.621671e-03
-2.329153e-02
7.565207e-03
1.089778e-02
1.653141e-02
7.938254e-04
-2.015491e-02
-2.390947e-02
-1.664550e-02
-2.570370e-02
-3.799665e-02
-3.700979e-02
-3.064307e-02
-2.815940e-02
6.685423e-02
3.943472e-02
4.925841e-02
2.394593e-02
-3.914268e-02
6.407947e-03
2.701799e-02
-2.205561e-02
-3.012707e-02
2.849788e-02
7.488863e-02
6.470747e-02
-2.246890e-02
3.498016e-02
1.967428e-02
3.817890e-02
2.874182e-02
-1.268958e-02
1.617799e-03
2.010777e-02
-3.574459e-02
1.643904e-02
1.624812e-02
-2.639482e-03
-2.160447e-02
-5.463361e-02
-4.332044e-02
2.629897e-02
2.762614e-02
-3.341117e-03
8.512114e-03
-2.022284e-02
5.733338e-03
-1.922023e-02
5.217042e-04
5.753103e-03
6.349691e-02
1.777243e-01
8.693693e-02
7.201201e-02
1.855260e-01
9.455232e-02
-4.066201e-02
7.716414e-02
-1.353270e-02
2.618239e-03
1.041706e-01
6.542107e-02
1.901748e-02
1.207531e-01
7.997639e-02
-3.969993e-02
6.488849e-02
2.516019e-02
-3.504328e-02
-4.570739e-03
-3.289242e-02
2.289496e-02
4.354091e-02
1.160987e-02
4.337668e-02
2.252576e-02
2.893146e-02
1.657570e-02
-5.036196e-03
-1.366077e-02
1.480434e-02
-5.494029e-02
-3.212279e-02
-6.911422e-03
-6.668083e-02
-3.326304e-02
1.849363e-03
2.964256e-03
-4.141218e-03
-2.307713e-02
-5.496585e-02
-3.344728e-02
-1.099364e-02
-1.959156e-02
-1.548951e-02
-1.110360e-02
3.351785e-02
-5.785200e-03
-9.275817e-03
6.121029e-03
8.606816e-05
8.201820e-03
-1.352392e-02
3.430855e-02
-1.708383e-02
2.715733e-02
4.586135e-02
-1.962392e-02
-3.119299e-03
1.741216e-02
6.116473e-03
1.163655e-02
1.808805e-02
2.265206e-03
1.293208e-02
2.312140e-02
3.358278e-02
-1.021488e-02
2.045680e-02
1.282245e-02
4.593028e-03
1.394695e-02
-1.066149e-01
2.513096e-02
7.276723e-02
-1.305939e-01
8.334213e-02
1.475539e-01
-1.312469e-03
1.024173e-01
1.183742e-01
-4.176939e-03
-6.165159e-02
-1.584277e-02
-2.076746e-02
-9.792396e-02
-3.795805e-02
-4.521212e-03
-3.869065e-02
-5.067633e-02
3.576051e-02
-1.258456e-02
4.509921e-02
-7.866828e-04
3.323824e-02
1.383090e-03
8.136446e-02
2.603315e-02
4.057319e-02
2.263412e-02
3.091402e-02
3.878117e-02
2.160625e-02
1.218089e-02
1.644315e-02
1.866970e-02
-1.233770e-02
-5.536367e-03
-4.251509e-02
-2.914306e-02
-1.008854e-01
-7.188134e-02
3.127904e-02
-7.435951e-02
-5.662362e-03
4.271465e-02
-2.341952e-02
-8.736701e-02
-1.397935e-01
2.436044e-02
-6.279849e-02
-1.007612e-01
-1.133308e-02
3.720883e-03
-3.870520e-02
-1.473884e-02
-6.843157e-03
-6.481744e-03
-3.439493e-02
1.918661e-03
2.040729e-02
-4.021468e-02
4.667260e-02
-1.991463e-02
-1.998649e-02
-2.265435e-02
2.012941e-02
8.644915e-02
7.662944e-03
-6.592408e-02
2.868427e-02
7.188284e-04
7.681380e-02
7.443194e-02
-4.616855e-02
4.821886e-03
6.259076e-02
-3.199790e-02
2.474004e-02
8.475675e-02
-6.655514e-02
1.233008e-05
6.755976e-02
-5.738968e-02
-4.162847e-02
2.944720e-02
-4.440436e-02
-2.133700e-02
4.734022e-02
-5.198594e-02
-2.440066e-02
4.167211e-02
6.960427e-03
-1.774742e-02
-2.401046e-02
-1.360804e-02
5.884018e-03
1.667520e-02
-3.180090e-03
-1.245369e-02
4.698908e-02
2.679228e-02
4.997445e-02
1.179942e-03
5.973747e-02
2.500875e-02
-7.341309e-03
5.741931e-02
1.467040e-02
-1.360519e-02
1.261915e-01
3.877926e-02
-7.107696e-02
1.345089e-01
-1.140219e-02
-1.394311e-01
5.442413e-02
-8.488131e-02
-6.185696e-02
3.555014e-02
-2.420796e-02
4.834585e-02
1.839922e-02
-4.137708e-02
-2.818629e-02
3.917668e-02
-4.108683e-02
-7.791964e-02
-4.569606e-03
-1.251745e-02
-1.683649e-02
-7.401934e-03
-1.175084e-02
-1.526920e-02
-6.307011e-03
-1.707161e-02
-1.280189e-03
4.322702e-03
5.817622e-03
-6.175206e-03
1.899687e-03
-2.326958e-03
-8.702658e-03
-8.114943e-03
-1.354665e-02
-1.545221e-03
9.255068e-03
-1.592926e-02
-8.875795e-03
-1.664467e-03
-5.518714e-03
-4.661581e-03
-2.052069e-03
1.796483e-03
9.089578e-04
-1.333066e-02
-1.713109e-02
-2.805529e-02
2.897768e-04
-1.826910e-03
-1.075314e-03
-6.220932e-03
-5.065652e-03
-2.398664e-02
1.371080e-02
-4.040806e-05
-6.813961e-03
-4.239155e-03
1.285107e-02
-4.356074e-04
1.509320e-02
2.936580e-03
9.680153e-04
2.910067e-03
2.270609e-03
-2.318910e-03
-2.021599e-03
6.537674e-04
2.397425e-03
-5.315304e-03
-2.282640e-04
1.183180e-03
5.207854e-03
-5.245014e-03
-1.119633e-02
2.450731e-02
-4.568506e-03
-1.620556e-02
2.058386e-02
1.737858e-02
3.983815e-03
4.271707e-03
-4.939862e-03
1.561821e-03
1.207807e-02
3.860680e-03
-1.123460e-02
1.305693e-02
2.341606e-02
1.426442e-03
-2.055532e-02
1.343383e-02
-8.573996e-03
-6.842633e-03
7.109533e-03
-1.191140e-02
-9.630236e-03
8.186976e-04
4.307794e-03
-3.087452e-02
6.523731e-04
6.413613e-04
-2.702352e-02
2.452663e-02
-9.619631e-03
-8.990213e-03
-2.079922e-02
-1.543496e-03
6.913050e-02
8.085819e-02
3.546530e-02
5.311867e-02
6.115560e-02
1.905443e-02
8.878210e-03
1.573391e-02
-2.408524e-02
2.942924e-02
4.378325e-02
1.771427e-02
2.159696e-02
3.628106e-02
1.071363e-02
8.068264e-03
2.146243e-02
-3.968924e-03
-1.867824e-02
2.218494e-03
3.512761e-03
-1.324107e-02
4.452115e-03
7.971493e-04
-3.348218e-03
4.504224e-04
-1.120499e-02
5.670038e-03
-2.930218e-03
-3.065637e-03
5.706045e-03
-5.782788e-03
-1.459671e-03
3.589773e-03
-1.877736e-02
4.682669e-03
-1.172427e-02
-8.306745e-03
-1.327681e-02
-1.520587e-02
-1.304735e-02
-2.191794e-02
-6.272588e-03
-1.535439e-02
-1.943419e-02
-9.967459e-03
6.166185e-03
3.465482e-03
-1.581638e-02
2.914136e-02
-2.017082e-02
1.054703e-02
-5.432220e-03
-2.266529e-02
-1.326966e-02
-5.026909e-02
-2.059833e-02
-8.316142e-03
-4.607005e-02
6.944388e-03
-1.580698e-02
-4.946565e-02
1.757680e-02
-2.649102e-03
-1.205837e-02
8.329421e-02
-1.830997e-02
-6.060710e-02
2.768587e-02
-4.551155e-03
-4.741623e-02
6.330613e-02
-5.032706e-02
-1.784730e-01
-3.096591e-02
-5.543524e-02
-1.141243e-01
3.978745e-02
4.391886e-02
3.658425e-02
1.006482e-01
-4.134160e-02
1.214015e-02
-2.055944e-02
-8.012107e-02
6.234293e-03
-2.907706e-02
-8.569078e-02
-3.067985e-02
-1.262115e-02
9.308072e-02
9.374275e-02
4.821246e-03
3.403493e-02
-1.160519e-01
-3.882946e-02
-3.203166e-02
2.375323e-02
-1.662752e-01
5.189965e-02
1.536563e-02
1.885812e-02
-7.556301e-03
1.214390e-02
1.894936e-03
9.275695e-03
-1.875569e-03
1.518181e-02
-7.709703e-02
-9.508367e-02
-1.474572e-01
-2.305002e-01
-3.247075e-02
-3.363571e-01
-2.037802e-01
-1.563952e-01
-1.549099e-01
1.435413e-02
-1.080861e-01
3.523969e-02
1.528527e-02
-2.471897e-02
6.930540e-02
5.567758e-02
3.707792e-02
3.938155e-02
1.793282e-02
1.114010e-02
2.563843e-03
-5.873568e-02
-4.494108e-02
-1.236864e-01
-2.126682e-02
-1.036254e-01
-7.592531e-02
3.539903e-02
-1.183554e-01
9.031959e-02
-2.972773e-02
1.687243e-01
-3.002662e-02
-2.639866e-02
3.862645e-02
7.588961e-02
1.776662e-02
-3.495723e-02
-5.156507e-02
-5.115305e-02
-9.829249e-02
-1.175152e-01
2.081546e-02
-3.344240e-02
-5.298782e-02
1.137190e-02
-2.129082e-02
-1.544713e-02
-6.082425e-03
-4.204831e-02
-4.110799e-02
8.799889e-04
-3.594083e-02
-4.115833e-02
-2.730282e-02
2.898639e-02
-4.003617e-02
3.222500e-02
7.537116e-02
4.228196e-02
-2.766122e-03
4.414048e-02
-4.348895e-02
-5.909644e-02
-6.848501e-02
-1.067039e-01
-6.789383e-02
-7.110829e-02
-9.889502e-02
5.508038e-03
-1.457115e-03
-3.154593e-02
-4.403882e-02
-1.749445e-02
7.732982e-02
-2.226171e-02
-1.679446e-02
1.414522e-02
5.907241e-02
7.658876e-02
4.750197e-02
4.138030e-02
-1.210254e-01
7.360324e-02
-5.112843e-02
1.144187e-01
8.016544e-03
6.825271e-03
5.147887e-02
-5.313121e-02
-2.846096e-02
-3.335344e-02
-1.964748e-02
-2.574920e-02
-4.007177e-02
-3.859476e-02
1.499520e-02
-1.974636e-02
-7.032596e-03
5.578195e-02
3.033900e-02
9.090181e-03
4.271535e-02
2.253872e-02
-9.438889e-03
4.266413e-02
4.474206e-02
-1.658642e-02
-8.394870e-03
2.664206e-02
6.530260e-03
5.381042e-03
2.572788e-02
5.456435e-02
-1.901191e-02
7.395277e-03
4.998408e-02
-2.647343e-02
-4.025781e-03
8.624060e-02
-4.134893e-02
-9.536413e-03
6.361899e-02
-3.008610e-02
2.901041e-02
6.202487e-02
-3.007611e-02
-1.774256e-02
-2.711484e-02
-2.462797e-02
-3.082314e-02
-2.521909e-02
-6.942868e-02
-2.996960e-02
2.082842e-02
-1.188495e-02
-6.317432e-03
1.168829e-02
-1.288436e-02
-2.069891e-03
8.605384e-03
1.201378e-02
1.583096e-02
2.362379e-02
2.053993e-02
-1.277208e-02
-1.507675e-02
3.994400e-02
-4.711160e-02
-2.067024e-02
2.780367e-02
-1.032337e-03
-2.756825e-02
4.797738e-03
-1.048219e-02
-3.033273e-02
3.035133e-02
-1.766502e-02
-3.742927e-02
6.884216e-02
-3.674122e-03
-3.155025e-02
-1.350419e-03
-3.210853e-02
-3.963928e-02
5.238328e-02
-3.059379e-02
-4.755650e-02
4.136239e-02
1.675867e-02
-3.138655e-02
2.566473e-02
2.418296e-02
8.169407e-03
4.224398e-02
2.443580e-03
2.183598e-02
8.476572e-02
3.424460e-02
8.456546e-03
-9.423798e-03
-2.579330e-02
-1.702722e-02
-2.792096e-02
-4.771347e-02
-4.006546e-02
-2.718893e-02
-4.610083e-02
-3.790351e-02
-1.323725e-03
-5.633598e-03
6.785511e-04
-2.526723e-03
-1.329393e-02
-9.136001e-03
-2.007767e-03
-1.183566e-02
-6.826762e-03
-4.140528e-04
-1.128926e-02
-4.068233e-02
2.987375e-02
3.306935e-03
-2.256055e-02
4.789833e-02
4.218116e-02
2.229134e-02
-9.234458e-03
-2.353258e-03
4.152126e-03
1.006070e-03
-3.108649e-03
1.253646e-02
9.840558e-03
8.159224e-03
2.339458e-02
-3.282253e-02
-2.042197e-02
7.611999e-04
-2.298000e-02
9.640942e-04
4.693954e-02
-2.643986e-02
2.423463e-02
5.401775e-02
-7.024583e-02
-1.401138e-02
1.961392e-02
-1.450821e-02
-2.184263e-02
5.429447e-02
-3.470191e-02
-1.154502e-02
2.691355e-02
-3.296226e-02
-3.205891e-02
-4.249793e-02
-2.288505e-02
-6.099892e-02
-1.203039e-02
1.911215e-02
2.596207e-02
1.504762e-02
-2.262233e-02
-6.955332e-02
-6.262651e-02
-1.538564e-02
-5.633959e-02
-8.022426e-03
-1.290074e-02
-5.260558e-02
2.049023e-02
9.013393e-02
3.910241e-02
2.135887e-02
3.271751e-02
-6.000784e-03
-6.494791e-02
1.972856e-02
-1.963865e-02
8.910873e-04
-3.809494e-02
-2.110115e-02
-2.065241e-03
-2.812619e-02
-1.123933e-01
-2.736049e-03
-1.176698e-02
-4.233117e-02
2.550030e-02
-8.297519e-02
2.720215e-02
1.236797e-01
5.374193e-02
1.252733e-01
1.238259e-01
1.289819e-01
1.077832e-01
2.560993e-01
-1.538241e-02
2.152965e-02
4.152669e-02
2.974584e-02
2.396183e-02
4.859477e-02
8.693212e-03
2.510690e-02
9.283850e-03
-2.183113e-02
-4.696802e-02
5.633515e-03
-4.086933e-02
-1.085539e-01
4.226272e-03
-7.540672e-02
4.171410e-02
-2.412208e-02
2.920320e-02
-2.029299e-02
3.550863e-02
8.578528e-03
-7.868172e-02
-4.002810e-02
-6.799568e-02
-7.252666e-02
-3.750222e-02
7.138155e-02
8.808456e-02
1.380679e-01
-1.226685e-02
3.844212e-02
1.152522e-01
-8.121923e-02
-1.330949e-02
6.415725e-02
1.447653e-02
3.592885e-02
-4.605997e-04
3.926501e-04
7.312536e-03
1.227606e-01
1.578452e-02
8.184426e-02
1.928079e-02
5.356465e-02
5.278593e-02
6.572889e-04
5.051020e-02
5.819507e-02
1.224075e-02
1.055323e-02
2.748013e-02
-8.883284e-03
4.895864e-02
3.268848e-02
-1.994724e-02
3.097008e-02
3.349715e-02
-7.326606e-03
2.020761e-02
3.366835e-02
-2.029113e-03
2.431550e-03
-9.945226e-02
-2.831124e-02
-3.745689e-02
-9.721781e-02
-2.904025e-02
-5.094121e-02
-6.219867e-02
-1.290351e-02
1.609957e-02
2.679614e-02
2.608644e-02
6.378571e-03
-1.015455e-02
6.959971e-02
-2.682406e-02
3.744394e-02
4.395146e-02
2.270611e-02
5.446761e-04
-2.344763e-02
4.354709e-02
3.326957e-02
-4.203535e-03
8.656783e-02
7.828088e-02
1.883242e-02
-2.278572e-02
1.592231e-01
5.840364e-02
1.812998e-01
4.933969e-02
2.313281e-01
1.401754e-01
2.338155e-01
1.772055e-01
9.620542e-03
4.039744e-02
4.542973e-02
6.840944e-02
7.302319e-02
9.553135e-02
8.240660e-02
7.120518e-02
1.015923e-01
-1.210499e-02
5.228209e-02
8.678394e-02
-1.334642e-02
5.576506e-02
8.693241e-02
-9.358834e-03
7.410968e-02
1.084356e-01
1.679064e-02
-5.558052e-03
-1.964709e-03
2.012334e-03
1.622708e-02
4.654363e-02
-2.593538e-02
1.174364e-03
3.866208e-02
-4.428681e-02
-1.857854e-02
1.554660e-02
-1.142595e-01
-4.448149e-02
-9.404753e-03
-4.028263e-02
2.427456e-02
-3.036373e-02
3.513144e-02
3.461956e-02
-7.820682e-03
-1.618946e-02
-1.138515e-02
-6.053694e-03
-5.250679e-03
6.687368e-02
5.751221e-02
5.698422e-02
2.212882e-02
2.308857e-02
4.966454e-02
2.192644e-02
4.471076e-02
4.855778e-02
1.640279e-02
1.505122e-02
5.911513e-02
2.573232e-02
-1.077974e-02
-4.236767e-02
5.288936e-02
-2.319956e-02
-4.158863e-02
7.699255e-03
-1.032948e-02
-4.297087e-02
-9.388558e-02
-1.386359e-01
-4.913425e-02
-6.329290e-02
-1.460141e-01
-2.118818e-03
2.202203e-03
-8.843497e-02
5.500115e-02
5.263282e-02
-4.203682e-02
5.218976e-02
5.413930e-02
-2.742598e-02
1.154265e-02
8.515175e-02
4.875793e-03
-1.433419e-02
-1.972760e-01
-6.884504e-02
-7.005822e-02
-1.271381e-01
-2.564766e-01
-5.287535e-02
-8.077502e-02
-1.205379e-01
-1.737937e-03
-3.698443e-02
-1.894240e-02
-2.688176e-02
-5.061194e-02
-2.144048e-02
1.916520e-02
1.062738e-02
4.821478e-02
2.239001e-02
-2.025157e-02
-9.546740e-03
2.300189e-02
-1.484897e-02
-6.245165e-03
2.669154e-02
-1.066015e-02
6.574940e-04
-6.485299e-02
-4.940356e-02
-2.280804e-02
-2.796644e-02
-6.514038e-02
-4.679866e-02
1.116105e-02
2.124269e-02
-3.208245e-02
1.415324e-02
4.428891e-02
4.392706e-02
-9.089494e-03
4.279744e-02
4.096145e-02
-1.243161e-02
3.948550e-02
2.790129e-02
-2.426995e-02
-1.635514e-02
-2.303856e-02
2.031462e-04
4.938687e-02
1.656395e-02
9.674435e-03
8.436163e-02
3.313230e-02
1.867759e-02
-9.873492e-02
-1.018790e-01
-8.285880e-02
-8.881693e-02
-1.071480e-01
3.581478e-03
1.825359e-02
-2.484309e-02
8.684671e-03
1.829560e-02
8.913818e-04
1.731389e-02
-1.305502e-03
-2.664534e-03
2.181423e-02
-6.648824e-03
-9.384682e-03
-9.333162e-03
4.634574e-03
-1.330071e-02
-7.617781e-03
1.000089e-02
1.457678e-03
-1.804829e-02
1.383413e-02
4.588994e-04
-1.148684e-02
-4.451706e-03
-9.749969e-03
-1.643107e-02
-1.233293e-02
1.631135e-03
-7.137771e-03
-9.240494e-03
-6.853875e-04
-5.422669e-03
7.096653e-03
-5.235601e-03
-6.556395e-03
1.238119e-02
4.047599e-04
-3.505541e-02
-1.126632e-03
1.971190e-02
1.392657e-02
2.956800e-02
-2.952311e-02
2.180734e-02
-2.457457e-02
1.282107e-02
3.567648e-02
-2.851425e-03
-4.533803e-02
7.171025e-03
3.580875e-03
1.210978e-02
-2.180706e-03
-7.998929e-03
-1.650518e-03
3.362131e-03
9.841869e-03
-2.595392e-03
2.946739e-02
-8.231374e-03
-2.617756e-03
-2.194279e-02
-1.352680e-02
-2.716534e-03
-1.248125e-02
-6.220594e-03
4.930253e-02
1.930617e-02
1.845780e-02
2.132288e-02
-1.160972e-02
-1.088978e-02
-1.117972e-02
1.595974e-02
-2.014270e-02
6.277220e-03
9.821310e-03
-9.628459e-03
-6.930949e-03
2.143631e-02
-5.580675e-04
1.120773e-02
-3.558127e-04
1.270952e-02
6.327186e-03
9.413855e-03
5.865251e-03
1.468930e-03
3.906972e-02
-2.122246e-02
-5.508279e-04
6.709495e-03
1.301781e-02
-1.154906e-04
5.938253e-02
8.868775e-02
4.244692e-02
6.227257e-02
9.286872e-02
4.695426e-02
2.243045e-02
5.274855e-02
9.336380e-03
2.152449e-02
4.522255e-02
2.695581e-02
2.463483e-02
4.854794e-02
3.293940e-02
1.246772e-02
3.696182e-02
1.923951e-02
1.188659e-02
1.781734e-02
-3.469732e-04
-1.345878e-02
-6.863341e-04
-1.428037e-02
-9.077566e-03
-8.494979e-03
-1.168377e-02
8.344645e-04
-2.591751e-02
-2.045797e-02
6.498735e-06
-2.566418e-02
-1.856885e-02
-1.456942e-02
-2.589977e-02
-2.361535e-02
-1.406759e-02
-9.911544e-03
-9.978597e-03
-1.451067e-02
-1.418771e-02
-4.058904e-03
1.099729e-02
7.219908e-03
-4.766011e-03
3.898091e-03
8.582579e-04
3.453437e-03
4.465816e-02
1.132977e-02
2.117728e-02
4.081976e-02
-3.563010e-02
-3.250587e-02
-7.975670e-02
-4.453252e-02
-4.813650e-02
-4.732963e-02
-1.382821e-02
-8.426543e-03
5.044638e-02
8.398223e-02
4.016331e-02
1.952347e-03
4.603307e-02
-2.799244e-02
7.656807e-02
1.125801e-01
7.861365e-02
1.591157e-02
8.409402e-02
8.428445e-02
2.076340e-02
-8.988260e-02
-4.294497e-02
7.761108e-02
-7.733671e-02
-4.863777e-02
3.303556e-02
-3.502707e-02
-5.779523e-02
-5.197127e-02
7.717372e-02
1.526062e-02
-6.595284e-02
1.441957e-01
4.087116e-02
-6.786624e-02
7.904942e-02
7.271931e-03
2.063077e-03
-5.607646e-02
4.177415e-02
-4.270091e-02
2.362054e-02
1.204483e-01
-9.174334e-02
1.060109e-01
8.383991e-02
-2.962240e-02
-1.164933e-02
-7.532862e-03
-3.264530e-02
-2.434438e-02
-1.469943e-02
-1.839348e-02
-1.799501e-02
-5.705592e-02
2.745882e-02
1.368053e-01
2.251683e-02
2.879561e-02
1.983498e-01
5.888008e-02
9.514213e-02
2.130507e-01
9.384248e-02
2.448953e-02
2.139755e-02
-3.183423e-02
4.483017e-02
8.725037e-03
-7.691584e-02
3.663765e-02
-3.895352e-02
-7.428382e-02
-8.376961e-02
-2.326724e-02
-9.568285e-02
-3.779074e-02
9.950522e-02
-8.218698e-02
3.980068e-02
1.724373e-01
-1.504369e-02
7.404092e-02
-9.942383e-02
1.304643e-01
4.283078e-02
2.227092e-01
6.127411e-02
-3.442689e-03
1.509592e-01
7.738791e-02
-2.851615e-02
-1.074190e-01
-3.334119e-04
-4.383878e-03
-9.058004e-02
1.147593e-02
-1.835094e-02
-1.145931e-01
-2.214142e-02
-1.170403e-02
-9.884400e-02
-2.665424e-02
7.781068e-05
-8.151631e-02
-5.483881e-03
3.496557e-03
-7.817651e-02
5.602142e-03
1.757738e-02
8.908698e-03
-1.509413e-01
7.110655e-02
7.507240e-02
3.325096e-02
2.064646e-02
-1.118168e-04
8.675173e-03
-5.594082e-02
4.316489e-02
-1.637185e-02
6.443045e-03
1.565711e-01
3.528910e-02
-1.008179e-02
1.153556e-01
-5.275485e-02
1.684889e-02
5.219838e-02
8.106827e-02
-1.533198e-02
4.736545e-02
1.718380e-02
-4.744392e-02
-3.966203e-02
-5.769831e-02
1.352686e-01
-9.942714e-02
4.150506e-02
9.392249e-02
1.225346e-01
7.094395e-02
6.068410e-02
1.385780e-01
-5.454882e-02
-3.734298e-03
-1.036539e-02
-1.412910e-02
2.579005e-03
-1.152234e-02
-2.792422e-02
-4.536082e-03
-1.221821e-02
-4.119251e-03
-1.539147e-03
-1.985950e-02
-9.184412e-03
-1.160901e-02
-1.768929e-02
-3.297424e-03
-1.524232e-02
-4.404820e-03
-1.860263e-03
-5.563853e-03
-1.710698e-02
1.311461e-03
2.050873e-03
-1.457491e-02
-7.576017e-03
-5.703197e-04
-5.856009e-03
-6.558887e-03
1.536228e-02
2.638503e-02
2.538267e-02
-1.521877e-02
-1.499916e-02
1.163586e-02
8.174191e-03
8.821643e-03
3.462814e-02
1.597876e-02
3.356776e-03
1.960859e-02
-2.846819e-02
-1.210316e-03
1.372700e-02
3.449468e-03
1.054499e-02
1.381754e-02
-4.201755e-03
-9.041864e-03
-4.868474e-03
-7.077212e-03
-6.567760e-03
-5.891975e-03
-4.221208e-03
-7.248039e-03
-5.712826e-03
-3.057186e-02
7.857446e-04
-2.630274e-02
3.225012e-03
-1.726218e-02
-2.635043e-02
-2.063075e-02
2.362950e-03
7.266674e-03
-3.983728e-03
-3.313475e-03
-1.313121e-02
-7.765088e-03
-6.306979e-03
-7.104934e-04
-1.490283e-02
-6.191313e-03
1.271670e-02
-1.935653e-02
-3.204705e-03
2.709956e-02
-1.875499e-02
-1.341875e-03
6.010535e-03
-1.453983e-02
5.422581e-03
1.375027e-02
-2.788744e-02
-6.242531e-03
2.023953e-04
-4.449850e-03
1.358709e-02
8.337698e-03
-3.757317e-03
-1.397863e-03
4.254176e-02
5.568400e-02
7.611838e-02
1.535965e-02
5.822413e-02
7.813326e-02
1.477554e-02
3.247811e-02
5.204878e-02
-9.898920e-03
2.004035e-02
4.313267e-02
7.811136e-03
1.948705e-02
4.247862e-02
5.826464e-03
1.319911e-02
3.521357e-02
-9.252753e-04
-5.694387e-03
-1.130120e-02
-1.737207e-02
-8.674602e-03
8.163675e-03
-8.520280e-03
-1.012495e-02
-1.582038e-02
-1.669123e-04
-2.322132e-03
-9.837640e-03
-1.749716e-02
-7.805198e-03
-5.373343e-03
-1.591893e-02
9.468220e-03
-1.095496e-03
-1.702552e-02
2.628380e-03
-1.327127e-02
-3.888045e-03
-7.785675e-03
-1.495233e-02
5.956779e-04
-5.466712e-03
-2.918377e-02
5.486635e-03
2.476970e-03
-2.272468e-02
-7.119593e-06
-3.616371e-02
-4.129835e-03
1.236938e-02
1.542930e-02
-2.045108e-02
6.222885e-02
-3.672879e-02
-2.511846e-02
-5.761999e-02
4.612991e-03
8.228876e-02
6.528262e-02
8.843969e-03
3.751795e-02
2.014893e-02
2.885500e-02
3.199270e-02
-1.766842e-02
3.889516e-02
6.385527e-02
5.966284e-02
1.468856e-02
2.682768e-02
3.968683e-03
2.324845e-02
9.714166e-03
-3.497229e-02
1.268919e-02
-2.868622e-02
-7.230655e-03
-6.445208e-03
-4.481159e-02
7.706828e-03
-5.223559e-03
1.371612e-01
-6.585336e-02
1.771265e-01
2.749636e-01
-6.494826e-03
1.717242e-01
2.340181e-01
-1.616336e-02
-2.727018e-02
-1.013104e-03
-4.541475e-02
5.220937e-02
7.744826e-03
-3.645975e-02
3.338914e-03
7.091234e-02
8.566827e-02
2.087926e-02
2.164249e-02
2.501400e-02
1.965540e-02
4.336329e-02
8.462652e-03
2.141833e-02
2.594323e-02
-9.461272e-04
-2.436391e-02
-4.543101e-02
-1.013189e-01
3.358802e-02
6.724236e-02
6.622320e-02
1.294984e-02
2.379986e-02
1.323064e-02
1.907817e-02
1.750661e-01
2.276681e-01
-4.875018e-02
2.333209e-01
2.983693e-01
-4.789902e-02
5.471484e-02
8.626268e-02
-1.138383e-01
-7.056538e-02
-2.507851e-02
-8.150256e-02
7.291932e-02
1.046931e-01
-8.545502e-03
6.334876e-02
8.350932e-02
-1.056980e-02
-1.317619e-02
-4.450925e-02
-3.832502e-02
1.977567e-02
3.903537e-02
-7.615248e-02
-1.004689e-01
-7.858185e-02
-3.825046e-02
-1.435538e-02
-3.094503e-02
2.518412e-02
4.264137e-02
3.984665e-02
-1.303721e-02
8.018461e-03
1.171000e-02
-4.079446e-02
-3.348638e-02
-2.958064e-02
7.969131e-03
1.672228e-02
2.523240e-02
-2.397411e-03
3.444523e-04
1.435268e-02
-3.623214e-03
1.145896e-01
9.226460e-02
1.800961e-02
1.491113e-01
1.442904e-01
-1.171115e-02
-5.799989e-02
-3.764287e-02
-1.943783e-02
-6.038357e-02
-8.266189e-02
1.732282e-02
5.730581e-02
1.526141e-02
-9.078914e-03
-5.973073e-03
3.797265e-02
1.042063e-02
-1.295497e-02
1.434611e-02
1.314110e-02
4.730727e-02
4.562882e-02
3.630376e-02
2.605464e-02
2.229487e-02
-7.332243e-03
2.704371e-02
-1.620928e-02
6.457466e-02
-2.049898e-03
-1.467187e-02
-3.395068e-02
-7.324702e-02
1.265096e-02
-2.010169e-02
-2.222368e-02
2.057143e-02
-1.292947e-02
-1.341882e-02
5.827601e-02
-7.291209e-03
1.491556e-02
4.371988e-02
8.874442e-03
1.364394e-02
1.493433e-02
2.176484e-02
4.671161e-02
1.507870e-02
-1.207365e-04
1.364994e-02
8.550384e-03
-3.391026e-02
4.846368e-03
3.556386e-02
3.453022e-02
-5.910464e-03
-1.582147e-03
8.304235e-02
3.258359e-02
3.502081e-02
4.223948e-02
-3.024495e-02
-3.725123e-02
4.808212e-02
-2.471730e-02
-5.439077e-02
-2.396508e-02
-6.906080e-02
-9.552499e-02
-5.813672e-02
-2.008088e-02
-2.238316e-02
-2.742981e-02
-8.883759e-02
-4.337751e-02
-5.217910e-02
-4.505106e-02
-1.072496e-02
3.395761e-02
1.835359e-02
-7.666969e-03
3.679308e-02
2.272412e-02
7.878202e-03
-1.036900e-02
2.118906e-03
-4.951248e-03
-3.818421e-02
-8.056816e-02
-2.114653e-02
4.057399e-03
-4.122939e-02
2.325251e-02
7.289434e-02
6.950907e-02
3.495301e-02
-7.250831e-02
-9.712784e-03
-5.029532e-02
-1.185241e-01
-5.421891e-02
-6.517527e-02
-4.333010e-02
-1.925027e-02
-5.758074e-02
-3.521194e-02
-2.658685e-02
-2.501492e-02
-5.055406e-02
-3.811197e-02
-2.733420e-02
-3.641280e-02
-6.602836e-02
-2.624445e-02
8.087612e-02
3.239499e-02
1.865729e-02
5.670960e-02
1.191037e-01
7.574405e-02
-6.506351e-03
5.977338e-02
7.385144e-02
3.498075e-02
5.318990e-02
7.251519e-02
8.761041e-02
1.015255e-01
1.098993e-01
6.857333e-02
6.413109e-02
6.663172e-02
1.478538e-02
2.441069e-02
2.888588e-02
5.330547e-02
6.017425e-02
5.709353e-02
4.522297e-02
4.795294e-02
3.864217e-02
2.195793e-02
7.991445e-02
3.544261e-02
7.875606e-03
5.804653e-02
1.049331e-01
-1.304685e-02
2.242920e-02
3.516586e-02
-7.424039e-03
-7.642375e-02
-3.997431e-02
-2.056813e-02
-2.974956e-02
-3.793987e-02
-2.389692e-02
-1.139861e-03
-3.015418e-03
-2.091835e-02
-1.465935e-02
5.870863e-02
-6.658038e-02
-6.416970e-02
2.066051e-02
-3.629208e-02
-7.980396e-02
-7.757904e-03
4.469423e-02
-3.048553e-02
1.912354e-02
4.335507e-03
-8.485265e-03
1.372634e-02
9.003878e-03
3.409082e-02
-2.238654e-02
