1.915429e-02
1.774604e-02
2.516703e-02
1.756711e-02
2.187345e-02
1.806359e-02
1.453546e-02
1.796923e-02
1.738662e-02
2.939443e-02
1.626424e-02
2.228264e-02
2.276358e-02
1.411505e-02
1.992636e-02
1.928575e-02
2.076338e-02
1.429800e-02
1.013871e-02
1.197409e-02
1.691780e-02
1.349811e-02
1.148880e-02
1.959785e-02
1.856733e-02
1.679081e-02
2.173516e-02
1.553644e-02
1.814934e-02
1.915788e-02
1.492037e-02
1.961236e-02
1.357106e-02
2.133419e-02
1.861562e-02
2.246730e-02
1.499790e-02
1.518734e-02
2.289466e-02
1.449707e-02
2.380117e-02
2.038381e-02
1.843105e-02
1.809624e-02
1.309835e-02
1.825820e-02
1.768862e-02
1.338752e-02
2.039869e-02
1.737276e-02
2.502897e-02
2.872219e-02
1.283850e-02
1.635931e-02
1.885290e-02
1.684526e-02
2.245162e-02
1.634161e-02
2.200581e-02
2.221110e-02
1.833556e-02
1.906477e-02
1.163629e-02
1.411982e-02
