-4.246366e-02
3.249667e-02
6.901923e-02
-8.582681e-02
1.983469e-01
2.069886e-01
-2.639129e-02
-2.604637e-02
1.426681e-02
1.428597e-01
1.464095e-01
9.158344e-02
-2.075536e-01
1.242893e-02
3.675684e-02
2.281790e-01
3.467499e-02
2.787826e-02
-6.627256e-02
5.745581e-02
-8.347106e-03
-1.106043e-01
-2.080813e-02
-1.411326e-01
-1.514441e-01
-7.459158e-02
-1.056805e-01
-1.099223e-01
2.522643e-01
3.434069e-02
4.969940e-01
-5.041176e-02
1.597785e-02
-8.515684e-02
1.348449e-01
4.856673e-02
-1.212556e-02
4.150831e-02
6.094361e-02
2.346751e-02
-5.305550e-02
-1.950491e-01
-2.105387e-01
-2.157667e-02
1.238795e-01
-1.249480e-02
-1.455326e-01
-1.917854e-01
2.275491e-02
-1.185176e-01
1.620668e-01
5.997925e-02
4.461918e-02
-4.114901e-03
2.967635e-02
7.049334e-02
9.657960e-03
-4.718035e-02
-9.414127e-02
6.256147e-02
-2.500535e-03
9.617736e-03
-3.797928e-02
9.140245e-02
-3.175809e-01
-1.217990e-02
1.020451e-01
3.985846e-02
-7.163013e-01
-6.377181e-02
3.297931e-01
1.459359e-02
2.361124e-03
1.564468e-01
4.128870e-03
-3.152108e-01
8.610485e-03
-2.106468e-01
-7.302348e-02
6.543419e-02
-2.221119e-01
2.640319e-02
-2.640756e-02
-4.115868e-03
-4.204024e-02
-9.247026e-03
7.051823e-01
1.309571e-02
7.273616e-03
-1.851936e-02
2.951791e-03
-2.497150e-01
3.163380e-02
8.073971e-01
-2.724257e-02
-4.236981e-02
-2.253885e-02
-3.354463e-02
6.912928e-01
-1.854249e-01
-9.516109e-02
-2.321498e-02
3.625941e-02
4.560622e-02
-2.228759e-01
-1.905296e-03
4.708290e-02
-1.700033e-02
-1.527767e-01
1.017636e-02
2.355729e-01
1.740901e-01
9.515986e-02
1.050806e-01
3.723524e-02
-1.590750e-02
1.421042e-02
1.036772e-01
1.008829e-02
2.538227e-02
5.366310e-03
5.936265e-01
-4.679852e-03
-7.357075e-02
1.804586e-03
4.685096e-02
-1.271047e-02
-5.539585e-01
1.406227e-01
-2.097265e-02
-1.184530e-01
-5.033600e-02
-1.601164e-01
-5.776085e-02
-7.188850e-02
2.469146e-02
1.075742e-01
-4.676254e-02
1.576103e-01
-3.699016e-01
-1.136276e-01
1.850442e-01
7.896863e-03
2.270432e-02
2.159718e-01
5.312866e-02
4.302143e-02
1.310496e-01
8.175589e-01
1.420161e-01
-3.543256e-01
-5.438591e-02
4.966128e-02
1.017037e-01
8.487678e-02
3.373823e-02
1.393048e-01
3.567904e-01
7.552838e-02
1.901994e-01
-2.035616e-01
8.653772e-03
5.347217e-02
-4.232753e-02
-8.385033e-02
-4.830264e-02
-5.530370e-02
5.024035e-03
-5.979066e-02
-7.019852e-02
-1.135364e-01
2.101788e-01
4.364453e-02
-6.587173e-01
-2.521967e-02
-1.552037e-01
5.272915e-01
9.363557e-03
6.225782e-02
-7.109151e-02
-2.776838e-01
-4.241961e-02
-2.286109e-01
6.201206e-02
5.212675e-02
4.934073e-03
-1.631692e-01
-8.416208e-01
-2.588595e-03
3.398156e-01
-7.789861e-02
-8.704039e-02
4.000210e-01
2.158286e-02
3.099956e-02
6.344009e-02
-5.807313e-01
4.337475e-02
-1.924843e-01
2.137841e-02
-5.638796e-02
5.529155e-02
2.890623e-02
8.703828e-03
2.474844e-02
-3.892776e-01
1.849276e-02
-1.539659e-02
-6.020750e-02
-6.504472e-02
-1.486196e-01
-8.935156e-02
6.327974e-01
1.282503e-02
2.060997e-01
9.140965e-02
2.210391e-01
-2.444872e-01
4.374041e-02
1.492233e-01
-1.913046e-01
-2.490830e-04
-6.184978e-02
-2.971050e-01
-3.812273e-02
-7.141506e-02
-4.597627e-01
2.561257e-01
-2.991927e-01
-1.540637e-01
-2.051799e-04
9.491364e-02
4.692189e-01
-2.887922e-01
6.785903e-02
1.412150e-01
5.045024e-02
-3.149342e-02
-7.084130e-02
-4.101284e-01
3.462685e-03
6.721866e-02
-3.283895e-01
1.705854e-02
4.159620e-02
-3.440692e-02
-8.348253e-02
-2.027926e-01
2.524198e-01
-2.794056e-01
1.667573e-01
-2.130519e-01
8.028237e-02
2.295500e-02
5.030487e-02
-2.561031e-01
1.533993e-01
-5.861764e-02
-1.830982e-02
-1.483847e-01
5.062161e-02
-6.394113e-02
-2.499073e-02
5.692311e-02
-8.016237e-02
3.375781e-03
-1.487880e-01
1.734400e-02
5.222152e-03
1.516130e-01
-1.839040e-01
-9.803956e-02
-4.827257e-01
-1.149544e-02
7.833494e-02
8.066124e-02
3.785822e-02
4.915679e-02
4.464757e-01
-2.710634e-02
5.518499e-02
6.529220e-02
8.547935e-02
9.402269e-01
-2.079428e-02
-5.162600e-02
-5.332960e-02
1.364072e-01
9.759567e-03
2.194933e-01
-8.905765e-02
-7.065885e-02
7.695870e-02
-3.496328e-01
1.101600e-01
-3.302071e-02
-8.243670e-02
3.321261e-02
-1.924563e-02
3.465685e-02
1.895799e-01
-7.552428e-02
7.302925e-02
-5.122476e-02
-1.760969e-02
1.469186e-02
-2.631584e-02
5.702782e-02
2.181501e-02
-4.082024e-03
-1.011113e-02
-6.237291e-02
-1.842347e-02
2.613577e-02
8.407000e-03
-6.332745e-02
-9.105279e-02
1.995945e-02
-9.454200e-03
4.578534e-02
-2.533377e-02
-8.608169e-02
-1.565131e-01
-1.079690e-01
-2.151932e-01
1.103039e-02
9.787701e-02
2.373830e-01
-2.297904e-01
-1.483292e-01
1.023136e-01
-8.097007e-02
-2.354368e-01
4.601910e-02
-4.424318e-02
-3.070452e-01
8.072855e-02
2.007146e-02
-1.915068e-03
-9.313232e-03
1.406615e-01
3.985001e-01
-8.502678e-02
-5.253352e-03
-6.827675e-02
7.661911e-03
-1.049860e-01
-1.282448e-03
-5.633008e-03
4.580498e-02
-4.905028e-02
-2.954849e-02
6.479016e-02
-8.096863e-02
5.852276e-02
-6.531196e-03
1.294769e-01
-7.573500e-02
-7.529148e-02
7.404494e-03
-6.769470e-02
-1.171746e-01
5.584771e-02
-1.647631e-02
-2.721081e-02
1.586077e-01
-2.106197e-01
-6.308693e-02
4.726072e-01
-6.536044e-03
3.887115e-02
-2.207246e-02
-9.690173e-02
1.896276e-02
-6.032801e-01
1.808526e-02
4.081129e-02
2.712030e-02
-3.865981e-02
5.948317e-01
-4.398346e-03
-7.831807e-01
-3.358969e-02
4.377146e-02
-5.421901e-03
-1.403769e-01
1.767135e-01
-1.514546e-02
-9.407207e-02
-1.653864e-01
1.205864e-01
1.415656e-01
-7.289351e-02
-2.464393e-02
-8.446553e-02
3.085853e-02
-1.747619e-02
-6.549372e-03
-6.378419e-02
9.134701e-02
-4.392229e-02
1.123214e-01
3.819755e-03
-3.271991e-02
-6.456634e-02
7.170580e-02
1.581910e-01
-2.635760e-01
3.322641e-02
-2.287741e-01
1.122201e-01
-2.528493e-02
3.078089e-01
2.476183e-02
-6.572742e-02
-7.834314e-02
5.095249e-02
2.803096e-03
-1.031630e-01
-3.839266e-01
1.473322e-01
-8.958890e-02
1.687483e-01
8.710731e-02
-7.500124e-03
-1.078175e-01
-7.848171e-02
1.042253e-01
-3.592530e-02
-9.855624e-02
-4.020300e-03
-4.607964e-02
-1.718924e-02
-2.294220e-02
1.302939e-01
6.216074e-02
-2.106223e-02
-5.591701e-02
-1.216602e-01
-1.530977e-02
3.985593e-02
-7.245129e-02
9.967367e-02
-6.893971e-03
6.823700e-03
5.602255e-02
4.163564e-02
-9.544216e-02
-4.996492e-02
1.736563e-01
-5.460618e-02
-9.168047e-03
1.009572e-01
2.793415e-02
4.713995e-02
2.320847e-02
-8.911194e-02
2.089706e-02
-9.403313e-02
6.724679e-04
-1.825560e-02
-4.399372e-02
3.220743e-02
-1.784253e-01
3.860871e-02
-2.160176e-02
-1.750019e-01
-1.550326e-02
5.859552e-02
-4.319827e-02
9.162422e-02
1.326417e-01
1.566939e-01
-5.566885e-02
-1.090750e-01
9.645266e-02
-6.841845e-02
6.391409e-02
-1.663004e-01
1.791639e-01
-2.211775e-01
5.129211e-02
-9.160612e-02
-9.732702e-02
1.789911e-01
6.412183e-02
1.770522e-01
4.126677e-02
-9.454576e-02
3.681380e-01
-5.676255e-01
7.549564e-02
2.978176e-01
-7.851244e-02
-7.285643e-02
4.961051e-02
6.984698e-02
-9.455908e-02
-1.023857e-01
8.559522e-02
3.997293e-02
-4.609343e-02
-3.419342e-02
1.711667e-01
4.794901e-02
-2.825682e-01
-3.239355e-01
4.088460e-02
5.440324e-02
6.374546e-03
-1.477240e-01
6.546119e-01
