3.557371e-01
1.780264e-01
1.865706e-01
4.014034e-01
1.989625e-01
4.925226e-01
2.291652e-01
1.283969e-01
2.238677e-01
1.705302e-01
2.438868e-01
9.442784e-02
1.260869e-01
3.242360e-01
2.428490e-01
1.420978e-01
2.206986e-01
3.198613e-01
2.464235e-01
3.699120e-01
2.238480e-01
1.727393e-01
1.708977e-01
1.370489e-01
2.074137e-01
3.959377e-01
2.114557e-01
2.400282e-01
2.371655e-01
1.248098e-01
2.414206e-01
1.447997e-01
1.973767e-01
2.167562e-01
1.154063e-01
1.778609e-01
1.999744e-01
3.766923e-01
2.100067e-01
2.253843e-01
3.042173e-01
1.066251e-01
1.538018e-01
1.838314e-01
2.054397e-01
1.176689e-01
1.333732e-01
3.014430e-01
1.136258e-01
1.833052e-01
1.388231e-01
1.218310e-01
2.241922e-01
1.296464e-01
2.553505e-01
1.512195e-01
1.185879e-01
9.785397e-02
1.547025e-01
1.671306e-01
1.957204e-01
1.498293e-01
2.601848e-01
1.807092e-01
