1.650949e+00
1.799149e+00
2.547404e+00
1.832075e+00
1.472731e+00
1.573393e+00
1.890165e+00
1.252132e+00
1.391585e+00
1.193658e+00
1.425233e+00
1.821327e+00
1.288782e+00
3.704908e+00
1.678669e+00
1.345738e+00
3.111498e+00
1.742323e+00
1.695499e+00
1.199630e+00
1.417329e+00
1.498712e+00
2.257833e+00
1.184516e+00
1.471265e+00
2.130546e+00
2.154080e+00
2.085402e+00
3.560587e+00
1.294981e+00
1.556872e+00
1.624887e+00
1.345526e+00
1.659965e+00
1.605494e+00
1.688137e+00
2.417348e+00
1.458660e+00
1.204956e+00
1.559179e+00
1.491769e+00
3.991346e+00
1.852942e+00
2.384979e+00
1.741055e+00
1.903990e+00
1.991106e+00
1.245979e+00
1.557260e+00
1.226352e+00
2.282131e+00
1.380909e+00
8.968818e-01
2.005404e+00
1.776095e+00
1.516954e+00
1.443220e+00
1.476492e+00
1.781560e+00
2.202386e+00
2.293330e+00
1.263087e+00
2.495157e+00
1.674753e+00
