-3.607399e-01
-2.706850e-01
-4.871068e-01
-4.167778e-01
-2.924508e-01
-3.727055e-01
-4.255110e-01
-4.117643e-01
-4.560182e-01
-2.376305e-01
-4.784544e-01
-3.680879e-01
-4.379289e-01
-2.652175e-01
-3.723342e-01
-3.447382e-01
-2.365037e-01
-5.862920e-01
-3.024004e-01
-3.565492e-01
-4.084691e-01
-6.065081e-01
-1.879351e-01
-5.098899e-01
-4.224461e-01
-3.935233e-01
-3.655230e-01
-2.309430e-01
-4.618693e-01
-3.140811e-01
-3.305524e-01
-3.240494e-01
-4.622545e-01
-3.215872e-01
-4.251307e-01
-2.814046e-01
-4.779386e-01
-2.248364e-01
-3.741886e-01
-3.153630e-01
-3.386736e-01
-2.975294e-01
-5.750259e-01
-4.645269e-01
-3.739828e-01
-3.753805e-01
-1.587020e-01
-2.634226e-01
-3.134410e-01
-2.289972e-01
-4.336814e-01
-3.365266e-01
-3.422512e-01
-4.481641e-01
-4.160497e-01
-4.555646e-01
-5.468765e-01
-2.300600e-01
-4.144895e-01
-4.552908e-01
-4.318182e-01
-2.585182e-01
-3.678122e-01
-2.890061e-01
