-1.146911e-01
-6.970973e-04
2.936260e-02
-1.436145e-02
2.033332e-01
3.639756e-03
1.051229e-01
-1.113228e-01
-1.677987e-01
1.283597e-01
8.943232e-03
1.351724e-01
3.386034e-02
-1.514822e-01
-1.375059e-01
-4.492015e-02
-1.804564e-01
-8.145940e-02
-8.000627e-02
-1.718406e-01
-1.047689e-01
1.955348e-01
5.674084e-03
3.582209e-02
1.454461e-02
-2.391084e-02
1.728526e-01
-7.413080e-02
8.416870e-02
-1.567460e-01
3.644390e-02
-9.259035e-02
-1.320683e-01
-5.923488e-02
1.589075e-02
-5.421274e-02
-9.124559e-02
-4.903258e-03
-6.192554e-02
7.993202e-02
-1.442740e-01
-5.598132e-02
-1.318655e-02
-1.411229e-01
1.086434e-02
2.175937e-01
6.046461e-03
4.077616e-02
-1.932694e-02
-5.206396e-02
-4.356949e-02
-2.058185e-01
1.131031e-01
-3.693821e-02
8.598901e-02
6.271993e-02
-1.328899e-02
5.478527e-02
1.104649e-01
2.572659e-01
2.706217e-02
1.449865e-01
6.699762e-02
-9.791298e-03
3.458326e-02
6.329478e-03
-3.106209e-02
1.209890e-01
2.297869e-02
-3.525280e-02
-8.496328e-02
2.240887e-01
-2.554552e-02
-4.472519e-02
-1.095687e-02
7.025372e-03
-4.286239e-02
4.411664e-03
-2.852657e-02
1.340604e-01
-3.009949e-02
-1.011219e-02
-5.132536e-03
3.265031e-02
1.513596e-01
6.784041e-02
4.420741e-02
2.936989e-02
1.141424e-01
-5.987566e-02
4.003583e-02
-5.305258e-02
-8.619109e-02
-3.883114e-01
5.448128e-02
-5.538153e-02
-1.518113e-01
-1.901644e-02
-3.484413e-02
-8.971912e-02
-9.829133e-02
-3.376239e-02
1.611451e-01
-1.360082e-01
-6.950223e-02
-5.418204e-02
-9.034095e-03
-2.814826e-04
-5.759417e-02
3.729567e-02
4.445416e-02
2.887000e-01
9.110922e-02
3.144623e-02
1.842201e-01
-1.528005e-01
-1.099237e-01
2.240568e-01
4.447214e-02
-3.925083e-02
7.710604e-02
1.823638e-01
3.012845e-03
-3.455878e-01
-2.579592e-01
-1.315509e-01
-1.720922e-01
-2.361450e-01
1.380620e-01
2.013597e-02
-1.684348e-02
-2.185947e-01
-1.491504e-02
-2.307863e-03
2.264648e-01
5.335128e-02
9.095540e-02
7.395862e-03
8.111683e-02
-2.815938e-02
-1.746322e-02
-6.024603e-02
1.081902e-01
-1.951536e-01
-2.083934e-01
-8.037745e-04
-9.879826e-02
6.702037e-02
9.725782e-02
-1.173427e-01
1.794161e-01
7.955767e-02
4.946884e-02
7.545220e-02
3.306471e-02
1.673459e-01
1.052960e-01
3.687422e-02
-1.411714e-01
4.716738e-02
-1.480819e-01
4.727613e-03
-1.657699e-01
2.790161e-02
-7.879453e-02
1.959148e-01
2.669970e-02
1.105541e-03
-3.238587e-01
-2.590059e-02
-1.213849e-01
-6.018619e-03
-1.259672e-01
1.728003e-01
-8.473922e-02
-2.570252e-01
-1.706135e-01
-9.262729e-02
5.663826e-02
-2.456664e-01
-3.763666e-02
1.204909e-02
-4.048144e-02
2.795210e-02
-2.408243e-03
-3.055786e-02
1.047871e-01
-3.188353e-01
2.879932e-02
-2.027017e-01
8.528115e-02
5.905523e-02
2.093663e-01
2.095213e-01
1.275828e-01
-2.252973e-02
-1.820346e-01
-3.122361e-02
-5.816643e-02
-9.156442e-02
8.152978e-04
-6.654415e-02
1.266646e-01
4.809492e-02
3.146982e-03
-3.027571e-02
-1.841023e-01
-2.110023e-01
-1.312592e-01
4.277863e-02
1.103182e-01
2.712589e-01
9.084343e-02
-1.071312e-01
6.735851e-02
5.091666e-02
-1.646604e-01
1.308030e-01
-1.146125e-01
-2.645470e-02
-7.461378e-02
-8.570762e-02
-1.545940e-01
-1.245227e-01
6.783431e-04
-4.088351e-02
6.478354e-02
4.994876e-02
1.578432e-02
-4.813378e-02
-2.337874e-02
-2.549615e-02
-1.639546e-01
-7.100838e-02
1.304810e-01
6.372256e-02
-7.643115e-02
2.624645e-02
-7.148052e-02
-2.162390e-01
-6.230821e-02
4.012570e-02
8.077932e-02
1.000744e-01
1.194389e-01
9.243619e-02
-9.216227e-02
2.466263e-02
7.679070e-02
-5.490698e-03
5.762810e-02
1.393414e-02
-7.719310e-02
-1.161207e-01
-1.623546e-01
-7.060681e-02
1.411359e-02
-4.894542e-02
3.945554e-02
-1.250387e-02
1.808394e-02
1.636853e-02
-1.141698e-02
2.575909e-02
-1.517631e-01
-3.423619e-02
5.893924e-02
2.402574e-02
4.445141e-02
-2.490832e-02
1.418209e-01
2.270041e-01
1.843420e-01
-3.712377e-02
1.347980e-01
7.268717e-02
-1.652707e-01
7.279558e-02
-8.827946e-02
-1.160685e-01
6.073755e-02
8.690842e-02
-6.639052e-02
-1.155017e-01
-7.355855e-02
1.503356e-01
-9.839378e-02
-8.494589e-02
-1.949320e-01
1.476154e-01
5.686171e-03
-9.662154e-02
-1.618654e-01
4.315079e-02
-8.014912e-02
-3.666599e-02
5.509586e-02
-8.276270e-02
7.378522e-02
-9.961734e-02
-8.397844e-02
1.083651e-01
9.350510e-03
-1.161601e-01
-8.204386e-02
2.575011e-02
7.869017e-02
-2.216512e-01
1.128599e-03
1.267025e-01
-1.283258e-01
-7.858154e-02
1.227759e-01
-9.831756e-02
1.975744e-01
1.036723e-01
1.086724e-01
2.052147e-02
3.254620e-02
-9.148890e-02
-2.645104e-01
4.101961e-02
-1.059150e-01
-6.632537e-02
4.633828e-02
-4.846911e-02
2.060660e-02
4.060137e-04
-1.517203e-01
3.176213e-03
-2.980292e-02
3.531937e-02
2.200509e-02
-1.294317e-01
4.103599e-02
9.487133e-02
-9.092822e-02
-1.076939e-01
6.028378e-02
-1.045632e-01
-5.063170e-03
2.610043e-02
-8.632492e-02
-1.835858e-01
-2.033866e-01
3.994042e-02
1.112375e-01
-1.195653e-01
1.087142e-01
-1.283234e-01
9.550140e-02
-9.364243e-03
8.978236e-02
-1.622570e-02
-1.013237e-01
-4.770799e-02
6.155030e-03
4.661374e-03
-2.766238e-02
4.520933e-02
3.966107e-03
5.378825e-02
-1.106950e-01
3.019508e-02
-5.218724e-02
1.667329e-01
4.181304e-02
-4.584621e-03
3.924365e-02
4.543621e-02
7.822107e-02
6.150291e-02
3.202679e-02
8.713470e-02
2.602153e-02
3.012653e-03
-1.406993e-01
1.540967e-01
8.038760e-02
1.076699e-01
7.097000e-02
-7.929659e-02
-1.408046e-01
-5.866322e-02
5.049696e-03
-2.638062e-02
3.066793e-02
-6.147930e-02
1.718643e-02
-4.149891e-02
4.457616e-02
-1.211477e-01
-5.337818e-02
-2.964674e-02
-1.546806e-02
-1.267613e-02
8.375511e-02
-5.889810e-02
8.187531e-03
-3.229260e-02
-6.946567e-03
-1.093894e-02
7.778855e-02
-9.003012e-02
-1.167623e-01
-1.542422e-02
1.281311e-01
-2.666285e-03
1.415387e-01
1.781835e-01
2.971262e-02
-2.422175e-01
-3.723425e-02
6.585448e-02
-4.826822e-02
-3.295340e-02
-8.056734e-02
-6.980530e-02
-2.163822e-01
-2.558285e-02
1.063715e-01
-2.322566e-01
5.574948e-02
2.264317e-03
-1.556842e-01
-1.496185e-01
2.114915e-01
-2.450641e-01
-1.786101e-01
8.868723e-02
6.726856e-02
-7.856925e-02
-2.960434e-03
2.419211e-01
-4.230367e-03
1.151088e-01
-1.179510e-01
1.144033e-01
3.714551e-02
-4.123316e-01
-7.035524e-02
1.023113e-01
1.407443e-01
-3.672525e-02
1.051933e-01
-1.788285e-02
6.522594e-02
5.039071e-02
8.867214e-02
3.895958e-02
-9.466699e-02
7.604594e-03
1.750829e-01
-4.033006e-02
5.082385e-02
-1.522806e-02
-7.068503e-02
9.118174e-02
2.803847e-03
7.423934e-02
5.918510e-02
3.904376e-02
-7.451916e-02
6.524768e-02
2.849869e-02
8.447243e-02
-2.562600e-02
-1.730923e-01
-4.150711e-02
-1.533895e-02
-2.085934e-02
1.580829e-01
-1.292522e-01
7.579275e-02
4.516620e-02
-1.510965e-01
2.650550e-01
-1.042118e-01
6.225969e-02
9.649926e-02
6.133137e-02
-4.944139e-02
-1.237236e-02
-6.266055e-02
1.104111e-01
-3.118974e-02
-1.025794e-01
2.802982e-01
1.615163e-03
5.252441e-02
-1.579425e-02
-2.161852e-02
1.266878e-02
5.645458e-02
9.493665e-02
1.755400e-02
4.386431e-02
2.059524e-02
-7.971123e-02
-2.626322e-02
1.102051e-01
7.477065e-02
-3.036481e-02
-3.713089e-02
2.289115e-02
-2.259248e-01
3.392992e-02
-1.265252e-01
5.544313e-02
1.454252e-01
-2.536603e-02
1.879616e-01
6.864219e-02
-6.984199e-02
8.260922e-02
-6.659408e-02
5.073986e-02
2.916254e-02
3.694806e-02
-1.352189e-01
-2.379541e-01
-1.394160e-01
4.720985e-02
5.608784e-02
-6.431716e-02
-1.307474e-02
1.815987e-01
-1.905640e-01
-1.049884e-01
-2.164519e-02
2.952979e-02
1.077786e-01
-7.085971e-02
-1.462198e-03
1.215814e-01
-9.233063e-02
-7.127732e-02
1.299784e-01
-2.063064e-01
-7.653491e-02
-5.007405e-02
-1.798787e-01
1.972265e-03
-5.414008e-02
1.613243e-01
5.570846e-02
-1.781499e-01
3.602296e-02
-7.382854e-02
3.591904e-02
7.369995e-02
7.484654e-02
6.542499e-02
2.428584e-01
9.629360e-03
-1.413337e-02
3.433925e-02
1.249382e-01
7.236766e-02
-4.341025e-03
-3.492437e-02
4.866841e-02
9.996463e-02
-7.710604e-02
-2.012286e-01
2.412726e-02
7.455437e-02
-1.079747e-01
-5.400143e-02
2.481462e-01
-9.632634e-02
-2.609993e-01
5.344692e-02
-1.040665e-01
8.836159e-02
9.736485e-02
1.802815e-01
-3.746654e-02
2.147504e-02
2.404278e-02
-1.805802e-02
3.199235e-01
4.308163e-02
-1.723346e-02
1.392034e-01
-7.686608e-02
-3.461304e-01
-1.012414e-01
-1.788481e-01
-5.544373e-02
1.395721e-01
9.099148e-03
-8.364717e-03
3.322566e-01
2.776207e-02
3.117739e-02
1.412625e-02
6.945137e-02
1.390525e-01
1.716357e-02
1.207992e-01
-7.219201e-02
7.375336e-02
-3.555784e-02
-5.893633e-02
-7.823189e-02
-3.560710e-02
3.739499e-02
-3.615214e-02
-1.447209e-02
1.317230e-01
3.155402e-02
-3.073137e-01
-3.573199e-02
-9.499783e-02
8.812302e-02
3.593588e-01
6.319623e-02
-1.803139e-01
4.881267e-01
-4.530818e-02
1.169062e-02
-2.847763e-03
-7.960363e-02
5.890011e-02
-3.457261e-02
-6.896072e-02
1.930982e-02
-1.111480e-01
-4.150322e-02
3.323000e-02
-9.650019e-04
-5.854187e-03
-2.477138e-03
3.622988e-03
-1.238887e-01
2.048435e-02
5.254040e-02
-1.481532e-01
2.418416e-02
8.656508e-02
7.439286e-02
-3.588245e-02
7.769794e-02
6.995711e-02
1.505657e-01
6.217165e-02
-6.518041e-02
2.863761e-01
-3.312114e-02
-1.025677e-01
1.272139e-01
-9.241652e-02
-2.585246e-02
-3.581075e-02
4.971071e-02
-5.931586e-02
2.216795e-01
5.994132e-02
-9.525132e-03
-1.473326e-01
4.545115e-02
2.417527e-01
1.975019e-01
-5.462945e-03
5.826658e-02
-7.670310e-02
-7.112780e-02
2.915088e-02
-9.784413e-02
1.180626e-02
1.495050e-02
-1.642153e-01
3.799354e-02
1.304326e-01
-8.983018e-02
-1.364279e-01
-3.247800e-02
-4.831269e-02
1.245702e-02
9.126265e-02
1.455575e-01
-2.395128e-02
5.779184e-02
-2.010866e-01
3.070123e-02
-4.311185e-02
-6.374498e-02
-1.391019e-01
-7.242578e-02
1.088329e-02
2.445048e-02
1.231419e-01
-1.596020e-01
1.219484e-02
-2.180962e-01
6.783123e-02
-7.883140e-03
-1.264081e-01
1.097464e-02
1.752844e-01
5.286432e-02
1.321964e-01
-4.011170e-02
-2.282078e-03
3.035671e-01
-1.598177e-02
-1.441357e-01
2.715132e-02
4.170970e-02
-6.048081e-02
-7.990982e-02
-2.235777e-03
-6.129071e-02
-1.426619e-01
-7.122437e-02
-1.256875e-02
1.652641e-01
1.173362e-01
5.825866e-02
3.316005e-02
-3.265077e-02
4.550850e-02
-4.221151e-02
-7.621013e-02
3.018846e-02
-8.486059e-02
-1.388905e-01
1.261066e-01
-2.237114e-02
8.989386e-02
-2.121879e-01
-4.529355e-02
-9.834106e-02
7.119887e-02
-3.562601e-02
-1.191654e-01
-6.210007e-02
-2.427718e-01
4.511799e-03
1.189270e-02
-2.588964e-02
1.697215e-02
5.958533e-02
-2.291476e-01
5.253911e-02
-5.630779e-03
1.279434e-01
1.134485e-02
-1.463449e-02
3.990981e-02
-1.548999e-01
1.657172e-01
-2.425132e-02
-4.009614e-02
-1.909375e-01
-9.710705e-03
6.980637e-02
-1.160609e-01
8.400601e-02
-9.197833e-03
9.651659e-02
6.131285e-02
2.103341e-02
2.208632e-03
-3.164813e-02
4.547379e-02
7.952929e-02
-1.156739e-01
4.149730e-02
-2.844314e-02
-8.703984e-02
-9.520093e-02
8.028584e-02
-1.287906e-02
-2.589528e-02
-1.078733e-01
-1.591816e-02
-5.909590e-02
-3.660500e-02
5.491962e-02
3.288247e-02
-9.785094e-02
-1.425639e-01
1.750181e-01
-2.470391e-02
-5.474132e-02
1.468898e-01
3.749373e-02
-1.010896e-01
2.036988e-02
1.672139e-01
6.653102e-02
4.155748e-02
5.976429e-02
1.707608e-01
-1.360286e-01
9.248012e-02
7.265845e-02
-1.779904e-02
1.919432e-01
1.537232e-02
-4.335817e-03
-6.478764e-02
-1.451942e-01
7.167796e-03
4.127446e-02
8.622133e-02
7.950069e-03
-5.665123e-02
-1.339311e-01
-1.114797e-02
-1.257694e-01
1.558422e-01
2.906749e-01
2.309747e-01
7.976764e-02
6.715731e-02
-1.479419e-01
3.058394e-01
-7.117904e-03
-1.857199e-01
-7.780170e-02
5.127934e-03
-1.708344e-01
-1.625432e-02
-4.279930e-02
2.489872e-02
-9.097381e-02
1.038104e-01
-7.854868e-04
5.251686e-02
-7.971790e-02
-1.112923e-01
2.712915e-01
-6.343649e-02
-1.737677e-01
-7.937114e-02
-4.133815e-02
-1.575769e-02
-8.553546e-02
-1.534049e-01
-1.479917e-02
1.211580e-01
-1.811491e-01
4.982832e-03
-5.579230e-03
-2.014157e-01
-3.411967e-02
-1.457638e-01
-7.017276e-02
-3.726665e-02
-4.033971e-02
1.454647e-01
2.226126e-02
-1.383227e-01
1.040337e-01
2.299155e-02
4.609585e-02
1.020422e-01
1.440979e-01
3.945427e-02
-2.221225e-02
-2.833365e-02
-7.125049e-02
2.235990e-02
-8.857998e-02
4.820208e-03
1.366660e-01
-2.809310e-02
3.037754e-01
1.401894e-02
-3.389514e-03
1.372889e-01
-2.103125e-02
-6.177900e-02
-1.010982e-01
-2.403297e-02
5.446640e-02
1.437047e-01
-1.211765e-01
-6.631109e-02
7.463520e-02
-9.271410e-02
2.361730e-01
5.395752e-02
8.166794e-02
3.865081e-02
-1.417068e-01
-8.358282e-02
-4.853057e-02
-7.639595e-02
3.519856e-02
-2.065544e-01
2.594380e-02
6.396310e-02
4.395320e-02
-4.846641e-02
-7.030260e-02
1.718212e-01
-2.491396e-02
7.186530e-02
5.270115e-02
1.302000e-01
4.309718e-02
-2.996442e-02
-8.957747e-02
-1.154988e-01
-3.065749e-02
5.383426e-02
1.428925e-02
-1.748121e-01
-2.038653e-01
4.508842e-02
3.642107e-02
3.454334e-02
2.451876e-01
-6.413382e-03
1.143772e-01
-4.368989e-02
-4.530757e-02
3.388392e-03
4.753034e-02
2.483513e-01
-5.590240e-02
2.696182e-02
-5.511551e-02
3.426658e-02
-9.588482e-02
1.019337e-03
-3.743171e-02
1.082863e-02
1.185742e-01
-1.100815e-01
4.861004e-02
-6.016977e-02
-2.448410e-02
2.343686e-02
1.581843e-01
1.432482e-01
-7.534280e-02
-3.601360e-02
-1.010853e-01
3.888217e-02
6.992279e-02
5.173698e-02
3.344901e-03
1.314976e-02
-9.085529e-02
1.704711e-01
-9.367125e-03
9.084561e-02
-5.134891e-02
-1.359175e-01
1.428650e-02
-1.171967e-01
-9.893801e-03
9.813461e-02
1.561448e-01
1.162169e-01
2.248410e-02
7.435885e-02
-1.355069e-03
2.338779e-01
2.953630e-02
-1.929152e-02
-2.110682e-02
-8.423119e-02
-1.277990e-01
-1.113513e-01
1.150301e-01
-1.649900e-03
5.101819e-02
6.625441e-02
-3.646262e-02
-1.067968e-01
-2.942109e-02
6.253425e-02
9.870356e-02
-2.005931e-01
3.145497e-02
6.855337e-02
1.614181e-01
-2.576260e-02
-2.619918e-01
3.680161e-03
-8.474086e-02
-1.435633e-01
-1.474402e-01
1.497416e-01
-6.297814e-02
1.111258e-01
1.407607e-01
-3.336829e-02
2.743125e-02
1.841914e-01
3.674730e-02
-7.278237e-02
6.334566e-02
-9.024488e-02
-9.634487e-02
-7.759197e-02
-2.578875e-01
-1.521550e-01
-1.167158e-02
1.622328e-01
-7.314439e-02
2.760503e-02
2.224616e-02
4.716181e-02
8.406023e-02
1.992350e-01
-2.833658e-03
2.808761e-02
-4.897484e-02
-1.054465e-01
2.564626e-01
8.098283e-02
8.796015e-02
-2.342912e-03
1.039043e-01
-7.010416e-02
1.462040e-02
-5.685222e-02
-4.093323e-02
4.201738e-03
3.657057e-02
-4.212852e-02
2.226773e-01
-2.235291e-03
1.261169e-01
-4.120257e-02
1.560689e-01
-5.465092e-03
-7.949988e-02
-1.434394e-04
5.318210e-02
-1.402181e-01
1.106815e-01
6.753135e-02
-2.600835e-02
3.752971e-02
1.557285e-01
1.290973e-02
1.009721e-01
2.720045e-02
-8.130701e-02
-2.537682e-02
-1.153728e-02
5.112014e-02
-9.964089e-02
-1.768896e-01
1.094868e-01
-4.065169e-02
1.379979e-01
4.543437e-02
-1.041245e-01
4.593778e-02
1.715705e-01
-1.187821e-01
-3.153121e-01
7.466560e-02
2.546716e-02
-2.265931e-02
-5.931301e-02
1.706593e-02
8.771215e-02
-1.327110e-01
-4.899439e-02
1.853876e-01
-3.222702e-02
-1.627303e-02
1.446597e-01
5.072729e-02
7.275177e-03
-1.045050e-01
-4.013822e-02
-1.459487e-01
-9.740879e-02
-6.516582e-02
5.208427e-02
-1.295185e-01
-9.539074e-03
-6.232610e-02
1.077408e-01
-2.624809e-02
9.701886e-02
-7.761360e-02
1.858053e-02
1.697954e-01
-1.479591e-02
9.884711e-02
-9.828070e-02
1.600583e-02
4.624529e-02
6.736356e-02
3.531689e-02
-4.642965e-03
1.094707e-01
1.722568e-02
-6.363076e-03
1.958091e-02
7.172924e-02
1.256625e-01
1.122215e-01
-1.784527e-02
-2.819168e-02
-4.239372e-03
-2.516806e-02
-4.446806e-02
-7.608766e-02
3.213728e-03
6.449781e-02
1.619266e-01
9.784862e-02
-9.418920e-02
1.132464e-01
-1.230369e-01
7.213431e-02
-2.717750e-03
-6.681384e-02
8.991528e-02
3.139057e-02
-1.051652e-03
-5.597978e-02
-1.009479e-02
2.064965e-02
1.882361e-02
-4.194358e-02
1.594418e-01
-1.062881e-01
-1.982403e-02
-2.984962e-02
3.437454e-03
-8.630329e-02
1.709842e-03
9.533644e-02
-3.847783e-02
4.665078e-02
-1.486180e-01
-7.813033e-02
9.076265e-02
-3.775789e-02
6.048429e-02
-6.702301e-02
-1.372872e-01
-3.914823e-02
-2.081633e-01
1.874715e-02
-8.149081e-02
1.757579e-01
-6.962363e-03
-9.657411e-02
1.641395e-02
2.481286e-02
2.880790e-02
-2.495742e-01
-6.313609e-02
4.620185e-02
-4.154093e-02
1.763995e-01
-4.369727e-02
4.947533e-02
1.372777e-02
1.155344e-02
1.642567e-01
-5.820552e-03
-2.043230e-01
-1.268668e-01
1.377115e-03
3.115692e-02
8.201396e-02
1.169665e-01
2.272170e-02
7.258379e-02
6.081631e-02
1.406461e-01
-1.601502e-01
9.024721e-02
-3.788412e-02
-1.069035e-01
-5.509645e-02
9.090430e-02
5.212094e-02
-1.136051e-01
-3.043354e-02
8.333380e-02
6.807552e-03
-8.874283e-02
-1.359550e-02
-2.575601e-02
4.788180e-02
-1.261356e-01
-2.234955e-02
-1.234278e-01
-8.297098e-02
4.839504e-01
-7.097448e-02
5.517711e-02
-2.834421e-02
-2.004862e-03
-1.931148e-01
8.468135e-02
-1.631944e-01
3.853451e-02
2.431622e-02
-6.328701e-03
4.102971e-01
-5.069683e-02
-6.711233e-02
3.268059e-02
-1.182608e-01
-3.296211e-03
-5.248965e-02
-8.062033e-02
2.743970e-02
-6.282082e-02
4.735284e-02
4.212424e-02
3.014972e-02
-2.022213e-01
-1.334221e-01
9.283641e-03
4.592711e-02
-1.713733e-01
-2.145793e-01
6.402652e-02
-1.764893e-02
-9.538919e-02
2.237172e-01
-1.049164e-01
6.757464e-02
2.782319e-01
-1.960509e-01
-2.410205e-02
-7.051833e-02
1.072177e-01
-9.340476e-02
-9.485451e-03
-1.281830e-01
-1.517715e-01
1.551053e-02
4.786509e-02
-1.409089e-01
-1.337344e-02
-1.268581e-01
1.429557e-02
9.237601e-02
3.164964e-02
-4.485438e-02
-1.731796e-03
8.721361e-02
1.086464e-01
1.774668e-01
-4.026441e-02
1.557712e-02
-1.038019e-01
-1.115207e-01
-7.089345e-02
5.539799e-02
1.173090e-01
-8.923397e-02
2.303150e-01
2.686375e-01
-1.854754e-01
-1.854653e-01
2.559413e-02
7.444397e-02
1.702514e-01
7.762938e-02
-9.124027e-02
-2.433805e-02
-8.270995e-02
-5.694308e-02
-5.381250e-02
-4.488385e-02
8.123719e-02
-3.318428e-02
-2.377593e-01
2.435488e-02
-2.975916e-01
-3.039363e-02
2.085486e-01
-1.368110e-01
2.502890e-02
-1.020794e-01
-1.948856e-01
1.298874e-02
4.066590e-03
-1.718126e-01
-4.211561e-02
1.697136e-01
-6.476807e-04
-1.997423e-01
6.566974e-02
-2.123818e-01
2.926732e-02
9.709287e-03
1.175551e-01
-5.337005e-02
1.869414e-03
2.732031e-02
5.061282e-02
7.524205e-02
-5.457149e-02
8.781538e-02
3.518092e-02
-7.391912e-02
1.209768e-01
-6.403386e-02
-9.456934e-02
-2.789168e-02
1.116252e-01
2.325094e-03
6.309427e-02
1.060591e-01
-2.513932e-01
1.207284e-01
6.236146e-02
7.143249e-03
7.340764e-03
1.995911e-01
1.021386e-02
4.810939e-02
-8.067528e-03
-3.274281e-02
-8.507619e-02
-6.765688e-02
-5.739926e-02
-3.351511e-02
-2.300201e-02
-3.301856e-02
1.456466e-02
2.648707e-02
2.259193e-02
9.017414e-02
1.137818e-01
-4.347097e-02
3.349331e-02
4.182314e-02
-1.966605e-03
3.446510e-02
-3.495675e-02
4.243910e-02
-8.509750e-02
-1.925161e-01
4.926331e-02
-1.666070e-01
-1.213840e-01
4.869541e-02
-1.168950e-01
1.861209e-02
-2.874549e-02
3.777087e-02
-2.707225e-02
3.427438e-04
-6.512362e-02
-5.098884e-02
1.567479e-01
-1.243167e-01
1.213361e-01
-4.358819e-02
1.038383e-01
-7.505842e-02
-3.270365e-02
1.865137e-01
1.196359e-01
8.200049e-02
1.742749e-01
1.120772e-02
1.882037e-02
-6.654738e-02
5.623266e-02
3.565710e-02
-3.309594e-02
-6.861772e-02
2.970533e-02
-5.440024e-02
6.453950e-02
1.041515e-01
-3.825353e-02
-2.069256e-03
9.631190e-02
-1.382230e-01
4.447857e-02
8.194765e-02
-7.080533e-02
-6.056310e-02
4.939029e-02
-9.335960e-02
-5.271324e-02
-7.500336e-02
-1.064955e-01
-4.035457e-02
2.520406e-02
1.442379e-01
4.933343e-02
-7.162730e-02
2.185405e-01
-5.919892e-02
3.189138e-02
2.757013e-01
3.292709e-02
1.397965e-01
-1.127466e-01
6.564556e-02
-1.073117e-01
-1.561906e-01
-8.308610e-02
2.726309e-02
1.162640e-01
1.872637e-01
1.681788e-01
-1.084226e-01
-1.396859e-02
5.098830e-02
-2.985271e-02
-1.533162e-01
8.757473e-02
7.368974e-02
-1.052730e-02
-9.633452e-02
3.979106e-02
3.558023e-02
6.631416e-04
1.044723e-01
7.896511e-02
-1.253621e-01
8.211395e-03
-1.948263e-02
-2.222900e-02
-1.493188e-01
1.785144e-01
4.808727e-02
-1.052463e-01
-8.310749e-02
3.047452e-01
5.072568e-02
-4.369056e-02
-2.300210e-02
1.039072e-01
-1.137214e-01
-1.106110e-01
7.719932e-02
-2.082416e-01
2.440724e-02
3.436565e-02
1.197387e-01
-1.418954e-01
-2.260939e-01
-3.392012e-02
-1.897861e-02
1.622972e-02
2.747038e-02
1.300942e-01
-8.877250e-02
-4.397657e-02
-6.417880e-02
5.555899e-02
7.091037e-02
1.219390e-01
-2.004993e-02
-1.570862e-01
1.626016e-02
-1.474713e-02
6.626280e-02
-3.488205e-02
-1.400356e-03
7.061667e-03
-7.595810e-02
-1.267918e-01
1.339411e-01
-7.428751e-02
-4.073495e-02
-1.861675e-02
-3.147821e-02
-1.287699e-01
1.110196e-01
-1.114144e-03
-1.734576e-02
3.145212e-02
9.752558e-02
6.826865e-02
3.443731e-02
6.300367e-02
-4.547567e-02
2.777519e-01
1.802499e-01
8.758806e-03
3.963163e-02
1.079880e-01
2.629927e-02
-2.241478e-01
-6.995118e-02
1.097831e-01
2.951103e-02
-7.862026e-02
1.121126e-01
-1.966213e-02
1.114280e-01
-2.162889e-02
-1.452397e-02
3.420827e-02
8.251420e-03
-6.765443e-02
8.067647e-02
1.893734e-01
2.848778e-02
1.163814e-01
-4.935104e-02
-1.181037e-01
-5.278493e-02
-1.386123e-01
3.540610e-02
3.633470e-01
-2.042772e-01
-5.677580e-02
-1.203827e-01
7.311021e-02
-1.428516e-01
-1.066057e-01
2.971351e-02
-1.221698e-02
-2.165699e-02
-4.139150e-03
1.085596e-01
1.178997e-01
3.008575e-01
1.023081e-01
-6.037320e-02
-7.441559e-02
-1.176696e-02
6.621381e-02
1.578928e-02
2.621147e-02
-8.042111e-02
-2.188570e-02
-8.087983e-02
-4.024606e-02
1.157756e-02
7.163684e-02
3.846524e-02
7.236231e-02
-4.782615e-02
-1.349829e-01
6.028211e-02
2.792181e-02
1.718915e-01
-2.302525e-02
-2.060476e-01
-1.030044e-01
-1.195379e-01
-8.040161e-04
-1.630702e-02
7.793836e-03
8.291986e-02
2.276659e-02
-6.223138e-02
-8.063470e-02
-1.092444e-01
6.083607e-02
-2.437450e-02
-9.405065e-02
-7.099906e-02
-1.224151e-01
6.680015e-02
1.015705e-01
4.936257e-02
-1.039935e-01
-6.163597e-02
7.874528e-02
-7.350241e-02
-1.538283e-02
-4.991392e-02
2.752684e-01
1.159554e-02
-2.377038e-02
-4.866820e-02
4.598599e-02
7.438678e-04
-4.081474e-02
-1.248597e-02
-1.424394e-01
-2.842595e-01
-1.228328e-01
-1.822029e-02
-1.221416e-01
-1.213907e-01
8.589444e-02
6.452259e-02
-2.088037e-01
-7.916730e-02
-4.873335e-02
-1.366276e-02
-3.701156e-04
-4.531766e-02
-5.403758e-02
-5.207218e-02
-2.641953e-02
2.063719e-03
-2.935095e-02
-6.680781e-02
2.595066e-02
3.171044e-01
-4.044036e-02
-3.030237e-02
-7.648128e-02
-1.473004e-02
-1.109097e-04
-6.427335e-02
-5.084427e-03
4.796331e-02
-6.285270e-02
-3.300425e-02
7.750516e-02
-6.085743e-03
1.330755e-02
-5.253219e-02
-6.440857e-02
1.598705e-01
-3.299320e-02
2.061151e-03
8.475395e-02
-5.062988e-02
5.111551e-02
2.292963e-02
1.012610e-02
-2.071696e-02
3.835230e-02
2.588663e-02
1.067330e-01
2.035326e-01
-6.665006e-02
-1.413527e-01
2.189674e-02
-7.188435e-02
7.461226e-02
4.029727e-02
-1.092736e-01
1.468882e-02
3.961968e-02
-6.053964e-03
3.087192e-02
-3.617699e-02
-5.743811e-02
-9.868145e-02
-5.147103e-02
-9.531003e-02
-6.540301e-02
-4.089145e-02
5.224501e-02
-5.441585e-02
-1.255789e-01
-7.054641e-03
1.073261e-01
2.548485e-02
-7.942542e-02
1.549957e-01
1.137733e-02
-7.634697e-02
1.092124e-02
-1.195376e-01
2.158657e-01
-4.811427e-02
6.647081e-03
1.698311e-01
-1.884792e-01
-7.720653e-02
3.361181e-02
-3.314087e-01
-4.244190e-02
5.180711e-02
1.506458e-01
-1.971473e-02
9.472849e-02
-6.008239e-02
-1.786209e-01
1.821409e-02
5.847508e-02
-1.583884e-02
-2.869393e-02
3.990195e-01
-1.565076e-01
9.115896e-02
-5.680319e-02
3.158055e-02
1.643099e-01
2.496486e-01
-9.844209e-02
-8.817099e-02
1.499949e-01
-1.355743e-01
-8.351542e-02
-2.045359e-02
-1.572754e-01
1.479394e-02
-8.609594e-02
1.187847e-02
1.351335e-02
7.740416e-02
2.691690e-02
-1.921647e-02
-3.819229e-02
4.491743e-02
-1.856871e-02
-8.906178e-04
3.840544e-02
4.121795e-02
-5.112221e-02
-9.920413e-02
-1.309477e-01
-9.853959e-02
-6.226921e-02
4.444486e-02
8.401299e-02
-1.186578e-01
2.781617e-02
-1.916492e-02
5.098125e-02
-5.862638e-03
-9.990078e-03
5.285127e-02
-5.140800e-02
-9.160891e-02
-6.572821e-02
-5.240882e-03
2.129580e-01
5.102139e-02
-7.965916e-02
-3.044930e-02
1.766969e-01
-1.473605e-03
2.701960e-02
8.957995e-02
-6.876145e-03
-4.223606e-02
1.241892e-01
2.585985e-01
-1.563497e-01
4.564222e-02
-2.631141e-02
1.509998e-01
-1.356808e-01
5.933957e-02
-1.792863e-01
6.346937e-02
-2.262201e-02
-8.031180e-02
1.142946e-01
8.756267e-02
1.486353e-01
-1.328684e-01
4.805408e-02
-1.705707e-01
-1.064387e-01
-1.950140e-01
2.072020e-02
-3.025367e-02
-1.678026e-01
2.123454e-02
-1.722961e-01
-1.040995e-01
-6.263739e-03
-1.047092e-01
1.243731e-01
-3.954884e-02
-4.374725e-02
-5.870300e-03
2.854554e-02
1.465104e-02
8.289170e-03
-1.489040e-02
-4.745506e-02
-2.395664e-01
8.134558e-03
-4.714157e-02
6.807140e-02
-1.469908e-01
6.430316e-02
3.897242e-02
1.918452e-01
-3.941530e-02
-3.964683e-02
6.951633e-03
1.617160e-02
9.212750e-02
2.412518e-01
1.099477e-01
-1.044170e-01
1.104333e-01
6.616518e-02
-5.245055e-02
-9.688865e-02
-1.798214e-02
7.660419e-02
-8.937613e-02
-8.277883e-02
-5.143039e-02
7.449847e-02
-1.821034e-02
-8.613343e-02
-4.326954e-02
1.498023e-02
-9.422868e-02
5.568323e-02
-4.024761e-02
-1.158288e-01
5.001555e-02
8.696423e-02
-2.397822e-02
-4.634418e-02
6.460236e-02
-3.665585e-02
-6.834564e-03
-7.640669e-02
1.847187e-01
3.966337e-02
1.156297e-01
-7.416458e-02
-2.754355e-01
-9.135900e-02
5.871223e-02
-9.615041e-02
1.122676e-02
1.738422e-01
-7.747339e-02
1.066070e-01
-4.390445e-02
-4.835446e-02
-5.321512e-02
2.884799e-02
-3.609433e-02
2.119970e-02
-1.200850e-01
-6.005782e-02
-8.535194e-02
-1.271474e-02
7.740881e-02
2.130358e-02
-8.389302e-02
-1.211069e-01
7.885791e-02
-5.278192e-02
7.519308e-03
-3.849863e-02
1.468299e-02
2.520441e-01
-2.068616e-02
8.077978e-02
-3.909194e-02
-1.912416e-02
3.171998e-02
3.684373e-03
-1.260935e-01
-1.436086e-02
-3.112558e-02
-1.097629e-01
-7.513563e-04
3.686564e-02
-1.580054e-02
-2.173256e-02
1.283502e-02
-7.117518e-02
-1.548464e-01
3.582003e-02
-3.148074e-02
-2.159309e-02
-1.750864e-02
-6.739181e-02
1.006844e-01
6.111161e-02
-2.549999e-01
5.950319e-02
8.138904e-02
2.619739e-02
1.299956e-01
-9.187274e-02
1.064880e-01
2.411757e-02
8.797638e-02
-9.576759e-05
8.740049e-02
6.163195e-02
3.164146e-02
-1.174321e-01
6.840506e-02
-2.055779e-03
-6.860666e-02
-1.168242e-01
1.570700e-01
6.998563e-02
-7.198470e-02
-7.254861e-02
5.762782e-02
-1.634406e-02
-1.251695e-01
7.800181e-02
1.501541e-01
-1.870933e-01
-1.783687e-02
-1.469613e-01
1.047067e-01
-1.672196e-01
-4.404169e-02
-7.986737e-02
8.266483e-02
2.858087e-02
2.259225e-03
-7.536993e-02
-4.447796e-02
1.060104e-01
8.939966e-02
4.811377e-02
2.098720e-01
8.553115e-02
7.362853e-02
-1.411493e-02
-1.460578e-02
3.904583e-02
-1.627816e-01
-8.306501e-02
-6.367481e-02
-7.310830e-02
-4.418603e-02
-1.152991e-03
2.665216e-02
-8.253518e-02
-1.151945e-01
-1.911213e-01
-2.032791e-02
6.486163e-02
4.484854e-02
-2.189406e-01
-8.637452e-02
3.655397e-01
-2.100171e-01
6.627172e-02
-1.065029e-01
8.354221e-02
-1.695490e-01
4.628713e-02
-6.285011e-03
-1.668864e-01
-5.169598e-02
-4.044828e-02
-6.719939e-02
1.320214e-03
7.735426e-02
6.567302e-02
-1.392084e-01
-1.234706e-01
-1.776589e-02
4.034702e-02
-1.759081e-02
4.505812e-02
1.107654e-01
2.425241e-01
-5.330972e-02
3.084798e-02
-3.967588e-02
-1.775508e-02
1.071662e-01
-5.672144e-02
-1.706089e-03
1.118919e-01
-2.099827e-02
-8.729870e-02
-5.511981e-02
-4.793754e-02
-8.913304e-02
1.623562e-01
-9.597535e-02
-2.283246e-02
4.580664e-02
-1.360395e-01
-1.401481e-02
-1.216959e-01
-9.951343e-02
6.432544e-02
-5.857254e-02
4.586110e-02
-7.478128e-02
5.236282e-02
-8.425216e-02
-1.761986e-01
4.329723e-02
1.791630e-01
5.520989e-02
1.222755e-01
-1.580046e-01
3.083505e-02
-4.970573e-02
-1.573097e-01
8.083159e-02
1.231014e-01
4.415331e-02
-4.204455e-02
-6.057764e-02
-1.573668e-01
-7.578262e-02
2.750762e-01
-1.307176e-01
3.168683e-02
-5.839715e-02
-1.284861e-01
-1.419080e-01
4.458291e-02
-1.222298e-01
5.482255e-02
3.998497e-02
-2.782524e-02
1.430643e-01
2.185890e-02
-8.048972e-03
2.716825e-01
-1.119135e-01
-6.758172e-02
6.884358e-02
-1.799735e-02
1.604764e-02
1.116889e-01
7.533646e-02
4.973716e-02
1.118656e-01
-6.120158e-02
-1.784294e-02
3.433333e-02
-4.255527e-02
-3.602761e-02
4.831271e-02
-7.461449e-02
-1.681578e-01
-1.934115e-01
4.393151e-02
-7.523702e-03
1.007956e-01
2.931214e-02
8.882540e-03
1.442173e-01
4.607857e-02
2.027993e-03
6.650966e-03
-1.005459e-02
2.909172e-01
6.121895e-02
1.764935e-01
3.618008e-02
2.888165e-02
