-5.928682e-01
2.592801e-01
3.680170e-02
-5.721873e-01
3.330181e-01
-1.693216e+00
-4.425546e-01
-3.680903e-01
3.221839e-01
-3.558427e-01
-9.336458e-01
2.371007e-01
-2.206338e-01
-4.945640e-01
6.442614e-02
4.930554e-01
-7.141351e-01
9.166950e-02
2.121572e-01
9.424927e-02
4.411291e-01
-1.724388e-01
-2.545701e-01
-4.091358e-01
9.068134e-02
4.392173e-01
-3.284809e-01
9.545435e-03
2.281310e-01
2.322910e-01
-3.321756e-01
2.933227e-01
3.967550e-01
-3.947213e-01
3.965010e-01
-4.165818e-01
7.298753e-02
-2.163050e-01
-5.781546e-01
3.444905e-02
-5.774245e-01
2.220488e-01
4.316569e-02
1.975824e-01
2.729997e-01
-4.479066e-01
4.334393e-01
1.370075e-01
-3.743587e-01
-9.155743e-01
3.312952e-01
-4.415840e-01
-1.711866e-01
-2.468420e-01
-3.964636e-02
1.343949e-01
-4.443380e-01
-4.861991e-02
-6.856027e-02
-9.544276e-02
-9.616838e-01
-1.698384e-01
1.253438e-01
4.890942e-01
