-2.180101e-01
-1.488847e-01
-1.367011e-01
-7.943396e-02
-2.430964e-01
-1.304406e-01
-4.639356e-02
-3.203622e-01
-2.745605e-01
-3.943737e-01
-2.526917e-01
-1.711892e-01
-1.319346e-01
-2.062300e-01
-1.046638e-01
-3.190058e-01
-2.411076e-01
-1.138126e-01
-2.644072e-01
-1.941918e-01
4.668289e-02
-3.381875e-01
-2.715895e-01
-2.097025e-01
-7.476707e-02
-9.448170e-02
1.316371e-01
-8.623936e-02
-2.337271e-01
-3.308021e-01
-2.108760e-01
-8.207669e-02
-2.681684e-01
-2.194185e-01
-1.756998e-01
-1.975573e-01
-3.715883e-01
-2.914017e-01
4.161863e-04
-2.992794e-01
4.878246e-02
-3.319239e-01
-1.894626e-01
-2.967877e-01
1.919135e-02
-3.607987e-01
5.633023e-02
-2.117879e-01
-2.799554e-01
-3.217799e-01
-8.035164e-02
-2.006284e-01
-2.843920e-01
-1.946470e-01
-2.039137e-01
-2.375573e-01
1.942981e-02
-2.242833e-01
-3.069297e-01
-2.434895e-01
-2.359214e-01
-2.074263e-01
-2.540686e-01
-2.154545e-01
