1.403280e-01
-5.235814e-01
4.445357e-01
-1.311712e+00
-1.777691e+00
-1.152158e+00
-1.529607e+00
-8.169268e-01
-6.467388e-01
-3.621068e-01
-1.018983e+00
-1.440400e+00
5.365001e-01
1.233682e+00
-3.182302e-01
-1.189927e+00
-3.127703e+00
-1.831317e+00
-8.845793e-01
-5.450324e-01
-1.023171e+00
-6.448092e-01
7.650937e-01
-1.194694e+00
1.262282e+00
1.467174e+00
1.237206e+00
8.525638e-01
-2.010305e+00
2.758707e+00
-1.946444e+00
-7.922686e-01
-8.026153e-01
-2.787166e-01
-5.681075e-01
5.040516e-01
-1.418047e+00
-1.197266e+00
3.093786e-01
1.047846e+00
-5.951200e-01
-2.073567e-01
-2.677193e+00
-1.452635e+00
3.263662e-01
2.426794e-01
-4.389544e-02
-7.410799e-01
-7.364613e-01
1.845457e+00
-6.577639e-01
1.305860e-01
5.724651e-01
-3.414577e-01
-2.418757e+00
-1.186057e+00
-5.102628e-01
5.841999e-01
-6.382037e-01
-2.859160e+00
-2.586753e+00
8.801696e-01
-1.518347e+00
-1.036430e+00
