-1.060498e-02
1.118892e-02
9.847022e-03
1.442033e-04
-4.192794e-03
4.087005e-02
2.648098e-03
2.367596e-03
4.311499e-03
7.633658e-03
2.021977e-02
3.402205e-02
2.498929e-03
2.551453e-02
3.149640e-02
-4.888800e-03
1.295681e-02
2.569905e-03
1.119100e-02
8.238779e-03
1.607013e-02
3.014296e-02
3.231134e-02
2.878155e-02
3.006826e-02
2.278982e-02
2.077837e-02
-5.625357e-03
-9.297822e-03
-7.063671e-03
-1.155368e-02
-1.522215e-02
-1.189623e-02
-8.208180e-03
-1.172858e-02
-8.387656e-03
4.380223e-03
-3.331402e-02
-2.137711e-02
-1.317362e-02
-4.733249e-02
-8.658736e-03
-4.690440e-03
-5.093044e-02
-2.517363e-02
1.355827e-02
3.354624e-03
1.217146e-02
2.282414e-02
1.032083e-02
2.119461e-02
-3.396011e-03
-5.536154e-03
1.585879e-03
-2.188059e-02
-2.499492e-02
-1.593069e-02
-1.694695e-02
-1.792065e-02
-1.783215e-02
-8.386760e-03
-9.262070e-03
-6.214043e-03
-1.455275e-02
-6.506393e-03
-2.419304e-02
6.506959e-03
8.877087e-03
-2.877099e-02
4.333793e-03
1.467357e-02
-1.255156e-02
4.128054e-03
7.510244e-03
-6.233733e-03
-1.398997e-02
5.168484e-03
2.950698e-03
7.879058e-03
-1.624203e-02
-2.006828e-03
-4.622478e-02
-6.954289e-02
-5.293175e-02
-8.425761e-02
-1.078603e-01
-8.959753e-02
-6.970619e-02
-9.378939e-02
-7.403618e-02
1.279247e-02
-4.121563e-02
-2.379768e-02
5.789019e-03
-1.383490e-04
4.086639e-02
-2.962808e-02
2.164458e-02
5.996441e-02
-2.990277e-03
2.629435e-02
-1.229006e-02
3.179932e-02
9.904999e-03
6.734246e-03
2.447053e-02
3.865400e-02
3.155315e-02
-1.705045e-02
-1.513225e-02
3.364510e-03
-8.483429e-03
-3.871079e-02
-1.269360e-02
-1.177253e-02
-1.143491e-02
8.517773e-04
1.964527e-02
3.604680e-02
1.927759e-02
-4.254492e-02
-2.018541e-02
-9.484996e-03
-2.113674e-02
-1.151766e-02
8.638587e-04
1.272732e-02
4.689145e-03
-1.714986e-02
1.848143e-02
1.045262e-02
-7.302187e-04
-3.102595e-02
-2.667899e-02
-2.596938e-02
-1.797605e-02
-1.065281e-02
-1.403005e-02
-2.342110e-02
9.428043e-04
-8.924514e-03
2.835075e-02
3.437087e-02
6.692084e-02
-1.284867e-03
1.284774e-01
3.368710e-02
-1.048905e-01
-4.828882e-02
2.040149e-02
-7.063055e-02
6.532712e-04
3.086544e-02
4.477694e-02
-4.107281e-02
-9.208951e-02
-3.399492e-03
-3.356021e-02
-5.268185e-02
-8.123932e-03
1.049204e-02
-1.903711e-02
-4.948888e-02
-8.915809e-03
1.635173e-03
-4.600903e-02
-1.643753e-02
-2.129847e-02
-2.610239e-02
7.909383e-03
-4.924471e-03
-2.390088e-03
2.929080e-03
-6.809912e-03
1.962839e-03
8.723137e-03
-6.475887e-04
1.052788e-03
6.828453e-03
-2.341217e-03
-4.478981e-02
-1.383787e-01
-1.138779e-01
-1.745137e-01
-1.610695e-02
-2.751593e-02
-8.684784e-02
-1.477505e-01
-1.203530e-01
-1.484895e-02
1.056053e-02
-4.731141e-02
7.028562e-02
-4.867833e-02
2.353292e-02
4.559764e-02
-1.376811e-02
5.142587e-02
5.595959e-03
1.462769e-02
1.512254e-03
3.462835e-02
3.972256e-02
1.612123e-02
2.077700e-02
1.067286e-02
4.865467e-03
-1.273373e-02
-1.850474e-02
-4.818165e-02
-1.525103e-01
-6.933628e-02
-2.973346e-02
-8.512125e-02
-1.708405e-02
-4.821967e-02
4.197356e-02
-6.349491e-02
-4.469463e-02
6.735753e-02
-7.478976e-02
-3.723733e-02
5.798086e-02
-2.507969e-02
3.982001e-02
-3.888690e-02
1.356677e-02
-6.102425e-02
-1.110280e-02
3.934496e-02
-3.402421e-02
1.121194e-02
6.497035e-02
-5.114603e-03
3.516657e-02
-2.857986e-02
-3.493400e-02
1.430576e-01
-5.677314e-02
-1.316831e-01
6.851399e-02
3.750055e-02
-7.850315e-02
4.564549e-02
-2.524843e-02
3.442865e-03
-3.016419e-03
8.911838e-04
-8.680847e-02
-4.366240e-02
-8.258726e-02
-4.552352e-03
-9.120347e-02
5.795380e-02
9.531952e-02
-1.028615e-01
4.898733e-02
4.974594e-02
-2.440116e-02
-3.647944e-02
-3.545479e-03
7.342412e-02
6.403995e-02
-1.202339e-02
3.042493e-02
-1.767589e-02
-9.641747e-03
4.504425e-02
-7.122084e-02
5.360254e-02
-2.888033e-02
8.751563e-04
2.083662e-02
-1.048992e-01
-4.862180e-02
-3.833792e-02
-1.046391e-01
-7.837836e-02
-2.523188e-02
-5.656181e-02
-8.625091e-02
1.275487e-03
-2.050264e-02
4.852827e-02
-1.483340e-02
-5.340547e-02
-1.223734e-01
-5.566341e-02
2.796899e-02
9.229922e-02
5.262209e-02
5.020174e-02
1.231513e-01
3.501492e-02
-8.283246e-03
2.838095e-02
-2.534245e-02
-1.143066e-01
-7.846087e-02
-2.240748e-02
-2.592890e-02
-2.563577e-02
2.184310e-02
5.692248e-02
4.060295e-02
7.032645e-02
4.787887e-04
-8.580363e-03
2.314845e-02
-4.143332e-02
-5.638228e-02
-2.581573e-02
-7.742952e-02
-7.292914e-02
-6.618483e-02
7.671193e-03
-1.086378e-03
1.519652e-03
8.459637e-03
-2.414808e-03
1.810173e-03
-4.236896e-03
-1.415872e-02
-9.778500e-03
-4.821899e-02
-4.516342e-02
-1.144581e-02
3.707149e-02
3.970784e-02
-7.231696e-02
2.072628e-02
6.151564e-02
1.117850e-02
-1.350925e-02
-2.930471e-02
-4.938613e-02
-3.524537e-02
-6.875232e-02
-7.621346e-02
3.199217e-02
3.439184e-02
1.756717e-02
8.485428e-02
8.815002e-02
6.518649e-02
1.806958e-02
-4.046649e-03
-9.644311e-03
-1.024419e-02
-3.618029e-03
-1.881110e-02
-4.675921e-02
7.179769e-02
9.413040e-02
6.071428e-02
1.562328e-01
1.374620e-01
4.787942e-02
1.147768e-01
1.857410e-03
-3.278291e-02
-5.006623e-02
-7.751734e-02
4.631647e-02
7.555118e-02
-2.014434e-03
-4.077403e-02
1.943380e-02
2.303120e-02
5.660684e-02
-1.406402e-02
2.368130e-03
2.118494e-02
-5.593922e-02
-3.254406e-02
-5.056773e-02
-1.264482e-01
-1.045367e-01
2.532580e-02
2.224247e-02
-4.290234e-02
-2.329758e-02
1.439160e-01
3.536517e-02
-1.145599e-01
2.002506e-02
-3.084436e-02
-1.407109e-01
-1.093063e-01
-1.981280e-02
-1.054393e-01
-2.758002e-02
-1.154165e-03
-8.835532e-02
-1.606360e-02
4.532190e-02
-3.635207e-02
-1.078944e-01
-1.138488e-01
-8.026811e-02
-3.008328e-02
-6.440707e-04
-1.912096e-02
-7.967450e-02
-4.882265e-02
6.798488e-02
1.483552e-01
1.419325e-01
7.088927e-02
3.310228e-01
3.495969e-01
-1.963395e-02
7.209473e-02
8.811821e-02
-5.012396e-02
-6.878835e-02
-7.745673e-02
1.246676e-01
1.328050e-01
-1.015587e-02
1.161926e-01
1.277008e-01
-3.951881e-02
6.447615e-02
2.624229e-01
1.876792e-01
1.101318e-01
2.455155e-01
2.241349e-01
1.140245e-01
3.889086e-01
3.025035e-01
-4.509302e-02
-1.028004e-01
-8.347023e-02
-1.234531e-02
-8.601850e-02
-1.111265e-01
-3.907396e-02
-8.356580e-02
-9.989882e-02
5.693135e-02
4.963119e-02
2.077890e-02
2.124145e-02
3.165386e-02
4.287656e-02
6.699967e-02
-2.170000e-04
9.753153e-02
4.579447e-02
5.599376e-02
1.923429e-02
-9.963651e-03
1.034986e-02
-9.971634e-03
-6.352597e-02
-7.005172e-02
-6.297316e-02
1.020914e-03
3.098218e-03
2.776261e-03
-4.204042e-03
-2.231070e-03
-3.251903e-03
-6.152208e-03
-4.599247e-03
-5.682554e-03
-6.700717e-02
-7.711109e-02
-2.514967e-02
6.812569e-02
-8.846465e-02
-2.840925e-02
-9.854552e-03
3.135460e-02
-7.468072e-03
-3.597384e-02
-8.204458e-03
-7.600162e-02
-1.912511e-02
1.570020e-02
-7.934818e-03
3.082360e-02
5.763760e-02
4.574093e-02
-2.887285e-02
-6.042435e-03
1.757737e-03
-2.074329e-02
-1.862015e-02
-6.528414e-03
5.106946e-04
-2.000009e-03
6.433715e-03
4.678440e-02
-1.228820e-02
-3.078297e-03
9.666908e-02
9.245434e-02
-1.735331e-02
5.054217e-04
6.105577e-02
1.935513e-02
-2.940455e-02
-3.963902e-02
7.765861e-02
-2.997875e-02
-8.453396e-02
3.306983e-02
6.296564e-03
-6.352554e-04
3.217827e-02
1.833353e-02
5.220092e-02
4.457981e-02
-6.533698e-03
2.621254e-02
1.620582e-02
-4.046699e-02
-1.265656e-02
-2.267637e-02
-3.627652e-03
-4.372422e-02
-3.541584e-02
-1.538795e-02
-1.261221e-02
6.063623e-03
1.446340e-02
-3.162484e-02
-2.748792e-02
-3.533569e-02
-4.268945e-02
7.988013e-02
5.380581e-02
-4.302546e-02
-5.347190e-03
4.941488e-02
4.283651e-02
7.756075e-02
9.428672e-02
1.776362e-02
-8.463806e-02
9.734295e-02
4.041281e-02
-2.537346e-02
1.071603e-01
1.771719e-02
1.122770e-02
-2.350041e-02
-6.275927e-02
-5.317464e-05
-1.215682e-01
-1.130892e-01
-9.980765e-03
-5.029405e-02
-5.043200e-02
-2.929622e-02
-9.743732e-02
-8.328354e-02
-2.971346e-02
-2.273948e-02
-3.009819e-03
9.617711e-03
-3.834928e-03
-7.295414e-03
1.581382e-02
-8.052002e-02
-3.294230e-03
4.416275e-03
-1.144437e-01
-1.761427e-01
-1.222520e-01
-1.200039e-01
-6.579188e-02
3.189728e-02
1.233558e-02
-4.512686e-02
3.343713e-02
2.310647e-03
-1.666438e-04
-1.613120e-02
-3.680478e-02
-2.115704e-02
9.591267e-03
5.264051e-03
1.156883e-02
1.590198e-02
-4.615712e-02
2.610173e-02
5.430952e-03
-2.355097e-02
7.542077e-03
3.340439e-02
1.756427e-02
4.822123e-02
1.977646e-02
6.462131e-03
1.372182e-02
1.651850e-02
1.397822e-02
5.460126e-03
1.702813e-02
1.529822e-02
2.058431e-02
1.323549e-02
1.370869e-02
1.922101e-02
1.264713e-02
-1.468030e-03
3.504816e-03
-3.132435e-03
2.189487e-03
1.040454e-02
-2.753172e-03
1.362973e-02
-1.019366e-01
5.035725e-04
-1.771528e-02
-1.321615e-02
-6.469169e-03
5.136630e-02
1.254414e-03
5.244839e-02
-2.248757e-02
6.051172e-03
-3.863428e-04
-2.792159e-02
6.639423e-03
-6.651707e-03
3.553788e-02
4.296765e-02
2.705282e-02
-4.779784e-05
1.225774e-02
9.213792e-03
-2.473009e-02
-1.277531e-02
-2.123114e-02
2.304613e-02
-1.228200e-02
2.923879e-02
2.694537e-02
3.700135e-02
-6.908005e-04
1.426240e-02
3.180666e-02
3.638022e-02
-1.667401e-02
2.811792e-02
4.122441e-02
-3.739228e-02
3.929901e-03
1.062780e-02
-2.908069e-02
-3.715751e-02
-5.059306e-02
1.070503e-01
1.421167e-01
9.560280e-02
1.048600e-01
1.443770e-01
9.895765e-02
3.088900e-03
4.330399e-02
2.706808e-04
5.105235e-03
-7.064680e-02
-1.305465e-03
-2.237487e-02
2.175538e-03
4.359384e-02
5.820033e-02
3.742628e-02
3.881010e-02
-1.241568e-02
3.066253e-02
-2.172173e-02
2.111181e-02
-5.068506e-02
-3.709078e-03
8.162227e-02
5.743518e-02
4.709676e-03
3.801687e-03
-1.933350e-02
-2.407783e-02
1.549113e-02
-3.162820e-02
-1.190144e-02
-2.579482e-02
-4.048853e-02
-2.621221e-02
2.062251e-02
3.607069e-02
2.594794e-03
2.169925e-02
8.417962e-03
-3.226936e-02
-9.518558e-02
-9.335474e-02
-5.459286e-02
-2.958931e-02
2.025138e-03
-1.859440e-03
-1.266546e-02
-5.460565e-03
-1.228333e-02
1.396578e-03
2.657867e-03
-8.992558e-03
6.818114e-02
6.777160e-02
2.474973e-02
-9.965371e-03
-2.039017e-02
1.817081e-02
-1.197521e-02
-2.611316e-03
-1.489727e-02
5.081820e-03
-2.565069e-02
-1.849938e-03
-4.234853e-03
-2.759254e-02
-2.271042e-02
3.282830e-03
-3.467043e-02
-3.653986e-02
-2.125915e-02
-1.609335e-03
9.070312e-03
-2.188410e-02
1.005231e-02
2.541921e-02
-1.653305e-02
-5.167539e-03
1.960597e-02
6.547722e-05
1.672837e-02
2.839095e-02
5.804099e-03
1.619220e-02
2.919946e-02
1.513730e-03
6.032099e-03
1.048890e-02
3.837114e-03
8.266649e-03
9.947181e-03
4.863156e-03
9.035942e-03
1.096401e-02
6.448919e-04
5.244676e-03
7.249350e-03
3.696945e-02
1.717777e-02
-1.524000e-02
1.175579e-02
2.205628e-02
-6.113780e-02
6.061580e-03
-1.322781e-02
-3.156364e-02
1.412026e-02
1.080090e-02
1.269248e-02
-1.307866e-03
2.995884e-02
2.227754e-02
-3.122823e-02
1.296223e-02
-2.887958e-02
1.072386e-02
1.762403e-02
4.647575e-03
3.372641e-03
5.940012e-03
1.907787e-03
-1.613140e-02
-6.045212e-03
-1.055679e-02
-6.403652e-03
-1.209491e-02
-3.201671e-02
-6.521849e-04
2.043464e-02
1.397699e-02
-5.744357e-02
-5.363834e-03
8.210400e-03
6.671599e-02
1.923831e-02
4.364957e-02
5.156419e-02
5.773457e-02
-4.816292e-03
2.006102e-02
-2.015376e-02
-4.770138e-02
1.709992e-02
4.617908e-02
6.114483e-02
2.085537e-02
5.369335e-02
7.230150e-02
-6.587447e-03
3.276366e-02
5.410665e-02
-1.086346e-02
-1.357758e-02
-1.875317e-02
5.543747e-03
-2.668343e-02
2.080192e-02
-4.101316e-03
-2.330825e-02
7.697318e-02
1.175306e-02
4.401051e-03
4.217545e-02
-7.121997e-03
7.563071e-03
1.146220e-02
1.940569e-03
-1.840800e-02
3.793786e-02
-2.686208e-02
-4.727387e-02
-5.775064e-02
-1.975605e-02
-2.579795e-02
-5.508382e-02
2.444839e-02
-3.280033e-02
-3.915377e-02
1.339972e-02
3.052284e-02
4.548732e-02
5.364599e-02
4.548799e-02
4.842065e-03
2.983074e-02
-2.074855e-02
-8.411283e-02
-1.326126e-02
-1.230699e-02
1.806243e-02
1.496506e-02
1.157161e-03
1.916835e-02
8.567904e-03
1.334980e-02
-1.793325e-02
3.295881e-02
7.429639e-02
6.533874e-02
1.385701e-02
8.801460e-03
-2.861987e-02
1.956131e-02
7.187673e-03
-5.903567e-03
-1.145478e-02
-3.604933e-02
-2.179647e-02
-1.882560e-02
9.992413e-03
-1.170717e-02
8.256109e-03
1.302028e-02
1.377047e-02
7.913405e-03
6.663796e-05
-6.097053e-03
1.677360e-03
1.852517e-03
-1.002942e-02
1.511085e-03
-4.614841e-03
2.174660e-03
-1.964167e-03
-2.449234e-03
-5.544659e-03
-8.888737e-04
1.993643e-03
-6.709294e-03
-6.037268e-03
-1.771743e-03
4.950038e-04
1.159053e-02
1.211842e-02
9.039282e-03
1.040941e-02
1.182679e-02
7.749660e-03
5.107673e-03
5.608321e-03
2.401601e-03
9.930214e-03
8.424042e-03
-5.457386e-03
1.363899e-02
-1.450046e-03
3.098145e-02
-3.324824e-02
-2.285437e-02
7.568894e-03
-1.935782e-02
-1.703310e-02
3.238220e-03
-8.700699e-03
-7.900627e-03
1.144805e-02
-1.471823e-02
-1.533241e-02
3.854659e-05
2.311268e-02
2.335534e-02
1.993413e-02
1.636352e-02
1.749521e-02
1.295845e-02
8.840297e-03
3.468055e-03
4.092974e-04
1.776328e-02
-4.326221e-03
3.497843e-03
-2.788664e-02
-2.849034e-02
-4.103336e-02
-2.157516e-02
-1.064824e-02
-1.069896e-02
2.110969e-02
-3.496486e-03
3.044084e-03
-1.338517e-02
-2.377392e-04
2.086768e-02
5.021160e-02
1.013113e-02
-1.099112e-02
8.557334e-02
9.274724e-02
6.474676e-02
8.588959e-02
9.288611e-02
6.554023e-02
4.389272e-02
4.803655e-02
2.202298e-02
7.028686e-03
2.943909e-02
1.482599e-02
-2.244556e-03
-2.331189e-02
-1.276423e-02
-1.872534e-02
2.559016e-03
3.064985e-03
5.008729e-03
4.724362e-02
2.085570e-02
-1.675858e-02
-2.153398e-02
4.247266e-03
2.073585e-04
1.778804e-02
2.923735e-03
-5.413933e-03
-1.002626e-02
-1.853631e-02
3.180279e-03
-7.987934e-03
3.234656e-03
-1.022760e-02
1.188579e-02
2.467910e-02
2.552898e-03
-1.393402e-02
-2.198520e-02
-7.008096e-03
1.931685e-04
3.361367e-03
4.025867e-03
4.678063e-03
-2.172050e-02
1.487772e-02
2.233013e-02
1.571278e-02
1.059598e-03
-8.659423e-03
-1.136453e-02
-1.817421e-03
1.191795e-02
-1.974984e-03
2.024684e-02
-1.602238e-03
1.395624e-02
-9.419556e-03
-2.472992e-02
-2.012336e-02
-7.745479e-03
-2.801272e-02
-1.424562e-02
8.071860e-02
1.024100e-01
-1.880633e-03
-1.928361e-02
5.313911e-02
-1.772803e-03
5.507630e-02
-3.651395e-02
-1.288477e-01
-2.100083e-01
8.409807e-03
-1.474905e-02
-2.049850e-01
-3.734025e-02
-5.500071e-02
-8.303593e-02
-2.776398e-02
-8.332618e-02
-8.697639e-02
-4.102013e-02
-2.439915e-02
2.565523e-02
1.739268e-02
1.375071e-02
6.229062e-02
7.597220e-02
1.171970e-02
-5.702443e-03
-1.093352e-02
-6.934203e-03
-1.569922e-02
-2.123987e-02
-1.791848e-02
1.077879e-03
-3.288880e-03
-1.280518e-03
5.324964e-02
-8.057229e-02
2.767953e-02
-6.893874e-02
1.953399e-02
1.564365e-02
3.249497e-02
4.670304e-02
-3.920350e-02
-2.810513e-01
-1.310173e-01
-1.810743e-01
-2.616774e-01
-1.628391e-01
-2.210649e-01
-1.244038e-01
-6.303694e-02
-1.664597e-01
-3.135218e-03
-1.576634e-02
-2.045531e-02
-1.286820e-03
-1.226810e-02
-7.082249e-03
2.306036e-02
3.831929e-02
2.405562e-02
-4.074334e-02
1.374016e-01
3.205772e-02
-3.330411e-02
3.287641e-02
6.706508e-02
-1.722949e-02
-7.998632e-02
-4.916273e-02
-8.550879e-02
2.583272e-02
-2.277912e-02
-3.828800e-02
3.112083e-02
-1.265913e-01
-1.072743e-01
2.092458e-02
-2.045831e-02
-2.742948e-03
-4.189988e-02
1.343816e-02
-1.058928e-01
-1.436399e-01
-9.775103e-02
2.346005e-02
-1.374519e-02
3.046385e-02
7.316937e-02
-1.566519e-02
1.579667e-02
-5.985202e-02
1.257226e-01
-7.621578e-02
-9.047358e-02
-5.628559e-04
-2.266235e-02
-2.896071e-02
1.055092e-01
7.863948e-02
1.110142e-02
1.291801e-01
2.043741e-01
5.010444e-02
-2.504067e-02
7.843761e-02
3.399446e-02
-2.800695e-03
1.470503e-02
-6.222472e-02
8.968202e-02
7.016635e-02
1.435952e-01
1.008263e-01
-3.595788e-02
2.783111e-02
1.228066e-01
6.411172e-02
-4.945024e-02
-3.819163e-02
-4.408588e-02
2.125887e-02
-2.180620e-03
-1.080724e-02
9.303357e-02
9.211642e-02
2.283206e-02
1.271962e-01
6.787436e-02
5.654314e-03
-3.108521e-02
-5.082016e-02
-5.957048e-02
-1.344048e-01
-1.127329e-01
-1.807311e-01
1.068751e-01
-2.589841e-02
-4.537598e-02
-1.812359e-01
-9.336034e-02
-1.333721e-01
-8.165294e-02
-1.134129e-01
-4.480815e-02
-2.988886e-02
-1.176569e-01
-5.744208e-02
2.084430e-02
-1.734388e-01
-9.440216e-02
5.396824e-02
2.972955e-02
-9.890984e-02
3.721749e-02
3.038058e-02
7.455758e-05
3.576641e-02
4.815296e-03
-7.006088e-03
2.054601e-02
1.829431e-02
2.184815e-03
4.147321e-02
8.896670e-02
4.429263e-02
5.117487e-02
8.748747e-02
2.808402e-02
2.847268e-03
-4.357629e-03
-1.138555e-03
-5.515826e-03
-1.093672e-02
-8.569230e-03
1.437244e-03
-5.426279e-03
-3.688236e-03
5.421372e-02
-7.839445e-02
4.828819e-02
-7.036114e-02
-3.778597e-02
1.448229e-02
-1.422942e-02
-3.526775e-02
5.939965e-04
1.806722e-02
-2.042167e-02
3.049997e-02
2.599673e-03
1.738506e-02
3.069103e-02
2.023491e-02
5.362341e-02
2.756164e-02
-6.736767e-03
-1.945842e-02
3.148687e-05
2.661925e-04
-1.463363e-02
5.763463e-03
3.530553e-02
-1.462197e-03
-2.835780e-03
4.922020e-02
-4.897889e-03
-1.069283e-03
3.234738e-02
3.080872e-02
-1.583488e-02
-1.140423e-02
-1.964697e-02
-1.741632e-02
-9.299803e-03
-1.270687e-01
-4.157367e-02
-1.069079e-01
-8.571438e-02
9.544667e-02
-1.260740e-01
-3.578189e-02
8.530788e-02
2.630957e-03
-2.738537e-02
-4.370563e-03
-3.355048e-02
-6.332732e-02
-4.425366e-02
-1.583199e-02
-5.184561e-02
-3.754209e-02
-9.316295e-02
-1.224474e-01
-1.114097e-01
-6.652736e-02
-9.198960e-02
-3.157026e-02
-4.698542e-02
-1.552587e-01
8.088677e-02
-5.873995e-02
-7.066111e-02
-1.257446e-01
-7.369915e-03
-4.035971e-02
-5.824780e-02
1.780746e-02
-7.373608e-02
-7.651864e-02
-1.453067e-02
-2.405593e-02
1.416825e-03
3.394563e-02
-5.242774e-02
-2.736711e-02
5.503559e-02
-6.676017e-02
-1.542819e-01
-9.439227e-02
-1.458278e-01
-1.533460e-01
-1.416967e-01
-1.863051e-01
-1.185783e-01
-1.231607e-01
-2.263950e-01
-1.559318e-01
-1.054629e-01
-3.602380e-02
1.155925e-02
-6.184350e-03
-1.907407e-02
5.157385e-02
-4.303970e-02
-1.328279e-02
-1.069329e-04
-6.303158e-02
-1.123891e-01
-1.472211e-01
-2.681537e-02
-1.140016e-01
-1.027460e-01
-1.082054e-01
-9.104682e-02
-1.684051e-01
1.250654e-03
1.516171e-02
-1.924543e-02
3.902826e-02
-5.171809e-02
-2.784227e-02
-1.056489e-01
-9.077565e-02
-2.595749e-02
2.912183e-03
-3.592649e-02
-9.208812e-02
-1.490920e-02
-6.047354e-02
-7.831122e-02
-3.028193e-02
-7.965028e-02
-7.061055e-02
4.354300e-03
-5.433269e-02
-2.816068e-02
2.631622e-03
-4.777513e-02
-1.925298e-02
-3.047257e-02
-3.307143e-02
1.568483e-03
1.640867e-03
2.187422e-03
-3.096085e-03
1.265049e-03
4.995349e-03
1.540570e-03
-2.861179e-03
2.356107e-03
3.553759e-04
1.296703e-01
1.807802e-01
1.203552e-01
2.334033e-01
9.224635e-02
1.210392e-01
8.524472e-02
1.225884e-01
7.690232e-02
-5.097760e-02
2.085129e-02
6.792812e-02
1.569400e-02
4.681661e-02
-4.555095e-02
-5.988747e-02
-2.107681e-02
-7.776715e-02
2.200310e-02
2.401674e-02
-9.063395e-04
-9.308888e-03
-1.287368e-02
-2.163241e-02
-3.960577e-02
-4.687287e-02
-2.271055e-02
-3.284588e-02
-3.791752e-03
4.328461e-02
2.571497e-02
-3.702557e-02
-9.990097e-03
3.548021e-02
-6.314949e-02
-3.230538e-02
-3.235785e-02
8.112276e-02
1.395900e-01
7.150674e-02
2.541785e-01
1.662781e-01
1.224317e-01
1.790026e-01
1.067835e-01
2.501416e-02
3.207888e-02
-1.303134e-02
1.929305e-02
3.081249e-02
-9.860155e-04
-1.251755e-02
1.253716e-02
-5.488914e-03
5.771175e-02
3.615297e-02
2.462866e-01
1.109366e-01
4.780155e-01
3.031219e-01
1.720779e-01
2.615646e-01
9.899494e-02
4.450117e-04
-1.235874e-02
-4.913978e-02
-1.575526e-02
-1.191542e-01
-1.012866e-01
1.874855e-02
-4.664242e-02
-6.169674e-02
6.620760e-02
2.855295e-02
-5.043649e-02
4.543315e-02
-1.260740e-01
-7.089682e-02
-1.393107e-01
-6.461882e-02
-4.265331e-02
-1.387540e-02
-2.247879e-03
-4.421465e-02
3.738255e-03
7.339863e-02
-1.074739e-02
5.340692e-02
-5.252015e-02
-1.006710e-01
-7.128690e-02
-3.369530e-02
2.868400e-03
-2.087257e-02
-3.768746e-02
-9.824038e-03
-3.713056e-02
-4.126299e-02
-6.647552e-02
2.437419e-02
5.637064e-02
-4.525703e-02
-1.148325e-01
-8.839179e-02
4.377257e-02
6.553300e-02
-1.930327e-02
-8.996055e-03
4.172584e-02
3.593386e-02
1.057864e-02
-5.744698e-02
-8.735316e-02
-1.664746e-02
-3.359115e-02
3.838387e-02
-5.033443e-02
-1.022961e-01
-1.277340e-02
6.093145e-02
-1.751963e-01
-1.198343e-02
-1.445539e-02
-1.046978e-01
9.112070e-03
-5.878059e-04
7.437184e-03
-2.558818e-04
6.682566e-03
1.906891e-02
-2.160062e-02
-1.769737e-02
5.758052e-02
7.848511e-03
2.767405e-02
-2.139598e-03
-7.555055e-03
-5.291128e-03
-6.250062e-04
-5.143098e-03
-1.076174e-03
7.233468e-03
6.366674e-03
8.343346e-03
-4.006508e-02
-1.249121e-01
-1.695680e-01
-2.316525e-01
-2.370482e-01
-2.220646e-01
-1.723657e-01
-2.254324e-01
-1.327104e-01
1.039896e-02
3.244087e-02
8.610300e-04
-5.079629e-02
3.557894e-02
-6.081242e-02
-1.323906e-02
2.625104e-02
-5.004044e-02
-3.837166e-03
-1.260390e-02
4.332543e-03
2.004987e-02
1.443420e-02
1.303662e-02
-1.205272e-02
-2.496766e-03
6.421514e-05
5.104731e-02
-1.972753e-02
4.189087e-02
-3.954246e-02
-3.236873e-02
5.374771e-02
2.701840e-02
-3.039312e-02
4.976793e-02
-2.184997e-02
7.341230e-03
-6.090908e-02
-4.250899e-03
4.873497e-02
-4.031562e-02
5.050514e-02
8.672679e-02
3.337492e-02
-2.858204e-02
-7.946642e-02
-4.857921e-02
-3.779884e-02
-7.397668e-02
-3.500158e-02
3.345626e-02
1.179957e-02
5.755612e-02
-8.397965e-03
-2.118775e-02
5.552829e-03
-3.256681e-02
-8.163519e-02
-3.774099e-02
4.146780e-02
2.198402e-02
4.076739e-02
-2.845362e-02
-8.896369e-02
-1.158697e-01
-7.505333e-02
-1.548214e-01
-4.465431e-02
-3.003209e-02
-1.286056e-01
-3.455909e-02
-9.488477e-02
2.368766e-02
-3.124665e-02
-1.328260e-01
-1.737285e-01
-8.912916e-02
-7.157502e-02
-8.098860e-03
-9.612404e-02
7.545158e-02
8.707505e-02
1.113231e-01
2.340392e-02
2.842752e-02
6.450907e-02
8.193529e-02
1.727585e-02
-5.528489e-03
1.005223e-01
5.262452e-02
-5.369984e-03
1.835920e-02
-2.739384e-03
-2.621256e-03
-1.843354e-02
-2.571071e-02
-6.739343e-02
6.618535e-02
6.857952e-02
2.376061e-02
4.443865e-02
-2.926643e-02
-4.620019e-03
-1.822326e-02
-5.968822e-02
-4.836397e-03
9.241822e-03
-3.494797e-02
-9.440580e-03
-1.620950e-04
3.240437e-02
6.110141e-03
3.309260e-02
-1.492767e-02
-8.704068e-03
-1.021099e-02
2.134185e-02
-2.701310e-02
4.089735e-03
-4.339544e-03
-1.014340e-03
-7.977773e-03
1.477962e-03
-1.953664e-02
-2.033294e-03
-1.057722e-03
2.273446e-03
-9.307436e-03
-8.805273e-03
-5.550007e-03
-2.050252e-03
-1.749757e-02
-4.897609e-03
-1.035950e-02
-1.375478e-02
-1.013547e-02
-1.230824e-02
-1.480302e-02
-1.200299e-02
-6.965409e-03
-9.156307e-03
-6.096980e-03
-4.591378e-03
1.777336e-02
-2.077258e-02
-1.713896e-02
-1.322183e-02
6.530730e-03
-3.780074e-02
1.321666e-02
-2.034056e-02
2.048093e-02
6.920448e-03
1.198659e-02
2.395850e-03
-2.086937e-02
4.888847e-03
1.977728e-02
-4.133502e-03
-8.038932e-03
-1.882768e-02
-2.243255e-02
-1.393561e-02
-1.945915e-02
-2.695077e-02
-2.227576e-02
-5.797874e-03
-2.802728e-03
4.260757e-03
-3.775737e-03
3.169946e-02
1.721684e-02
-7.329824e-03
1.946184e-02
4.221434e-02
-9.056099e-03
1.780114e-02
1.856462e-02
1.731514e-03
-2.828114e-03
3.996958e-02
3.541425e-03
1.614043e-02
-1.008521e-02
2.335996e-02
-4.469952e-02
-1.415255e-02
-8.236501e-02
-1.005779e-01
-7.759127e-02
-9.575053e-02
-1.135499e-01
-9.044865e-02
-5.444071e-02
-6.902932e-02
-4.590662e-02
-1.866095e-02
5.309025e-03
5.869173e-03
4.635382e-03
-7.902470e-03
2.229158e-02
1.391763e-02
2.215348e-02
-2.529372e-04
-1.551870e-03
-1.272021e-02
2.206619e-02
1.543846e-02
-8.634347e-03
2.459713e-02
-1.123223e-02
2.359135e-02
-1.586455e-02
9.951286e-03
-1.123734e-02
-9.106565e-03
8.659833e-03
-2.451038e-02
1.719975e-02
-8.333389e-03
-9.360172e-03
-2.180356e-03
-2.771526e-02
-1.602307e-02
-6.311577e-03
1.104381e-02
3.972597e-02
1.542957e-02
1.634487e-02
-1.643215e-03
-3.198093e-02
-2.837285e-02
-1.797091e-04
-7.841308e-04
-4.864656e-03
-2.216585e-02
-2.740130e-02
-2.207516e-02
7.800277e-03
-3.106067e-03
-2.020664e-03
-5.523739e-02
-2.549814e-02
1.177004e-02
-1.239099e-02
-1.177353e-02
-1.932894e-02
-4.657805e-03
1.467431e-02
-3.514627e-02
-1.114478e-02
-3.736242e-02
-5.847708e-02
2.079260e-02
-3.413795e-03
-1.543947e-02
-9.150572e-03
-1.370538e-02
8.587670e-02
5.872457e-02
4.677666e-03
1.043024e-01
1.327387e-01
5.546091e-02
1.325775e-01
1.389751e-01
-3.486071e-02
-1.173754e-01
-8.186886e-02
-7.072432e-03
-8.934223e-02
-8.444501e-02
-1.463634e-02
-3.343293e-03
-2.174891e-02
-1.873491e-02
-7.130159e-03
-1.386682e-02
-5.154570e-03
-1.119143e-02
-1.794145e-02
-8.590018e-03
-1.032661e-02
-1.687482e-02
-9.096185e-03
4.981415e-03
3.307647e-02
-4.409120e-02
-3.228103e-02
7.322315e-02
1.019092e-02
8.426899e-02
2.903455e-02
3.573374e-02
5.081424e-02
-1.524681e-02
3.684637e-02
2.186987e-01
3.492947e-02
2.200118e-01
2.114754e-01
1.416940e-01
1.899649e-01
-2.524260e-02
-3.288426e-02
-2.438423e-02
-2.427167e-02
-3.067091e-02
-2.294577e-02
-3.007748e-02
-2.259712e-02
2.355322e-03
-3.157345e-02
3.387821e-02
1.398350e-02
-1.203916e-01
1.195567e-02
4.286819e-02
-3.304884e-02
-4.539577e-02
6.306584e-02
5.141336e-02
-3.122670e-03
5.307242e-02
1.074082e-01
-1.398365e-03
6.185758e-02
1.191230e-02
8.554438e-02
1.516019e-01
-1.660383e-02
-6.930117e-02
-6.811547e-03
-3.361954e-02
-8.979262e-02
-3.195325e-02
-2.803947e-02
-9.058926e-02
-4.327909e-02
-3.877936e-02
5.840628e-02
2.009519e-02
1.348184e-02
1.064965e-01
-6.303219e-02
8.834234e-03
-3.748352e-02
5.518538e-02
8.430516e-02
2.255362e-02
-6.917850e-02
3.076696e-02
8.432615e-02
3.836691e-02
-5.452498e-02
6.920479e-02
8.624761e-02
-4.643598e-03
3.526883e-02
3.477098e-02
3.789195e-02
4.525551e-02
9.214292e-02
8.358836e-02
6.393743e-02
-2.159466e-02
-4.423167e-02
-2.237125e-02
-2.561451e-02
-5.402413e-02
-1.211290e-02
-6.546514e-02
-1.235797e-02
5.979058e-02
2.180470e-02
1.878676e-02
2.259729e-03
1.462515e-02
-6.672473e-02
1.225599e-03
-2.452040e-02
-1.015187e-01
-2.822901e-02
-3.269777e-02
-9.559096e-02
-1.111485e-01
-3.810007e-02
-5.936828e-02
-3.550852e-02
-7.324153e-02
-6.459920e-02
-3.831197e-02
-3.215282e-02
-1.266740e-02
2.249840e-02
-1.079829e-02
-6.979877e-03
-2.180870e-02
-6.900006e-03
2.278498e-03
6.082609e-03
-1.835082e-02
4.022968e-03
9.822649e-03
6.384544e-03
-1.504889e-02
-2.314950e-03
6.903965e-03
-1.026983e-02
1.217910e-02
2.071968e-02
5.043401e-03
1.101315e-02
4.989922e-04
1.647239e-02
1.676191e-02
-3.176338e-03
3.620174e-03
7.910673e-04
-5.602011e-03
1.330631e-02
1.496563e-02
1.010452e-02
1.235223e-02
1.391506e-02
8.974455e-03
2.966643e-03
4.496269e-03
-1.742957e-04
2.015076e-02
-1.958892e-02
-1.104085e-02
6.988331e-02
-8.911098e-03
-4.895597e-02
4.148450e-02
-9.758731e-03
6.678388e-02
2.156758e-02
1.652447e-02
1.749672e-02
-1.998023e-02
3.712683e-03
-2.428746e-02
-4.993626e-03
-3.802323e-03
7.799081e-03
2.043670e-02
1.412693e-02
1.590156e-02
2.068131e-02
2.337221e-02
2.359295e-02
-1.138734e-02
-2.539790e-03
-7.873072e-03
-4.393964e-03
-2.039380e-02
-2.267800e-02
-1.525650e-02
-2.777783e-03
-2.417510e-02
-1.564784e-02
-4.090136e-02
-1.837035e-02
1.676543e-02
-1.426403e-02
1.713821e-02
8.849691e-03
1.693547e-02
8.142031e-03
9.644174e-03
-2.918957e-02
-1.551885e-02
9.207872e-02
1.054812e-01
7.523661e-02
8.658131e-02
9.861440e-02
6.923777e-02
2.035018e-02
2.939079e-02
1.678591e-03
-1.962515e-02
3.963189e-02
-1.621581e-02
1.888543e-02
-1.315540e-02
4.838914e-02
-6.111775e-03
2.862678e-02
-1.666291e-02
-1.486521e-02
-2.913650e-02
-1.243317e-02
6.455273e-03
-1.590870e-02
-3.001757e-02
-5.778240e-03
-3.554111e-02
1.639467e-02
1.340203e-02
2.517671e-02
-4.121632e-03
-6.031794e-04
1.597751e-02
1.013144e-02
8.280243e-03
-1.266530e-02
-1.274057e-02
-1.451195e-02
-4.026855e-02
4.786587e-03
-3.818002e-02
-1.612321e-02
-4.460959e-02
1.708200e-02
-5.326315e-03
-8.828143e-03
9.549131e-03
1.220957e-02
-6.256846e-03
-8.693116e-03
1.582208e-02
-1.180823e-02
-1.352384e-02
-2.707440e-02
-3.333314e-02
-1.550597e-02
-7.923801e-03
1.017261e-02
2.641892e-02
-1.108329e-02
1.305369e-02
1.093957e-02
-5.493655e-03
-1.284741e-02
-8.796907e-02
3.515456e-02
-3.332189e-02
5.920225e-03
3.108539e-02
-4.042124e-02
4.781724e-02
-3.182221e-02
-1.621092e-01
2.360471e-02
4.718314e-03
3.783001e-02
2.894380e-02
7.434364e-02
1.777652e-02
4.368005e-02
2.272085e-02
-5.883068e-02
-5.403654e-02
-4.028684e-03
1.282106e-02
-5.935421e-02
-5.242221e-02
-2.388357e-02
1.096862e-02
-1.786468e-03
-1.905779e-02
-3.525613e-03
3.844344e-04
-4.062767e-03
2.758962e-03
3.690827e-03
6.794191e-04
-6.408308e-04
-2.940158e-04
-1.368100e-03
-1.136450e-01
-1.175075e-01
-9.573436e-02
-1.072949e-01
-6.760113e-02
-1.842087e-01
-9.839550e-02
-7.283419e-02
-7.038464e-02
4.754502e-02
-4.071468e-02
-2.307079e-02
3.072561e-02
2.126154e-02
6.026766e-02
3.848863e-02
-3.345082e-02
4.327951e-02
5.911028e-02
6.445506e-02
2.790421e-02
1.807800e-02
9.175844e-03
-3.598370e-03
-2.801659e-02
-3.922820e-02
-4.886976e-02
-1.122820e-01
8.587783e-03
3.413992e-02
-1.284155e-02
4.201413e-02
-8.061460e-02
-2.724170e-02
3.606690e-02
-5.290241e-02
3.057018e-02
7.776752e-02
7.665056e-03
6.954614e-02
1.719286e-01
2.022597e-01
-5.763388e-02
4.468895e-02
1.319487e-01
-4.769221e-02
-1.453214e-02
-3.132209e-02
-1.877716e-02
7.645877e-03
1.909401e-03
-1.692833e-02
2.089080e-03
2.269995e-03
4.670656e-02
1.232673e-01
-2.152508e-02
-7.076838e-03
1.464739e-01
8.365405e-02
-7.213434e-02
7.852391e-02
5.982142e-02
-3.528819e-02
1.119422e-02
8.674516e-02
-1.214092e-02
1.118901e-01
3.686703e-02
2.041520e-02
2.717159e-02
-9.750712e-02
-1.692214e-02
4.612111e-02
7.724922e-02
7.857642e-02
1.997385e-01
8.901894e-02
1.627778e-01
5.606297e-02
-1.633028e-02
-5.104444e-02
2.669232e-02
6.740398e-02
3.145787e-02
2.005320e-01
1.440393e-01
-8.780601e-02
9.323850e-02
1.130389e-01
-5.940058e-02
-7.743532e-03
-3.347295e-02
6.676249e-02
1.433983e-01
-2.639672e-02
1.163539e-01
8.584981e-02
-8.041597e-03
-6.175995e-02
3.881301e-02
-1.399016e-01
-7.423081e-02
7.772145e-02
-6.304847e-02
-8.073153e-02
3.442117e-02
-9.899779e-02
8.946590e-02
5.214399e-02
3.607987e-02
1.440752e-01
2.371582e-01
1.549507e-01
1.303705e-01
1.594030e-01
2.040633e-01
2.577115e-02
2.001551e-02
-3.843693e-02
8.821237e-02
9.987692e-02
3.465285e-04
6.323086e-02
1.293846e-01
4.740859e-02
-5.291634e-02
-2.002295e-02
1.859390e-02
-6.048815e-02
-3.399849e-02
-2.746876e-02
-5.195076e-02
-4.138109e-02
-2.864987e-02
-4.138897e-03
-1.189312e-03
7.021296e-03
4.294501e-03
4.866171e-03
1.082302e-02
-4.237415e-03
-6.752366e-03
-1.455484e-03
6.655369e-02
1.109309e-01
6.562981e-03
4.211046e-02
1.460929e-01
7.739990e-02
1.441177e-02
1.053496e-02
1.115636e-02
1.034175e-02
-1.661342e-02
-2.333436e-02
7.519819e-03
-1.473061e-02
2.395345e-02
2.554321e-02
2.826921e-02
2.029641e-02
-2.022823e-03
2.262896e-04
-1.237794e-02
3.505778e-03
-1.362162e-03
-1.618231e-02
-2.387100e-02
-4.606421e-02
-3.518342e-02
7.724123e-02
1.269981e-01
9.549905e-02
8.504375e-02
1.936533e-01
1.899695e-01
1.132231e-01
1.160488e-01
8.463794e-02
-5.335452e-02
-7.405651e-02
4.429159e-02
-1.072840e-01
-1.920638e-01
-1.067281e-01
-3.522186e-02
-1.637928e-01
-1.528558e-01
-5.468379e-02
-3.975888e-02
2.669475e-02
9.882929e-04
-3.228386e-03
4.049984e-02
5.482394e-03
-1.831041e-02
1.250596e-03
-2.176473e-02
4.742301e-02
1.343525e-03
-9.634061e-02
-5.085346e-02
-2.639696e-02
-3.219330e-02
-1.636545e-02
-2.311056e-02
7.782026e-02
1.117375e-01
9.597696e-04
1.483368e-01
2.978469e-01
2.564730e-01
6.502502e-02
2.569517e-01
2.825290e-01
5.446689e-02
1.778066e-02
4.845464e-02
1.506333e-01
1.490387e-01
1.539252e-01
1.825761e-01
2.125175e-01
2.271860e-01
-3.421858e-02
-2.450861e-02
-1.023779e-04
-7.340182e-02
3.742609e-02
-9.962764e-03
-5.840858e-02
3.356348e-02
-4.978146e-02
-2.858558e-02
-7.268409e-02
-1.314719e-02
7.534781e-04
6.183953e-02
2.553663e-02
6.311292e-02
1.005526e-01
8.516017e-02
2.220536e-02
7.616845e-02
1.337554e-02
5.104425e-03
8.688021e-02
9.819484e-02
-7.383563e-02
-3.526534e-02
-1.108857e-02
