3.070961e-02
3.327493e-02
3.908268e-02
2.716164e-02
3.199163e-02
2.601887e-02
2.723240e-02
3.615909e-02
3.342066e-02
5.832522e-02
2.810300e-02
3.421533e-02
3.029992e-02
3.788780e-02
3.708835e-02
3.399033e-02
4.278438e-02
3.684801e-02
2.679179e-02
2.421290e-02
3.527767e-02
3.073545e-02
3.176155e-02
2.225360e-02
2.870370e-02
2.859155e-02
3.977181e-02
3.620825e-02
3.222127e-02
4.128988e-02
2.768058e-02
4.920011e-02
3.461328e-02
4.689708e-02
3.237126e-02
3.514967e-02
3.439865e-02
2.876236e-02
4.284975e-02
3.338725e-02
2.351843e-02
4.007956e-02
3.427799e-02
3.747921e-02
3.621341e-02
2.360891e-02
2.790186e-02
3.080983e-02
3.031360e-02
4.330837e-02
3.980235e-02
3.485655e-02
3.319884e-02
3.641322e-02
3.129162e-02
4.353193e-02
2.600430e-02
2.499763e-02
3.195250e-02
3.827009e-02
5.027059e-02
4.075406e-02
2.363666e-02
3.031835e-02
