6.522372e-02
5.815415e-02
-8.437488e-02
3.202410e-02
-4.600681e-02
1.376569e-01
-3.169933e-02
-4.713303e-02
-4.062553e-02
-2.100678e-01
-5.128920e-02
-1.567407e-04
-5.222243e-03
2.483119e-02
-4.213123e-02
8.504093e-03
6.265804e-02
1.249166e-01
-1.219467e-01
3.303940e-02
-1.580803e-01
-7.083430e-02
-1.030792e-02
-3.518429e-02
-4.301297e-02
1.751635e-02
-2.349981e-02
-5.405290e-02
-1.723150e-02
-6.290821e-02
7.629704e-02
-1.904182e-01
1.127930e-01
5.659061e-02
-1.554468e-01
-4.696425e-02
-1.146258e-02
2.544824e-03
6.907401e-02
-6.782269e-04
1.666139e-01
4.644752e-02
9.971008e-02
5.261506e-02
-1.354260e-01
7.403022e-02
-1.625276e-01
1.019874e-02
-1.432409e-01
5.894510e-02
-6.187445e-02
-9.759327e-02
-1.312622e-01
-1.319819e-03
4.713988e-02
-7.857712e-02
3.777979e-02
-2.104050e-02
1.193265e-01
8.247964e-03
-7.483671e-02
-3.338645e-02
8.053112e-02
-9.554090e-02
