-8.810467e-02
-4.191836e-02
-2.373172e-01
-1.252275e-01
-2.020640e-01
-1.406622e-01
-2.184722e-01
-1.500045e-01
-2.650625e-01
-3.172210e-01
-2.372441e-01
-2.419742e-01
-1.423698e-01
-1.353668e-01
5.260039e-02
-1.356166e-01
1.734073e-02
-1.150888e-01
-2.371580e-01
2.219192e-02
-2.342373e-01
-1.268323e-01
-2.294258e-01
-1.494814e-01
-1.282887e-01
3.185593e-02
-1.823682e-01
-1.282493e-01
-2.375538e-01
-2.315283e-01
-2.196601e-01
-2.359971e-01
-1.494489e-01
-1.797538e-01
-2.482521e-01
-1.914857e-01
-2.457392e-01
-1.802171e-01
-1.701342e-01
-1.918265e-01
-1.155338e-02
-9.219951e-03
-9.940857e-02
-2.033100e-01
-2.831633e-01
-9.451170e-02
-2.004078e-01
-1.878255e-01
-1.229567e-01
-2.911920e-01
-2.373050e-01
-2.197081e-01
-9.252602e-02
-2.476895e-01
-2.044264e-01
-2.484008e-01
-1.388531e-01
-5.990052e-02
-1.618536e-01
-2.045257e-01
-2.972744e-01
-2.994142e-01
1.273513e-02
-2.674346e-01
