-1.472250e-01
7.882003e-02
-9.173612e-02
-3.754190e-02
-6.828305e-02
-5.381244e-02
1.899900e-02
-6.096096e-02
-3.579465e-02
-2.691700e-02
-3.231534e-02
-3.594086e-02
1.187207e-01
1.115486e-01
7.529670e-02
3.956075e-02
-1.377969e-01
-8.875933e-02
-1.487024e-02
9.308873e-03
-6.901621e-03
-6.240017e-02
-1.384349e-01
-1.968552e-02
1.540715e-01
1.394718e-01
-1.576178e-01
-1.476552e-01
8.786185e-03
-3.767395e-02
-2.011571e-01
-3.996033e-02
2.884774e-02
-5.105660e-02
-1.520116e-01
-1.028952e-02
-1.437000e-02
1.101228e-01
-7.272945e-02
1.362013e-02
-1.429067e-01
1.995428e-02
-1.026827e-01
9.424084e-02
-5.907523e-02
7.230583e-02
2.354026e-02
-1.024390e-01
5.312295e-02
9.317470e-02
9.222181e-02
-8.533397e-02
-9.034367e-02
1.854136e-02
1.896055e-02
-5.556022e-02
-4.599448e-02
-3.691002e-02
-5.762951e-02
-1.034777e-01
-2.266393e-01
-4.276763e-03
4.874327e-02
-7.776802e-02
