6.818279e-01
6.777030e-01
7.681320e-01
6.225170e-01
8.373653e-01
6.147745e-01
6.861469e-01
8.610911e-01
7.366268e-01
7.448587e-01
6.879634e-01
9.638980e-01
7.716886e-01
6.573810e-01
7.605115e-01
7.522295e-01
7.276573e-01
6.838118e-01
6.794381e-01
7.288499e-01
7.365309e-01
6.878502e-01
7.416197e-01
6.489374e-01
6.988819e-01
6.371389e-01
7.059686e-01
6.695759e-01
6.046345e-01
6.105781e-01
6.127520e-01
7.157304e-01
6.923296e-01
6.684537e-01
8.168312e-01
6.575562e-01
7.933584e-01
5.910679e-01
6.595470e-01
7.088289e-01
6.683995e-01
8.399131e-01
6.934044e-01
6.620339e-01
7.488903e-01
7.086621e-01
6.789147e-01
6.990017e-01
7.515557e-01
6.545400e-01
7.896600e-01
7.777779e-01
7.430457e-01
7.639797e-01
9.011585e-01
6.557339e-01
7.301639e-01
7.856421e-01
8.229315e-01
6.404747e-01
6.802434e-01
7.363620e-01
6.575831e-01
8.016693e-01
