3.757389e-01
6.631028e-01
7.219900e-01
3.581479e-01
4.831680e-01
3.756095e-01
4.422630e-01
4.863401e-01
5.407050e-01
6.257209e-01
4.436504e-01
4.677376e-01
6.593862e-01
2.721320e-01
4.703733e-01
4.375733e-01
3.687237e-01
3.729897e-01
4.959897e-01
3.280459e-01
4.964570e-01
6.059797e-01
5.131324e-01
6.867858e-01
6.354589e-01
4.456854e-01
4.838358e-01
5.508440e-01
5.032484e-01
5.111004e-01
5.355951e-01
7.220814e-01
5.701265e-01
5.280793e-01
7.461687e-01
6.082823e-01
4.045001e-01
5.017838e-01
4.710544e-01
5.433369e-01
4.256338e-01
5.708877e-01
5.087314e-01
5.420690e-01
5.611437e-01
6.195976e-01
5.907033e-01
4.426528e-01
4.817250e-01
4.113473e-01
4.030562e-01
5.254681e-01
4.618998e-01
5.336837e-01
5.330706e-01
4.912755e-01
6.889002e-01
5.428785e-01
5.097452e-01
4.853071e-01
5.729336e-01
5.200281e-01
3.177200e-01
3.961926e-01
