3.932264e-01
3.781496e-01
3.596457e-01
4.340847e-01
3.603630e-01
4.120655e-01
3.504128e-01
3.210706e-01
3.897801e-01
3.524939e-01
3.441522e-01
3.407909e-01
3.975346e-01
3.681220e-01
3.233296e-01
3.798305e-01
3.945235e-01
3.524825e-01
4.483736e-01
4.551942e-01
4.024949e-01
4.454837e-01
3.550252e-01
3.593471e-01
3.778314e-01
3.855792e-01
3.777015e-01
3.679243e-01
3.931751e-01
3.718575e-01
3.095139e-01
4.027292e-01
3.492462e-01
4.325278e-01
3.576168e-01
3.759166e-01
3.688312e-01
3.527905e-01
3.697057e-01
3.802933e-01
4.174146e-01
3.548814e-01
4.129737e-01
3.730077e-01
3.931072e-01
3.681354e-01
3.419112e-01
3.550489e-01
3.945069e-01
3.801723e-01
3.518254e-01
3.785326e-01
3.676602e-01
4.164261e-01
3.698160e-01
4.093891e-01
3.780511e-01
3.847741e-01
4.340907e-01
3.893921e-01
3.659595e-01
3.325087e-01
3.423229e-01
3.536935e-01
