9.082246e-02
-1.581402e-01
5.623158e-03
1.212745e-01
-2.450002e-02
2.022510e-02
-9.941436e-02
3.598820e-02
-2.333889e-02
-8.922784e-02
1.062449e-01
3.117003e-02
-9.967788e-03
-1.067550e-01
-2.087855e-01
-2.263820e-01
7.020652e-02
-3.050655e-03
4.855618e-03
1.258373e-01
-1.977799e-02
1.068476e-01
-8.234672e-02
1.091448e-01
-1.316237e-01
-1.409278e-01
9.391171e-02
-3.613778e-02
-4.225141e-02
-8.729190e-02
-8.985634e-02
-2.048405e-01
6.993166e-02
-1.196910e-01
-9.409276e-02
-9.471360e-03
3.620432e-02
-2.011792e-02
-9.886944e-02
-4.655473e-02
2.675091e-01
-1.420410e-02
1.534419e-01
1.720759e-02
-1.406922e-01
8.714631e-02
-1.057515e-01
-6.249465e-02
-1.391694e-02
-9.874777e-02
-4.959629e-03
-5.559837e-02
1.523545e-01
-1.179037e-01
3.219135e-02
-9.536492e-02
4.514570e-02
1.056149e-01
1.181940e-01
5.736120e-03
-8.542977e-02
6.492404e-02
4.958671e-03
7.622991e-03
