1.758126e+00
1.640482e+00
1.787749e+00
1.765995e+00
1.779686e+00
1.775564e+00
1.655299e+00
1.616292e+00
1.700571e+00
2.182775e+00
1.564874e+00
1.984420e+00
1.618445e+00
1.799094e+00
1.808304e+00
1.651201e+00
2.017909e+00
1.639397e+00
1.989941e+00
1.570375e+00
1.870032e+00
1.509263e+00
1.831923e+00
1.600778e+00
1.414893e+00
1.257286e+00
1.889522e+00
1.605705e+00
1.658314e+00
1.836311e+00
1.691567e+00
2.149542e+00
1.741445e+00
1.847033e+00
1.650427e+00
1.804976e+00
1.665044e+00
1.627067e+00
1.968778e+00
1.611935e+00
1.508306e+00
1.635995e+00
1.451483e+00
1.615968e+00
1.784655e+00
1.598507e+00
1.556164e+00
1.686528e+00
1.766030e+00
1.838746e+00
1.838055e+00
1.540842e+00
1.815030e+00
1.580756e+00
1.636099e+00
1.794540e+00
1.551690e+00
1.561823e+00
1.563642e+00
1.743247e+00
1.957121e+00
1.712184e+00
1.390012e+00
1.815462e+00
