1.732957e-01
1.684264e-01
2.803285e-01
1.484158e-01
2.254336e-01
6.419086e-02
2.888533e-01
2.603518e-01
2.329975e-01
3.478948e-01
9.632102e-02
2.010079e-01
2.070301e-01
2.564699e-01
1.823319e-01
2.166170e-01
2.269596e-01
1.145600e-01
3.358977e-01
2.234563e-01
2.433351e-01
1.891269e-01
1.821206e-01
2.239213e-01
4.765107e-02
9.810323e-02
2.841853e-01
9.846058e-02
1.642902e-01
2.688999e-01
1.705433e-01
2.062477e-01
1.784923e-01
2.248767e-01
1.205085e-01
2.934342e-01
1.090755e-01
2.163748e-01
2.856269e-01
2.887156e-01
2.240799e-01
2.389973e-01
1.093131e-01
1.584313e-01
1.115769e-01
1.331736e-01
1.944538e-01
3.259775e-01
2.538565e-01
1.712730e-01
2.412726e-01
1.714867e-01
3.267109e-01
2.294792e-01
1.542641e-01
2.802489e-01
5.646444e-02
2.442516e-01
2.088920e-01
1.916505e-01
3.758788e-01
2.070945e-01
1.571674e-01
2.765661e-01
