-8.256050e-03
-4.035826e-03
1.165534e-01
8.390085e-02
6.038564e-02
3.910945e-02
-1.062019e-02
3.223844e-03
-9.498647e-02
5.993071e-03
3.119622e-02
-1.204686e-02
5.699824e-02
-9.692159e-02
-5.163466e-02
-4.347502e-02
-7.186986e-03
-8.199249e-02
2.894579e-02
-1.035623e-02
-6.573875e-02
-2.464104e-02
-3.459455e-03
9.123184e-02
5.703847e-02
3.936136e-02
-1.711764e-02
3.797670e-02
-4.317221e-02
-2.604581e-02
-1.821619e-02
2.294528e-03
1.420220e-02
3.416440e-02
-5.652716e-02
-5.250453e-03
-1.590864e-02
5.326110e-02
2.543598e-02
-3.015718e-02
2.751196e-03
2.373968e-02
3.728252e-02
-2.613202e-02
1.209481e-01
1.294338e-01
1.168783e-01
-2.296510e-02
-7.310584e-02
-1.069835e-02
1.756794e-03
-1.417610e-01
-4.640963e-02
-6.784485e-02
-8.216940e-02
-3.061645e-03
-1.552463e-02
-3.404122e-03
-7.469510e-02
7.071461e-02
-1.869829e-02
-8.184637e-02
3.666058e-02
-1.064636e-02
-1.465785e-02
2.992836e-02
5.398679e-02
5.377043e-02
-9.088206e-03
4.243026e-02
3.463719e-02
6.497721e-02
1.598395e-01
8.345079e-02
6.587990e-03
1.969139e-02
-2.065466e-02
-5.202755e-02
-3.947124e-02
2.681322e-02
-3.188655e-02
-3.835814e-02
3.285195e-03
-3.674735e-02
1.494325e-02
9.758021e-03
-3.689531e-02
6.835043e-02
-5.442527e-02
-7.998664e-02
-1.688826e-02
-7.745534e-03
-7.838407e-02
9.602131e-03
-5.777476e-02
-8.497018e-02
6.066377e-02
-1.896080e-02
-5.188092e-02
7.334834e-02
