-2.685403e-02
3.252177e-01
1.181252e-01
7.272767e-03
-1.283392e-01
5.149880e-01
-5.720084e-02
-6.389515e-02
-2.872714e-01
2.063479e-01
3.575764e-02
2.453324e-01
-2.158257e-01
-3.993093e-01
1.187310e+00
1.550998e-01
5.962213e-03
-7.240755e-02
6.400284e-01
-1.791221e-01
-3.084732e-01
-1.633356e-01
1.841825e-02
-9.127165e-02
-5.443094e-02
-2.082931e-01
-3.124816e-01
-1.176513e-02
-2.356433e-01
-2.284398e-01
1.947108e-01
-1.776622e-01
-2.122899e-01
-2.230512e-01
-2.427169e-01
-1.438164e-01
-1.509634e-02
-5.595782e-02
-2.949055e-01
5.782522e-02
-1.254393e-01
7.634393e-02
2.351814e-01
2.586695e-03
1.464722e-02
-1.980727e-01
-1.337678e-01
-4.424730e-02
-2.138643e-01
-1.777198e-01
-3.812139e-01
6.806841e-03
-3.296581e-01
-1.158250e-01
-1.476946e-01
-1.849824e-02
-6.617799e-02
3.244308e-01
5.989697e-01
-5.909745e-02
1.595797e-01
2.322800e-01
-1.687437e-02
-2.748257e-01
-1.993651e-01
3.318829e-01
-2.983775e-01
-1.965851e-01
-2.134803e-01
2.895745e-02
-4.692264e-02
-2.244528e-01
-2.495621e-01
-5.194522e-02
-1.301799e-01
7.202659e-01
-2.030494e-01
-1.163456e-01
-2.339231e-01
7.733483e-01
-8.061162e-02
-2.693711e-01
1.147773e-01
-1.990516e-02
5.725172e-01
-2.092992e-01
4.767482e-01
5.473642e-02
-1.142453e-01
-2.542275e-01
1.264398e-01
3.498360e-03
3.584395e-01
-1.453351e-01
-3.365705e-02
-3.109913e-01
9.145290e-02
-2.297516e-01
1.997212e-01
-3.996272e-01
2.060767e-01
3.041934e-01
-2.098163e-01
3.390159e-01
2.502432e-01
9.222146e-03
-1.380853e-01
-2.725313e-01
-3.024980e-01
-1.395667e-01
5.258368e-01
-5.534623e-02
-1.037227e-01
-2.153901e-01
6.806248e-01
-2.011126e-02
4.307311e-01
-3.120469e-01
-4.881968e-02
-3.029719e-02
4.112610e-03
7.463251e-02
-1.831476e-01
-7.108031e-02
-1.949369e-01
-2.048966e-01
-1.343760e-01
-2.027086e-01
2.354653e-01
3.093787e-01
-3.204688e-02
-2.455614e-01
-7.711568e-02
7.792982e-01
1.603775e-01
-9.430486e-02
-7.330503e-02
2.029171e-01
-5.661969e-02
-2.555732e-01
-2.788840e-01
8.108428e-02
-7.266506e-02
-1.508388e-01
-3.054664e-02
5.887590e-02
-1.167635e-01
-6.117460e-02
2.783105e-01
6.344679e-02
4.447553e-01
-1.952272e-01
1.489629e-01
-2.554686e-03
6.116221e-02
6.180476e-02
-2.673062e-01
-9.024940e-02
1.793974e-01
9.720713e-01
-2.221435e-02
-8.307644e-02
3.777116e-01
-1.518177e-03
2.772072e-01
-1.199903e-01
-1.987323e-01
-3.281401e-02
-1.871840e-01
-3.917424e-01
1.379202e-01
-1.190055e-01
-1.437697e-01
5.277530e-02
-2.544059e-01
-1.314090e-01
3.674699e-01
-1.240864e-01
4.916409e-02
3.652710e-02
-2.570419e-01
6.337640e-02
-2.824630e-01
-3.343907e-01
1.273926e-02
6.295526e-01
-1.679895e-01
-7.966933e-02
-3.721146e-02
-5.036549e-03
-1.867446e-01
-1.160181e-01
1.645368e-01
-1.363229e-01
2.099261e-01
2.287886e-01
3.924969e-01
-9.495421e-02
-1.334245e-01
-2.097482e-02
1.438310e-01
4.192885e-01
-1.354353e-01
-7.075850e-02
-3.288420e-01
-3.480618e-01
-4.846124e-02
-1.148540e-02
3.884015e-02
-2.955939e-01
-2.272947e-01
5.099651e-01
-1.214073e-01
-2.316438e-02
1.822037e-01
1.736814e-01
4.275893e-02
-3.176373e-01
-1.384391e-01
8.153865e-02
-4.276519e-01
7.355158e-02
-5.363581e-02
-2.465559e-01
6.185349e-01
1.871809e-01
2.353382e-01
4.751152e-01
-2.265620e-01
-1.557138e-01
-2.894455e-01
-1.000479e-02
-2.469311e-02
5.427909e-03
1.843251e-02
8.718487e-02
3.773398e-01
-2.277191e-01
-5.901076e-02
5.693573e-02
-2.504779e-01
-2.762163e-01
-2.333514e-01
-3.034171e-01
3.753282e-01
-3.457378e-01
-1.130020e-01
2.876442e-01
8.365803e-02
4.491793e-01
-2.117332e-01
-1.073235e-01
7.638643e-01
2.462406e-01
1.299138e-01
-3.040524e-01
4.006798e-01
1.673926e-01
-1.031033e-01
-1.030311e-01
6.293699e-01
-1.421396e-01
-1.046268e-01
2.418524e-01
4.351148e-01
8.781982e-01
-4.788703e-01
-2.166005e-01
-1.822325e-01
3.811239e-01
6.241123e-02
7.513054e-02
-2.265405e-01
-8.873898e-02
-3.050343e-01
-5.047854e-02
-7.158139e-02
2.256018e-02
1.493578e-01
6.992181e-02
-1.599073e-01
-2.379638e-01
3.547947e-02
-5.603210e-01
-2.656180e-01
-2.017440e-01
-1.015697e-01
-6.933116e-02
-4.113453e-01
-1.302920e-01
-4.313304e-02
-1.865571e-01
-3.439317e-02
-1.119699e-01
-7.554068e-02
-3.959914e-02
2.614724e-01
-3.325963e-01
-2.491551e-01
4.401517e-02
4.793307e-01
4.028092e-02
2.509218e-01
-7.475788e-02
1.331772e-01
8.079407e-02
2.299033e-01
-1.814188e-01
-2.250122e-01
-7.131611e-02
-9.940454e-02
4.403517e-01
1.326434e-01
1.103106e-01
3.232049e-01
7.858946e-04
2.119493e-01
2.179348e-01
2.203952e-01
-2.324740e-01
-2.167324e-01
2.122401e-01
-3.378316e-01
2.727750e-01
8.966640e-02
3.559519e-01
1.354400e-02
-2.985606e-01
4.939266e-02
-4.982949e-02
1.354366e-02
-1.867309e-02
5.736229e-01
8.733513e-02
-1.653946e-01
-1.691601e-01
1.405472e+00
9.705012e-02
-6.476972e-02
-1.276728e-01
2.659245e-01
-6.775936e-02
-1.642208e-01
1.474370e-02
-1.438880e-01
-1.195890e-01
-2.610485e-02
-2.069790e-01
1.569510e-01
1.015454e-01
2.840043e-01
-1.646632e-01
-9.995651e-02
-2.232891e-01
4.914124e-02
2.378802e-01
-5.245320e-02
-3.572135e-01
2.478385e-01
-3.014957e-01
-1.031776e-01
1.823551e-01
-3.173172e-01
-1.317599e-01
-2.523463e-01
1.325771e-01
-2.946866e-01
3.662025e-02
-1.412858e-01
-1.776012e-01
-1.907272e-01
-3.637511e-01
2.431439e-01
-2.659390e-02
-1.020828e-01
-2.637025e-02
-1.849485e-01
1.660493e-01
-5.782209e-02
3.563772e-01
-2.124098e-01
2.338344e-02
-4.480650e-01
-6.325750e-02
5.341849e-01
2.312309e-02
-2.676572e-01
-1.843124e-01
5.673372e-02
-1.313297e-01
-1.899450e-01
-6.964699e-02
-3.877086e-01
7.885703e-02
-1.843160e-01
-7.770319e-02
-2.626629e-01
1.126241e-01
-1.350133e-01
-1.249323e-01
-3.204927e-01
3.009064e-02
2.267269e-01
-1.119154e-01
-2.489901e-01
2.103153e-02
-2.146184e-01
1.363584e-02
-1.461531e-01
3.060387e-01
-3.030455e-01
1.808765e-01
-2.770782e-01
1.328478e-01
-1.337799e-01
-7.264132e-02
4.066821e-02
-3.963514e-02
-2.507624e-01
1.869003e-01
4.731328e-02
3.057923e-01
-1.662129e-01
2.487927e-01
-2.458237e-01
6.712993e-01
-2.400799e-01
-1.380461e-01
2.627492e-01
6.417462e-01
1.718912e-01
2.302957e-01
-2.305132e-01
-4.912659e-02
-2.968504e-02
7.599822e-01
6.888367e-01
-2.022329e-01
-2.437238e-01
5.217052e-01
9.274264e-02
-2.793661e-01
-2.472261e-01
-1.195096e-01
-1.323185e-01
1.216776e-01
-3.030064e-01
-1.539634e-01
8.508305e-03
1.587433e-01
-3.949219e-02
-9.629810e-02
-4.139385e-02
-1.809657e-01
-6.383870e-03
-2.075325e-01
-1.403499e-01
-2.316653e-01
-1.962328e-01
-1.124698e-01
-8.247085e-02
-1.056375e-01
4.435230e-01
3.920018e-01
-3.003736e-01
2.723037e-02
-1.150706e-01
-8.610024e-02
3.775489e-02
-8.965829e-02
7.217001e-01
9.287242e-02
-1.476160e-01
1.748325e-01
-1.397494e-01
-1.559789e-01
-2.004408e-02
-1.247858e-01
-2.198608e-01
-3.726924e-01
-2.452317e-01
3.786408e-01
1.646182e-02
3.573975e-02
-3.357653e-01
2.506247e-01
-1.354953e-01
6.258429e-02
-8.325178e-03
5.836059e-01
1.146353e-01
-3.614854e-01
7.052083e-02
6.822301e-01
-1.707289e-01
-1.960204e-01
2.305175e-01
2.434075e-01
-2.428031e-01
6.632909e-02
1.885468e-01
-1.513149e-01
-8.736614e-02
-5.654626e-02
8.922521e-01
-1.260444e-02
-1.382092e-01
7.059854e-02
-2.256878e-01
2.287393e-01
1.186513e-01
-3.375928e-01
4.542924e-01
-3.389189e-01
7.718982e-02
-9.426181e-02
-7.198902e-02
-2.806071e-02
-1.144139e-01
-8.286593e-02
-1.037790e-01
-2.226194e-01
5.411900e-01
-7.220083e-02
-2.573613e-01
-2.785168e-01
4.489893e-01
-2.112872e-01
4.575444e-01
3.501790e-02
-1.911460e-01
-1.413188e-01
-1.876411e-02
-1.188450e-01
-1.270741e-01
-4.001470e-02
8.984958e-02
-1.497404e-01
-2.585744e-02
-1.964813e-01
-1.464022e-01
-5.458079e-02
-1.618521e-01
3.013217e-01
-2.605385e-01
-9.247280e-02
-2.602560e-02
4.866678e-02
6.119276e-02
-1.428864e-01
2.999857e-01
-7.530992e-02
-1.371960e-01
-1.329140e-01
-2.033113e-01
2.864505e-01
-2.642916e-01
-1.089386e-01
2.195745e-01
-7.474104e-03
-9.746786e-02
-3.370439e-01
4.270555e-01
5.751435e-01
-1.283369e-01
3.977620e-01
1.421984e-01
-3.279821e-01
9.247784e-01
2.365655e-01
-1.473593e-02
-5.007233e-02
-3.271020e-01
-2.819961e-01
-4.770617e-02
7.720864e-02
-2.594379e-01
4.602954e-02
1.186679e-01
6.171560e-01
-2.420367e-01
-2.399102e-01
2.299960e-03
2.481179e-01
1.932752e-01
-2.601301e-01
3.712398e-01
2.651384e-02
-3.427060e-01
-1.383632e-01
2.724137e-01
-1.807384e-02
-1.618972e-01
1.711351e-01
-5.929345e-02
-8.055376e-02
3.283014e-01
-7.239134e-02
-2.084647e-01
-2.106658e-01
-7.854610e-02
4.911869e-01
-9.293201e-02
-2.394376e-01
-2.946192e-02
-3.857061e-01
8.602348e-01
3.370156e-01
-1.145222e-01
-6.187830e-02
-1.756132e-01
5.396382e-01
8.033809e-02
-1.053303e-01
5.933684e-02
3.021318e-03
3.462331e-02
3.364013e-01
-9.555982e-02
-2.272817e-01
-1.616296e-01
-3.198734e-02
5.481150e-01
-2.435214e-01
3.289734e-01
-3.365988e-01
1.607710e-01
-1.161951e-01
-3.932881e-02
-3.503170e-01
-4.102365e-01
-9.187543e-02
-5.524572e-02
-1.529857e-02
-2.292291e-02
2.125877e-01
-1.286501e-01
2.927465e-02
-1.268400e-01
4.462305e-02
1.187068e-01
-3.405834e-02
1.240405e+00
-2.310623e-01
-2.466641e-01
-2.155848e-01
-1.073224e-01
1.507898e-01
-1.133961e-01
-2.474267e-01
-8.122065e-02
-1.330152e-02
1.609081e-01
9.392545e-02
3.477770e-02
6.694011e-01
1.255777e-01
-5.308048e-02
9.798057e-02
-2.059522e-01
9.362222e-02
1.529107e-01
1.342544e-01
-6.381664e-02
-8.475113e-02
-9.073023e-02
-2.717256e-01
7.302666e-02
-1.549645e-01
3.392486e-01
1.935496e-01
1.970459e-01
-1.049585e-01
-2.813932e-02
1.360052e-01
-2.120688e-01
-2.714587e-01
1.219186e-01
1.419127e-01
7.940860e-02
-2.663779e-01
-5.786450e-02
4.817908e-02
-1.254450e-04
-5.061214e-02
7.886360e-02
8.485979e-02
-1.317524e-01
2.063575e-02
-2.192772e-01
5.930973e-02
-1.596263e-01
5.308386e-02
-8.380488e-02
-2.796750e-01
3.981627e-02
-3.078276e-01
2.303881e-01
4.757959e-01
2.090966e-01
2.249945e-02
-1.344510e-01
-2.759009e-01
-5.955268e-02
5.684722e-02
1.046778e-01
-9.578428e-02
1.710405e-01
2.204880e-01
3.235165e-01
-1.742406e-01
1.371466e-02
-1.756230e-01
7.366521e-01
-9.267104e-02
-1.008021e-01
-1.766640e-01
-1.144379e-01
3.020299e-02
1.964669e-01
9.846597e-02
4.824267e-01
3.616892e-02
1.376980e-01
1.183752e-02
-1.448191e-02
-1.195451e-03
-1.720607e-01
1.468700e-01
1.603786e-01
-1.453849e-01
-1.134281e-01
4.592082e-02
4.139200e-01
-7.372926e-02
1.141531e+00
-1.588652e-01
5.551988e-02
3.794918e-01
-2.510385e-01
1.771109e-01
-1.576093e-02
-3.550010e-01
-2.043587e-01
-3.138897e-01
-1.014031e-02
-9.905424e-02
1.246745e-01
-9.403706e-02
-2.009779e-01
-2.988086e-02
4.689186e-02
-2.464848e-02
-3.027204e-03
-6.389906e-02
-7.902003e-02
-2.957852e-01
-7.142618e-02
-1.005646e-01
-2.920187e-01
2.595939e-02
1.769992e-01
-1.339356e-01
-3.235319e-01
-7.049304e-02
-2.904130e-02
-5.857385e-02
-5.295226e-02
-2.263610e-01
-8.199947e-02
-1.495130e-01
-2.096569e-01
-2.307707e-02
-2.877663e-01
-4.846380e-03
3.990143e-01
5.261329e-01
-3.516701e-01
1.989006e-01
1.338305e-01
3.016001e-01
-2.348136e-01
-1.536960e-01
5.768838e-02
5.099691e-01
-1.189378e-01
-2.854459e-01
2.612196e-01
-2.719395e-01
-3.676762e-02
-6.498969e-02
1.593687e-01
-1.240804e-01
-1.754366e-01
4.401038e-01
-1.824103e-01
-5.591258e-02
-6.619363e-02
-2.269479e-01
7.976858e-02
-3.501651e-01
-1.554617e-01
-2.297093e-01
-8.957196e-02
-1.276077e-01
2.034700e-01
-2.680176e-01
-1.389603e-01
-1.352912e-01
-3.206551e-01
-1.697271e-01
5.027201e-01
-1.077159e-01
1.026234e-02
3.676347e-02
4.643003e-01
-3.801198e-02
-1.304471e-01
-9.117153e-02
-5.162051e-02
-3.066259e-01
8.211963e-01
-2.946149e-02
6.400366e-02
-2.894467e-02
3.770573e-02
3.047549e-02
7.631450e-01
-2.329450e-01
1.023283e-01
8.106489e-02
1.038262e-01
-6.378856e-02
-4.060894e-03
-1.246260e-02
-1.280260e-02
-1.304598e-01
-2.196559e-01
3.621370e-01
-2.695547e-01
3.201063e-01
-2.427740e-01
3.136585e-01
-9.735297e-02
-1.193672e-01
-1.881762e-01
-1.116822e-01
-1.870698e-01
-2.995175e-01
2.823773e-01
-2.771409e-01
8.430455e-03
9.936985e-01
-3.389613e-01
-9.525410e-02
1.940582e-02
-2.256051e-01
-9.073613e-02
-7.887074e-02
1.062298e-01
2.566210e-01
-1.438781e-01
-1.729029e-01
-6.950409e-02
2.257342e-01
-2.600768e-01
-6.217377e-03
-1.305034e-01
-1.831967e-01
-1.871792e-01
-1.406078e-01
-4.531542e-02
-1.231268e-01
9.209213e-02
-1.335040e-02
8.544338e-01
2.184439e-01
-2.012426e-01
1.001398e-01
-3.105411e-02
5.332541e-02
1.281683e-01
1.536077e-01
-1.932292e-01
2.578511e-01
-5.236935e-02
1.328328e-01
-2.563752e-01
4.454613e-03
-6.042203e-02
6.497254e-03
8.922017e-01
-1.111099e-01
-3.649707e-01
-3.083288e-01
1.369528e-01
-1.280087e-01
-9.980527e-02
-1.444666e-01
-3.217004e-01
5.596007e-01
-2.201031e-01
-2.220445e-01
-1.691498e-01
-1.578394e-02
-3.999242e-01
-7.825137e-02
-6.999317e-03
3.768909e-01
-2.010396e-01
-1.977095e-01
-2.866706e-01
-4.655164e-02
-3.694979e-01
4.002164e-01
-2.536410e-01
4.857053e-01
-1.685610e-01
6.098067e-01
9.336971e-02
1.528630e-02
7.142961e-02
-1.004721e-01
-1.335001e-01
-1.515396e-01
1.886368e-01
-1.563047e-01
3.659128e-01
-2.031196e-01
-1.347332e-01
-1.325780e-01
6.953604e-01
-1.564448e-01
5.959414e-01
-6.158542e-02
2.854605e-01
-3.641770e-01
8.078604e-02
-3.221630e-01
-2.759581e-01
-2.753395e-01
1.970542e-01
-8.069433e-02
3.458277e-01
2.456031e-03
-2.276729e-01
5.711095e-01
4.515477e-02
-1.438711e-01
2.647436e-01
-2.876856e-02
4.087405e-01
2.355128e-01
-2.611352e-01
-2.135928e-01
-3.114987e-02
-1.968448e-01
5.724064e-01
-1.717060e-01
-6.101778e-04
8.040369e-02
-1.324381e-01
-4.802150e-02
2.284534e-02
-3.732608e-02
-1.700793e-01
1.752617e-01
-2.480305e-01
2.272372e-03
3.922815e-01
-2.038774e-01
-4.890571e-02
8.808087e-01
3.739428e-01
-2.205057e-01
-2.317967e-01
-1.867110e-01
-2.516968e-01
-8.832419e-02
-2.376613e-01
-2.829924e-02
1.714803e-01
-4.294174e-01
-1.222594e-01
-1.406047e-01
5.714605e-02
-3.263416e-02
-1.269096e-01
7.264216e-02
-3.062404e-01
8.891699e-02
1.369300e-01
7.058449e-01
3.466419e-02
-2.684733e-02
5.007933e-02
-1.814940e-02
-3.236374e-01
2.217285e-01
-2.362949e-01
-1.134539e-01
-7.420404e-02
-3.053405e-01
2.695331e-01
-1.691525e-02
-1.222604e-01
-1.792273e-03
1.378801e-01
-1.908779e-01
-7.163955e-02
4.895655e-03
2.490760e-01
-1.922505e-01
3.289590e-01
1.017580e-01
-3.488635e-01
4.042523e-01
-1.335881e-01
-5.041793e-02
-2.538505e-01
4.523151e-01
9.597236e-01
7.257987e-02
-1.364217e-01
6.556039e-02
-2.150970e-01
9.457203e-01
9.753374e-01
-5.583515e-03
3.222649e-01
-1.012567e-01
1.459803e-01
1.774408e-01
-1.238468e-01
3.470069e-02
-5.578610e-02
-9.105296e-02
-2.594144e-01
-2.992121e-01
-4.817304e-02
-5.843769e-02
1.966252e-01
-2.439391e-01
-1.203869e-01
2.995605e-01
-4.750197e-02
-2.316298e-01
-2.464657e-01
-3.117565e-03
3.221845e-03
2.261163e-01
6.285726e-02
6.949515e-02
1.230378e-02
2.038836e-01
8.168422e-02
-3.574081e-01
-1.330636e-01
3.736480e-02
-1.468259e-01
-2.438681e-01
-1.180222e-02
-2.241197e-01
-1.272357e-01
-2.406390e-01
6.016080e-01
5.644891e-03
-1.608575e-01
-2.028926e-01
7.787761e-02
-1.336703e-01
-2.051393e-02
-2.556339e-01
-3.515899e-01
3.481926e-01
-1.330712e-01
1.167681e-01
1.224493e-02
-2.295091e-01
-1.579685e-01
1.263060e-01
1.915160e-01
1.222724e-01
-5.589979e-03
-1.640315e-01
9.645200e-02
-3.674541e-02
4.480486e-01
-8.814105e-02
8.050557e-02
-1.787641e-01
3.041808e-01
-1.815484e-01
-1.572516e-01
3.076547e-01
6.028641e-03
6.105985e-01
-5.361143e-02
-2.412543e-01
-2.484383e-01
-3.597441e-01
-3.760025e-02
-1.690759e-01
-2.142376e-01
-7.709886e-02
-3.184265e-01
-1.774679e-01
1.005420e-01
-1.430805e-01
3.770258e-01
-1.429794e-01
-4.148535e-01
6.560392e-01
-2.739042e-01
-1.968643e-01
-1.388232e-01
-1.898553e-01
-1.307731e-01
1.968014e-01
-5.917646e-02
2.627078e-01
-1.816249e-01
6.161692e-01
4.754800e-01
-1.030036e-01
7.058974e-02
-6.502724e-02
-2.337628e-01
-8.001420e-02
-2.105227e-01
-1.760926e-01
1.393498e-01
-1.194302e-01
-4.217038e-02
3.648262e-02
4.927448e-01
1.127924e-01
-5.362732e-02
-2.704692e-01
-1.530494e-01
-1.050029e-02
5.243892e-01
4.826130e-01
-8.231356e-02
-2.595479e-01
-7.034948e-02
-2.379584e-01
3.600019e-01
-1.184680e-01
8.342408e-02
-1.082463e-01
-8.977973e-02
-7.787788e-02
8.390032e-01
-6.707852e-02
5.384963e-02
2.316590e-01
-2.225534e-01
-2.322337e-01
2.205973e-01
-1.211221e-01
-1.260628e-01
-1.178475e-01
-3.615249e-02
-2.485352e-01
-4.085688e-01
-1.010021e-01
2.874560e-01
2.164649e-04
-1.723644e-01
-2.366570e-01
-1.527267e-01
-1.595160e-01
-8.670335e-02
-3.291540e-01
1.277572e-02
-2.459828e-01
2.046829e-01
3.620234e-01
-5.420993e-02
-1.984806e-01
6.150894e-02
9.770784e-02
-1.775219e-01
-1.075994e-01
-1.870910e-01
8.616438e-03
5.098362e-01
-7.355449e-02
5.249584e-01
9.270653e-02
9.718010e-02
-9.282576e-02
1.496871e-01
3.472127e-01
-2.721193e-01
-7.754576e-02
5.275452e-01
3.996820e-01
5.775324e-01
-1.927909e-02
-3.098826e-01
-3.357192e-01
-7.154308e-02
5.948275e-02
-1.066319e-01
-1.549831e-01
-2.963815e-02
3.043177e-01
-2.568848e-01
-1.698587e-02
4.021054e-02
-1.121560e-01
-5.456499e-02
-4.801722e-02
6.801844e-01
-2.288749e-02
3.745500e-01
6.364595e-02
-4.779029e-02
-9.873019e-03
-2.050454e-01
5.528438e-02
-1.629937e-01
-2.089536e-01
-1.983314e-01
3.748247e-02
-1.916340e-01
8.957414e-02
5.674978e-01
-3.725007e-01
-1.601390e-01
-1.789040e-01
1.282214e-01
3.249330e-02
-4.720859e-02
-1.825512e-01
4.475056e-02
8.948229e-02
-2.649573e-01
3.162248e-01
-1.873181e-01
-2.357408e-01
3.668037e-01
-1.042989e-01
-3.017573e-02
-3.573767e-01
-1.092333e-01
-3.319771e-02
2.377397e-01
1.960609e-01
5.888996e-02
-1.575976e-02
1.585702e-01
-1.225592e-01
3.065892e-01
-2.190765e-01
-4.025502e-01
-7.593555e-02
6.731848e-01
-6.074669e-02
-3.778345e-01
3.181033e-01
-3.329820e-02
-1.477225e-01
-1.950004e-01
-4.683813e-02
-8.091373e-02
9.423258e-02
2.052054e-01
1.283938e-01
1.557937e-01
4.803141e-01
-1.674784e-01
-7.000697e-02
-1.017673e-01
1.113644e+00
3.374149e-01
-1.973225e-01
-3.021871e-01
-3.552349e-01
-2.285133e-01
2.786151e-01
2.359106e-01
-9.275194e-03
-1.235288e-01
-3.617124e-02
1.066350e-01
-1.024889e-01
-1.626966e-01
-2.721527e-01
-1.150529e-01
9.661835e-02
2.083003e-01
-2.104606e-01
-2.917575e-01
8.275198e-01
9.780858e-01
-5.168056e-02
-1.375953e-01
-4.999147e-02
-2.508983e-01
-2.113048e-01
-6.366292e-02
-1.856357e-01
-2.398083e-01
3.633110e-02
-1.618128e-01
4.920152e-01
1.265594e-02
4.300150e-02
-1.820262e-01
1.756983e-01
-1.246150e-01
-5.549675e-02
-1.429428e-01
4.457365e-02
9.386148e-02
-2.058790e-01
2.689611e-01
-2.035942e-01
-6.998306e-02
2.216071e-01
-7.786614e-02
-2.387522e-01
-1.446216e-01
2.637506e-02
-1.611672e-01
7.619821e-01
8.496259e-02
-5.348785e-03
1.479990e-01
-1.973879e-01
1.215242e-01
-8.214342e-02
-3.362356e-02
3.001227e-01
-1.780720e-01
-2.522745e-01
-2.602695e-01
-8.578103e-02
-1.255971e-01
-1.689366e-01
-9.648903e-02
-1.391143e-01
-8.704644e-02
-4.910352e-02
1.475949e-01
2.669487e-01
4.064032e-01
-2.392065e-01
-1.351086e-01
-2.958654e-01
2.958454e-01
1.532959e-01
-1.427607e-01
7.993335e-05
-2.093306e-01
-1.887237e-01
1.142510e-01
-1.493151e-02
-2.981243e-01
-1.522116e-01
-3.716770e-01
3.123151e-02
-9.217789e-02
-5.884641e-02
8.653894e-02
2.008439e-02
-2.740532e-01
3.597648e-01
-1.268680e-01
-7.861379e-02
-1.175952e-01
-1.895189e-01
8.919723e-02
-2.705328e-02
4.872647e-01
-1.368969e-01
3.832473e-02
-1.840398e-01
-3.486115e-02
2.962549e-03
4.901748e-01
2.740541e-01
5.257707e-01
-8.740661e-02
3.306665e-02
1.377520e+00
-2.403963e-01
-5.532650e-02
-4.881262e-02
-3.294504e-01
-1.343796e-01
-1.975714e-01
-2.951866e-01
-1.664270e-01
-1.652002e-01
-5.548672e-02
-3.887368e-02
-5.687203e-02
1.276955e-01
-2.384080e-01
-7.928453e-02
2.635084e-01
2.961289e-02
-8.026027e-02
-8.924019e-02
-6.710819e-02
-2.357578e-01
3.183835e-01
1.190180e-01
1.038434e-02
1.482804e-01
2.792068e-01
-2.296247e-01
4.214737e-01
-1.464263e-01
-7.823420e-02
6.441447e-04
6.198404e-01
-1.883114e-01
4.524690e-01
3.036889e-01
-8.472311e-02
4.025370e-02
-8.605954e-02
-1.220423e-01
-2.188841e-01
-1.483419e-01
8.413215e-02
-7.389677e-02
-6.516881e-02
1.242253e-01
-2.611697e-01
5.320663e-02
-2.422207e-01
-2.199017e-01
-4.256969e-01
-1.874205e-01
-1.311739e-01
-1.679844e-01
9.881980e-01
2.016821e-01
-1.530868e-02
-2.777537e-01
2.848238e-01
-1.925999e-02
-1.731376e-01
6.721907e-01
-1.870759e-01
-2.298769e-01
1.100891e-01
-1.801623e-02
-1.492003e-01
-1.326759e-01
2.237300e-03
1.781439e-01
8.899507e-02
-2.430054e-01
-4.382100e-02
8.650039e-02
2.185802e-01
-2.505524e-01
1.218534e-01
-3.270797e-01
6.964815e-02
1.128884e-01
-2.014689e-01
-2.964017e-01
-1.856097e-01
4.761532e-01
-2.032545e-01
-5.446567e-02
-6.735594e-03
4.304391e-02
-1.207514e-01
-5.962410e-04
-1.354722e-02
2.187476e-01
-5.729413e-02
-7.363886e-02
-1.766390e-01
-3.343768e-02
-8.489093e-02
9.504340e-02
-6.698545e-02
-1.564291e-01
-1.178401e-01
-1.913232e-01
3.283782e-02
3.112097e-02
-1.975583e-02
1.093048e+00
-2.442421e-01
-1.611735e-01
-4.309872e-01
4.372948e-02
-2.736115e-01
3.137480e-02
-2.954697e-01
-1.280577e-01
-2.458839e-01
-2.406814e-01
3.074810e-01
-1.646111e-01
-3.986933e-02
-2.052813e-01
3.111270e-01
-2.298276e-01
7.309442e-02
2.270726e-01
6.043521e-01
5.194195e-02
6.208380e-01
-1.604549e-01
-8.008277e-02
-1.313436e-01
4.645256e-03
9.281863e-03
-5.250858e-02
-4.349769e-02
-3.183017e-01
-1.780917e-01
1.378083e-01
-2.091652e-01
6.914638e-02
-9.508307e-02
-1.297313e-01
-2.755454e-01
2.604037e-01
2.697165e-01
1.627582e-01
-1.433198e-01
-1.291392e-01
1.886992e-01
-2.258637e-01
1.509693e-01
-2.854441e-01
-2.689405e-02
-1.130546e-01
-5.996981e-02
-2.214806e-01
-1.104827e-01
1.135667e-01
-1.268353e-02
-3.164206e-01
1.217115e-01
1.618047e-02
6.970677e-01
-3.816233e-01
1.728671e-01
-4.476273e-02
3.884224e-01
-1.277396e-01
-1.399174e-01
1.215909e-01
1.452729e-01
2.316490e-01
-3.300336e-01
-9.412295e-02
2.246486e-01
-3.245299e-01
-4.435099e-02
-1.587201e-01
-2.590466e-01
-1.006780e-01
-5.588428e-02
-2.927341e-01
-1.888563e-01
-2.377558e-01
5.894028e-01
-2.156095e-01
-3.606354e-01
-1.813290e-01
-3.768593e-01
-7.314499e-02
3.433506e-01
2.001063e-01
-5.558098e-02
2.860716e-01
7.450355e-01
1.079921e-01
-1.883691e-01
5.336194e-01
4.353113e-01
-3.217939e-01
-3.426389e-04
9.413954e-03
-3.173951e-01
-2.294594e-01
1.756672e-01
5.416629e-01
-1.857079e-01
1.993615e-01
-7.647154e-02
-2.236001e-01
3.301903e-01
-1.865430e-01
-1.981066e-01
2.513348e-01
2.316322e-01
-2.012599e-01
-6.324334e-02
-7.947055e-02
-1.099029e-01
6.423232e-01
6.494641e-02
3.587008e-02
-3.240806e-01
-2.639170e-01
-3.226545e-01
-2.134301e-01
1.674946e-02
-2.044060e-01
-1.299818e-01
1.072333e+00
3.296299e-01
3.879969e-01
-6.517541e-03
2.445115e-01
1.831443e-01
-3.225778e-02
-1.762015e-01
-7.139119e-02
-2.508363e-01
-1.781635e-01
-3.518537e-03
3.286589e-01
2.681576e-02
4.038152e-01
-1.261235e-02
-3.801652e-01
-5.987741e-02
5.132911e-01
-2.563463e-01
-2.508777e-01
-1.357573e-01
1.126259e-01
8.075078e-02
-1.923563e-01
-3.729661e-01
2.240117e-01
5.026958e-02
2.011768e-01
4.261072e-02
2.072794e-01
-1.983610e-01
-9.050829e-02
3.816602e-02
-1.065076e-01
1.315311e-01
-3.097895e-01
-3.461615e-01
-2.427721e-01
1.689411e-01
5.448809e-02
-1.914100e-01
1.395230e-01
2.860750e-02
1.081487e-01
1.305058e-01
1.240886e-01
1.511279e-01
4.517784e-02
5.546966e-01
8.758532e-02
-3.102563e-01
-2.712160e-03
2.284895e-02
-2.761434e-01
5.295743e-02
-3.124907e-01
1.010048e-01
-9.223289e-02
1.487208e-02
1.043652e-01
5.814493e-01
2.599266e-01
4.773494e-01
-7.796297e-02
-1.861553e-02
3.672144e-01
4.036523e-02
-1.474620e-01
-2.221240e-03
1.251718e-02
-1.846622e-01
4.166526e-01
-5.463347e-02
-3.833470e-01
-1.283007e-02
-4.298380e-01
1.121803e-01
-7.857270e-02
-5.809684e-02
3.043494e-01
1.966816e-01
-2.677113e-01
-6.347366e-03
-4.091482e-01
-2.444586e-01
8.796811e-02
-3.606939e-02
-7.129987e-02
-4.103927e-01
1.139143e-01
-7.215808e-02
5.138924e-02
4.493961e-02
-1.276344e-01
-2.354339e-01
8.894253e-02
9.782579e-01
2.872674e-01
1.835411e-01
8.028503e-02
5.474591e-01
-4.317131e-01
4.504808e-02
1.912235e-01
-4.212090e-01
-1.562785e-01
3.211821e-02
-3.337502e-01
-1.414108e-01
-1.202557e-01
1.353374e-01
2.418098e-01
2.436820e-01
2.429888e-02
-1.098646e-01
-1.701299e-01
-2.383001e-02
-1.197690e-01
3.270731e-02
-8.654687e-02
-1.159855e-01
-4.315253e-02
-8.321006e-02
-1.642598e-01
1.813018e-01
-3.189904e-01
-3.351680e-01
-1.921666e-01
-2.348457e-01
1.450005e-02
-7.267256e-02
-2.221003e-01
1.178815e-01
-1.271153e-01
-2.591592e-01
1.369852e-01
1.700538e-01
9.436728e-01
-6.242864e-02
-1.799095e-01
-5.147609e-02
7.423614e-02
-1.128762e-01
-2.618812e-02
4.039709e-01
-3.211392e-01
-9.561848e-02
1.303967e-01
-4.918171e-02
1.336337e-01
5.670156e-03
5.867040e-01
-2.647422e-01
-2.397537e-01
-2.033878e-01
-1.324749e-01
-5.658868e-02
-1.932397e-01
-6.902374e-02
-3.076510e-01
3.779265e-01
6.349427e-01
-1.809000e-01
-7.786505e-02
-1.348756e-01
-2.106496e-01
3.513935e-01
-1.082439e-01
-1.737725e-02
-7.609800e-03
5.085791e-01
-2.741052e-01
2.894888e-01
3.324442e-01
1.877436e-01
-1.802145e-01
-1.535487e-01
1.159048e+00
3.567387e-01
-3.878582e-02
-2.388118e-01
-2.322081e-01
6.732372e-01
-3.305982e-01
-8.078703e-02
-9.045480e-02
-1.864503e-01
8.929513e-02
-1.266605e-01
2.827543e-02
-1.768159e-01
-1.886827e-01
2.088324e-01
4.356488e-02
6.777819e-02
-7.672733e-03
-2.514597e-01
8.155194e-02
-3.297388e-01
-1.525817e-01
3.044029e-01
-2.279089e-01
1.008643e-02
-1.208934e-01
5.139568e-01
-1.162534e-01
-1.398088e-01
-1.947656e-01
-1.371624e-01
3.798943e-01
-1.643850e-01
2.964263e-01
-1.491250e-01
-1.205921e-01
5.061471e-01
-1.892784e-01
-6.620266e-02
3.029119e-01
4.813876e-03
-9.767639e-02
-1.841632e-01
-2.384334e-02
-2.408403e-01
-1.687968e-01
3.173023e-01
-2.599856e-02
-2.288514e-03
2.147919e-02
-2.059791e-01
2.878845e-03
-1.208345e-01
1.774267e-01
7.710218e-02
5.351156e-02
-1.657271e-02
8.680248e-02
1.765591e-02
-2.502154e-01
-6.063864e-02
2.874134e-02
-8.085495e-03
4.629128e-02
-1.116814e-01
2.407532e-02
-1.586620e-01
3.649348e-02
-6.647435e-02
-6.765445e-03
-1.511696e-03
-1.180395e-01
-1.083416e-01
-9.450002e-02
1.157457e-01
-9.239143e-02
3.122667e-01
-3.178295e-02
1.356087e-01
-1.541836e-01
-4.680363e-01
-3.231262e-02
-1.513459e-01
5.840056e-02
7.823340e-02
4.109310e-02
-4.478136e-02
8.916442e-01
-3.371595e-01
3.696946e-01
-1.988184e-03
2.979763e-01
-1.893342e-01
9.444233e-01
-2.469658e-02
-1.464650e-01
-1.231930e-01
2.062200e-02
3.690917e-02
-2.542971e-01
1.667496e-01
-8.309498e-02
-1.955989e-01
-3.170652e-01
-9.178256e-02
-1.003791e-01
-2.119104e-01
5.278158e-01
1.254521e-01
-6.021606e-02
2.277542e-01
-1.272989e-02
3.329742e-01
-4.395559e-02
3.009961e-01
3.844158e-01
2.657983e-01
-1.866355e-03
2.341205e-02
-1.079365e-01
-4.503923e-02
-8.719113e-02
-1.944938e-01
-6.745148e-02
4.234503e-02
-1.894339e-01
-2.285842e-01
-1.867620e-01
-1.098516e-01
1.694937e-02
1.093148e-01
-1.550802e-01
-8.457818e-02
-3.166630e-02
2.450501e-01
2.147204e-01
-1.355575e-01
-7.502696e-02
-1.073109e-01
-1.390179e-01
2.468712e-01
-1.775571e-01
-1.654414e-01
-2.233173e-01
1.220171e+00
-2.676587e-01
7.452755e-02
-4.365167e-02
-1.801466e-01
5.708389e-02
-1.336011e-01
6.827950e-01
-1.826221e-01
1.703952e-01
-1.530013e-01
4.140136e-03
3.564737e-02
2.660443e-02
-1.001328e-01
4.459902e-02
-1.606180e-01
2.234136e-01
1.228879e-01
3.737674e-01
-1.628861e-01
3.610463e-01
-1.131677e-01
-1.184894e-01
-1.507425e-01
2.245240e-01
8.770540e-02
-5.518972e-02
-1.997939e-01
3.149617e-01
2.709546e-01
-3.927010e-01
-1.210468e-01
-1.599045e-01
-4.367545e-02
-1.970739e-01
-4.596633e-01
6.208580e-03
-7.500892e-02
-3.291154e-01
3.013886e-01
-3.510017e-02
-2.919809e-01
-1.816300e-01
1.911872e-01
-1.973764e-01
-2.012195e-01
-3.919422e-02
3.018595e-01
-2.732053e-01
-2.908112e-01
-1.261907e-01
-1.617047e-01
1.398097e-01
2.879307e-01
-2.174534e-01
-1.351807e-01
1.166696e-01
-1.243539e-01
-1.390366e-01
-8.619905e-02
-3.131550e-02
6.106385e-02
-1.838608e-01
-1.913001e-01
-2.222382e-01
3.051346e-01
-1.715721e-01
4.557385e-02
-1.078085e-01
-2.014225e-01
3.084678e-01
-3.664727e-01
-1.790729e-01
-3.681668e-01
2.007530e-03
1.450907e-01
4.966064e-01
7.320436e-01
1.520820e-02
-4.020334e-01
-2.147425e-01
5.744457e-02
-2.423966e-02
-2.007344e-01
8.814009e-02
-3.441254e-01
2.529537e-01
4.070828e-01
4.022853e-01
1.485925e-01
3.322639e-01
1.327165e-01
-2.743763e-01
-1.290034e-01
-1.395643e-01
4.787075e-01
-1.997293e-01
8.185295e-02
2.553157e-01
-2.089519e-01
6.216661e-02
4.007045e-01
-3.933881e-02
-2.283426e-01
8.125258e-01
-3.214792e-01
-1.192207e-01
1.061794e-01
-1.081868e-01
3.666527e-01
-3.938927e-01
1.915163e-01
-2.205632e-01
2.395446e-01
-3.546142e-01
-2.931128e-02
-1.054970e-01
-7.181982e-03
6.581131e-02
-2.090492e-01
3.500775e-02
1.534268e-01
1.622891e-02
5.623341e-01
8.107334e-02
-1.608402e-01
-1.369744e-01
1.258640e-01
-9.752603e-02
-3.014596e-01
-2.228529e-01
-2.269765e-02
4.547211e-02
-3.679921e-01
-1.296620e-01
3.812354e-02
2.975945e-01
-3.881962e-01
4.044497e-01
9.241089e-01
1.154146e-01
-3.160762e-01
-1.514969e-01
6.982370e-02
-2.989747e-01
-2.865530e-01
9.209389e-01
4.187179e-02
2.618479e-01
-8.073538e-02
2.562585e-01
4.407123e-01
-2.986790e-01
-7.247785e-02
-4.000804e-02
-4.035197e-01
6.053891e-02
-9.541369e-03
5.472856e-01
-4.071136e-01
8.736110e-02
-2.971463e-01
3.075091e-01
3.988671e-01
-1.829613e-01
-4.573475e-01
1.740704e-01
9.782982e-02
-2.597114e-02
1.016569e-01
-1.659739e-01
2.706518e-02
-2.944653e-02
-3.470586e-01
-9.394671e-02
2.039173e-01
-2.019691e-01
-2.114306e-03
-1.525338e-01
1.814404e-01
1.797506e-02
-1.450292e-01
-5.056017e-02
-2.029993e-01
4.329198e-04
1.152667e-01
4.073633e-02
-2.420423e-01
3.791141e-02
-3.384547e-01
4.475563e-02
-1.299522e-01
1.139227e-01
3.223318e-01
-1.946224e-02
7.299677e-01
3.096502e-01
-2.187359e-01
-2.374702e-01
-1.587983e-01
3.158885e-02
1.862647e-01
-1.671026e-01
-1.323298e-01
-2.770143e-01
-1.476810e-01
-1.955418e-02
5.441017e-02
-5.130742e-02
-1.924391e-01
-2.074642e-01
-2.380050e-01
6.878408e-01
-1.846939e-01
7.650547e-02
2.312506e-01
-1.572495e-01
-1.234319e-01
6.149026e-01
5.052930e-01
5.199052e-02
-2.095859e-02
-2.168361e-01
1.578961e-01
1.292014e-02
-9.455170e-02
-1.644333e-02
5.825914e-02
1.883741e-01
1.502337e-01
1.898578e-01
9.456193e-02
-1.594401e-01
-2.258686e-01
4.131382e-01
2.303516e-01
5.855790e-02
2.702105e-01
-3.021139e-03
4.434635e-02
1.861777e-01
-7.863903e-02
-1.319245e-01
-5.199841e-03
-1.861668e-01
1.682033e-01
3.557016e-01
2.424147e-01
-2.046510e-01
5.339748e-02
-2.007661e-01
-1.296193e-01
-8.064548e-02
-1.366514e-01
-1.885410e-01
-1.790725e-01
-2.398305e-01
6.523120e-02
6.074421e-02
1.498978e-01
1.628544e-01
-1.515640e-01
2.888499e-01
-4.216975e-02
1.573649e-01
6.901191e-01
-2.739728e-01
3.090377e-02
4.841160e-01
-2.633305e-01
6.553066e-02
-2.529067e-02
3.442445e-01
-2.224777e-01
-3.887359e-01
-3.043821e-01
-9.305891e-02
-1.190366e-01
-2.024630e-02
-1.043561e-01
-2.750396e-01
-5.830969e-02
-5.274085e-02
-2.947244e-01
-1.319057e-01
1.764796e-01
-8.357199e-02
-1.210430e-02
9.171904e-01
-6.490199e-02
-2.166866e-01
-2.613569e-01
1.447297e-01
6.975628e-02
-1.191739e-01
-2.575305e-01
5.514494e-01
-2.924010e-01
6.139563e-01
-2.152659e-01
-1.061728e-01
-1.321559e-01
-2.779875e-01
1.372353e-01
-1.007181e-02
7.153912e-01
6.898148e-03
-1.926704e-02
5.474079e-02
4.127954e-01
-2.691630e-02
-1.363565e-02
-3.918790e-02
-2.138982e-02
-1.213915e-01
-1.255824e-01
-3.175890e-01
-1.964398e-01
6.628871e-03
-5.538385e-02
1.451631e-01
-2.914546e-01
1.552035e-02
-5.388294e-02
-8.862910e-02
7.257669e-03
-9.033936e-02
-1.688070e-03
-4.158308e-02
1.781899e-01
-1.580687e-03
9.576942e-01
1.187970e-01
4.769944e-02
4.701507e-01
-1.204314e-01
3.543342e-01
-1.629518e-01
-5.011361e-01
-1.200645e-01
-1.794733e-01
1.975896e-01
-2.205094e-01
1.074370e-02
5.486920e-01
-3.372401e-02
1.972698e-01
2.063400e-01
5.170074e-01
-2.316636e-02
-1.982056e-02
3.758651e-01
-9.967174e-02
-1.591443e-02
3.294600e-02
-2.980868e-01
-2.225043e-01
-1.144082e-01
-1.076162e-01
-1.287186e-02
-4.879060e-02
-6.345611e-02
-2.074147e-01
-1.244946e-01
-3.156897e-01
-1.005083e-01
-1.837956e-01
-1.089409e-01
-2.052937e-01
2.702235e-01
2.082837e-01
6.419324e-02
-1.779267e-01
6.103494e-01
-1.550645e-01
5.605630e-01
-1.368337e-01
5.385320e-01
-9.656119e-02
4.304605e-02
4.346099e-02
-1.610727e-01
6.517316e-02
-2.881960e-02
-4.675791e-02
-3.446899e-02
9.371002e-01
-2.783515e-01
-1.400115e-01
1.847472e-02
-2.397327e-01
-1.594033e-01
-9.216261e-02
2.247486e-01
6.969029e-02
1.216800e-01
-3.943112e-02
5.558996e-03
2.333855e-01
-3.746839e-01
-5.150416e-02
-2.475195e-01
5.978678e-01
-2.168883e-01
-2.270094e-01
-5.981702e-02
8.390483e-02
2.043543e-02
-2.937957e-01
-2.310841e-01
-1.612199e-01
-9.730018e-02
3.210037e-01
-3.068238e-01
-3.481000e-01
-1.652714e-01
5.879096e-01
-2.395755e-01
1.110080e-01
1.753876e-02
-1.521398e-01
-5.414836e-02
-2.926825e-02
-1.291107e-01
2.107130e-01
-4.750674e-02
8.844873e-02
-1.562993e-01
-6.738955e-02
1.889129e-01
-2.332204e-01
7.574570e-01
-1.052076e-01
-1.829070e-01
8.462111e-01
-2.214411e-01
-1.349732e-01
-1.824824e-01
-8.878469e-02
5.503495e-01
-1.074809e-01
-1.587657e-01
-1.399058e-01
8.057928e-02
-1.405847e-01
-1.078607e-01
-2.003794e-01
4.148724e-02
-1.882519e-01
-1.367143e-03
-6.538439e-03
1.437030e-01
1.832575e-01
-2.962465e-01
-2.404032e-01
2.869633e-01
3.115492e-01
-1.027978e-01
-1.905673e-02
-1.450169e-01
-1.142184e-01
-2.474104e-01
2.335991e-01
-1.076964e-01
-1.009040e-01
1.272677e-01
-1.316822e-01
-2.097418e-01
1.875098e-01
1.017352e-01
-1.945883e-01
5.062910e-02
-2.407735e-01
-1.855587e-01
-5.051227e-02
6.480106e-01
1.477948e-01
-8.784101e-02
-2.330471e-01
-8.033435e-02
-1.900652e-01
6.114165e-01
1.706757e-01
-1.715206e-01
-1.509051e-01
2.273877e-01
-3.677112e-01
4.663077e-01
-4.658270e-02
-5.213432e-02
6.565055e-02
-1.201010e-01
-3.529795e-01
-2.694694e-01
-1.656113e-01
-2.001034e-01
4.742505e-01
-2.403009e-01
9.464047e-02
-2.632542e-03
-1.983222e-01
2.378257e-01
3.585673e-01
-1.274777e-01
-1.166838e-01
1.467949e-02
6.063044e-02
-1.299517e-01
-2.553600e-01
-1.528235e-01
-2.829180e-01
-2.402074e-01
-7.228915e-02
-1.418919e-01
-2.097302e-01
-1.681940e-01
2.643372e-01
-3.263799e-02
2.707853e-01
-3.704785e-02
4.023604e-02
-1.194105e-01
4.388191e-02
-1.183212e-01
1.260703e-01
2.367429e-01
-1.611427e-01
1.522283e-01
1.324431e+00
-1.776821e-01
4.783621e-01
-1.849929e-01
-9.378193e-02
-1.608876e-01
-2.267198e-01
5.113903e-02
-9.670006e-02
-1.238159e-01
1.873630e-01
-2.913434e-02
1.667733e-01
2.032102e-01
-4.469214e-02
2.534758e-01
1.007544e-02
-8.035294e-02
-7.516847e-02
-4.930533e-02
5.028101e-01
-7.608283e-02
-1.791658e-01
-2.699026e-02
6.032187e-01
-1.745947e-01
9.848304e-02
-3.133685e-01
-3.374428e-01
7.614388e-02
-4.976677e-01
-1.060159e-03
-2.413480e-01
2.028698e-01
-5.298196e-02
2.728120e-02
2.155518e-01
-2.052823e-01
1.435052e-01
1.108246e-01
-6.632142e-02
-5.648159e-02
3.995746e-02
-2.289575e-02
-5.118282e-02
5.624695e-01
-1.709628e-01
6.714435e-02
-1.533677e-01
7.090902e-01
-1.907417e-01
6.565616e-01
-2.300515e-01
-3.241561e-01
-4.113216e-02
2.751484e-01
1.190943e-01
-2.132700e-01
4.985993e-01
-3.242288e-02
2.479588e-01
-2.410296e-01
8.240629e-01
-2.195988e-01
2.325226e-02
-8.948795e-02
-1.788836e-01
1.003123e-02
-4.725367e-01
3.254634e-02
-1.168697e-01
-2.082384e-01
-9.663469e-02
3.260184e-01
5.055242e-02
-4.451591e-01
-1.721853e-01
-2.611279e-01
-1.677919e-02
3.897882e-02
5.951557e-02
-3.505703e-01
-2.510490e-01
2.297484e-01
-1.794318e-01
-1.799852e-01
-1.112528e-01
1.329197e-01
-1.127279e-01
-6.630904e-02
5.518119e-02
6.617739e-01
-6.483211e-02
-3.530507e-01
1.834065e-01
1.550344e-01
-2.968204e-01
-1.805330e-01
1.118905e-01
9.686113e-01
1.823536e-01
-6.478197e-03
1.109647e-01
5.573178e-01
4.824802e-01
-2.471411e-01
4.106448e-01
3.553385e-01
6.023930e-02
5.113586e-01
-5.029391e-03
6.982900e-02
3.178841e-02
-1.289319e-02
-2.335819e-01
-2.908258e-01
-1.513521e-01
7.495109e-01
-1.645908e-01
3.614842e-01
1.600187e-01
-2.483546e-01
-1.248341e-01
-1.562910e-01
-1.907053e-01
-6.076733e-02
-4.433733e-02
-1.699389e-01
-4.711532e-01
-7.684285e-02
-6.428338e-02
1.409685e-01
-9.083968e-02
3.230590e-03
-1.574690e-02
-2.398143e-01
4.416133e-01
-9.581651e-02
1.898470e-01
-8.598355e-02
-2.090863e-01
3.325685e-02
-2.034547e-01
1.951616e-01
-1.164258e-01
1.995942e-01
1.992828e-02
1.025006e-01
-3.017184e-01
-6.696567e-02
-2.204062e-01
-8.994527e-02
6.622029e-02
1.704725e-01
-2.796648e-01
-2.778401e-02
2.544745e-01
1.107738e-01
7.958510e-02
-6.328120e-02
-1.748839e-01
9.586189e-02
-1.022353e-01
-1.043185e-01
-1.774493e-01
-6.759811e-02
7.200916e-02
-9.473369e-02
-2.515021e-02
-2.325090e-01
8.753641e-02
-1.641246e-01
-1.112795e-02
6.810498e-01
9.472799e-02
-7.669394e-02
8.122607e-01
-2.472254e-01
2.833147e-02
-2.195136e-01
7.585072e-01
-1.354178e-01
-2.731273e-02
-1.253480e-01
-2.252204e-01
-2.449919e-02
-1.207223e-01
6.061972e-02
-1.467303e-01
6.704301e-01
6.908958e-02
5.019618e-01
4.022018e-01
1.224634e-01
-4.696344e-02
-2.245252e-01
1.759013e-02
-1.400491e-01
-1.284632e-01
6.105926e-02
-5.071294e-02
-4.938700e-02
-1.686222e-01
-1.452980e-01
-3.529778e-02
-2.644211e-01
2.562025e-02
5.625924e-03
-2.613164e-01
2.850345e-01
-2.503081e-01
1.042444e-02
-3.196917e-02
-7.191925e-02
8.267915e-02
-1.568450e-01
-2.658424e-01
-8.775715e-02
-2.029904e-01
4.685289e-02
2.367890e-01
1.531889e-02
-2.263750e-02
1.216787e-01
6.653993e-01
-2.697080e-01
-1.027131e-01
-2.056369e-02
1.996363e-01
-2.860935e-01
6.673573e-02
-3.215497e-01
-1.247568e-01
3.585951e-03
-2.385723e-01
-9.717447e-02
1.306354e-01
-1.292045e-01
-2.697452e-01
-1.932292e-01
-3.273544e-01
3.130194e-01
-1.260955e-01
-3.938736e-02
2.601654e-02
7.422263e-02
2.262112e-01
-1.565937e-01
-1.355409e-01
9.111060e-01
-1.452850e-01
-2.960078e-01
1.297924e-03
1.387614e-01
1.494332e-01
-1.554515e-01
1.652458e-02
1.289411e-01
8.270914e-02
6.446106e-02
-5.351387e-02
-2.348303e-01
-2.729321e-01
-5.275134e-02
5.748195e-03
-2.661766e-01
-6.685580e-02
3.084180e-02
1.062996e-01
-2.736901e-01
-1.429218e-01
4.058366e-01
-5.870475e-03
1.125494e-01
-1.192760e-01
6.772273e-01
4.660399e-02
-1.070778e-02
-1.098948e-02
-9.760930e-02
1.174851e-01
-1.687989e-01
6.663457e-01
-1.582244e-01
-3.912603e-01
-1.304448e-01
-2.707965e-01
-1.330052e-01
9.917564e-01
1.629467e-01
-5.422787e-02
-1.688417e-01
1.772315e-01
-7.592233e-02
-3.014668e-01
-3.024893e-01
-1.192602e-01
7.324261e-01
1.106121e-01
-1.535689e-01
-3.013070e-01
-1.917116e-01
-3.362513e-02
-1.766791e-01
-1.899133e-01
-7.637421e-02
-1.725253e-01
-3.455148e-01
3.831450e-02
-1.751281e-01
-4.304086e-02
-7.323825e-02
-6.357798e-02
4.730305e-01
-3.205813e-01
-2.863636e-01
6.719878e-01
5.349476e-01
-2.736121e-02
-3.917240e-01
1.188467e-02
-3.368964e-02
2.294557e-01
-2.304484e-01
9.333976e-02
3.286737e-01
-9.302823e-02
4.421462e-02
1.824555e-01
-2.613496e-01
-4.814084e-02
2.299946e-01
-2.282995e-01
-1.883089e-01
-1.549134e-01
-1.391431e-03
3.467391e-01
-2.149352e-01
-4.814460e-02
-2.708109e-01
-8.911088e-02
-1.862119e-01
-1.905225e-01
-1.747380e-01
5.165139e-01
1.530140e-01
1.356068e-01
-8.237998e-02
4.613139e-02
7.823392e-01
-1.106518e-01
-1.759369e-01
8.460663e-02
-2.193291e-01
-1.634817e-01
-1.848796e-01
4.746691e-02
-4.978810e-01
-3.444842e-02
-4.920464e-01
3.284509e-02
2.964316e-01
4.252297e-02
-1.433848e-02
-1.080179e-01
-2.089870e-01
-3.657518e-01
5.794369e-02
1.689835e-01
-1.449406e-01
2.118965e-01
6.501053e-02
-1.583581e-01
7.242175e-01
5.417386e-01
1.307674e-02
-1.824578e-01
4.506743e-02
1.072547e-01
1.469799e-01
2.274670e-01
1.159811e-01
2.162461e-01
-9.172885e-02
5.019464e-01
4.134879e-01
1.379469e-01
1.704016e-01
-6.561709e-02
-3.052355e-01
-2.276749e-01
-1.442550e-01
-2.046904e-01
3.243801e-01
-3.690691e-01
-2.506391e-01
-5.921837e-02
3.457592e-01
-8.335839e-02
3.842664e-01
-1.012534e-01
-7.408408e-02
-1.773174e-01
-1.309465e-01
-1.799830e-01
8.111118e-02
-8.748428e-02
7.351882e-03
-1.529524e-01
1.316817e-01
2.599165e-01
8.651341e-02
5.150335e-01
5.316457e-01
5.124830e-01
-5.911852e-02
-9.749219e-02
5.320495e-02
-2.605252e-01
2.073827e-02
-5.305699e-02
-4.183047e-01
-1.085086e-01
1.663202e-02
-2.784856e-01
1.230392e-01
-3.547574e-01
1.453667e-01
-1.341080e-02
2.503500e-01
8.427812e-01
-9.755863e-02
-1.045772e-02
-3.047915e-01
4.873896e-02
1.025741e-01
-2.281415e-01
-2.402413e-01
5.203584e-02
-2.588433e-01
1.252415e-01
2.577840e-01
5.756786e-02
-4.144283e-02
2.711438e-02
-2.131274e-01
-1.767290e-01
2.007622e-01
-1.843477e-01
-4.321292e-01
-1.686542e-01
-6.935679e-02
6.225891e-01
2.551547e-02
-3.364314e-01
-8.217737e-02
7.740677e-02
2.518480e-01
8.908716e-02
1.511064e-01
-2.446633e-01
6.822026e-01
-2.152442e-01
5.825198e-01
-1.870621e-01
1.152101e-01
3.176448e-02
-1.427706e-01
-1.155304e-02
1.255434e-01
3.385142e-02
-1.747832e-01
-5.568117e-02
-2.727289e-01
-1.835040e-01
9.997904e-02
-2.919726e-02
-1.959689e-01
1.765321e-01
2.074548e-01
2.569125e-01
1.755688e-01
-1.908520e-01
-2.484763e-01
1.864008e-01
-1.292204e-01
1.245618e-01
9.720609e-02
1.901863e-03
7.667752e-02
1.402990e-02
2.659400e-01
4.189096e-01
-6.990166e-02
-2.211097e-02
1.119496e-01
-2.086994e-01
-8.951660e-02
-1.877428e-01
3.399341e-02
-5.008576e-02
2.982435e-01
-1.739103e-01
-3.215441e-02
-1.429753e-02
-5.279069e-02
-2.425031e-01
1.195127e+00
3.294007e-01
2.440735e-03
-2.234579e-01
-7.058077e-02
-7.909435e-02
-8.185736e-02
-2.892096e-01
5.801423e-01
-5.965859e-02
-2.354714e-03
-1.763666e-01
2.884618e-01
1.250188e-01
-4.412528e-02
-7.048032e-02
-2.855772e-02
-9.662446e-02
-2.292980e-01
-2.954685e-01
-7.690334e-02
-6.598403e-02
-6.399212e-02
2.444412e-02
-9.426242e-02
1.809944e-01
1.928863e-01
-2.180732e-01
-2.159455e-01
-4.660558e-02
4.600455e-02
-9.198417e-02
-1.546126e-01
-1.971739e-01
-1.884629e-01
-1.807611e-01
-1.667554e-01
3.956753e-02
8.372629e-02
2.504534e-01
5.721489e-01
-2.207996e-01
-1.722883e-01
-8.927580e-02
-1.609157e-01
8.703375e-02
5.062352e-01
-2.831749e-01
-7.836993e-02
-1.136880e-01
2.225552e-01
3.082149e-01
-1.240393e-01
-5.691241e-03
-1.092571e-01
-1.597161e-01
8.715475e-01
2.790295e-01
-2.618390e-02
-5.900509e-02
-1.575420e-01
-2.504137e-01
6.084240e-02
-2.554005e-01
-1.667269e-01
-2.430441e-01
-6.147272e-02
-6.056046e-02
-3.534706e-02
-1.934987e-01
-1.069663e-01
-3.255728e-01
1.063300e-01
-8.193076e-02
-4.779746e-02
4.145233e-01
2.106355e-01
-2.003335e-01
-2.908063e-01
-2.538575e-01
1.157403e-01
2.142203e-01
1.189522e-02
-7.212389e-02
9.458245e-02
1.503919e-01
-2.318920e-01
8.215760e-01
2.364303e-01
-9.822378e-02
-1.002171e-01
-1.349248e-01
-8.912770e-03
-2.561229e-01
-8.207551e-02
-2.823465e-01
-2.736281e-01
1.083184e+00
-1.814586e-02
1.367850e-01
-5.319594e-02
-5.163711e-02
-9.211845e-02
1.204271e-01
-2.408926e-01
-6.516212e-02
-1.042396e-01
7.823507e-01
-1.391800e-01
-8.961129e-02
-3.085999e-01
4.313022e-02
-1.595121e-01
-4.088447e-01
1.616046e-01
1.223119e-01
-6.152224e-02
3.821178e-01
-3.717087e-02
-2.065378e-01
9.603902e-02
-3.622663e-03
-1.014501e-01
-1.933676e-01
1.855326e-01
1.850183e-02
-1.534822e-01
-1.875605e-01
-4.974048e-02
-1.050957e-01
2.692974e-01
-2.125494e-01
-2.199483e-02
-8.642571e-02
-2.602503e-01
-2.707928e-01
-2.477678e-01
-2.906904e-01
4.966279e-02
-2.834528e-01
1.725688e-03
2.089694e-02
-1.967573e-01
-2.594332e-01
-1.006394e-01
7.620402e-02
5.071194e-02
7.088260e-01
-5.694317e-03
6.605799e-02
4.896110e-01
-1.918392e-01
-1.120103e-01
5.406029e-01
-2.179434e-01
-1.071280e-01
-2.644961e-01
-1.125110e-01
-2.129911e-02
-1.419886e-01
2.009589e-01
7.235721e-03
-1.881164e-01
-9.930110e-02
-2.240392e-01
9.704861e-02
-9.203265e-03
-2.453728e-01
-1.228229e-01
-4.862626e-02
-1.486485e-01
1.236775e-01
-1.218080e-01
-1.197928e-02
-1.387962e-01
-6.200575e-02
3.286149e-01
-1.476333e-01
-2.069777e-01
7.500982e-03
1.011274e-01
8.386751e-02
1.021486e+00
-6.921005e-02
-1.140122e-01
2.304888e-01
-8.104286e-02
-1.942426e-01
-8.441421e-02
7.884489e-01
-2.160581e-02
-3.263900e-01
-1.508270e-01
-1.173134e-01
-2.024544e-01
1.979446e-02
-2.610848e-01
-1.634515e-01
-7.493456e-02
-2.065500e-02
1.808981e-02
3.885176e-01
-6.554919e-02
-3.657662e-01
-1.955670e-01
-6.153163e-02
-2.348327e-01
3.490471e-02
5.037074e-01
-1.908715e-01
-1.556348e-01
2.492460e-01
-5.466886e-02
-1.710602e-02
2.855959e-01
4.970902e-01
7.182091e-02
5.575634e-02
-9.766385e-02
-9.716471e-02
1.299085e-01
-3.575080e-01
-5.718068e-02
-1.185806e-02
-3.198206e-01
4.486581e-02
-2.996020e-01
-1.478150e-01
-1.053282e-01
2.923663e-01
-4.080178e-02
1.865975e-01
-2.690043e-01
3.979020e-02
6.326733e-01
-1.382166e-01
9.701941e-02
-2.835941e-01
8.283915e-02
-3.356278e-02
1.436421e-01
-4.902057e-02
2.102385e-01
1.110801e-01
-1.724047e-01
-4.235757e-01
6.082489e-02
9.088503e-01
6.249468e-02
-7.639544e-02
3.113746e-01
-3.530981e-01
2.389272e-02
2.292148e-01
2.194490e-01
-3.728094e-03
-2.293493e-01
-2.749470e-01
-3.150931e-02
-6.775155e-02
-1.814338e-02
1.754377e-01
-6.952689e-02
7.348584e-01
2.008042e-01
-1.256858e-01
-2.904365e-01
-2.309782e-01
-3.442721e-01
6.685564e-03
2.795266e-01
3.519964e-01
-1.645239e-01
2.245929e-01
7.145210e-02
6.641259e-02
-2.122127e-02
-3.884055e-03
-8.274656e-03
-1.506879e-01
1.680612e-01
-2.288198e-01
-2.082311e-01
2.639716e-02
-1.066763e-01
1.670860e-01
2.825160e-02
1.061580e-01
1.783710e-02
-1.440931e-01
7.741816e-02
-1.338163e-01
7.601558e-02
9.659546e-02
-8.830152e-02
-4.178745e-01
4.326102e-01
3.524156e-02
-2.365213e-01
-2.249658e-01
2.409648e-01
2.942318e-01
2.883992e-01
4.952514e-01
1.513452e-01
-3.590340e-01
-1.841525e-01
-2.260612e-01
-2.617025e-01
-1.961219e-01
-1.326558e-01
-2.167903e-01
-1.280113e-01
3.915044e-02
-1.898445e-01
-3.097146e-01
2.111849e-01
3.883238e-01
-3.236587e-01
2.251550e-01
4.220686e-01
-5.578085e-02
-3.327342e-01
1.887429e-01
-3.717336e-02
-1.672385e-01
1.049619e+00
-8.925430e-02
-2.707556e-01
-6.791672e-02
-2.574903e-01
1.688907e-01
3.782182e-02
-5.865181e-02
-4.532625e-01
-6.611078e-02
-1.312341e-01
5.157045e-02
1.695286e-01
-1.108867e-02
2.254912e-01
5.003690e-03
-1.909408e-01
7.876103e-02
1.522744e-01
-3.610340e-01
5.113888e-01
-5.313011e-02
-1.089874e-01
4.503564e-01
-8.012740e-02
6.773647e-01
-1.461989e-01
1.778871e-02
1.040954e-01
-1.280013e-01
-2.750839e-01
3.191267e-02
-3.047218e-01
2.732946e-01
1.961102e-01
-2.480284e-01
-3.445255e-02
-1.806758e-01
7.706103e-02
1.440977e-01
-2.199125e-01
-2.645780e-02
-7.359802e-03
-1.295824e-01
-1.986627e-01
-2.172484e-01
2.379166e-02
-1.973317e-01
-6.415887e-02
-8.001907e-02
8.808322e-01
1.354281e-01
-9.136236e-02
-9.513181e-02
-2.000257e-01
-1.605547e-01
-1.109491e-01
-1.336539e-01
-2.863023e-01
-1.415997e-01
2.021468e-01
6.245712e-02
-2.473833e-01
9.693111e-02
-3.499529e-01
-2.325733e-01
-2.294855e-01
-2.329552e-01
8.109254e-02
-2.661087e-01
4.128487e-01
1.225138e-01
-5.910149e-02
-3.330439e-01
-7.959645e-02
-1.174145e-02
-3.305872e-01
-1.524446e-01
2.177325e-02
-1.374173e-01
-1.183672e-01
1.120655e+00
7.428726e-01
-2.239345e-01
-6.934687e-02
7.160975e-02
-1.590095e-01
-6.641413e-02
-7.343223e-02
-2.024321e-01
-1.436237e-01
-1.613426e-01
-1.634292e-01
1.584567e-01
-3.383490e-01
-1.548612e-01
-2.551294e-01
-1.236600e-01
1.788077e-01
-1.545347e-01
-4.095149e-01
-1.300622e-01
1.386467e-01
-9.423915e-02
5.530675e-01
1.050233e+00
-5.177992e-03
9.449220e-02
3.273047e-01
6.527026e-01
-2.786041e-01
1.161841e-03
5.193952e-02
-1.505908e-02
2.847345e-01
-1.226534e-01
6.613987e-02
-1.180805e-01
-3.457086e-01
1.666307e-01
-1.651172e-01
-4.890301e-02
3.466827e-01
-1.282652e-01
-9.250483e-02
-1.749435e-02
1.852763e-03
1.061447e-01
1.580267e-01
-2.448588e-01
-1.671401e-01
-2.611654e-01
-2.165210e-01
3.300505e-02
-9.361292e-02
-3.132667e-01
-1.066102e-01
-1.438808e-01
-2.559298e-01
-2.482509e-01
-2.823390e-01
1.923475e-02
-7.726836e-02
5.022130e-01
-1.839548e-01
-3.188590e-02
-2.028695e-01
2.267801e-03
4.350408e-01
-1.647752e-01
7.579745e-02
-2.022458e-01
3.480786e-03
-2.085921e-01
-2.448954e-01
9.558846e-03
-3.560379e-01
-3.385491e-01
-1.932021e-01
8.555640e-02
5.823115e-01
-1.485630e-01
-3.176111e-01
-2.064811e-01
-2.666199e-01
-1.353112e-01
4.254977e-02
6.503942e-02
-4.020493e-01
3.721163e-02
4.647237e-02
-1.961421e-01
3.920897e-01
4.650127e-01
-1.647759e-01
-8.977727e-02
2.401922e-01
-4.374577e-02
-4.393863e-02
3.473804e-01
3.795468e-01
-2.724057e-01
7.134547e-01
-6.497519e-02
-1.486067e-01
-2.825855e-02
-2.527990e-02
2.498756e-02
-2.697945e-01
-1.312379e-01
2.566048e-01
2.344246e-01
3.706073e-01
8.089201e-02
7.095492e-01
-1.887954e-01
-4.620329e-02
3.349877e-02
-1.384595e-01
-2.301026e-01
1.294450e-02
-6.594986e-02
2.864119e-01
-1.379480e-01
2.111050e-01
-2.059994e-02
4.363140e-01
1.880168e-01
-5.111094e-02
5.370130e-02
-3.504567e-01
-3.295074e-01
-3.740782e-02
-2.606385e-01
-9.630796e-02
3.455571e-02
-3.703228e-01
-2.449768e-01
-3.115773e-01
3.502744e-01
6.366314e-02
1.798483e-01
-2.611584e-02
7.614143e-01
1.680213e-01
3.781070e-03
8.681507e-02
-2.603367e-01
5.915048e-01
-2.041521e-01
-2.584792e-02
-1.879774e-01
-1.513669e-01
-3.081949e-03
-8.359129e-02
8.251183e-02
-1.017099e-01
-4.279713e-01
9.351625e-02
-2.004247e-01
5.976545e-03
-1.521776e-01
2.982875e-02
1.080873e-01
-6.617641e-02
5.455850e-01
-4.207985e-02
2.569211e-01
-6.582335e-02
7.759323e-02
-1.500287e-01
-1.830691e-01
-1.774573e-01
-2.479558e-01
-7.388760e-03
-4.286461e-02
-1.502127e-01
-9.516072e-02
-4.668046e-01
3.581288e-01
7.873529e-02
-2.012928e-01
-4.507607e-01
4.192296e-01
3.054976e-01
-3.706660e-02
-2.018518e-01
-7.304890e-02
4.490703e-02
-1.781287e-02
-3.323809e-01
-3.175041e-01
-3.244610e-02
-1.069699e-01
-2.639734e-01
7.039993e-02
7.130456e-02
2.265841e-01
2.070768e-01
5.918491e-01
5.422603e-01
3.979943e-02
-1.066660e-01
-2.231172e-02
-3.638531e-01
-2.937902e-01
-2.885957e-02
2.215950e-01
-1.433275e-01
5.220629e-02
-2.236918e-01
7.476249e-02
-1.503429e-01
-5.200034e-02
6.102478e-01
4.509886e-01
-1.643572e-01
-9.301563e-02
-8.859359e-02
-1.984898e-01
-2.552910e-01
-9.703775e-02
1.217066e-01
-4.507750e-03
4.078914e-02
-1.393474e-01
7.935522e-01
-1.071895e-01
-6.807145e-03
1.073975e-01
1.336098e-03
-1.037365e-01
2.850815e-02
-1.721374e-01
7.318833e-02
-5.139308e-02
-1.688042e-01
-2.329354e-01
-1.693781e-01
1.406897e-01
-5.606338e-02
-2.046063e-01
-2.324607e-01
-9.136727e-02
2.036001e-01
-6.319530e-02
8.045385e-03
-5.868075e-02
1.291477e-01
-4.491620e-02
5.313997e-01
-1.405862e-01
1.032755e+00
-1.355723e-01
3.885553e-02
-1.172597e-01
-6.144872e-02
5.874894e-01
-3.154956e-01
-6.839187e-02
-1.141778e-01
1.488541e-01
-2.038667e-01
-8.816097e-02
-4.199810e-02
-2.139293e-01
-2.950572e-01
-1.545546e-02
-1.342043e-01
1.792132e-01
-3.426285e-01
-1.735079e-01
3.224317e-01
1.436621e-01
7.716396e-01
4.572386e-02
4.205903e-02
-6.017971e-03
3.993391e-02
-1.329980e-01
-5.559668e-02
8.341259e-01
1.779196e-02
-1.446591e-01
1.942202e-02
2.581716e-01
-2.281674e-01
-2.361179e-01
-4.304968e-02
1.766939e-01
1.720451e-01
-2.273383e-01
-1.999953e-01
3.590682e-02
-1.504758e-01
-1.513825e-01
-1.836958e-01
7.441817e-01
-1.550362e-01
-1.089802e-01
-3.238593e-01
-7.495910e-02
5.515975e-01
-1.106177e-01
-6.265127e-02
1.062020e-01
-8.035501e-03
-8.434798e-02
-2.459945e-01
1.301094e-02
-1.166855e-01
-2.023895e-01
-1.395593e-01
6.494801e-02
2.661573e-01
8.510415e-02
-2.119244e-01
6.186122e-03
-9.567002e-02
2.757128e-01
-6.504080e-02
-2.590210e-01
-2.606040e-01
-1.954362e-01
9.068199e-02
6.588377e-02
-1.522814e-01
1.915066e-01
4.089788e-01
-2.068412e-01
1.314900e-01
1.842097e-01
3.205801e-01
2.270723e-02
-4.324149e-01
-4.972404e-02
-1.525295e-01
2.962624e-01
6.135247e-02
-2.870170e-01
-1.838621e-01
3.807121e-01
-1.225371e-01
-2.822705e-02
-2.486602e-01
-2.191414e-01
8.131391e-02
6.763938e-01
5.209607e-01
8.152434e-03
1.111086e-01
8.688387e-01
-4.353528e-02
-1.050780e-01
-2.285358e-02
-1.681320e-01
-9.340092e-02
-2.403540e-02
5.291966e-01
1.679964e-01
-1.998392e-01
-2.096757e-01
-2.062349e-01
4.894978e-01
5.478956e-01
-2.789972e-01
-4.204244e-01
-1.752566e-01
-3.576834e-01
-2.374480e-01
1.246964e-02
-1.341291e-01
-2.326678e-01
-2.087912e-01
5.509869e-01
-7.211020e-02
-1.206334e-01
-2.693557e-01
-1.759863e-01
-4.152163e-02
-1.789563e-01
-1.946920e-01
-1.871648e-01
-2.252251e-01
2.287947e-02
8.942535e-03
-1.824471e-01
-1.482916e-01
2.666135e-02
-2.598716e-01
2.331874e-01
-2.735567e-01
-1.596989e-02
-2.893817e-01
-3.980653e-01
3.730549e-01
-3.039604e-01
-1.078066e-01
1.442228e-01
-2.966046e-01
-8.302400e-02
-2.897117e-01
3.329450e-01
-9.759361e-02
-2.253965e-01
9.561533e-02
-2.845107e-01
-1.830900e-01
-2.709503e-01
-2.805946e-01
-1.688593e-01
1.340483e-01
-9.283130e-02
-1.346025e-01
8.255338e-02
-1.326465e-02
8.529608e-02
-1.325567e-01
6.678292e-01
7.325794e-03
1.055369e-01
-4.056777e-02
6.533158e-03
-8.446420e-02
-2.052435e-02
2.298562e-02
-8.771332e-02
-1.295040e-01
2.802439e-01
-1.422468e-01
3.163254e-01
-1.652515e-01
-1.601270e-01
3.475981e-01
-2.791963e-01
2.771240e-01
-7.112546e-02
-2.552550e-03
-1.693049e-01
-2.254113e-01
-1.140620e-01
-2.669413e-01
4.263763e-01
2.302867e-01
2.609319e-01
-1.280724e-01
-8.432738e-02
-1.504539e-01
-1.267552e-01
9.768847e-01
2.339002e-01
1.755876e-02
-2.416095e-02
-4.069227e-02
-1.818347e-01
-2.228398e-01
-3.430207e-01
3.391514e-01
5.993545e-02
-1.584742e-01
5.969336e-02
-1.911046e-01
-1.449055e-01
-1.680883e-01
-9.776565e-02
1.544004e-01
-7.014631e-03
1.103356e-01
-2.632957e-01
-1.599590e-01
3.728152e-02
1.073947e-01
-2.285479e-01
-2.481753e-02
-1.536835e-01
-2.514009e-01
-1.317926e-01
-3.404228e-02
-5.333925e-02
-2.421187e-01
8.121142e-01
-5.801549e-02
-1.225255e-01
4.193148e-01
2.462278e-01
-1.964311e-01
-1.171604e-01
-1.788024e-01
-1.170428e-01
-6.369863e-02
-1.213432e-01
-1.461586e-01
4.573039e-01
8.511616e-03
-2.037855e-01
-2.183775e-02
-7.963605e-02
-1.325159e-01
-1.025880e-01
-8.879284e-02
-1.124871e-01
-1.444464e-02
3.504712e-01
4.824464e-02
-1.627708e-02
-1.725502e-03
4.294041e-01
-1.888615e-01
-1.579300e-01
-1.650212e-01
-5.155564e-02
9.964805e-02
-1.601496e-02
-1.079104e-01
-2.080918e-01
-6.107806e-02
-1.966879e-01
9.328119e-01
4.616126e-03
-1.046986e-01
-8.156341e-02
-4.066815e-02
6.839185e-02
1.025904e-01
-2.556059e-01
7.991360e-01
-2.150000e-01
2.371128e-02
3.329513e-01
-3.822381e-02
-5.621960e-02
2.995214e-02
-3.078415e-01
-1.029410e-01
-6.613274e-02
5.527217e-01
-3.243770e-02
2.591969e-01
6.317397e-01
-9.566035e-02
6.636607e-03
-5.105805e-02
-2.732554e-01
6.126089e-02
1.606483e-02
-1.445924e-01
-1.848256e-01
-6.076825e-02
-1.183015e-01
2.653974e-02
4.180439e-01
-8.801275e-02
9.656379e-02
-1.662477e-01
5.306501e-02
-3.410895e-02
-1.578259e-01
-1.653326e-01
-3.371586e-01
-1.011710e-01
-1.580131e-01
6.521724e-01
-1.269438e-01
-3.343825e-01
1.085840e-01
2.847578e-01
-2.845849e-01
-2.803415e-01
-1.185930e-01
-2.267859e-01
-7.758965e-02
2.114073e-01
-1.291676e-01
-9.491834e-02
5.050253e-02
4.539831e-02
2.080226e-01
-1.140075e-01
-1.879087e-01
-3.171850e-02
5.268115e-01
2.897831e-02
9.538352e-02
-2.465685e-01
-2.402545e-01
-2.303522e-01
1.953443e-01
-3.305028e-01
6.936176e-02
3.101876e-02
-1.382939e-01
-3.002564e-01
4.699706e-02
-2.837920e-01
-7.450088e-02
-1.043490e-01
7.829486e-02
-1.254779e-01
-2.366916e-01
3.829804e-01
-4.142548e-01
-1.504409e-01
-1.713437e-01
-2.500901e-01
-2.920904e-01
1.266807e+00
-1.493687e-02
1.187251e-01
4.696690e-02
1.352305e-01
-1.416226e-01
2.297168e-01
2.637198e-02
-1.465358e-01
2.280464e-01
2.711224e-01
-8.363552e-02
-2.586583e-01
-5.095772e-02
-3.137203e-01
1.213044e-01
2.196197e-02
-2.927704e-01
-4.356767e-01
5.356096e-01
4.266527e-02
2.962438e-02
6.127254e-02
6.448620e-02
2.526025e-01
-1.639833e-01
1.714286e-01
2.879157e-02
-1.459680e-01
1.612634e-01
1.837812e-02
3.449361e-02
-1.075660e-01
-6.763210e-02
5.686871e-01
-6.926728e-02
2.965888e-01
-4.283644e-02
8.438271e-03
1.065049e-01
2.133417e-02
-4.582930e-02
-1.137240e-01
-1.848683e-01
-1.151210e-01
-1.181590e-01
-3.372447e-01
-4.391164e-03
1.273019e-01
-6.414627e-02
-2.332633e-01
-2.332897e-01
-1.024924e-01
-1.280159e-02
-8.860383e-03
9.125324e-01
-1.774764e-01
-1.583563e-02
2.280543e-01
1.107569e-02
-6.803104e-02
-1.316069e-01
3.034211e-01
-1.780926e-01
1.765351e-01
1.663647e-02
2.088967e-01
-1.433217e-01
6.083782e-02
-1.401762e-02
-1.052154e-01
-2.045256e-01
2.920006e-01
-2.246961e-01
-1.766275e-01
2.115428e-02
-6.649464e-02
-1.808674e-01
-4.305552e-02
2.354639e-02
-1.471079e-01
1.929420e-01
-8.276375e-02
2.517166e-01
2.576119e-01
-2.447992e-01
5.675997e-02
-2.149936e-01
4.560031e-01
-1.945507e-01
-3.242099e-02
-2.890261e-02
-2.752740e-02
-8.078973e-03
-6.065210e-02
-2.159959e-01
-1.548082e-01
5.273123e-02
-1.198928e-01
-3.265210e-01
-1.806882e-01
1.042111e+00
-2.973717e-02
4.189445e-01
-3.215044e-01
-1.906288e-01
-9.097597e-02
-1.373935e-01
4.257502e-01
2.001983e-02
-9.434561e-02
-1.504067e-01
-1.680383e-01
-3.191215e-02
-7.798129e-02
-7.711101e-02
6.806163e-02
-1.196250e-01
1.000762e-01
1.233426e+00
-1.823406e-03
-7.802399e-02
7.492593e-03
-1.896812e-01
3.066551e-02
3.497391e-02
1.301899e-01
-1.405860e-01
1.646457e-01
-1.855121e-01
-3.910548e-02
-3.632640e-01
3.436840e-01
-2.526045e-01
2.992920e-01
2.133070e-01
2.369880e-01
3.154387e-01
-1.119851e-01
3.353512e-01
-2.915048e-01
-1.198504e-01
5.694171e-01
-3.265772e-03
3.912763e-01
-2.076717e-01
1.511686e-01
-4.972225e-02
3.824712e-01
3.755367e-01
2.165031e-01
-7.352126e-02
-3.012100e-01
-2.836000e-01
2.893008e-02
2.729184e-02
3.829742e-02
-3.380877e-01
-1.795950e-01
-1.270498e-01
-1.624303e-01
-3.978370e-02
-2.964058e-01
2.795164e-01
-2.379440e-01
2.043227e-01
6.269512e-02
-1.454776e-01
-2.303947e-01
-2.788091e-01
-1.545862e-01
1.182085e-01
1.634497e-01
-9.839307e-02
-3.307640e-01
-3.994207e-02
1.438585e-01
-2.070580e-01
-1.866344e-01
1.167276e-01
1.199126e-01
-2.301963e-01
4.333579e-03
-8.825932e-04
4.959316e-01
8.323220e-01
-2.325155e-01
3.498330e-01
-2.891331e-01
-2.126826e-01
2.362821e-01
8.445142e-02
-5.496771e-02
-2.968369e-02
-1.601301e-01
-4.529869e-01
-1.077483e-02
7.847495e-02
8.083639e-01
3.058560e-01
2.933841e-01
3.273722e-01
-2.898646e-01
-1.488350e-01
-4.179979e-02
-1.540267e-01
-9.705243e-02
-2.801726e-01
1.869569e-01
4.206963e-02
1.822214e-01
-1.077237e-01
6.240847e-01
3.696172e-03
2.167779e-01
-1.123072e-01
-4.921156e-02
-3.946395e-01
1.704350e-01
-8.213097e-02
3.347766e-01
-2.374930e-01
-2.752064e-01
-2.697574e-01
1.319407e-01
-6.040614e-02
-9.159707e-02
-2.995098e-01
-2.294552e-01
1.161401e-01
1.133275e-01
3.886920e-01
-1.191052e-02
-2.563219e-01
5.434567e-01
2.916606e-01
-1.459753e-01
-2.439511e-01
-1.313512e-01
-1.215839e-01
-5.107490e-02
1.375132e-01
4.786098e-01
-1.221685e-01
-1.975118e-01
-1.823860e-01
5.263306e-03
4.626314e-01
3.870139e-01
-2.144507e-01
-1.873365e-01
-1.796939e-01
-1.782506e-01
-1.309087e-01
1.602856e-01
-1.381160e-01
-1.380436e-01
1.512899e-02
-1.142403e-01
-2.366660e-01
-1.265148e-01
8.931029e-02
1.645605e-01
3.954080e-02
1.485382e-01
6.874903e-01
-2.863528e-01
-2.863929e-01
1.270429e-01
-1.340179e-01
-1.364346e-01
2.224126e-01
-2.576165e-01
-2.155711e-01
-1.358516e-01
-9.454059e-02
2.968320e-01
-1.700146e-01
9.156392e-02
5.874976e-01
-2.684117e-02
-3.056999e-01
-2.429243e-01
-6.004108e-02
3.917258e-01
-5.037723e-02
-3.432365e-02
5.144906e-01
-1.146548e-01
-1.657504e-01
-9.544858e-02
6.664516e-01
-1.900918e-01
6.634649e-01
-2.440587e-01
7.784435e-02
-1.766337e-01
-2.585907e-01
3.787944e-01
-2.447168e-01
1.091123e-02
-1.311866e-01
-8.036315e-02
9.395251e-02
2.540426e-01
-1.624278e-01
-5.557297e-02
-1.702659e-01
-7.932428e-02
-2.007238e-01
-1.669944e-01
-2.328553e-01
-6.818784e-02
6.866109e-02
3.008709e-01
-1.352914e-01
1.170567e-01
-2.869405e-01
-1.025492e-01
-3.238694e-01
-7.956492e-02
6.096343e-01
-1.651503e-01
-9.767296e-02
3.625582e-01
6.507566e-03
-3.438011e-01
8.827754e-02
-5.427645e-01
-2.938590e-01
4.862785e-01
3.235462e-03
2.707000e-01
2.291576e-01
-5.693125e-02
3.147876e-05
2.212286e-01
2.656335e-01
3.326258e-02
-9.381826e-02
8.610591e-01
-4.472844e-02
7.637616e-01
-1.773051e-01
3.436058e-01
-1.732759e-01
-1.348832e-01
-2.389683e-02
-2.737984e-01
-1.473102e-01
-2.117466e-01
-8.267029e-02
3.933520e-01
-7.020345e-03
-1.485147e-01
-1.549057e-01
-8.391916e-02
1.163628e-01
-1.809073e-01
-2.452111e-02
1.706925e-01
-2.499745e-01
-4.999126e-02
3.683535e-01
-8.799865e-02
-2.269806e-01
-2.967201e-01
-1.102601e-01
-6.109409e-02
-9.648523e-02
-1.494582e-01
-1.176334e-01
2.748432e-01
-1.677367e-01
4.641333e-01
-1.024581e-01
5.621358e-01
-1.572644e-01
2.648706e-02
-1.778262e-01
-1.833977e-01
-2.408414e-01
-2.253658e-01
-1.319053e-01
-1.701789e-01
5.517007e-02
-1.984080e-01
1.106500e-01
-1.739796e-01
5.395979e-02
-2.670545e-01
-1.554895e-02
-9.935318e-03
-1.411374e-01
2.651838e-01
8.375844e-02
1.413428e-01
-4.762259e-02
-8.695894e-02
-2.597523e-01
-1.117577e-01
-1.458520e-01
1.043137e-01
-9.012492e-02
-1.521694e-01
-1.137673e-01
1.528393e-01
-1.674767e-01
-5.357513e-02
4.298549e-01
-1.720751e-01
4.965753e-01
-1.636213e-01
8.677126e-01
-7.177791e-02
-2.411331e-01
-1.731920e-01
-2.139091e-01
-1.235855e-02
-1.941627e-01
9.611499e-02
-1.546744e-01
-1.966128e-01
6.355621e-01
5.776672e-01
-7.187939e-02
-2.428302e-01
-1.612448e-01
8.973763e-02
-8.495514e-02
1.371194e-02
2.164439e-01
-3.537497e-01
2.447450e-01
-2.028724e-01
1.143073e-01
-1.029718e-01
3.324683e-01
6.379104e-02
-1.921054e-01
2.287212e-01
6.029432e-01
-1.771542e-01
-2.200641e-01
-2.390191e-01
-2.761441e-01
-8.241915e-02
-6.873419e-03
7.020038e-02
5.962736e-01
-1.318691e-01
1.708510e-01
-4.874015e-02
-1.831347e-01
-5.991598e-02
4.261946e-01
-2.081914e-01
-1.453399e-02
-3.450516e-03
-1.260145e-01
-1.362404e-01
1.563886e-02
1.443554e-01
-1.351132e-01
-2.167077e-01
8.072661e-01
7.993413e-01
-8.443180e-02
-3.848085e-01
-7.770446e-03
-1.861406e-01
-1.117901e-01
2.437771e-02
1.477007e-01
-2.004647e-01
-1.294037e-01
-2.678985e-01
-1.403311e-02
-1.594465e-01
-7.721514e-03
-2.873041e-01
-1.550845e-01
-2.207687e-02
1.312407e-01
1.266381e-01
-1.089437e-01
-1.528391e-01
-1.299626e-01
1.107980e-01
3.614060e-03
-3.042331e-02
1.411585e-03
-9.893787e-02
1.921999e-01
1.503912e-01
-2.415056e-01
1.805857e-01
-1.903946e-01
-3.345055e-01
1.031266e+00
-2.736172e-01
-1.346706e-03
-2.355825e-01
-3.793839e-01
-2.120027e-01
-3.268889e-01
-6.104429e-02
4.643562e-01
-8.051801e-02
-8.546666e-02
-6.833946e-02
2.101100e-01
7.042910e-01
-1.482186e-01
-9.946713e-02
-2.340010e-01
-1.422722e-01
1.735458e-01
3.812726e-01
-3.238496e-04
-1.072593e-01
-1.047044e-01
-1.087232e-01
-3.157238e-01
-1.480606e-01
-1.754266e-01
5.484763e-02
-8.302431e-02
-3.305567e-02
-1.553312e-01
-1.441887e-01
4.763767e-01
-4.144092e-02
3.637756e-01
-5.485851e-02
-3.595282e-02
1.772233e-01
1.829025e-03
-2.429699e-01
1.219573e-01
-2.255767e-01
-1.682403e-01
7.044679e-02
-1.244236e-01
3.185493e-01
-1.094302e-01
1.211827e-01
-2.799651e-01
5.847747e-01
-3.210126e-01
1.990798e-01
5.209543e-02
-2.084773e-01
-2.324608e-01
-2.319877e-01
-2.247257e-01
-3.604839e-01
2.906016e-01
9.668754e-02
2.141443e-02
-1.606194e-01
-2.079504e-02
-3.887796e-02
-1.381061e-01
-2.084821e-01
6.305333e-01
-2.419968e-01
-1.090391e-01
7.752784e-02
9.226450e-02
-9.601288e-02
2.720008e-02
-1.063040e-01
-1.659105e-01
3.293801e-01
-2.426671e-01
-1.410391e-01
3.486076e-01
6.051863e-02
7.760473e-01
-1.214740e-01
-1.873326e-01
-5.654714e-02
2.871558e-01
2.015926e-01
-4.932113e-02
-2.589828e-02
-1.347858e-01
-2.132818e-01
1.593929e-01
-1.387725e-01
-2.578773e-01
-1.598317e-01
-1.761202e-01
7.854991e-02
-3.657056e-02
-2.329788e-01
-2.962930e-03
2.952051e-01
-4.429236e-02
-3.344356e-01
1.369456e-01
-8.310507e-02
-8.112484e-02
-1.543019e-01
-1.948388e-01
-8.284546e-02
-1.888267e-01
-7.823356e-02
-1.048672e-01
-7.926820e-02
-1.231120e-01
2.119299e-01
-1.901798e-01
-2.581284e-01
1.629411e-01
9.749949e-01
3.611769e-02
-3.255507e-01
-2.255625e-01
9.176534e-02
-2.216763e-01
9.106673e-02
6.144938e-02
1.221261e-01
-2.121733e-01
2.800079e-01
-4.652311e-02
-1.478163e-01
-2.301189e-01
4.146632e-02
5.647016e-01
-1.044785e-01
-3.105165e-01
-2.720251e-01
4.307719e-03
-5.049870e-03
-3.125682e-01
-2.680751e-01
-1.195013e-01
-3.495471e-01
4.759385e-01
-5.734739e-02
-4.133723e-02
3.044313e-03
-5.517957e-02
-3.435912e-01
-1.207030e-01
4.943358e-01
3.846169e-01
8.314131e-02
-3.186409e-01
6.596331e-02
-9.434171e-02
-1.534362e-01
-2.521310e-01
1.769320e-02
1.402619e-01
8.794504e-02
-3.353340e-01
-4.748658e-02
-9.738450e-02
4.586232e-01
5.715258e-02
6.251805e-01
2.944812e-01
2.522706e-01
-2.768587e-02
-2.322647e-01
-4.598551e-02
1.267400e-02
-1.020884e-01
2.971107e-01
-1.486921e-01
2.728859e-01
-1.706042e-01
1.533032e-01
-8.470117e-02
-2.014531e-01
5.576483e-02
5.981131e-02
-2.314187e-01
2.724737e-01
6.757120e-01
2.316061e-01
-1.814153e-01
-2.856927e-01
1.095921e-01
-8.771916e-02
-1.728567e-01
-3.464152e-01
3.589110e-01
-1.616828e-01
-4.220937e-02
-2.004336e-01
4.254025e-02
2.693696e-02
-1.326560e-01
-7.084412e-02
-1.492409e-01
-1.016911e-01
-1.693255e-01
2.896652e-02
-1.340764e-01
-5.130237e-02
6.789710e-01
-7.128589e-03
-8.653560e-02
1.107107e-01
-9.451406e-02
-2.055315e-01
1.173482e-01
2.669779e-02
1.224905e-01
4.626209e-01
-1.044192e-01
3.408008e-03
7.985204e-02
5.019579e-02
-2.566051e-01
-1.581351e-01
-1.728441e-01
1.329797e-01
1.856305e-02
-1.333603e-01
7.252925e-01
7.624283e-01
1.536627e-01
3.696394e-01
1.465701e-02
-9.817759e-02
-5.975599e-03
-1.001457e-01
-2.642705e-01
5.149356e-01
-9.437041e-02
1.395321e-01
-1.950561e-01
-3.673013e-01
-1.919996e-01
-2.291392e-01
6.644053e-02
-1.231262e-01
-1.664341e-01
3.743047e-02
5.160360e-01
5.340977e-02
9.937001e-03
-1.252711e-01
-1.023069e-01
-1.578471e-01
5.998015e-02
-2.399480e-01
-3.017506e-01
2.739267e-01
-1.381154e-01
1.383419e-02
-1.815724e-01
-2.933735e-01
2.601049e-01
-1.185006e-01
-4.252120e-01
-2.918554e-02
5.859027e-02
1.912665e-02
-2.296500e-01
-2.288078e-01
2.483675e-02
-1.709773e-02
-1.975814e-01
-1.022658e-01
-1.294190e-01
6.278527e-01
4.531305e-02
-8.677518e-02
-3.431541e-02
1.199590e-01
-1.375270e-01
2.948061e-01
-7.985207e-02
-1.023501e-01
-4.574622e-01
-2.265359e-01
-4.111700e-01
-2.767701e-01
-9.643812e-02
-1.377339e-02
5.549928e-02
4.305320e-01
2.705161e-01
8.118549e-02
-1.681854e-01
5.501449e-02
8.679021e-02
3.598337e-01
5.060840e-01
-9.051707e-02
-2.304264e-01
3.373317e-01
3.913511e-01
6.244465e-02
-1.134558e-01
-8.213465e-02
1.555608e-01
-3.450114e-01
5.777285e-01
-2.276220e-01
2.875489e-01
3.019816e-01
5.962732e-03
4.991960e-01
-1.253454e-01
4.453713e-01
5.778904e-02
-1.978723e-01
5.123797e-02
-2.259936e-01
-6.563568e-02
5.254394e-02
-1.476323e-01
-1.695041e-01
-8.207279e-02
-1.446206e-01
-1.958690e-01
-7.646113e-02
9.160901e-01
-1.459707e-01
-2.874469e-01
-2.733617e-01
-2.702768e-01
-1.219417e-01
1.770378e-02
-2.398434e-01
1.910422e-01
-1.279861e-01
-1.356937e-01
3.328936e-01
1.338748e-01
-4.822179e-03
1.567282e-02
-6.159718e-02
5.426044e-01
2.450574e-01
8.793832e-02
-1.844212e-01
-5.096462e-02
-1.229282e-01
9.670038e-01
-1.681187e-01
-2.469825e-02
-1.133797e-02
1.236708e-01
-3.186113e-01
-1.803910e-01
-3.542736e-02
1.410081e-01
1.448908e-01
-2.698664e-01
1.890668e-01
-3.550459e-02
-1.851666e-01
-8.331002e-02
3.229568e-01
-1.723090e-01
-5.159774e-02
-3.026060e-02
-1.942384e-01
2.376387e-01
-2.476057e-01
2.567707e-01
1.540048e-02
-5.383891e-02
3.283439e-02
-1.192526e-01
2.132647e-01
4.161807e-01
1.705096e-01
2.124206e-01
-6.735498e-02
-2.829379e-01
-1.680922e-01
5.117203e-02
-2.480692e-01
-9.519125e-02
-2.930102e-01
1.725305e-01
1.344364e+00
-1.799248e-01
-6.379294e-02
2.204854e-01
-1.710764e-01
-2.384385e-01
-3.045034e-01
2.670407e-01
5.302157e-02
1.379601e-02
-1.284577e-01
5.210444e-01
5.525938e-02
4.480864e-01
-2.649454e-01
-2.583140e-01
2.356987e-02
1.442317e-01
-1.265267e-01
5.523089e-02
2.415319e-01
-1.375311e-01
-1.502069e-01
-8.753137e-02
-1.083696e-01
-6.483728e-02
8.810477e-03
1.255360e-01
-1.225405e-01
-1.841051e-01
-1.638455e-01
1.136649e-01
-4.295612e-03
-1.724986e-01
3.113867e-01
-2.466722e-01
-1.200627e-01
4.340301e-02
2.985741e-01
3.162825e-01
-1.492375e-01
-1.075128e-01
-1.245923e-01
6.133924e-02
-1.828837e-02
5.102801e-02
3.928262e-01
-1.069610e-01
-2.074867e-01
-1.830040e-01
-2.297442e-01
-2.220300e-01
-9.522840e-02
-1.642071e-01
-1.315108e-01
-2.513983e-02
-4.075671e-01
8.102318e-02
4.298733e-01
-3.476738e-01
-5.319172e-02
2.497156e-01
3.341315e-01
-5.917378e-02
-2.053487e-01
2.127055e-01
-2.075859e-01
1.142342e-01
-1.998330e-01
6.325122e-01
5.734795e-01
-3.849268e-01
1.893744e-01
-3.634725e-01
-3.615117e-01
-1.396658e-01
2.240721e-03
-1.374189e-01
-3.759052e-01
2.858077e-03
-5.569863e-02
1.853711e-01
3.870925e-02
-2.967770e-01
2.872436e-01
-7.666212e-02
-1.553822e-01
-2.310042e-01
-2.191248e-01
-1.728693e-01
-2.265702e-01
5.373694e-01
7.962447e-02
5.761946e-01
-3.135981e-01
2.648971e-01
-3.861724e-01
-5.295834e-02
1.621178e-01
-1.817360e-01
2.519305e-01
3.810977e-01
-1.628418e-01
1.059025e-02
2.142140e-01
1.764329e-01
7.173659e-01
-3.198671e-01
-2.259904e-01
-5.278578e-02
-1.174958e-01
-1.926726e-01
1.915666e-02
2.761490e-01
-9.168588e-02
-6.944848e-02
1.048364e-01
-1.619615e-01
3.937701e-01
-1.406025e-01
1.552948e-01
4.401646e-01
5.433843e-01
-1.558351e-01
5.878315e-02
-1.812274e-01
-1.253497e-01
-6.232228e-02
-2.484376e-01
1.562036e-01
-2.411896e-01
1.332618e-01
-1.108357e-01
-1.165254e-01
2.178614e-01
-1.434923e-01
-3.196973e-01
-2.228503e-01
5.356137e-02
-8.569871e-03
1.553675e-01
-5.052361e-02
-6.038120e-02
7.242160e-02
-1.413041e-01
6.267552e-02
6.122988e-02
1.762263e-01
-9.717292e-02
-1.244844e-01
4.368267e-01
3.685840e-02
-1.971139e-01
1.783529e-01
-3.952923e-02
-1.831070e-01
-1.824275e-01
1.062173e-01
2.420264e-01
-6.894436e-02
-1.959521e-01
-5.255684e-03
-1.548645e-01
-3.257331e-01
2.455647e-01
-5.220992e-02
-1.996414e-01
-1.535147e-02
2.376170e-01
-1.719370e-01
1.185539e-01
6.559010e-01
-9.125453e-02
2.509876e-02
-8.588813e-02
9.261394e-02
-1.002952e-01
-3.509213e-01
-3.213399e-01
1.748823e-01
-2.644487e-01
3.176720e-02
3.943656e-01
9.683430e-01
1.142853e-01
-3.087940e-01
3.798909e-02
-1.626856e-01
-3.614607e-01
-1.010809e-01
-6.625334e-02
-2.899314e-01
-1.121778e-01
3.848395e-01
1.135536e-01
-3.160252e-02
-1.309014e-01
1.460373e-01
1.731006e-01
-8.530063e-02
9.745516e-02
-2.261575e-01
-6.645513e-02
-1.736371e-01
-1.958031e-01
4.936910e-02
4.185761e-02
2.011273e-01
1.123227e-01
5.549044e-01
-3.337779e-01
-2.133069e-01
-3.838888e-01
3.154098e-01
-1.741609e-01
-3.984836e-02
3.564776e-03
1.753755e-01
7.591786e-02
2.420288e-01
-7.780007e-02
2.002242e-02
-1.239528e-01
7.519672e-02
3.212108e-02
-2.155021e-01
2.607150e-01
-1.378253e-02
-1.906301e-01
9.137836e-01
-3.164432e-01
3.469606e-01
-4.667173e-01
6.238000e-01
5.366695e-02
2.812562e-01
-1.206564e-01
3.943006e-01
-1.467962e-01
-4.420077e-02
5.700588e-01
4.070141e-02
-9.429452e-02
-3.760786e-01
-2.603690e-01
-2.189981e-01
-9.298900e-02
-6.136435e-02
2.216815e-01
8.574576e-02
-3.434252e-01
-1.775892e-01
-2.118495e-01
-1.143520e-01
3.162171e-01
-1.481904e-01
1.594012e-01
5.050734e-01
-9.444876e-02
5.091414e-01
-5.148719e-02
1.510084e-01
-2.580454e-01
-2.591476e-01
-1.031358e-01
-1.961904e-01
-1.772383e-01
-1.615320e-01
-2.200669e-01
-1.428833e-01
9.782451e-02
1.410288e-01
3.847417e-02
-1.061830e-01
5.817232e-01
-2.285990e-01
-2.112960e-01
5.113257e-01
-2.420525e-02
3.078049e-01
-2.567509e-02
1.077561e-01
-4.058338e-01
4.525499e-01
-2.134832e-01
2.895193e-01
7.283326e-01
2.685593e-01
-3.732784e-01
-1.116927e-01
1.423959e-01
-3.015693e-01
8.636278e-02
9.996586e-02
-3.056759e-02
-2.019658e-02
-1.404345e-01
-9.784238e-02
1.742985e-01
-9.476175e-02
-6.806037e-02
-1.651391e-01
-9.734991e-02
-5.306340e-01
-1.857554e-01
-1.064067e-01
-1.435080e-01
-5.766037e-02
6.321812e-01
-2.750917e-01
4.771819e-01
-2.729903e-02
-7.242315e-02
-2.458180e-01
-2.567499e-01
2.449334e-01
-7.643214e-02
-2.451597e-01
5.945526e-01
1.630941e-01
3.190961e-01
-8.984824e-02
3.034002e-01
-1.423269e-01
3.208864e-02
-3.847545e-02
-1.206445e-01
7.698290e-02
-1.093242e-02
-2.279257e-01
7.458340e-02
3.227451e-03
6.725520e-01
8.042410e-02
-1.249676e-01
-9.274973e-03
-2.317071e-01
-3.416242e-01
-2.749794e-01
-1.515453e-01
-4.561738e-01
-2.788146e-01
-2.378819e-01
-3.306516e-01
-3.497088e-01
9.333932e-03
-1.229108e-01
6.020383e-02
-9.071331e-02
-8.886964e-02
-2.776338e-01
-2.405347e-01
-6.683614e-02
7.042567e-01
-1.157887e-03
4.368041e-01
-2.211618e-01
4.328381e-01
2.672835e-01
-1.344669e-01
2.117049e-01
-1.004296e-01
-1.273316e-01
-2.962138e-02
-3.680703e-01
3.761037e-01
3.397205e-02
-1.098572e-01
-1.218595e-01
1.899721e-01
-1.213740e-01
7.688159e-01
-2.086761e-01
-2.821259e-01
1.539267e-01
-1.331424e-01
2.454266e-01
-3.426988e-01
5.493368e-03
-9.892540e-02
-1.447553e-01
-2.332080e-01
-1.916148e-01
-1.416988e-01
-1.276622e-01
-2.429966e-01
-2.066743e-01
-3.498570e-01
4.596265e-01
-3.398127e-01
1.637022e-02
-2.157902e-01
-7.226919e-02
-1.759913e-01
-7.984092e-02
2.103990e-02
7.221659e-02
1.118887e-01
-4.249512e-02
1.211352e-01
1.396878e-03
7.304034e-03
-1.961279e-01
1.015552e-01
-5.679139e-02
-1.555102e-01
1.200137e-01
2.599810e-01
-4.032593e-02
-2.286019e-01
-1.302364e-01
4.630807e-02
-1.647213e-01
2.446541e-01
3.917556e-02
-4.409091e-02
-2.054758e-01
-2.062707e-01
2.888683e-01
-1.951380e-02
3.529546e-01
3.358790e-02
3.415573e-03
5.423174e-01
4.192810e-01
9.089554e-02
-9.219249e-03
-1.821102e-01
1.304127e+00
-6.777311e-02
3.828928e-02
1.714991e-01
1.133939e-01
-1.705694e-01
4.133025e-01
-2.180779e-01
-2.848314e-01
-2.025300e-01
-1.615709e-01
2.000542e-01
-8.161043e-02
-2.316341e-01
3.004127e-01
3.377023e-01
2.404831e-02
9.369951e-02
3.675059e-03
-2.384974e-01
-1.441037e-01
-1.448869e-01
-3.217849e-01
-1.245290e-01
-2.451666e-01
-1.793416e-01
5.982323e-01
4.182012e-01
-2.900926e-01
5.750540e-02
9.267626e-01
-2.844449e-01
3.781107e-01
-2.879226e-01
3.409339e-02
3.341047e-01
-2.902793e-01
1.100445e-01
1.419010e-01
-2.546705e-01
3.352850e-02
-1.723164e-01
8.140052e-01
-1.023574e-01
9.112673e-02
1.920413e-01
-2.225970e-01
-2.708298e-01
1.365140e-01
2.732232e-01
-2.280898e-01
-1.566405e-01
-1.160799e-01
1.058741e-01
-4.108365e-01
5.077588e-03
-2.682249e-02
4.268453e-02
7.429943e-04
5.616030e-02
-4.187778e-02
-1.846361e-01
-2.012938e-01
-1.016714e-01
3.111071e-02
-2.110264e-01
-1.659126e-01
-1.043418e-01
-1.781036e-01
-1.289834e-01
1.470258e-01
-1.141791e-01
-2.720791e-01
1.764121e-01
-2.699789e-01
1.960301e-01
5.119947e-01
1.055741e-01
-2.328515e-01
1.493278e-01
-4.446860e-01
-4.721629e-02
-1.276705e-01
3.027059e-01
1.518375e-01
-3.981724e-01
-1.980485e-02
-1.554880e-01
7.893150e-01
4.895552e-01
2.696914e-02
-2.037794e-01
6.156315e-01
1.143556e-02
1.366960e-01
-1.129717e-01
-3.186489e-01
-2.341667e-01
3.878149e-01
-1.110846e-01
-1.114707e-01
-2.776654e-01
-2.602571e-01
7.428325e-01
3.255781e-01
3.520251e-01
1.159133e-01
-1.875754e-01
-1.253819e-01
-1.322842e-01
4.291524e-02
-8.266070e-02
-1.039854e-01
2.294556e-01
-1.673434e-01
-1.624679e-01
-1.843025e-01
-1.502859e-01
-8.483090e-02
1.763387e-01
-2.236615e-01
-1.660678e-01
2.607902e-01
-1.768261e-01
-7.657348e-02
-9.829806e-02
-3.146194e-01
4.382168e-01
-1.343357e-01
-3.636005e-01
-1.926998e-01
-1.100381e-01
4.129023e-01
3.455396e-01
1.713241e-01
4.262000e-01
-3.198241e-01
-1.730064e-01
-2.818854e-01
-1.153651e-02
4.929541e-01
-1.385561e-01
-6.738996e-02
-2.128577e-01
-3.442679e-01
-1.145428e-01
4.046237e-01
-5.864963e-02
-1.720732e-01
-1.700512e-01
3.388815e-02
-1.818104e-01
7.795041e-03
-1.915911e-01
9.042592e-02
2.575261e-01
2.615693e-01
-1.572943e-02
-2.165826e-01
-1.892345e-01
-3.424866e-01
-4.349951e-02
-1.654598e-01
1.738445e-02
-1.387599e-01
4.334861e-02
-2.486863e-01
-1.221107e-01
-4.822496e-02
-1.983783e-01
1.237340e-01
-2.033542e-01
2.163665e-01
1.052062e+00
9.111398e-02
3.599913e-01
1.154290e-01
-2.672300e-01
3.636010e-02
-4.066502e-02
-4.071010e-03
-1.284643e-01
-1.475975e-01
1.802235e-01
-1.883684e-01
-6.749193e-02
-6.554310e-02
-3.373077e-02
-1.654439e-01
3.217602e-01
2.208030e-02
-2.440115e-01
-1.994211e-01
9.219820e-02
2.825739e-01
-1.302336e-01
-1.901103e-01
-2.170452e-02
-4.105805e-02
8.793714e-01
-2.067109e-01
2.621789e-01
2.545981e-02
-2.053930e-01
1.215046e-01
-2.071358e-01
2.251625e-01
2.664438e-01
-1.532757e-01
3.565758e-02
1.409809e-01
-7.987258e-02
5.729723e-01
-2.036750e-01
5.287573e-01
-2.318341e-01
-7.875049e-03
6.958717e-02
-5.392919e-02
6.910216e-02
-1.805111e-01
9.781579e-01
-9.295548e-02
-1.495119e-02
-2.686187e-01
-2.405945e-01
-8.661625e-03
-3.328108e-01
-1.243335e-01
2.400919e-01
-1.646921e-01
3.639821e-02
-2.207474e-01
-4.698377e-02
6.104636e-01
-2.012464e-01
-3.370694e-01
-3.000245e-01
3.974419e-01
-7.945273e-02
-2.147630e-01
-1.282026e-01
6.706303e-02
-1.924289e-01
-2.374707e-01
6.992530e-01
-2.056429e-01
3.035379e-02
1.171837e-01
-7.169561e-02
-1.794452e-01
-1.835506e-01
-2.876773e-01
-3.463730e-02
3.720672e-01
9.369199e-02
-1.018855e-01
-1.567704e-01
-2.086606e-01
5.377411e-02
-8.997823e-02
-4.855434e-02
-2.386128e-01
-7.165846e-02
-6.600549e-02
2.123722e-01
-2.151294e-01
9.316740e-03
2.015969e-01
2.592941e-02
1.357352e-03
5.003412e-01
-1.109868e-01
-4.080980e-02
6.697342e-01
-1.334396e-01
4.996966e-01
-7.149982e-02
1.158445e-01
-1.207693e-01
4.629493e-01
-2.647051e-01
-1.601306e-02
-9.074628e-02
1.315167e-01
4.544698e-01
-1.419328e-01
-1.733335e-01
-1.400079e-01
-1.313750e-02
3.578699e-01
-1.224127e-01
-2.707196e-01
-3.108091e-01
2.986684e-02
6.851352e-04
-2.140140e-01
1.371780e-01
-1.390181e-02
4.004081e-02
1.136556e-01
-1.283058e-01
-3.596282e-01
-1.442529e-01
1.415548e-01
-2.714381e-01
-2.568519e-02
8.757665e-01
-1.997343e-01
4.837439e-02
-2.486719e-01
9.805113e-02
7.502786e-02
-7.131574e-02
-1.986439e-01
-1.902912e-01
9.604391e-02
-1.058872e-01
2.791481e-02
-1.108074e-01
5.449234e-02
-8.660242e-02
-2.638181e-01
-6.441642e-02
3.662920e-02
-1.589371e-01
5.281466e-01
-1.469784e-01
-3.125450e-01
-9.350919e-02
2.201947e-01
8.955583e-02
3.823553e-01
-2.109508e-01
-1.409242e-02
-7.434347e-02
6.595066e-01
-1.206774e-02
-7.454033e-02
1.420682e-01
-1.493266e-01
-3.139055e-01
-3.862232e-02
2.058056e-01
-1.029754e-01
5.824021e-01
-3.109550e-01
1.341866e-02
-8.576149e-02
-1.831881e-01
-1.919084e-01
-1.268243e-01
1.375995e-02
-9.464988e-02
-2.313041e-01
3.251263e-02
2.302453e-01
-4.211568e-01
3.390041e-02
-9.664540e-02
-2.764232e-01
9.508730e-01
-8.058283e-02
-1.251315e-01
-8.089606e-02
3.388587e-02
-1.240091e-01
-2.839338e-02
-1.953176e-01
1.307180e-01
6.427857e-02
-2.574872e-01
-8.985032e-02
5.231601e-01
-1.970623e-01
-4.839792e-02
-2.237758e-01
-1.946113e-01
6.982694e-01
-2.492078e-01
-3.872760e-02
-6.990565e-03
2.508708e-01
-2.915349e-02
2.540067e-01
5.434965e-02
-2.253525e-01
-3.757794e-02
7.033014e-02
-4.302051e-02
-1.747651e-01
-2.873207e-02
8.550099e-02
-2.897199e-01
1.572028e-01
3.870828e-01
5.700489e-01
-6.501626e-03
-7.649711e-03
-3.999936e-02
-3.695951e-02
-2.309047e-01
3.961987e-01
-2.465686e-01
-1.508571e-01
-2.842292e-01
-1.141426e-01
-1.768296e-01
-6.472698e-02
1.069795e-01
1.940242e-01
-2.933211e-01
4.233419e-01
-3.728926e-03
-2.746440e-01
-2.604504e-01
7.349312e-01
-1.079254e-01
-1.185215e-01
-1.818697e-01
9.748548e-02
-1.904557e-01
-1.688470e-01
5.011142e-02
-2.255067e-01
5.639511e-02
2.050302e-01
-2.801915e-01
3.610018e-01
3.114023e-01
-1.694189e-01
3.808444e-01
-1.054073e-01
-8.057059e-02
8.487455e-02
-1.618267e-01
-9.948617e-02
-5.676011e-02
-6.133901e-02
8.389271e-01
-3.272992e-02
-1.360012e-01
-2.133410e-02
-7.605679e-02
-2.325439e-01
-9.986182e-02
4.302008e-02
-9.749195e-02
2.595532e-01
5.039771e-01
-1.358275e-02
-1.197554e-01
-2.569593e-01
2.220327e-01
-1.285041e-01
-5.139250e-01
-3.012175e-01
-3.122795e-01
3.884118e-01
1.021491e-01
4.181953e-02
9.184089e-03
-3.053906e-01
-5.010812e-02
-5.802254e-02
-4.236582e-02
6.357625e-01
-8.538572e-02
3.020763e-01
6.872739e-02
7.301980e-01
4.860114e-01
-1.072595e-01
-9.886167e-02
-3.007943e-01
4.186525e-01
-1.148088e-02
-5.132814e-01
-1.385924e-02
-4.501654e-02
6.353396e-01
5.558184e-02
-1.844768e-01
-3.210765e-01
3.972986e-02
-3.649704e-01
-6.192992e-02
-1.044760e-01
-7.213601e-02
-2.640009e-01
-2.978091e-01
-2.816668e-02
-3.010457e-01
3.896694e-01
3.219587e-03
1.728128e-02
-9.007785e-02
4.677601e-03
-3.236136e-01
-1.389541e-01
1.891888e-01
2.229231e-01
-1.138639e-01
4.389204e-01
1.783605e-01
3.697696e-01
-2.120419e-01
-4.160708e-02
-4.498911e-01
-2.087275e-01
-2.331912e-01
-3.342356e-01
4.647356e-02
7.099630e-02
3.500056e-01
-1.800256e-01
-1.332868e-01
-2.487533e-01
9.400016e-02
3.374427e-02
-2.404046e-01
3.765049e-01
4.620988e-01
2.325677e-01
-5.487556e-02
7.898604e-01
-1.298487e-01
-4.850513e-02
-3.034822e-01
1.704238e-01
-2.193494e-01
-1.284540e-01
-5.038446e-02
1.075646e-01
-6.674220e-02
7.087943e-02
3.715418e-02
-1.209155e-01
-2.096065e-01
3.725695e-01
-2.824645e-01
9.184760e-02
-2.523298e-01
2.307472e-02
4.496900e-02
-1.816112e-01
-2.158226e-01
-2.572580e-01
1.173971e-01
8.452891e-02
2.391267e-01
1.416476e-01
5.065566e-01
1.410624e-01
6.245610e-02
-1.389639e-01
1.422963e-01
-1.477732e-01
3.045750e-02
2.776529e-01
-2.461358e-01
8.558859e-04
-8.569281e-02
-7.040253e-02
4.894826e-01
-1.015641e-01
-1.747664e-01
-8.634616e-02
-6.102163e-02
-2.897294e-01
-1.163493e-01
-8.642558e-02
9.836874e-01
-9.079965e-02
1.259831e-01
-1.597064e-01
-6.854466e-02
-3.495550e-02
-3.961923e-02
-3.471920e-01
-8.488439e-02
-2.534036e-01
3.172814e-01
3.789155e-01
-1.587630e-01
-2.884242e-01
2.553529e-01
1.921906e-02
2.527708e-01
-4.095449e-01
-3.103165e-02
9.741226e-02
-7.429517e-02
5.406792e-01
-2.059267e-01
-2.993241e-02
-3.808328e-02
-1.486560e-01
-9.695999e-02
-2.550060e-01
2.050229e-01
-1.892513e-01
2.240430e-01
-2.261931e-01
-1.211581e-01
-5.759154e-02
1.041976e+00
-3.948570e-02
-5.905943e-02
1.082492e-01
-2.865861e-01
-1.722647e-01
-2.440005e-01
1.520721e-02
-2.888881e-01
2.861128e-01
3.226666e-01
3.380954e-02
-4.940384e-02
-2.777250e-01
3.346018e-02
-9.174675e-02
9.352202e-03
-5.335770e-02
-7.301768e-02
7.560375e-01
-2.217886e-01
3.879727e-01
-1.890775e-01
-1.090443e-01
2.807538e-01
-1.317355e-01
-3.026513e-01
1.329810e-01
1.186795e-01
-2.971116e-01
-1.704088e-01
1.050498e-01
1.330721e-01
-5.261647e-01
3.346953e-01
-1.236118e-01
6.634804e-02
-1.165967e-01
-1.410386e-01
-4.933264e-01
-7.642977e-02
-2.752246e-01
-3.749363e-02
6.045955e-01
1.080152e-01
1.152193e-01
-1.461718e-01
3.609276e-01
-1.567997e-01
-2.317887e-01
5.284494e-02
-2.602552e-01
1.484292e-01
-2.039009e-01
-3.889002e-01
2.225224e-01
-1.478678e-01
-4.364758e-02
3.023469e-01
-3.825235e-02
3.634490e-01
7.227901e-01
-1.743975e-01
-1.729279e-01
-3.986181e-01
6.892790e-01
4.907463e-02
-1.391939e-01
-1.399975e-01
-3.594622e-01
1.258928e-01
2.193426e-01
-6.756862e-03
1.282885e-01
-4.045351e-01
4.049845e-02
1.798145e-01
-2.254129e-01
2.456831e-01
4.918651e-02
-2.442893e-01
4.522826e-02
6.859016e-02
9.876585e-02
-1.418219e-01
1.946329e-02
2.451021e-01
6.044018e-02
2.463728e-01
-1.626276e-01
3.205656e-01
-2.709458e-01
-3.645349e-01
-1.326382e-02
-1.162960e-01
2.000776e-01
9.269395e-01
4.808065e-01
-3.745704e-01
-2.879438e-01
1.644542e-01
3.440343e-01
-1.059107e-01
-7.458878e-02
-2.325959e-01
-2.984458e-01
-2.200007e-01
-1.724267e-01
5.237468e-02
-3.168421e-01
-5.114783e-02
-2.238529e-01
-9.451013e-02
1.302119e+00
1.294505e-02
-1.704330e-01
2.407678e-01
-1.606280e-01
6.543073e-01
-1.271500e-01
-1.088622e-01
-8.555773e-02
-6.585878e-02
5.068120e-01
-9.143062e-02
-1.394076e-01
4.181730e-01
-3.693123e-03
-9.379548e-02
-2.457419e-01
1.281964e-01
-1.908814e-01
2.304271e-01
7.073427e-02
-1.671335e-01
1.894250e-01
-2.809339e-01
-5.802982e-02
-1.919493e-01
-1.472293e-01
-1.893873e-01
-1.457724e-01
-2.016287e-01
4.304943e-02
2.142178e-01
-3.935061e-01
-1.019753e-01
-1.694451e-02
-2.467939e-01
-7.690248e-02
-8.409168e-02
1.957519e-02
2.521767e-01
2.728063e-02
-2.449994e-01
-1.150861e-01
-6.297395e-02
-3.007702e-01
-5.536744e-02
-1.255566e-01
-1.463526e-01
-2.552226e-01
-1.936677e-01
-6.243255e-03
-2.112869e-01
-1.641445e-01
-1.536541e-01
-5.496901e-02
3.038587e-01
-1.215762e-01
2.427947e-02
-1.338615e-01
-2.436929e-01
-2.159728e-02
-4.439005e-01
-4.721385e-03
8.762833e-02
-1.933984e-01
9.290502e-02
-1.170243e-01
-2.442932e-01
2.825661e-01
-4.356819e-02
-1.499955e-01
6.516692e-02
6.830337e-02
-1.741389e-01
-3.336394e-01
-1.124723e-01
1.707489e-01
-2.669466e-01
2.459021e-01
-1.144949e-01
1.173569e+00
-1.314090e-01
1.996823e-01
1.970410e-01
-3.021013e-01
-2.375812e-01
-1.520602e-01
5.790400e-01
-2.208865e-01
5.257382e-01
-2.328040e-01
-1.701470e-01
-1.080221e-01
-2.472298e-01
-3.793870e-01
-1.489626e-01
2.081106e-02
-5.135135e-02
-3.279802e-01
-1.964761e-01
-1.826879e-01
-7.196406e-02
-8.877665e-02
2.853968e-01
2.430373e-02
8.127140e-02
-1.822368e-01
-2.579425e-02
-2.424443e-01
7.754610e-02
3.613302e-01
-7.478457e-02
-2.463075e-01
-2.264887e-01
-1.079855e-01
-9.545340e-02
1.634038e-01
-1.058495e-01
2.244181e-02
3.126888e-02
1.163463e-01
1.512499e-01
4.684323e-01
-1.740952e-01
-7.967602e-02
-1.208975e-01
5.084037e-02
-3.196289e-02
9.607809e-02
-6.299598e-03
-1.635562e-01
4.120671e-01
3.579388e-01
-1.694851e-01
3.754083e-02
-2.321514e-01
3.360904e-02
4.296337e-02
-1.126782e-01
3.328746e-01
2.010196e-03
-1.052692e-01
-4.627412e-03
-1.238988e-01
-6.618190e-02
-1.796906e-01
5.807166e-02
-1.848271e-01
7.876124e-01
3.452565e-01
-8.272552e-04
2.398524e-01
-1.621369e-01
-3.320586e-01
9.692158e-03
-1.314756e-01
-1.541185e-01
-3.457485e-02
5.855071e-02
-1.788842e-01
-3.390769e-01
-1.891842e-01
-3.000422e-02
1.533255e-01
-1.503394e-01
1.385411e-02
-1.037546e-01
6.234351e-01
-3.559176e-02
-3.352563e-01
-3.438008e-01
5.088469e-01
3.787082e-01
-2.576112e-01
-9.832612e-02
2.716662e-02
-8.007818e-03
-1.879050e-02
-5.078832e-02
5.859770e-01
2.504142e-01
-1.939265e-01
-4.018028e-01
1.834396e-01
-8.016682e-02
-2.739475e-01
-1.641574e-01
-1.830004e-01
7.348651e-02
3.727536e-02
-1.548182e-01
-1.570385e-01
2.903045e-01
-1.570921e-01
-6.345200e-02
-2.502210e-01
-1.045078e-01
-1.752761e-01
2.816480e-01
4.019442e-01
-1.413943e-01
-7.784826e-02
-2.424558e-01
-1.775670e-01
-3.116815e-01
-2.506320e-01
-1.857947e-01
-7.861576e-02
-9.423174e-03
-2.320547e-01
4.855888e-03
-1.867621e-01
-1.915795e-03
-8.365856e-02
-3.543492e-01
1.541182e-01
2.538766e-02
-1.860376e-02
1.063288e+00
4.776621e-02
-1.483510e-01
3.892000e-01
2.343229e-02
1.982381e-01
-1.716871e-01
3.489338e-01
-3.695326e-02
2.841127e-01
-9.889845e-02
2.427602e-01
2.317875e-01
-2.148154e-01
-2.496958e-01
-1.106191e-01
-1.901147e-01
2.221209e-01
-3.875128e-02
-9.893908e-02
5.370515e-01
-2.847523e-01
1.998865e-01
-3.360992e-01
-2.004134e-02
-1.985586e-01
9.071120e-02
-2.096764e-01
-1.509549e-01
-3.747552e-01
3.698373e-01
6.984141e-01
1.491481e-01
7.896119e-02
-3.172057e-01
-3.111217e-01
-4.798131e-01
-1.507470e-01
-7.987407e-02
2.784455e-01
2.851849e-01
3.869543e-03
4.000782e-02
1.930261e-01
-1.290174e-01
-1.086612e-02
2.871130e-01
-1.164561e-02
2.538808e-02
-1.545977e-01
2.027662e-01
1.209354e-01
3.385391e-01
1.983280e-01
3.136204e-02
-2.593095e-01
-3.656169e-01
-1.115799e-01
-2.121393e-01
-3.257348e-01
7.481319e-02
7.713466e-02
2.720910e-02
9.811074e-02
2.365545e-01
1.101045e-01
1.089451e+00
3.165701e-01
-4.093353e-02
1.117323e-01
-3.027292e-01
3.027357e-01
-1.186304e-01
-1.038824e-01
1.542577e-02
-2.661797e-02
1.673939e-01
-5.446903e-02
-2.568623e-01
7.540919e-01
6.272710e-02
-7.953653e-02
1.819610e-02
2.610629e-01
-7.036123e-02
-3.967699e-01
1.434042e-01
-5.523284e-03
-1.678822e-01
-2.876336e-02
-8.614483e-02
1.140692e-01
-3.091806e-01
-2.398836e-01
-1.360703e-01
-1.850768e-01
7.792297e-02
-7.563518e-03
-5.575490e-02
-3.026046e-01
2.020387e-01
3.068015e-01
-3.146671e-01
3.035261e-01
-7.481398e-02
-2.916741e-01
-2.553514e-01
-1.674293e-01
-2.020944e-01
4.501913e-02
1.857529e-01
-1.600159e-01
2.541653e-02
2.459724e-01
-2.620650e-01
1.240087e-01
1.590096e-01
8.408999e-02
-2.689645e-02
-3.277596e-01
-1.762730e-01
1.099772e-01
1.678225e-01
2.751604e-02
3.517199e-01
-7.779063e-02
-3.905569e-02
2.298592e-01
-4.403661e-01
1.665600e-01
-1.070437e-01
6.890658e-02
-1.162503e-01
-7.980262e-02
-1.215188e-01
2.870457e-01
-7.476735e-03
5.872637e-02
5.720764e-03
1.708856e-01
-1.269384e-01
3.462284e-01
-1.473557e-01
-2.482399e-02
-1.734463e-01
-1.608764e-01
-3.913973e-01
-1.633212e-01
-1.093953e-01
-1.549258e-01
4.320602e-02
-1.737177e-01
4.829661e-01
-3.864021e-01
-1.238488e-01
-1.433896e-01
-1.163198e-01
3.766712e-01
-2.202888e-01
-1.733864e-02
-1.907420e-01
4.230857e-01
1.205350e+00
