-2.160488e-01
-5.368963e-01
-5.563121e-01
-2.028901e-01
-1.675856e-01
-4.085996e-01
-7.416215e-02
1.995954e-01
5.133465e-02
1.007515e-01
3.885129e-01
4.941475e-01
4.668864e-01
1.027368e+00
7.720933e-01
2.831095e-01
7.475169e-01
6.062624e-01
2.361677e-01
-1.081689e-01
2.239587e-01
-2.902712e-01
-8.798635e-01
-6.850283e-01
-2.634759e-01
-7.432758e-01
-4.400678e-01
-2.354216e-01
-4.711638e-01
-3.487158e-01
2.343545e-01
6.706108e-01
-5.922585e-01
2.344986e-01
7.398251e-01
-8.143667e-02
9.051234e-02
2.407456e-01
1.851510e-02
3.845204e-01
8.786652e-01
-5.854152e-01
-5.951250e-02
1.275004e-01
-4.655699e-01
8.230326e-02
2.284989e-01
1.546852e-01
5.994473e-02
4.214075e-01
-4.609799e-01
-2.808106e-01
-2.480752e-01
-4.686671e-01
7.633025e-03
3.564925e-02
3.191712e-02
1.283646e-02
3.809772e-02
8.488049e-03
2.987697e-02
5.464820e-02
2.575446e-02
9.723966e-03
1.863962e-02
1.708632e-02
4.560639e-03
3.581294e-02
1.834670e-02
7.329073e-03
3.567646e-02
1.157897e-02
-1.351281e-02
1.181196e-02
3.784808e-03
-1.702441e-02
1.456621e-03
-9.773258e-03
-2.069228e-02
-2.063354e-04
-2.552415e-02
2.674719e-01
2.441618e-01
2.054902e-01
1.688150e-01
-5.782830e-01
-3.588106e-01
3.707008e-02
-5.311999e-01
-3.461123e-01
1.214850e-01
-1.233554e-01
-1.269354e-01
1.413681e-01
-6.440243e-01
-4.324285e-01
2.502533e-01
-1.946072e-01
-4.012460e-02
8.604050e-02
8.811861e-02
-2.720757e-03
1.484668e-01
-3.396024e-01
-2.814288e-01
1.811247e-01
-1.427434e-01
-1.033510e-01
-1.881323e-01
1.760810e-01
-4.726353e-01
7.423010e-01
1.806343e-02
8.172783e-01
5.471745e-01
1.454363e+00
1.711524e-01
5.020596e-02
-3.819821e-01
-6.219481e-02
-3.059865e-01
-2.295556e+00
-1.339474e-01
-2.749961e-01
-3.629523e-01
-5.530928e-01
2.314823e-01
6.566933e-01
5.029926e-02
4.289257e-01
-5.994961e-01
6.236801e-01
-3.424513e-02
-6.737287e-02
8.151590e-02
-2.754823e-03
1.066862e-02
-8.537970e-04
3.680466e-03
7.432387e-03
-3.988866e-03
3.456034e-03
-2.340990e-03
-6.415724e-04
1.924083e-03
-2.763608e-03
-2.240164e-03
-1.484221e-03
8.013276e-03
2.007152e-03
-7.736528e-04
3.137686e-04
-1.155502e-02
-1.086276e-03
-3.415243e-03
-2.572408e-03
3.818057e-03
-1.532366e-03
-2.079017e-04
2.714536e-03
2.366387e-04
6.998960e-03
-5.811427e-05
2.439916e-01
5.707848e-02
-4.364932e-01
1.409374e-01
7.991753e-01
-2.426644e-01
-1.049031e-01
1.935556e-01
-3.483166e-01
-1.369762e-01
1.972719e-01
-7.212180e-01
-2.532577e-01
8.301154e-01
-2.142293e-01
-1.694568e-01
2.400486e-01
-2.851738e-01
-8.461947e-02
1.885577e-01
-6.208074e-01
-1.286797e-01
8.130090e-01
-2.906285e-01
-1.330878e-02
4.240833e-01
7.929644e-01
6.816415e-01
3.475418e-01
2.520149e-01
-6.402730e-01
-1.145437e-01
-5.822106e-02
-1.328462e+00
-6.126395e-01
-9.831533e-02
1.133952e-01
6.093889e-02
8.489719e-02
1.153280e-01
6.823804e-01
1.946849e-01
8.378023e-02
4.901325e-01
-4.891249e-01
-7.311997e-01
-7.121240e-01
-2.438776e-01
-3.112147e-01
-8.207256e-02
4.341635e-01
6.311271e-01
4.973242e-01
5.100335e-01
1.336268e-01
-5.054255e-01
8.739648e-01
3.184562e-01
-8.448855e-01
4.928811e-01
-1.602388e-01
-6.813185e-01
-1.835507e-01
1.632589e-02
5.622377e-02
-1.263004e-01
1.123023e-01
-7.093725e-02
-1.046766e-01
-2.492268e-01
-4.643558e-02
-4.108782e-01
1.324713e-01
3.531909e-01
-5.558434e-01
4.087572e-01
5.975822e-01
-6.011246e-01
1.003280e-01
5.530167e-01
-6.103022e-02
-6.321888e-02
2.044339e-01
-5.948682e-01
-5.059556e-01
-1.799905e-01
-5.059680e-01
-9.519250e-01
-2.275790e-01
-1.331791e-01
-4.681908e-02
-2.539026e-01
-1.623140e-01
2.089156e-01
-1.303933e-01
-3.273021e-02
-1.630869e-01
3.154108e-03
1.693565e-01
4.869275e-01
-4.841601e-02
5.431105e-01
1.187858e+00
2.886247e-01
5.801272e-01
7.149960e-01
2.305031e-01
7.087500e-02
1.166256e-01
3.129744e-02
2.277473e-01
6.899257e-01
4.022356e-01
1.049903e-01
4.265063e-01
2.367009e-01
-1.732828e-01
-1.264041e-01
-1.675118e-01
7.972623e-03
3.113969e-01
2.613134e-02
-1.387101e-01
1.597774e-03
-1.259381e-01
1.306547e-01
2.631633e-01
1.608121e-01
-1.733643e-03
2.279797e-01
3.972020e-02
-2.233924e-01
-2.233875e-01
-2.548231e-01
-4.490206e-02
-2.749076e-01
-1.671920e-01
-4.768480e-02
-2.132923e-01
-6.316552e-02
2.028078e-01
6.790774e-02
1.350925e-01
-1.418874e-01
-2.218535e-01
-1.426421e-01
-2.414480e-01
-2.900466e-01
-1.485233e-01
-1.425730e-01
-2.223605e-01
-6.681521e-02
1.832855e-01
1.372617e-01
1.862275e-01
6.837446e-02
5.331440e-02
1.671558e-01
4.997562e-02
-5.673893e-02
1.105703e-01
-1.848763e-01
1.332361e-01
4.354293e-01
-2.974049e-01
-1.334172e+00
5.242263e-01
-2.304609e-01
6.489529e-01
3.157850e-01
-9.505607e-02
-3.116505e-01
-2.501936e-01
2.356866e-01
-9.991338e-01
-1.339743e-01
8.517521e-02
1.255209e+00
2.120568e-01
1.399575e-01
9.051671e-02
-2.193351e-01
2.824383e-01
-6.646571e-01
-3.584978e-01
4.197009e-02
7.172015e-01
-2.035453e-01
1.068540e-01
1.761835e-01
1.512833e-01
3.936513e-02
-1.385957e-01
-2.167214e-01
2.029231e-01
1.097062e-01
9.779657e-02
-2.965674e-02
-2.525334e-02
-4.746961e-02
-1.292008e-01
-3.268847e-01
-4.118805e-01
1.351664e-01
3.021213e-02
-2.883729e-02
-5.002497e-02
-8.342587e-02
-1.847418e-01
-1.378285e-01
-3.216515e-01
-4.350466e-01
5.010733e-02
-7.105720e-02
-1.183016e-01
-1.116525e-01
-2.205758e-01
-1.161476e-01
-4.729907e-02
-1.367115e-01
-1.456205e-01
-2.262914e-02
-1.057435e-01
-9.847251e-02
3.874454e-02
-6.678151e-02
5.984850e-02
5.027144e-02
-4.621118e-02
-1.350718e-02
3.031848e-02
-3.653313e-02
5.248585e-03
8.331011e-02
5.483035e-03
9.609755e-02
5.249196e-02
-1.597885e-02
-4.677319e-02
1.177766e-02
-5.798042e-02
-6.024255e-02
1.611757e-01
5.121908e-01
5.778185e-01
2.888698e-02
-1.040036e+00
4.526860e-02
1.348885e-01
-5.793598e-01
1.210268e-01
1.597740e-01
3.883371e-01
4.704922e-01
-8.257559e-03
-8.782927e-01
5.815390e-02
8.092204e-02
-2.379216e-01
1.837631e-01
2.914370e-02
3.973671e-01
5.115226e-02
-9.210543e-02
-4.764366e-01
-1.809538e-01
-3.806852e-02
-1.771191e-02
-3.236684e-02
