-2.718178e-02
-2.874753e-02
-2.969824e-02
-3.020669e-02
-4.861195e-02
-3.473803e-02
-1.076756e-01
-9.540044e-02
-2.958719e-02
1.033376e-01
-2.696629e-02
-1.252020e-02
7.109506e-02
-6.509390e-03
3.725298e-02
6.777976e-02
5.486961e-02
3.613210e-02
6.091820e-02
1.340941e-02
2.057190e-02
5.695042e-02
1.137510e-02
-1.486283e-03
1.541647e-02
2.798177e-02
-1.457430e-03
7.791026e-03
1.567758e-03
-3.945904e-02
-2.988382e-02
1.314930e-03
-1.662006e-02
-1.101821e-01
-4.617587e-02
1.088197e-02
3.294032e-02
2.478705e-02
-4.513407e-02
1.242872e-01
2.079241e-02
3.756249e-02
-1.175716e-02
-7.318839e-02
9.038069e-02
1.496135e-02
2.007098e-03
-2.293012e-02
2.384517e-02
-4.353586e-02
-3.133351e-02
-2.849292e-02
-5.352193e-02
-5.576663e-03
1.697392e-01
1.854530e-01
-2.233054e-02
1.311101e-01
-4.498542e-03
-3.803419e-02
1.802917e-01
-1.437121e-01
-4.418736e-02
-8.316042e-02
-1.426474e-01
-1.386740e-01
-1.325935e-01
-2.548160e-02
-1.643647e-02
-1.388341e-01
2.778834e-02
6.160936e-02
-6.750707e-02
-3.161056e-02
7.385119e-02
-6.539170e-02
1.213012e-02
8.170005e-02
8.086702e-02
1.248615e-01
9.568817e-02
-5.581087e-02
-9.896304e-02
-2.287950e-02
-1.389888e-01
-5.373364e-02
3.590287e-02
-5.711920e-02
1.085193e-01
1.645823e-01
5.368276e-02
2.517805e-02
-6.854992e-03
6.409980e-02
2.653593e-03
-2.047830e-02
1.238198e-01
3.407602e-02
-4.955808e-02
-1.044779e-01
-3.884698e-02
3.805264e-03
-5.735463e-02
-2.279894e-03
4.254928e-02
-8.629238e-03
1.961439e-02
5.328126e-02
6.993846e-02
8.137941e-02
-1.834142e-02
4.928023e-02
2.749412e-02
-9.838328e-02
-5.903271e-02
1.093570e-01
-9.211287e-02
1.468100e-02
2.903195e-02
1.345213e-03
4.188177e-02
1.430624e-02
-6.078297e-02
-2.651844e-02
-2.225808e-02
-5.155231e-02
-4.852856e-02
7.932183e-02
1.229820e-01
-1.336054e-02
5.598746e-02
1.771962e-02
8.148158e-02
1.558740e-01
-8.213831e-02
1.544582e-01
-2.124784e-02
-2.511608e-02
1.035146e-01
2.991490e-02
-8.470888e-02
4.591567e-02
9.265318e-02
6.556311e-02
4.184700e-02
-1.408679e-03
3.763150e-02
4.582947e-02
-2.545417e-02
1.114047e-02
-3.146077e-03
-6.119457e-02
-2.736257e-02
5.222795e-02
-1.501276e-01
-1.084631e-01
2.535577e-02
-1.100546e-01
-7.312733e-02
-5.453481e-02
-8.685379e-02
-6.106001e-02
7.571160e-02
9.300601e-03
1.236250e-02
9.730391e-02
3.329893e-02
8.155689e-03
6.032154e-02
3.659284e-02
7.490211e-03
4.676078e-02
7.967144e-02
-1.190686e-01
1.399370e-01
1.898001e-01
-1.237523e-02
7.399877e-03
9.691858e-02
-1.910376e-02
-1.449068e-01
-2.454454e-02
6.460238e-02
-6.679150e-02
4.634204e-02
8.196336e-05
-1.671381e-01
-6.129900e-02
4.831710e-03
2.677765e-02
1.827275e-02
3.000315e-03
1.166616e-02
-9.076659e-03
-6.214739e-02
8.360767e-03
-2.015002e-03
-4.014450e-02
-2.609777e-01
-5.426180e-02
1.133083e-01
-1.749509e-01
1.599168e-02
2.202952e-01
-2.517495e-01
-1.540848e-01
2.026878e-02
-7.362850e-02
9.778294e-02
-1.497336e-01
2.056390e-03
1.574945e-01
-7.374139e-02
5.382595e-02
2.265874e-01
-8.136333e-03
8.827085e-04
3.610259e-02
-2.931344e-02
2.417756e-02
6.576450e-02
7.345486e-03
3.040039e-02
2.724656e-02
-3.763074e-02
-3.992248e-02
1.067260e-01
8.483797e-02
-2.572993e-02
4.778529e-02
1.736716e-02
-2.796926e-02
7.036224e-02
2.632607e-02
3.052111e-02
-2.063740e-02
-3.118495e-02
5.055630e-02
2.930083e-02
2.202546e-02
-1.649380e-04
4.563056e-02
-7.439681e-03
1.262523e-01
1.152797e-01
1.593391e-01
2.255298e-02
5.675148e-02
1.099285e-01
4.057271e-02
7.229532e-02
8.473672e-02
1.153479e-01
2.013362e-01
1.332304e-01
-5.312165e-02
1.117590e-01
1.138253e-02
-8.073167e-03
-2.397192e-02
5.596365e-02
4.616717e-02
-6.297142e-03
-2.857663e-02
1.309808e-01
4.274930e-02
1.159043e-01
7.598057e-02
1.065965e-02
1.546323e-02
-2.356119e-03
-7.102245e-02
-4.668421e-02
7.333498e-02
-2.350591e-02
6.714410e-02
-1.006979e-01
-1.377276e-01
-1.436087e-01
-4.389726e-02
2.937800e-02
-1.388629e-01
-8.432886e-02
1.410155e-01
-1.090725e-01
-1.965315e-03
8.919647e-02
-1.736659e-01
-5.528346e-04
1.508613e-04
1.179473e-05
3.204207e-03
-2.620435e-03
-1.223830e-03
2.570966e-04
-5.282551e-04
1.463420e-03
-9.185559e-04
1.203750e-03
-1.183694e-03
-4.646247e-04
-2.457342e-03
-1.299036e-03
-1.837709e-03
-1.306664e-03
-3.380550e-03
2.553655e-03
7.424470e-04
1.253741e-04
-3.572125e-03
-1.214708e-03
-4.591040e-06
-2.436001e-03
-2.237633e-03
2.547333e-03
3.227442e-03
-1.907758e-03
9.351927e-04
1.557162e-03
-2.506457e-03
-4.919756e-05
-1.249273e-03
4.599058e-04
-2.504357e-03
9.268813e-04
-5.428346e-05
6.587730e-04
2.898077e-03
-1.181834e-03
3.269831e-03
-3.722825e-04
2.753418e-03
-3.221473e-04
2.324766e-03
-6.092522e-04
2.811319e-03
-1.970772e-03
9.366361e-04
-2.752753e-03
-8.789373e-04
-4.018995e-04
3.398488e-04
1.253900e-03
1.889467e-03
-2.864970e-03
1.945073e-03
-1.963084e-04
-8.344684e-04
-7.826979e-04
-7.252626e-04
1.167979e-03
5.695924e-04
-8.893212e-05
-1.096573e-03
-4.197774e-03
2.721026e-03
-1.006779e-03
-6.281011e-04
1.933918e-03
3.299173e-04
-1.351635e-03
3.614236e-04
-5.097336e-04
-9.681287e-04
-1.149576e-03
-1.036183e-03
1.562146e-03
-5.842744e-04
7.119452e-04
-2.545488e-05
-5.576831e-04
1.198105e-03
2.129431e-03
2.526674e-04
8.593926e-04
-2.148518e-03
8.171370e-04
4.007154e-03
2.404564e-03
3.534905e-04
1.363331e-03
-8.812524e-04
-1.121216e-03
-4.503409e-04
4.309272e-04
2.960919e-03
3.581350e-04
8.766808e-04
9.887000e-04
-9.396481e-04
-3.158507e-03
-1.396377e-03
1.385577e-03
-5.741704e-04
-1.406999e-03
-2.042313e-03
-2.284127e-03
-6.085433e-04
7.258375e-04
2.030704e-03
-2.804919e-03
3.145114e-03
-2.028916e-03
4.093165e-03
4.410201e-03
-2.087984e-03
-2.525857e-03
-1.403830e-03
-2.363156e-03
-4.397087e-04
-8.439604e-04
-5.127310e-04
4.422556e-04
-8.867630e-04
2.323756e-03
5.076536e-04
1.701021e-03
1.174169e-03
-3.265778e-03
3.197383e-04
-4.943640e-04
1.178333e-03
-6.842990e-04
-2.718885e-04
2.050567e-03
-1.868913e-03
-1.343683e-03
-1.674921e-03
-2.701778e-03
-4.710064e-04
7.983570e-04
8.074560e-04
1.655743e-02
6.228808e-02
8.468483e-02
-2.972997e-02
7.153516e-03
-2.575193e-02
-6.459133e-03
7.953689e-04
-2.483098e-02
2.426288e-02
1.058131e-01
-3.854369e-02
-1.659269e-02
1.283624e-01
-4.061993e-02
-4.430747e-02
2.209722e-01
5.275136e-02
2.147942e-02
5.806795e-02
-4.936859e-03
4.739989e-02
7.663883e-02
-3.012123e-02
-2.827799e-02
-1.334110e-02
-3.380282e-02
1.946682e-02
4.068792e-02
7.997709e-03
2.751449e-02
7.524185e-02
5.695220e-02
-2.842868e-03
8.511259e-02
1.191939e-01
9.547570e-02
1.257245e-01
-1.089293e-01
-5.678950e-02
1.716285e-02
6.540120e-02
7.235889e-02
1.934658e-02
-6.511870e-02
2.307765e-02
2.739939e-02
-6.853421e-03
-6.036374e-02
-4.137040e-02
-5.232259e-02
-2.148911e-02
-5.344450e-02
-2.394717e-02
9.410307e-02
1.359207e-01
-1.278735e-02
6.127030e-03
1.550011e-03
-6.282604e-02
1.028002e-01
1.340560e-01
-5.585333e-02
-7.257787e-02
-3.588321e-03
-7.099661e-03
1.190531e-02
-2.059098e-02
-6.835706e-02
3.750544e-02
8.452553e-03
-5.896033e-02
-3.263065e-02
1.014703e-03
4.711129e-02
-6.934649e-02
-1.233242e-01
-3.783942e-02
1.851493e-02
-4.750165e-02
4.301256e-02
-3.638569e-02
-5.455029e-02
-1.606775e-02
5.426995e-02
2.692017e-02
-4.719291e-03
1.157754e-01
1.443311e-01
1.414670e-01
-5.316317e-02
5.594798e-02
1.411410e-02
-1.576683e-02
1.262640e-02
-9.605365e-02
-1.253949e-02
1.270061e-01
-1.837099e-02
1.918714e-02
3.975636e-02
-6.194844e-03
2.934503e-02
1.124537e-02
-5.657611e-02
-6.300760e-04
2.922347e-03
-3.738778e-02
3.782579e-02
-3.423588e-02
-1.560760e-01
3.287636e-02
2.659256e-01
3.557647e-02
-1.623254e-01
-2.197867e-01
1.466953e-01
-7.566321e-02
-1.273890e-05
-3.153742e-02
-1.436850e-02
-2.211631e-02
-3.858455e-02
2.064639e-02
-2.352429e-02
-7.792219e-02
-2.165573e-03
-4.042326e-02
-3.352652e-02
1.095081e-01
-3.967470e-02
-8.404479e-02
4.765641e-02
2.331537e-02
1.996465e-02
4.758763e-02
7.958745e-02
-1.424288e-02
-3.242468e-02
1.595304e-01
2.511196e-01
2.495915e-02
3.002179e-03
5.576009e-02
8.571018e-03
1.736417e-02
-5.900724e-03
6.445787e-02
1.042791e-01
7.697073e-02
3.443792e-02
4.411699e-02
3.058947e-02
-4.026669e-02
-3.758935e-02
-4.995169e-02
3.301338e-03
-2.023875e-02
-6.447364e-02
-2.101105e-02
7.428409e-02
2.963840e-02
5.607379e-02
7.458767e-02
4.096368e-02
1.629838e-02
1.846166e-02
-1.384694e-02
-1.962882e-02
-6.466478e-03
-1.677817e-02
1.495301e-01
2.057048e-01
1.126464e-01
1.522310e-01
1.429146e-01
3.881456e-02
-1.387712e-01
-1.417449e-01
-1.612127e-01
3.941186e-02
1.157803e-01
9.376655e-03
6.958479e-02
9.275424e-02
-8.899698e-03
-1.753628e-02
-1.193221e-01
-7.046604e-02
-1.997455e-02
1.014844e-02
-2.371456e-02
-6.424677e-02
-4.750640e-02
-4.726243e-02
2.390237e-02
1.351711e-02
-9.000497e-03
-8.132152e-02
3.967108e-02
1.198780e-01
-6.317212e-02
4.097403e-02
1.149582e-01
-8.188520e-02
-6.375490e-02
-4.746263e-02
-9.884608e-02
-4.270037e-02
-6.108314e-02
3.378398e-02
5.810085e-02
2.832032e-02
-2.718360e-02
1.900347e-02
-1.076586e-02
8.987867e-02
9.299570e-02
8.126763e-02
3.342572e-02
5.115592e-03
-6.950230e-03
2.293423e-02
-3.371149e-03
3.621135e-02
1.148787e-01
1.621642e-03
-1.123257e-02
8.392723e-02
-2.819966e-02
-4.923064e-02
8.305661e-02
4.594998e-02
-3.361926e-03
-2.786542e-02
1.595148e-03
6.925687e-03
-9.965525e-02
-7.022820e-02
-2.942050e-02
-2.000389e-02
-3.702827e-03
-1.602586e-02
-1.200667e-02
-5.221454e-02
-4.485736e-02
4.814218e-03
8.740622e-03
1.716624e-03
1.321683e-01
1.350911e-01
9.223281e-02
-2.593668e-01
-2.300800e-01
-2.179679e-01
-8.957152e-02
1.013054e-01
-8.564113e-02
6.916755e-02
1.318029e-01
2.850485e-01
-5.214504e-02
-5.325790e-02
-1.133282e-01
4.761012e-04
2.226336e-02
-4.427417e-02
-3.638753e-02
-4.749318e-02
-7.479217e-02
-1.635414e-03
-4.984690e-02
-8.290851e-03
-2.421091e-02
-4.512879e-02
-2.466426e-02
2.657391e-02
1.154256e-02
-2.735320e-02
-9.367228e-02
-2.010722e-02
-8.180133e-03
3.505928e-02
1.276623e-01
5.192619e-03
3.912067e-02
1.312543e-02
1.608668e-02
-4.805546e-02
-7.092514e-02
-1.154280e-02
-4.705424e-03
-5.895794e-02
1.584543e-02
3.908771e-02
-7.311061e-02
3.827118e-02
-9.745802e-02
2.720861e-01
9.025248e-02
-8.267584e-02
1.975319e-01
8.380917e-02
-9.328781e-02
2.430343e-01
3.333398e-02
-7.188237e-02
2.330006e-01
-1.907123e-02
-7.144257e-02
1.393616e-01
-6.362328e-02
-1.866430e-02
2.019501e-01
5.011674e-02
1.211905e-01
1.757855e-01
-2.382666e-02
6.475598e-02
1.439804e-01
-2.165550e-02
4.770706e-02
9.932997e-02
-1.022780e-01
6.059687e-02
-3.636067e-02
-1.346977e-01
9.797328e-02
7.910807e-02
8.653566e-02
8.384647e-02
8.405828e-02
-9.720380e-02
-4.958853e-02
-8.509656e-02
-4.149429e-02
-2.064792e-02
-2.790469e-02
-4.565441e-02
4.323703e-02
3.164544e-02
-2.873817e-02
-3.719108e-02
1.064282e-01
1.026947e-01
6.376670e-02
8.787435e-02
7.514404e-02
-7.474659e-03
1.748615e-01
-2.852231e-02
-2.932299e-02
-6.793381e-02
-2.118137e-02
4.192357e-02
1.144705e-02
-1.432207e-02
-4.871149e-02
-7.407926e-02
-1.532750e-01
8.016896e-02
1.103697e-01
1.088105e-01
6.069719e-02
5.639775e-02
4.761259e-02
-2.717143e-02
-1.840718e-02
-2.455806e-02
6.962356e-02
-2.495953e-02
-9.785067e-02
3.235549e-02
-2.703790e-02
-1.272942e-01
3.265959e-02
-4.473494e-02
-1.421929e-01
5.521899e-02
3.135861e-01
2.809651e-02
5.243254e-02
3.312140e-01
-5.564740e-03
9.128855e-02
3.575839e-01
1.846918e-02
-4.025020e-02
3.457446e-02
-2.194964e-02
3.768055e-02
7.110374e-02
1.735688e-03
1.209787e-02
5.243863e-02
3.328020e-02
-1.612638e-01
1.041275e-01
-1.409847e-01
-1.078451e-01
4.494463e-02
-2.469404e-02
-9.572988e-02
-4.621172e-02
5.755440e-02
1.463645e-02
8.052702e-02
3.628248e-02
-3.293239e-02
3.330587e-02
-5.371498e-02
-1.105207e-01
-4.987861e-02
-8.381026e-02
-1.766608e-01
5.308842e-02
-5.145033e-02
-4.779418e-03
1.520714e-01
5.111794e-02
-2.280171e-02
6.939399e-02
3.703068e-02
5.987514e-02
1.670791e-01
8.844335e-02
-2.107224e-02
2.400658e-02
-3.653543e-02
7.780431e-02
1.084313e-01
-1.555146e-01
1.203033e-02
5.203052e-02
-4.001454e-02
-9.966622e-03
-4.849933e-03
9.276897e-02
-5.266993e-02
-7.119786e-02
-1.625282e-02
-1.019192e-02
-3.294526e-02
-1.724485e-01
1.915254e-01
1.640596e-01
-9.828849e-02
4.433672e-03
-1.264863e-01
-9.676924e-02
1.346860e-01
3.072993e-02
6.376022e-03
2.100566e-01
4.362527e-02
-2.562436e-02
1.850127e-01
1.544554e-02
5.643981e-03
-2.056020e-01
-1.171993e-02
9.243588e-02
-1.687801e-01
1.584368e-01
4.046757e-01
-1.437396e-01
-3.041413e-02
1.045282e-01
-9.125895e-02
5.044370e-03
-3.305184e-02
-3.846633e-02
-1.431170e-01
2.793305e-01
6.822705e-02
-1.270221e-01
1.479505e-01
9.630655e-02
2.140862e-02
1.166832e-01
8.382635e-02
1.934110e-02
6.137544e-02
-6.958639e-02
-5.130453e-02
-1.103071e-01
-1.274801e-01
-3.393038e-01
-9.816194e-02
-2.501401e-01
-4.393611e-01
-2.448555e-01
-2.387436e-01
-2.880654e-01
-1.936091e-01
-5.494988e-02
-1.199508e-01
3.762979e-02
-7.414808e-03
-1.070810e-01
9.874996e-02
4.279681e-02
-7.698975e-02
9.934746e-02
1.107874e-01
4.886458e-03
1.882046e-02
1.672563e-01
8.735138e-02
6.937423e-02
9.776520e-02
-3.287738e-02
-6.090550e-02
-4.059614e-02
-1.321205e-01
-1.441280e-01
2.011110e-01
7.452206e-02
-2.765341e-02
-5.680694e-02
7.731867e-03
-2.584503e-02
4.540851e-02
-7.428963e-02
-4.678443e-02
2.164878e-01
1.613717e-02
-1.016178e-01
1.974553e-01
1.482903e-03
-6.098295e-02
3.259332e-01
7.652327e-02
5.812970e-02
3.639671e-01
6.972136e-02
1.475386e-01
2.747803e-01
1.086762e-01
1.415962e-01
4.025820e-02
-1.303422e-01
-2.550843e-01
-1.970051e-01
-2.934734e-01
1.563633e-01
-2.293685e-02
-5.948867e-02
-1.090324e-01
4.604270e-02
-7.895885e-03
4.780594e-02
8.095276e-02
2.719007e-02
2.613104e-02
-1.997679e-02
7.911013e-02
1.530734e-01
2.328733e-02
-1.395690e-01
-1.598175e-01
3.469061e-02
1.055871e-01
-4.330787e-01
-1.785127e-01
-1.412262e-01
-1.876197e-01
-2.919571e-02
-1.521482e-01
-1.207063e-02
-2.635669e-01
-2.575474e-01
1.781525e-01
-9.709617e-02
-1.219424e-01
-1.775079e-01
-1.437452e-01
6.481031e-02
1.803922e-02
-1.137026e-01
8.910620e-02
5.713259e-02
-7.815748e-02
1.606790e-02
-3.020501e-02
-2.513904e-02
-2.558187e-02
3.092998e-02
1.346344e-02
4.255632e-02
7.718526e-02
4.838743e-02
1.862960e-02
-7.778318e-03
3.208820e-02
3.573764e-02
-6.816733e-03
8.077429e-02
9.242990e-02
5.489731e-02
-4.396702e-02
-6.197159e-02
-1.052981e-01
-2.420152e-02
-5.831827e-02
-2.781036e-02
-6.330472e-02
-8.524163e-02
6.494301e-02
-1.599458e-02
-2.532284e-02
-6.196470e-02
-1.936499e-01
-6.015808e-03
-1.076009e-01
1.103108e-01
-4.316406e-01
3.564437e-01
-3.674440e-02
-4.827654e-02
-1.412003e-01
1.091532e-01
1.156978e-01
5.150539e-02
1.621751e-02
4.874234e-02
3.036367e-02
-1.059763e-01
-2.193757e-02
5.423786e-02
9.221404e-02
-2.690487e-02
-1.474852e-02
1.551831e-01
-9.390081e-02
-2.317339e-01
-9.872576e-02
6.852026e-02
-5.580699e-02
5.354077e-02
-5.228299e-02
-4.890163e-03
4.079349e-02
-7.411907e-02
-5.554458e-02
-5.194562e-02
4.304212e-02
7.698638e-02
9.244774e-02
-2.054906e-02
-3.952458e-02
4.892932e-02
-1.603725e-02
-7.607505e-02
-1.228514e-02
-7.131141e-02
-1.120274e-01
-1.076028e-01
-5.448184e-02
-6.438685e-02
8.498182e-03
2.116889e-01
7.864580e-02
-1.153127e-01
-6.168419e-03
2.897836e-02
-8.102111e-02
-1.484051e-01
-5.145335e-02
-5.278066e-02
3.184439e-02
-1.930350e-01
4.658291e-02
-3.131807e-02
-4.887057e-02
7.256436e-02
1.014851e-01
8.233105e-02
1.312442e-01
8.099762e-02
1.316498e-01
-5.255364e-02
-3.100642e-02
1.880860e-02
-9.529284e-02
2.124778e-01
-2.915553e-01
3.751878e-02
-1.997202e-01
6.087915e-02
1.461138e-01
6.203705e-02
-1.530728e-01
-5.595740e-02
1.213769e-02
8.767314e-02
1.293804e-02
4.132957e-02
-1.105141e-01
-6.432751e-02
2.808744e-02
8.055443e-02
-2.428963e-02
7.151721e-02
-1.936094e-01
-2.552482e-01
2.962579e-01
-2.704659e-01
-5.298544e-02
-1.548011e-01
-1.704218e-01
1.671253e-01
1.683113e-01
9.502959e-02
2.698818e-02
-1.093358e-01
1.922467e-01
8.055205e-03
2.268264e-01
-4.017508e-02
-1.420597e-01
-1.005291e-01
-7.781980e-03
-1.585667e-02
1.011350e-02
3.888236e-02
1.065230e-01
1.149589e-01
4.108812e-02
7.224497e-02
2.255589e-01
1.947810e-01
5.583833e-02
2.011251e-01
1.148908e-01
-4.065276e-03
1.162546e-01
3.058646e-02
-1.107837e-01
1.516548e-02
-5.631274e-02
-5.113277e-02
2.698686e-02
-4.003741e-02
-1.260862e-01
-9.628764e-03
-4.389714e-02
-1.346333e-01
-1.365805e-01
-1.083243e-01
-5.519409e-02
-3.787862e-02
5.753263e-02
1.843578e-01
2.391638e-01
2.632689e-01
-1.281895e-01
-1.240648e-01
-1.302881e-01
9.254762e-03
8.470073e-03
4.092312e-02
7.821216e-02
2.406708e-01
-6.508405e-02
6.621762e-02
2.108897e-02
9.777551e-02
8.904275e-02
7.078388e-02
1.702544e-02
-4.572093e-02
-9.279530e-02
-5.032868e-02
1.721353e-01
-1.728833e-02
1.210131e-01
8.161229e-02
-7.997004e-02
-2.361298e-02
-7.783019e-03
7.448855e-03
9.751876e-02
2.974443e-01
1.259808e-01
2.331047e-02
8.567310e-03
-7.557016e-02
-7.228991e-02
-5.498207e-02
-3.690114e-02
3.398484e-02
1.615382e-01
1.170133e-01
1.059752e-01
1.791500e-02
1.463107e-02
4.154164e-02
-6.288854e-02
-7.980521e-02
-1.386061e-02
1.966015e-01
6.722244e-02
3.018138e-02
4.486302e-02
-5.161216e-02
-4.406118e-02
-1.069565e-01
-1.403891e-01
-2.567662e-02
7.377061e-02
2.653703e-01
1.891839e-01
2.916317e-02
1.829792e-01
3.134909e-02
-5.306705e-02
2.476174e-02
-6.550287e-02
2.878087e-02
5.765579e-02
3.146962e-02
3.523692e-03
1.650203e-02
-6.476687e-02
2.329857e-02
2.241134e-02
-4.385039e-02
-1.297600e-01
-3.412178e-02
-4.631181e-02
-2.754533e-01
-2.502938e-01
-1.854554e-01
-1.771665e-01
1.485597e-03
-2.225993e-01
3.106361e-02
1.081318e-01
9.693059e-02
-3.246978e-02
3.862140e-02
-6.954224e-02
1.842162e-02
3.037294e-02
-3.958242e-03
3.297257e-02
1.955085e-01
7.480031e-02
-4.547052e-02
3.383863e-02
-8.436814e-02
-3.409500e-02
-9.443338e-02
5.927434e-02
-1.070044e-01
-9.391084e-02
-4.294378e-02
-9.799887e-02
-1.317287e-01
-1.904851e-02
-2.659779e-02
2.223755e-01
4.372541e-02
2.333082e-03
1.397737e-03
-8.118387e-04
3.083206e-04
2.135640e-03
7.639538e-04
8.201502e-04
2.097018e-03
-1.964843e-03
-2.185717e-04
1.402004e-03
-6.795056e-04
2.933205e-04
6.602499e-05
-1.738088e-04
-1.601432e-03
1.371936e-03
1.045650e-03
1.546690e-04
5.427909e-04
-7.505813e-04
-1.725134e-03
1.808699e-03
3.803791e-05
2.929084e-03
-1.293877e-03
-1.998369e-03
-3.397738e-03
1.585603e-03
1.398712e-03
-1.718480e-03
-3.217504e-03
-1.279795e-04
1.806104e-03
5.953266e-04
1.528154e-03
3.030665e-03
1.277254e-03
9.301865e-04
1.698878e-03
-5.168708e-04
-1.935353e-03
1.101278e-03
3.465389e-03
2.151674e-03
-1.982129e-03
1.146737e-03
-1.596528e-03
9.949211e-04
1.744652e-03
-1.745033e-03
-1.224222e-03
-1.245995e-03
2.446209e-03
3.179686e-03
-3.955255e-03
-1.147960e-03
-2.764114e-03
2.992188e-03
5.209047e-04
5.125458e-04
1.753953e-03
1.366929e-04
-2.731078e-03
1.217335e-03
-2.457506e-04
2.070746e-03
6.647180e-04
5.450267e-05
-1.464118e-03
6.631126e-04
-1.498264e-03
-8.757983e-04
-1.133937e-03
-4.892518e-04
1.602751e-04
2.872935e-03
2.166640e-03
1.108818e-03
7.350870e-04
8.954416e-04
1.857220e-03
1.691946e-03
3.164466e-04
4.255031e-03
-1.455787e-03
7.809645e-04
3.067461e-03
-2.311468e-04
1.677538e-03
-5.045543e-04
3.685045e-03
-3.349490e-04
5.313144e-04
1.569498e-03
5.651473e-03
-6.931665e-05
-4.645593e-05
4.703830e-04
-5.755813e-04
-2.405593e-03
-3.467575e-04
2.332878e-03
-5.574882e-05
-7.655121e-04
3.320305e-04
1.557444e-03
-2.896259e-03
1.527486e-03
-1.369780e-03
8.954136e-04
-2.447237e-03
-3.477413e-03
-1.043562e-03
2.943285e-03
2.665341e-03
2.773567e-04
1.970126e-03
1.388846e-03
1.262383e-03
-2.028189e-03
-1.048852e-03
-4.507283e-04
1.396752e-04
1.149718e-03
-2.273083e-03
3.353838e-03
2.242454e-03
-4.015108e-04
-1.345336e-03
-2.853186e-03
-2.525416e-03
1.861168e-03
-5.500991e-04
3.268635e-04
5.616213e-05
-1.563167e-03
-1.620754e-03
2.394712e-03
-6.155514e-04
1.253721e-06
1.423440e-03
-4.503326e-04
-2.316354e-03
2.168271e-02
8.739425e-02
1.178688e-01
6.630420e-02
1.860396e-01
1.351226e-01
-1.110255e-01
-7.911351e-02
-1.945267e-01
-2.934339e-02
-3.976932e-02
-2.387151e-02
5.381023e-02
4.601185e-02
3.227862e-02
3.701234e-02
5.172656e-02
3.646170e-02
5.079455e-02
1.077226e-01
-4.447036e-03
-1.020531e-02
-3.310028e-02
-1.319664e-01
-2.295850e-02
-1.921550e-04
-3.352412e-02
5.696808e-02
5.933627e-02
4.573739e-02
5.212864e-02
2.083268e-02
-2.897905e-02
-3.630318e-02
-2.141946e-03
-1.068315e-02
-1.125111e-02
1.743251e-01
4.788977e-02
2.139844e-02
6.906218e-02
5.176258e-02
-8.760999e-02
-2.005629e-01
-6.208328e-02
1.876812e-01
2.518472e-01
2.028209e-01
-1.635646e-01
-9.920110e-02
-1.039622e-01
-1.794309e-01
-1.092226e-01
-8.009958e-02
6.357575e-02
-5.592936e-02
-1.074576e-01
2.199944e-02
-2.480455e-02
-2.132864e-02
6.146907e-02
3.457178e-02
9.682714e-02
-2.248583e-01
-1.945715e-01
-1.709437e-01
-1.028406e-01
-3.513142e-02
-6.575984e-02
1.684970e-01
2.423335e-01
1.486399e-01
-3.670631e-02
-9.055864e-02
-9.616055e-02
-7.808436e-02
-1.141390e-01
-3.812595e-02
7.802960e-02
9.968658e-02
1.662802e-01
-1.585034e-01
-1.664667e-01
-9.764293e-02
-2.490766e-02
-9.385250e-02
-5.967975e-02
2.600638e-01
2.896435e-01
2.027984e-01
-1.166649e-01
-9.931196e-02
-1.142483e-01
2.843903e-02
4.169634e-02
4.592596e-02
8.546773e-02
1.488474e-01
1.202964e-01
9.947899e-03
9.174521e-02
1.821205e-02
-6.020766e-03
4.945325e-02
4.171233e-02
-9.889153e-03
7.635356e-02
5.450833e-02
8.244458e-02
2.301420e-01
1.296553e-01
-4.025083e-02
1.080731e-01
1.161023e-02
-1.467723e-01
-2.669891e-01
-2.133622e-01
-3.686694e-02
4.010225e-02
6.895211e-03
-3.852798e-02
1.708556e-02
-3.605679e-02
-6.783925e-02
3.211818e-02
-1.460546e-02
-1.389584e-02
-1.732697e-02
-5.836280e-02
-6.035034e-02
-1.329322e-02
-1.344493e-01
2.367615e-02
1.137762e-01
5.306864e-02
1.247476e-01
1.725906e-01
1.105070e-01
3.682563e-02
-8.047336e-02
-1.443210e-01
-1.617031e-01
-1.115055e-01
-9.151228e-02
8.392336e-02
6.969320e-02
-6.670628e-02
1.351543e-01
1.132327e-01
-7.756766e-02
-3.791699e-02
-5.934531e-03
-1.523062e-01
-8.403766e-02
-5.060705e-02
-9.130060e-02
-1.351171e-01
-9.072333e-02
-5.411721e-02
-8.790581e-02
-9.357328e-02
-3.578374e-02
-3.216283e-02
-5.709230e-02
-4.382322e-02
-3.506598e-02
-1.220145e-02
-1.456256e-02
-1.748117e-02
-1.058682e-02
-3.441163e-02
1.995900e-02
-1.477779e-03
-5.925896e-02
6.644010e-02
-4.609539e-02
-1.331142e-01
8.847723e-02
-3.577701e-03
-3.851104e-02
-3.706214e-02
4.299118e-02
-1.396957e-01
4.360766e-02
6.572837e-02
-1.643033e-01
-3.449783e-02
-1.294653e-01
-1.142392e-01
7.392524e-02
2.285864e-02
-3.847032e-04
3.644587e-02
-7.873024e-03
-7.541994e-03
-1.910270e-02
-3.203836e-02
1.615665e-03
-1.245717e-01
-1.070986e-01
-4.691501e-02
6.999263e-02
8.547636e-02
5.625100e-02
9.461398e-02
2.370134e-02
-4.252259e-02
3.932435e-02
6.553278e-02
-1.950636e-02
-1.204807e-02
-2.571210e-03
-4.795835e-02
-2.679485e-02
-7.153793e-02
-8.753780e-02
-8.746030e-02
-5.576391e-02
-4.646369e-02
-4.016940e-02
9.055452e-03
4.356681e-03
-3.992143e-02
-2.583714e-02
-1.043257e-02
3.577898e-02
5.851273e-02
-4.159848e-02
-3.830899e-04
4.617038e-02
-2.767163e-03
1.535075e-02
4.392488e-02
-3.943597e-02
-5.093580e-02
-9.785522e-02
-7.689627e-02
-7.285632e-02
-9.166616e-02
2.901809e-02
-2.324581e-02
-1.601759e-02
5.727472e-03
-5.313868e-02
2.815185e-02
4.002855e-03
3.721789e-02
1.156859e-01
8.478129e-02
2.265666e-02
4.428209e-02
-3.345618e-02
-6.877145e-02
-3.563016e-02
-4.284880e-02
-1.631695e-01
-9.487853e-02
-1.228206e-01
-1.924860e-01
-7.604752e-02
-1.326908e-02
2.901996e-02
4.777179e-02
4.804470e-02
1.830430e-02
4.725181e-02
7.850616e-02
1.302695e-01
1.299471e-01
7.974511e-02
-5.142373e-02
-4.345030e-02
1.775862e-03
-1.191544e-01
-7.028088e-02
5.602368e-02
-9.825107e-02
-2.312551e-02
3.609983e-03
1.118543e-01
3.693849e-02
7.327189e-03
6.140513e-02
-5.637062e-02
-9.802416e-02
-2.241148e-02
-1.550120e-01
-3.079042e-02
-1.402892e-02
-4.010563e-02
8.774810e-02
-3.259105e-02
-6.786624e-02
5.722027e-02
8.599591e-02
2.915033e-02
3.472834e-02
-1.330035e-02
8.070616e-03
-1.041541e-02
-4.672534e-02
-3.355420e-02
2.764459e-03
-7.237029e-02
-4.319902e-02
-6.385972e-02
-3.657478e-02
-3.193595e-02
-1.624632e-02
6.442746e-02
-4.709826e-02
-4.045742e-02
2.332110e-02
-5.787315e-03
1.122985e-02
-8.904984e-02
-6.087658e-03
-1.839180e-02
1.603900e-02
7.855318e-02
1.394186e-02
-9.373702e-02
-6.206910e-02
-4.608095e-02
3.247740e-02
1.999317e-02
-4.438804e-02
6.672790e-02
1.145024e-01
1.340468e-03
9.387980e-02
8.629439e-02
9.294321e-03
-4.029676e-02
-9.201642e-02
-8.907405e-02
1.013301e-01
-1.534585e-03
-4.758138e-02
1.480350e-01
9.862136e-02
1.717571e-02
2.475281e-02
9.394971e-02
-6.483389e-02
8.223233e-02
8.272777e-02
6.470785e-02
-5.363353e-03
1.852856e-02
-1.608557e-02
6.957379e-02
-6.381263e-03
-2.603532e-01
2.027729e-01
9.739195e-02
-1.035075e-01
-2.197875e-02
-7.799739e-02
-1.350870e-01
6.018849e-02
7.435846e-03
5.853817e-02
2.257982e-02
6.720223e-04
1.401530e-02
-4.970879e-02
4.187936e-02
4.513182e-02
2.477035e-02
1.717329e-01
1.090141e-01
-3.090805e-02
8.949953e-02
4.690789e-02
-1.387066e-01
-2.668568e-02
-2.127713e-02
-5.940989e-02
-6.469951e-02
-4.401108e-02
-7.042127e-02
-9.500811e-02
-1.081061e-01
-4.143453e-02
-5.668920e-02
-9.881179e-02
-7.340737e-02
-9.018849e-02
-3.752953e-02
-8.718843e-02
-7.601553e-02
-3.625087e-02
8.555149e-03
2.703321e-02
-2.554906e-02
-2.663479e-03
1.831479e-02
-1.850786e-01
8.878179e-02
2.579792e-01
-1.893125e-02
4.532737e-02
9.024777e-02
3.040415e-02
-2.107401e-02
-2.535925e-02
-3.921127e-02
4.409635e-02
2.705484e-02
-9.286689e-02
1.220580e-02
-1.780165e-02
-6.226114e-02
-2.249425e-02
2.376866e-02
-5.289568e-02
8.415329e-02
6.248306e-02
9.069052e-02
-1.410255e-01
-4.271243e-02
-2.468359e-02
-1.539124e-01
3.390861e-02
-4.870765e-02
5.970731e-02
8.798465e-02
-1.575077e-01
1.259518e-01
4.128334e-02
-2.256775e-01
1.363799e-04
-1.387285e-03
-5.774448e-03
5.209384e-02
8.398019e-02
1.012621e-01
5.549373e-02
7.259593e-02
6.678973e-02
8.268153e-02
-4.913698e-03
-1.192767e-02
1.345234e-02
2.519878e-03
8.582806e-02
-2.829401e-02
-5.663439e-03
2.855670e-02
-1.131214e-01
-5.018583e-02
-3.598629e-02
-3.038030e-02
-3.204141e-03
-4.492079e-03
-3.320837e-04
1.571666e-02
-1.241296e-02
2.068819e-01
2.352206e-01
1.324500e-01
1.604748e-03
2.670898e-02
-1.614855e-04
-1.742785e-01
-1.677398e-01
-1.600178e-01
1.468464e-01
-8.140682e-03
-1.517537e-02
2.482073e-02
-2.543248e-02
-7.579061e-02
-5.182383e-02
3.361559e-02
-3.977833e-02
-1.040233e-02
1.135776e-02
5.511323e-02
1.814844e-02
-8.633527e-03
-3.204267e-02
-5.206800e-02
-6.318033e-02
-9.701131e-02
-1.263316e-01
-1.386678e-02
1.658025e-01
3.826197e-02
6.581699e-02
-1.509031e-03
1.408949e-01
7.624323e-02
-1.009443e-01
-5.612555e-02
-1.640639e-02
-7.689317e-02
-1.229874e-01
-1.683108e-02
-4.679974e-02
-6.083917e-02
-4.968824e-02
-1.585352e-02
6.449547e-02
3.205302e-03
2.802610e-02
1.195718e-01
8.960123e-02
1.163576e-01
2.045758e-01
1.839582e-01
1.600999e-01
6.073561e-02
6.918985e-02
2.092594e-03
3.887997e-02
4.969290e-02
-1.925286e-02
6.029864e-02
6.095725e-02
3.938080e-02
-5.304728e-02
-9.857505e-02
-1.110916e-01
6.231004e-02
8.504581e-02
7.127733e-02
9.211785e-02
4.275212e-02
-1.961524e-02
-8.994552e-02
-7.012046e-02
-4.738514e-02
-1.168153e-02
3.189313e-02
-2.821262e-02
1.015600e-01
1.194703e-01
5.036280e-02
5.117790e-02
6.696436e-02
1.956673e-01
-7.010054e-02
-1.114327e-01
-1.483440e-01
-1.706080e-01
1.008830e-01
3.188300e-02
-1.685675e-01
-1.351490e-01
-1.105822e-01
-1.448073e-01
-9.382873e-02
-8.857534e-02
-1.371626e-01
-1.773479e-01
-1.694573e-01
-9.670833e-02
-3.963318e-02
-8.053065e-02
3.022718e-02
4.972355e-02
8.166662e-02
6.954465e-02
6.332849e-02
2.834219e-02
-1.319498e-01
1.639968e-02
4.338722e-02
-9.413484e-02
-1.296846e-01
-1.277091e-01
-6.567512e-02
2.621855e-02
2.837743e-02
-3.908833e-02
-3.060509e-02
-1.203780e-01
5.925334e-02
-1.356191e-02
-1.440937e-01
1.026554e-01
7.831261e-03
-1.284114e-01
1.159039e-02
-1.147607e-01
-4.800427e-02
2.540772e-02
-6.003585e-02
6.873279e-03
6.071477e-02
-5.554151e-02
-2.235184e-03
-4.267829e-02
-5.797540e-03
4.960564e-02
-5.061927e-02
2.678688e-03
2.763299e-02
-3.723564e-02
-1.949646e-02
1.780705e-02
1.247896e-01
2.107585e-01
2.657091e-02
7.554351e-02
2.126687e-01
8.079322e-02
-3.213632e-02
1.224878e-01
4.788844e-02
1.244601e-02
4.764746e-02
3.183296e-02
-6.985197e-02
3.699037e-02
1.090748e-01
-1.131759e-01
-3.036139e-02
9.761555e-02
-5.149953e-03
1.845145e-02
1.999459e-02
-3.127793e-02
8.961714e-03
7.385673e-03
-9.246371e-02
-2.858344e-02
1.422804e-03
1.249823e-02
-6.149177e-02
1.344085e-01
-6.342006e-02
-1.103751e-01
1.366832e-01
-1.952416e-01
-1.245800e-01
9.285887e-02
3.584389e-02
7.637516e-02
-9.972495e-03
-2.081438e-02
-1.939990e-02
1.265487e-02
-5.169379e-02
-5.289920e-02
8.935434e-04
6.954143e-03
1.400371e-02
-4.040246e-02
1.861775e-02
5.211302e-02
1.395414e-02
-4.966142e-03
2.542650e-02
2.619517e-02
-8.063176e-02
8.126906e-02
7.065009e-02
-8.811595e-02
-1.203356e-02
-3.786974e-02
1.335735e-02
3.349753e-02
-5.498143e-02
6.411679e-02
2.005148e-02
-1.452577e-02
1.233628e-02
1.643707e-02
2.104465e-02
-6.931681e-03
2.716256e-02
3.552748e-02
4.064516e-02
7.105308e-02
4.866962e-02
-7.187315e-02
-5.270176e-03
2.478225e-02
-5.242151e-02
4.931062e-02
8.172231e-02
5.957764e-02
2.153753e-02
-3.834548e-02
-4.005297e-02
5.799518e-03
9.398306e-03
-5.024202e-02
-3.631295e-02
-2.404484e-02
1.636068e-01
1.038311e-01
8.317640e-02
1.095721e-01
2.420576e-02
1.578040e-02
6.563727e-02
2.635596e-02
3.238217e-03
3.476493e-03
5.938635e-02
4.926720e-02
-5.061939e-02
6.354816e-02
-4.434217e-04
-7.501369e-02
-2.898754e-02
-3.099050e-02
-5.687640e-02
-9.863546e-03
4.210880e-03
5.522115e-03
-2.576986e-03
-3.383926e-02
4.948187e-02
1.004358e-02
-3.498392e-03
-2.512810e-03
-4.013333e-04
1.998381e-03
-5.505328e-04
2.630941e-04
-2.387727e-03
1.205348e-03
1.989156e-03
-7.831106e-04
1.661164e-03
-3.001616e-03
-1.191831e-03
2.222193e-03
6.202275e-04
-7.452553e-04
1.107868e-03
2.685852e-03
-1.372691e-03
2.579343e-05
2.423132e-03
9.346509e-04
-1.699079e-03
2.755150e-03
-6.010511e-04
-2.345100e-04
-2.319713e-03
-3.906255e-04
1.253155e-03
3.202742e-04
-4.080498e-04
-2.221059e-03
7.348034e-04
1.625717e-03
3.146103e-04
3.187119e-03
2.021048e-03
-3.008708e-03
-1.326401e-03
1.298143e-03
9.087611e-04
-3.489939e-03
-3.012825e-05
-3.637365e-03
1.164649e-03
5.464918e-04
-2.538209e-03
2.400070e-04
3.895184e-04
5.655023e-05
-1.029551e-03
3.092562e-04
-1.245683e-03
-1.055332e-03
-5.482360e-04
-1.173139e-03
2.289929e-03
3.218227e-03
1.850518e-03
-9.851042e-05
1.234917e-03
3.202548e-03
-2.401831e-03
-1.494378e-03
-3.807390e-04
5.842553e-04
6.078428e-04
7.548997e-04
-2.394262e-03
5.893193e-06
-4.454303e-04
-1.500613e-04
2.395334e-03
-2.110847e-03
-3.716782e-04
6.620460e-04
3.655259e-03
1.726122e-03
4.402690e-04
2.595208e-03
-1.901065e-03
-1.692881e-03
-1.478475e-03
6.858255e-04
4.340445e-03
-1.500109e-03
-3.034267e-05
-2.004907e-03
1.439429e-03
1.343220e-03
-5.725507e-04
1.582088e-03
-1.186028e-04
3.854717e-03
2.580609e-03
-3.392475e-03
-1.076847e-03
-6.727065e-04
-2.476603e-04
-1.510306e-03
1.635012e-03
3.084423e-04
1.560797e-03
-9.327832e-04
-1.301602e-03
-7.824770e-04
-7.410491e-04
8.185938e-04
2.443993e-03
8.459896e-04
1.618754e-03
-1.949745e-03
2.058162e-03
-1.789781e-03
-3.217968e-04
-9.357409e-04
-1.927807e-03
3.578789e-03
1.891696e-03
-2.283130e-03
5.668892e-04
1.642020e-03
2.982072e-03
-2.368792e-03
2.441756e-03
1.746247e-03
2.262692e-04
-2.701015e-03
1.060833e-03
-1.230152e-03
1.364888e-03
-4.394759e-03
1.208966e-03
1.227820e-04
-5.701059e-04
-1.706512e-03
-6.614083e-04
-2.648412e-03
-9.230467e-04
-4.619481e-04
-3.393625e-03
-2.211549e-03
-1.191742e-03
-2.002904e-03
1.794637e-03
