-6.004295e-04
2.197212e-03
-2.517926e-03
-4.273867e-03
3.002713e-03
-1.289942e-03
-2.653355e-03
6.319285e-05
2.599607e-03
1.617124e-03
-2.065022e-03
-2.101367e-04
-1.556200e-04
1.195905e-03
1.249108e-03
2.953211e-03
2.149921e-03
1.568226e-03
1.175849e-03
2.315630e-03
2.638247e-04
3.322978e-03
1.953885e-03
-1.392207e-03
-1.576257e-03
-4.006228e-04
-2.901153e-03
-5.212268e-04
-1.960167e-03
-4.151174e-04
-2.454240e-03
-2.048799e-05
-1.300550e-03
6.331541e-04
5.258219e-05
-1.863973e-03
1.027511e-04
-2.126435e-03
6.476783e-04
1.306551e-03
-1.998451e-03
-4.349182e-03
-5.003485e-04
-8.419859e-04
4.975232e-04
9.994692e-04
-2.306988e-03
2.033708e-03
-6.535870e-04
7.043255e-04
9.308764e-05
1.358657e-03
2.786129e-04
6.359919e-04
-2.650089e-03
1.440706e-03
-1.128139e-03
-2.632041e-04
-2.638143e-03
3.441731e-04
-3.876650e-04
-1.138480e-03
-1.923070e-03
1.429314e-03
-4.497889e-03
5.032416e-03
-1.744548e-03
1.372695e-03
-1.727078e-03
1.054115e-03
-1.207553e-03
1.833898e-03
-8.293047e-04
-2.181290e-03
8.930269e-04
9.118355e-04
-7.751774e-04
-2.533567e-04
-2.104610e-03
2.659358e-04
-7.437844e-04
-1.082786e-03
2.685551e-03
4.131272e-04
6.095815e-04
-1.509122e-03
-5.388974e-04
2.274732e-03
5.588977e-05
-2.932902e-03
8.684010e-04
2.792096e-04
-1.521349e-03
-2.493627e-03
-6.822502e-04
-6.555544e-04
2.364648e-05
6.761917e-04
1.451883e-03
3.464127e-03
1.344045e-03
-3.213721e-03
8.415427e-04
3.539784e-03
1.876352e-03
-2.088057e-03
-5.132643e-04
-9.342296e-04
-3.448946e-04
-2.598723e-03
-1.199918e-03
-1.765654e-03
3.281609e-03
1.373486e-03
3.297154e-04
1.524193e-03
-3.603707e-04
-3.197711e-03
-1.447975e-04
2.403442e-03
5.706461e-04
8.153282e-04
-2.067142e-03
-1.803689e-03
2.134708e-04
-6.615072e-04
2.265262e-03
1.035413e-03
1.097615e-03
3.425485e-03
3.229198e-03
4.739423e-04
-2.350790e-03
2.683927e-03
2.456947e-03
-3.488339e-04
2.831830e-03
4.911477e-03
8.253456e-04
-7.645958e-04
-6.911952e-04
1.377826e-03
1.644834e-03
-8.626702e-04
-1.478901e-02
-1.184623e-01
-5.857489e-02
-1.844760e-02
-1.973931e-01
-1.242053e-01
2.785752e-02
-1.320710e-01
-9.738600e-02
-1.037219e-01
7.539282e-02
-7.040948e-02
6.855997e-02
-1.444694e-02
-1.038009e-01
2.924588e-02
-4.262089e-02
-9.963768e-02
1.092922e-02
1.036863e-02
5.473672e-03
6.139455e-04
4.047622e-03
-2.062673e-03
9.778650e-04
-2.146458e-03
1.060247e-03
-9.712451e-02
-6.438346e-02
-5.864876e-02
5.321277e-02
1.296437e-01
4.485021e-02
4.285885e-02
1.271420e-01
6.279023e-03
3.365266e-02
-1.820327e-01
-7.151283e-02
-4.621218e-02
-2.731629e-02
-1.322519e-02
-1.993866e-01
2.082686e-01
-9.286658e-02
6.075907e-04
-3.986909e-04
2.495688e-03
1.622495e-04
-8.524658e-04
3.060009e-04
1.284688e-03
-6.672862e-04
1.215406e-03
6.774499e-02
2.103028e-02
-1.316271e-01
-1.837364e-02
-3.716977e-02
3.519372e-02
-1.043209e-01
-2.728139e-02
9.475307e-02
-3.650903e-02
-7.606247e-02
6.250934e-02
-1.123856e-01
-7.182607e-02
-4.806346e-02
-8.931587e-02
-1.052906e-01
-1.355338e-01
1.895147e-02
1.926481e-01
4.773007e-02
1.324547e-01
1.691447e-01
-6.553181e-02
5.793320e-02
1.188145e-02
-1.014296e-01
-3.785646e-02
2.329006e-01
1.613715e-01
3.192873e-03
2.448017e-01
2.199207e-01
3.418503e-02
1.279765e-01
1.782847e-01
-5.125550e-02
-8.765060e-03
-7.541364e-02
-8.830393e-03
1.809586e-02
-1.238536e-02
4.708418e-03
2.992045e-02
2.576589e-02
-5.060570e-02
-9.298705e-02
-5.773215e-02
7.845231e-02
1.077527e-01
1.170782e-01
1.308979e-01
1.981750e-01
1.980267e-01
1.969057e-02
-1.794498e-01
-1.457367e-01
-1.395777e-01
-1.158559e-01
-6.973841e-02
-6.956191e-02
2.008998e-01
9.422069e-02
-1.687293e-01
-1.319426e-01
-1.184219e-01
3.632196e-02
6.694125e-02
-1.153495e-02
9.246877e-02
1.025324e-01
1.879439e-02
-2.077663e-02
-2.860865e-02
2.634192e-03
9.926385e-02
1.118097e-01
1.313084e-01
1.436122e-01
1.931730e-01
1.927960e-01
-4.740724e-02
-2.858610e-03
-7.178839e-02
-5.577759e-02
2.278642e-01
6.601989e-02
-2.418080e-01
2.975869e-02
-1.349030e-01
8.802965e-02
1.124840e-01
2.083847e-02
1.461388e-01
2.065497e-01
9.368413e-02
1.053194e-02
4.156235e-02
-3.934539e-02
-1.294568e-01
-8.911061e-02
-1.457121e-01
-1.227492e-01
4.047966e-02
1.457708e-01
-1.119754e-01
3.228319e-02
1.421251e-01
5.451361e-03
1.153304e-02
6.543589e-03
2.984173e-02
3.713319e-02
3.310658e-02
2.718962e-02
4.153427e-02
3.180464e-02
2.917905e-03
2.082806e-02
-1.111626e-01
1.341806e-01
1.273604e-01
-6.000986e-02
2.149017e-02
6.779066e-04
-1.872448e-01
-4.427772e-02
-3.758854e-02
1.410090e-02
-8.333812e-02
-3.910793e-02
-3.838364e-03
7.394090e-03
-1.889695e-02
1.119585e-02
2.148487e-03
-7.993462e-04
-5.054527e-04
1.731894e-04
3.751780e-05
2.844583e-03
-1.318777e-03
9.212494e-05
-8.437055e-05
-2.188535e-01
-6.200137e-02
1.406405e-02
1.012235e-02
1.088432e-02
-1.438576e-02
-8.735292e-03
-7.210478e-02
-6.101980e-02
4.013183e-02
8.597476e-02
-3.544999e-02
1.931197e-01
1.494816e-01
1.149132e-02
1.125574e-01
6.178373e-02
-2.639273e-04
-1.039079e-01
9.741968e-03
6.991833e-02
-3.536865e-02
4.530018e-02
3.809148e-02
-1.121253e-02
7.839438e-02
5.398660e-02
1.038232e-01
1.453814e-01
2.146122e-01
1.044594e-01
1.912420e-01
2.221566e-01
6.693839e-02
1.642124e-01
1.921737e-01
-8.164500e-02
-3.458522e-02
-1.120534e-03
1.889245e-01
3.166025e-01
2.599337e-01
2.355840e-01
4.049982e-01
3.198641e-01
-6.126034e-02
-5.091757e-02
-5.689069e-02
-1.379947e-02
1.104916e-02
-9.201377e-05
1.414002e-02
5.032447e-02
1.933481e-02
-6.409790e-02
-1.134351e-02
-2.273475e-03
1.766996e-02
7.783747e-02
4.423503e-02
-8.919102e-02
-1.610287e-01
-1.043365e-01
3.232536e-02
-8.251283e-04
-3.706080e-02
1.190529e-01
9.933974e-02
6.368887e-02
9.660011e-02
7.240901e-02
3.129328e-02
-5.318689e-03
-1.410592e-03
-1.830442e-02
3.068753e-02
3.012952e-02
1.582131e-02
4.458857e-02
4.664691e-02
2.387135e-02
-3.831195e-02
-9.080549e-03
-4.787068e-02
3.760746e-03
6.234357e-02
4.283568e-02
-8.481152e-02
-3.371559e-02
1.720202e-02
5.121594e-01
3.217218e-01
-1.611308e-01
3.530593e-01
-1.236801e-01
-3.810212e-01
9.968610e-02
-1.049978e-01
-2.387933e-01
1.493604e-01
-2.041042e-02
3.032987e-02
8.387370e-02
-1.152998e-01
1.087689e-01
8.400348e-03
-6.478874e-02
-1.119979e-01
1.882613e-02
2.556087e-02
2.201876e-02
7.134894e-03
-3.476537e-03
1.860480e-03
-1.130115e-02
-8.750440e-03
-6.508707e-03
3.293950e-02
-2.565710e-02
-1.564384e-02
-3.197138e-02
-5.088808e-02
2.189328e-03
3.097364e-02
1.635715e-02
1.213823e-01
-3.332497e-01
-2.297651e-01
5.143682e-01
-3.063101e-01
9.221209e-02
-7.471076e-02
2.520559e-02
-3.467309e-02
5.770144e-01
-2.127424e-03
-4.817178e-04
-1.618253e-04
-1.141812e-03
8.490528e-04
-1.300805e-03
1.181649e-03
-1.203322e-03
-5.998773e-04
-6.153393e-02
9.180936e-03
2.366377e-02
-7.945141e-02
1.147904e-01
-1.708487e-02
6.176439e-02
6.800636e-03
-1.430958e-02
9.601980e-02
6.776353e-02
1.339940e-03
2.786145e-01
1.562356e-01
-1.197316e-01
1.210399e-01
-6.053280e-02
-2.621411e-02
-3.241972e-02
-1.756418e-02
2.017300e-02
-3.981803e-02
4.722402e-02
2.163272e-01
1.128000e-01
5.177742e-02
-3.471434e-02
-9.535313e-02
-1.225757e-01
-7.935859e-02
-7.062221e-02
2.385151e-02
2.047594e-01
1.611025e-02
1.213587e-01
1.628246e-01
6.931393e-02
1.173164e-02
-4.712739e-04
-3.420505e-02
3.948148e-02
7.557548e-02
-4.012655e-02
-6.898100e-02
-5.588497e-03
-9.328496e-02
-5.960239e-02
1.745786e-02
-1.052386e-02
1.535689e-02
7.215426e-02
7.442087e-03
5.052821e-02
1.338555e-01
2.510256e-02
-1.254582e-01
1.986194e-01
-1.471437e-01
-1.895842e-01
-5.206331e-01
-4.297764e-03
-4.700905e-02
2.199704e-01
-5.058131e-02
-5.724797e-02
-8.077496e-02
8.866852e-02
-1.201916e-01
-1.246779e-01
-3.595758e-02
6.903660e-02
-1.303137e-02
-5.494755e-02
-7.101442e-02
-3.336871e-02
-1.741166e-02
-2.225526e-02
-2.579962e-02
1.433131e-02
5.479283e-02
7.406092e-02
9.996602e-02
6.687845e-02
1.205328e-02
9.063748e-02
-1.262640e-01
-2.388577e-01
7.402721e-02
6.221858e-02
1.040672e-01
-1.507327e-01
-1.513480e-02
1.709547e-01
-1.634790e-01
-1.342680e-01
7.288103e-03
-3.267409e-02
-1.034605e-01
-9.047643e-02
2.702270e-03
6.855913e-02
1.154185e-01
-9.845255e-02
-5.994698e-02
-6.590959e-03
-1.850256e-01
-5.171321e-02
-4.412013e-02
-1.261285e-03
-2.716752e-03
-5.923750e-03
8.701175e-05
-2.954335e-03
-3.614719e-03
-7.236279e-03
-7.778519e-03
-6.872140e-03
3.306517e-02
4.085438e-02
-3.388263e-02
1.039652e-01
8.618029e-02
-6.605278e-02
5.360193e-02
6.029280e-02
2.908846e-03
-8.817054e-02
9.361179e-02
-6.943890e-02
3.193961e-02
2.794831e-01
1.284272e-02
-1.766067e-01
-8.329892e-02
-3.725317e-02
2.319842e-04
-5.634973e-04
4.753126e-05
-3.172313e-03
3.751521e-03
-1.043238e-03
-1.407671e-03
2.494811e-03
-1.516396e-03
6.979731e-03
-3.332771e-02
-6.399440e-02
-1.345390e-02
8.327295e-02
6.396043e-02
-1.300552e-02
-2.736723e-02
3.303037e-02
3.663142e-02
3.095122e-02
3.168423e-02
1.740460e-02
8.625064e-02
1.307210e-01
2.583973e-02
3.744210e-02
1.603412e-01
-8.777463e-02
-7.728890e-02
3.419296e-02
-5.450916e-02
-9.726262e-02
7.458264e-02
-3.906496e-02
-5.472453e-02
1.492495e-02
-1.697765e-01
-2.390353e-01
-2.228095e-01
-9.913003e-02
-1.588854e-01
-1.327928e-01
-4.299119e-03
-6.407749e-03
-1.291876e-02
-1.578162e-01
-2.000504e-01
-1.524484e-01
-1.037704e-01
-1.090586e-01
-8.006311e-02
-1.285296e-01
-1.096296e-01
-9.608579e-02
1.101809e-02
4.371836e-03
-2.491649e-02
3.747792e-02
3.294622e-02
-4.763900e-03
1.677916e-02
1.728214e-02
-2.567677e-02
-3.729177e-02
-8.923794e-02
-7.775040e-02
1.295012e-01
1.512605e-01
-1.417929e-01
1.167618e-02
6.548373e-02
-1.400600e-01
8.458675e-02
7.450491e-02
-4.983298e-03
1.888368e-01
1.145945e-01
-2.358812e-02
9.474490e-02
4.273736e-02
-4.247705e-02
1.746398e-02
-1.445700e-02
-6.186543e-02
3.064415e-02
3.734543e-03
-6.296134e-02
-1.238642e-02
-1.336836e-02
-5.467711e-02
-1.703758e-02
-4.814413e-02
-5.613723e-02
3.121265e-02
9.018246e-03
-1.012939e-01
2.065986e-02
4.633676e-02
3.224430e-02
-4.289545e-02
1.182261e-02
3.861005e-02
1.233489e-02
7.948935e-03
2.675962e-02
-5.962742e-03
-2.604106e-02
-4.329569e-02
-1.761214e-02
7.653032e-02
6.386781e-02
8.689062e-03
3.077468e-02
8.609608e-03
-8.944999e-03
1.274126e-02
7.624043e-02
-1.002206e-03
8.648753e-04
8.717931e-04
-4.241557e-03
4.316254e-04
-1.053282e-03
-6.210346e-04
-4.161346e-04
-4.435861e-03
2.554553e-02
8.391970e-02
2.045960e-02
9.735827e-02
1.954185e-01
1.147309e-01
7.563651e-02
1.485904e-01
6.078648e-02
9.489493e-02
5.648346e-02
-1.139194e-01
1.213691e-01
1.484737e-01
5.982420e-03
-1.980506e-02
1.769319e-01
-1.122950e-02
3.235163e-04
-2.874789e-03
2.889114e-03
-1.798660e-03
-1.966277e-04
-9.766344e-04
-1.023169e-03
-1.637443e-04
-1.102601e-03
7.756294e-02
9.463099e-02
7.424517e-02
-5.041627e-02
-1.135806e-02
3.604567e-02
-2.911856e-02
3.056739e-02
7.451618e-02
-3.594810e-02
1.116862e-01
5.143187e-02
-4.538346e-02
1.294286e-01
2.956899e-02
3.867762e-02
1.746622e-01
3.017990e-02
-1.025545e-02
-7.021700e-02
3.389347e-03
5.227108e-02
2.449364e-02
-2.990311e-02
1.257851e-01
6.128405e-02
-3.046700e-02
-7.374717e-02
-7.559575e-02
-3.510485e-02
-1.413177e-01
-1.113400e-01
-7.708108e-02
-8.191803e-02
-5.284561e-02
3.795466e-03
-5.628726e-02
-2.702891e-02
2.905748e-02
-3.080528e-02
-5.797886e-03
1.721971e-02
-2.251473e-02
-1.400449e-02
-1.143774e-02
-3.666104e-03
4.012816e-02
1.514053e-02
2.215688e-02
8.930517e-02
6.794811e-02
-1.683304e-02
5.153175e-02
2.779943e-02
2.431617e-03
4.579326e-03
-1.478801e-01
5.553709e-02
8.321275e-02
9.827035e-02
-1.426962e-01
4.991179e-02
-9.703148e-04
8.572394e-02
6.591251e-02
1.225762e-02
2.386278e-01
2.600758e-01
1.849377e-01
2.169652e-01
2.097743e-01
1.316095e-01
1.904492e-02
3.626876e-02
2.597023e-02
5.594015e-02
8.100352e-02
5.924997e-02
4.338264e-02
6.973129e-02
5.222308e-02
-1.299226e-01
8.725852e-03
-8.868545e-02
5.835544e-02
2.792891e-01
1.140014e-01
-2.405732e-02
1.734970e-01
-5.198867e-02
2.925463e-03
1.474155e-03
-9.240613e-04
-3.027299e-03
1.995340e-03
-4.246471e-03
-1.392671e-04
-1.650842e-03
-2.783320e-03
-9.402376e-04
-1.727265e-03
-2.976346e-03
1.376151e-03
-1.303290e-03
1.073140e-03
-6.393559e-04
2.979322e-03
-3.687577e-03
1.770627e-03
1.468462e-03
-1.694570e-03
7.896101e-04
-9.504276e-04
-1.461147e-03
-1.198605e-03
-1.041119e-03
-2.448850e-03
2.630458e-03
-1.410191e-03
1.757444e-03
1.228840e-04
1.759491e-03
2.645273e-03
-1.805316e-04
-3.772518e-03
-1.861014e-03
-3.574592e-03
1.020581e-03
5.072936e-04
-1.930333e-03
-6.215020e-04
2.264461e-03
-1.773148e-03
1.548260e-03
-3.360404e-05
4.564748e-04
-1.082096e-03
2.210047e-03
-5.791019e-04
-3.038236e-03
-1.591347e-03
2.509308e-03
8.970976e-04
-2.617248e-04
8.331287e-05
-3.029461e-03
1.573731e-03
-1.110628e-03
-4.482402e-04
-3.865335e-04
1.036315e-03
-1.091875e-03
3.025662e-04
-3.082618e-05
-1.724373e-03
-2.817414e-03
3.711375e-05
8.301914e-04
-2.358684e-03
1.089353e-03
1.025369e-03
-1.151649e-03
7.249295e-04
-4.842628e-04
-3.154219e-03
1.400070e-03
1.730327e-03
-1.983559e-03
-1.513023e-03
1.349533e-03
-2.124515e-03
-7.690442e-04
-5.534011e-04
-6.397240e-04
2.605850e-04
1.214256e-03
8.103450e-04
-1.238104e-03
5.808817e-04
-1.296144e-03
-2.231353e-04
-8.022014e-04
-1.276629e-03
-6.002648e-04
4.684909e-04
-1.264514e-03
1.346458e-04
-9.635336e-04
-2.901345e-03
3.250985e-03
1.233777e-03
1.426780e-03
-1.124078e-03
9.202891e-04
5.463342e-04
1.738033e-03
3.483316e-03
8.800357e-04
-1.168367e-03
-2.476287e-03
-4.243711e-03
2.404291e-03
-1.707938e-03
-1.558468e-03
4.176985e-03
-2.622607e-04
-2.719923e-03
6.550605e-04
-9.658720e-04
-8.843973e-04
6.373898e-04
7.961997e-04
-2.770665e-03
2.575860e-04
-7.559762e-04
-1.466102e-03
3.432990e-03
-1.982155e-03
-1.033842e-03
-5.441558e-04
-6.430590e-04
-2.641555e-03
8.324770e-04
-1.992873e-04
-6.036402e-04
7.943611e-04
-1.381118e-03
3.422362e-03
-4.795818e-03
4.430912e-03
1.065294e-03
1.259154e-03
-3.092170e-03
-6.822012e-04
4.972485e-02
-1.288423e-01
-7.719947e-02
1.168820e-01
-3.016626e-02
-6.164230e-03
1.522904e-01
1.311608e-01
9.259188e-02
-2.649659e-03
-2.049097e-01
-1.517372e-01
1.510189e-01
-4.485048e-02
-4.132287e-03
3.140252e-01
2.136049e-01
2.044779e-01
-2.087545e-02
-2.107214e-02
-2.050943e-02
-4.916073e-03
-5.174354e-03
-4.452505e-04
1.778359e-02
2.252952e-02
1.752118e-02
-3.415596e-02
1.278462e-02
-2.436026e-02
-4.188459e-02
3.153448e-02
-2.259446e-02
-8.435154e-03
-3.099585e-02
-8.156971e-02
8.311664e-02
-1.758992e-01
-1.631268e-01
-3.371934e-02
2.428291e-01
9.020969e-02
3.430469e-02
3.965015e-01
2.625170e-01
-5.827966e-04
3.350107e-04
-1.589819e-03
1.387948e-03
-3.548908e-03
1.750617e-03
1.947677e-04
-7.898737e-04
-1.946230e-03
3.014072e-02
1.084197e-01
3.093987e-02
7.299588e-03
2.289023e-02
8.050780e-03
1.372648e-01
9.115097e-02
6.642178e-02
3.431528e-02
1.190596e-01
-1.084626e-01
-5.870784e-02
-5.303799e-02
-2.167935e-01
-1.595031e-01
-2.025585e-01
-2.703791e-01
2.013382e-01
8.525297e-02
-1.499621e-01
1.464878e-01
-4.747681e-02
-1.544427e-01
-7.517098e-03
-2.206486e-02
3.723149e-02
-3.444753e-02
1.944146e-01
2.613319e-01
-2.963327e-02
-1.439354e-02
1.193123e-01
1.850595e-03
-1.487049e-01
-5.114747e-02
-1.886692e-01
-2.332873e-01
-1.123341e-01
-1.821992e-02
-4.411504e-02
4.927944e-02
2.679320e-01
2.567604e-01
2.495661e-01
-3.250768e-02
-5.039514e-03
1.757484e-02
-4.324524e-02
3.432743e-02
4.409374e-02
-1.815223e-02
5.039873e-02
3.180729e-02
-2.120111e-02
-5.188989e-02
1.079756e-01
-2.360678e-02
2.337832e-01
2.047872e-01
-8.812627e-02
-9.053153e-04
1.703844e-01
-1.033183e-01
-9.829495e-02
-6.470859e-02
-5.017066e-02
-3.673451e-02
-5.216048e-02
3.482750e-02
3.803969e-02
4.675772e-02
1.536736e-02
4.963943e-02
7.640104e-02
3.837964e-02
8.187791e-02
6.195148e-02
1.902873e-02
4.030583e-02
3.004649e-02
-2.436168e-02
1.380923e-02
-1.073236e-01
-2.122159e-01
-3.134153e-02
-1.932288e-01
-1.960473e-01
-8.670151e-02
-1.946961e-01
3.902206e-03
1.685364e-03
-2.494013e-03
1.787046e-03
-6.985097e-04
2.806027e-04
1.428725e-03
-8.877186e-04
-2.027918e-04
1.055368e-03
4.398096e-03
1.183345e-03
5.313800e-03
-8.410434e-04
-2.343860e-03
-1.070682e-03
-4.064252e-04
-1.952727e-03
4.531797e-04
-4.189846e-04
3.815847e-04
7.926735e-05
-4.492864e-04
2.774527e-03
-1.818720e-03
-6.034188e-04
8.774867e-04
-1.338781e-03
-1.932125e-03
-1.201487e-03
-1.099338e-03
1.833075e-03
-3.143704e-03
-1.765865e-03
2.000293e-03
-1.754324e-04
-1.238091e-03
2.215228e-03
7.274677e-04
2.274671e-03
2.155185e-03
-1.115913e-03
1.294312e-03
8.896411e-04
-1.648566e-03
1.564585e-03
-1.677637e-03
1.003743e-03
-1.649707e-03
1.123413e-03
-2.321404e-04
4.707118e-03
-1.108190e-03
-2.172142e-03
3.388047e-05
2.855284e-03
-6.413450e-04
5.841074e-04
-4.430184e-04
2.758898e-04
-6.996932e-04
1.868503e-03
9.962956e-04
-6.868383e-04
1.898353e-03
-1.334797e-03
-3.768876e-03
-3.486860e-03
3.782384e-04
1.597865e-04
-3.389443e-03
1.509985e-04
3.887890e-03
1.956782e-03
2.392554e-03
8.809518e-04
-2.739900e-03
-3.400640e-03
2.117154e-04
6.752528e-04
-1.611554e-03
-3.025787e-05
3.279184e-03
1.881198e-03
2.479697e-03
-9.047652e-04
-1.122173e-03
-6.093618e-04
3.833768e-03
4.486659e-04
-6.861636e-04
1.120841e-03
1.195935e-03
2.400747e-04
2.444648e-03
3.658241e-03
9.688635e-05
-1.478387e-03
-9.399065e-04
2.919063e-03
-1.521138e-04
1.413867e-03
-4.863681e-04
4.626588e-03
3.192660e-03
2.925303e-04
-1.156295e-03
-1.041153e-03
3.204264e-03
-2.189568e-03
2.996517e-03
6.607482e-04
1.415650e-03
1.937021e-03
-1.319278e-03
-2.810014e-03
3.644721e-04
2.614964e-03
-2.929418e-03
1.950138e-04
1.874204e-03
9.352352e-04
2.764720e-05
-2.683929e-03
9.163697e-04
-1.205871e-03
1.329183e-03
-1.462759e-03
-9.405937e-04
1.054423e-03
2.707167e-03
1.733153e-04
-1.352031e-03
-1.215626e-03
-2.838321e-03
4.903541e-03
-1.782171e-03
1.045485e-03
-3.965318e-03
-3.739273e-03
-2.352644e-03
-9.845007e-04
3.278706e-04
-1.259513e-03
-1.363687e-01
-1.487838e-01
-1.996862e-01
-1.279452e-01
-1.307602e-01
-1.496751e-01
-7.926258e-02
-6.547080e-02
-8.420497e-02
-4.659642e-02
-6.777087e-02
-5.262611e-02
-9.127904e-02
1.279405e-02
3.726817e-02
-8.578502e-02
8.918556e-02
1.133509e-01
-3.222359e-03
-6.449406e-03
-6.472060e-03
3.627726e-04
-2.642853e-03
-1.019112e-02
2.686998e-03
-5.790569e-04
-9.783533e-03
1.133578e-02
4.749846e-02
2.803952e-02
-8.077900e-03
2.356134e-02
3.187757e-02
-1.273852e-02
4.367631e-02
8.358496e-02
3.118604e-01
1.036834e-01
9.170703e-02
1.324691e-01
8.193660e-02
1.416237e-01
1.925890e-02
4.055630e-03
1.437259e-02
2.189852e-04
-6.913610e-04
-1.091004e-03
-8.379677e-05
2.804573e-04
-1.642284e-03
-9.858826e-04
1.605640e-03
-1.489599e-03
2.957193e-02
9.226151e-02
6.401774e-02
9.539684e-02
3.403619e-02
-1.973633e-02
1.429444e-01
-2.216349e-02
-2.496730e-02
-4.412945e-02
-5.589046e-02
-3.851228e-02
-2.767996e-03
-4.652572e-02
-1.027260e-02
-1.251511e-02
-3.324283e-02
-6.251453e-03
4.803641e-02
1.299447e-01
1.072137e-01
5.399427e-02
1.150330e-01
6.631585e-02
2.312193e-02
1.006083e-01
8.306147e-02
2.580360e-02
1.370476e-01
1.785051e-01
8.624029e-02
1.702000e-01
1.554737e-01
1.024045e-01
1.468890e-01
1.209077e-01
-9.844627e-03
-2.942309e-02
-5.777698e-02
5.202351e-02
-2.244894e-02
-1.266664e-01
7.931706e-02
-2.265764e-03
-1.274060e-01
2.285036e-03
-1.141839e-03
1.674455e-02
2.997777e-02
-6.676941e-03
9.217454e-03
3.934035e-02
-7.908583e-03
-9.165144e-03
4.293418e-02
-4.403171e-02
-1.170391e-01
4.806279e-02
6.390101e-02
6.089251e-02
1.223096e-02
-2.292561e-02
-8.103087e-02
-1.073778e-02
-2.039192e-02
-2.609770e-02
-2.564648e-03
3.391512e-03
1.903019e-03
2.621319e-02
2.545862e-02
5.647684e-02
-2.599204e-02
-4.523161e-02
-5.266093e-02
-1.443699e-02
-4.330724e-02
-4.434910e-02
-4.833233e-03
-2.547870e-02
-2.301446e-02
4.530133e-02
-3.718894e-02
-5.262691e-03
-6.498230e-02
-1.063331e-01
-1.671169e-02
-1.695986e-02
-7.165192e-02
2.100356e-02
-3.105107e-02
-1.787417e-01
-1.554872e-02
6.603500e-02
-1.395337e-01
2.610596e-02
2.226969e-01
1.690914e-01
1.863015e-01
3.155645e-02
-8.256725e-02
1.062491e-01
9.782809e-02
-3.430810e-01
2.968049e-02
1.854798e-01
-9.528216e-02
6.120450e-02
-5.311225e-03
7.637684e-03
1.336550e-02
-9.075750e-03
8.732108e-04
7.798532e-03
-1.775139e-02
-8.305212e-03
-1.119751e-03
-3.670620e-02
-7.156923e-02
-1.598285e-01
1.263620e-01
1.622595e-01
-6.968676e-02
1.383634e-01
1.010035e-01
-2.214238e-02
-1.149195e-01
-1.415486e-01
2.648661e-01
-9.349776e-02
3.201178e-01
1.765295e-01
-8.498624e-02
-6.793685e-02
-1.110478e-01
-1.912245e-03
-1.349650e-03
3.676800e-04
-1.458852e-03
3.346208e-04
-1.978988e-03
-2.028779e-04
-2.037667e-03
-8.476958e-04
3.296132e-02
5.483125e-02
9.099574e-02
-1.458270e-01
1.231991e-01
1.608045e-01
-1.085083e-01
1.211427e-01
9.621654e-02
7.577504e-02
-6.215977e-02
-1.449219e-01
5.155156e-03
8.640588e-02
-1.331752e-01
4.400741e-02
-1.028887e-05
-5.392819e-02
8.226083e-02
-8.978350e-04
-4.837499e-02
6.730144e-03
-1.947437e-01
-1.276149e-02
-5.208220e-03
-1.359738e-01
2.672205e-02
1.589396e-01
1.266173e-01
1.055541e-01
-1.998020e-03
-9.575509e-02
5.173464e-02
-3.694178e-02
-1.182239e-01
1.245152e-02
1.311827e-03
3.921974e-02
1.178550e-01
-1.150626e-01
2.148645e-02
1.623192e-01
-4.170143e-02
7.146733e-02
1.930145e-01
-6.818108e-02
-4.693883e-03
-7.064138e-03
-3.157069e-02
9.025952e-02
6.163874e-02
-2.222343e-02
5.981419e-02
1.810872e-02
-2.851946e-01
-3.146325e-01
1.783992e-02
3.791852e-02
2.368707e-01
-9.155396e-02
-8.652053e-02
1.297212e-01
2.683888e-02
-2.803604e-03
-2.448299e-02
-7.125910e-02
1.776449e-01
1.058872e-01
-5.866903e-02
1.397734e-01
6.088209e-02
4.601394e-03
2.664819e-02
6.405260e-02
3.823877e-02
9.886581e-02
1.517787e-01
6.975498e-02
8.188336e-02
1.218427e-01
4.905954e-02
-8.882325e-02
-4.399014e-02
-8.114327e-02
1.483705e-01
4.122651e-01
-2.201203e-01
-4.251771e-02
5.702005e-02
-5.055007e-02
-2.426510e-01
-6.504856e-02
3.512797e-01
-3.267003e-01
-1.971071e-01
1.775339e-01
-1.257489e-01
-1.302346e-01
9.722031e-02
-7.430539e-02
-9.625211e-02
1.551383e-01
-3.203269e-02
-8.796233e-02
-4.712531e-03
1.341624e-02
-8.657353e-02
-7.901049e-02
3.686133e-03
1.171347e-02
1.845644e-02
9.433261e-06
1.289729e-03
1.111346e-02
-1.857057e-03
-5.156599e-03
3.767853e-03
-1.516819e-01
-1.209601e-01
-1.008732e-01
-6.038227e-02
-6.865901e-02
-8.404944e-02
-3.204946e-02
-5.519797e-02
-6.224413e-02
-9.515873e-02
-6.698982e-02
-2.309693e-02
1.441210e-01
-2.556115e-02
2.971440e-02
4.537885e-02
-5.826657e-02
-4.185310e-02
6.669987e-05
-1.189397e-03
-8.651150e-04
-2.732618e-03
5.457532e-04
-5.230555e-03
-1.291263e-03
1.088395e-03
1.746785e-03
7.697774e-02
-6.631420e-02
-8.489964e-02
1.737328e-02
-8.891642e-02
-4.097014e-02
-2.302524e-02
-1.116358e-01
-6.293994e-02
1.676677e-01
2.351992e-01
1.168023e-01
-5.098657e-02
4.284689e-02
1.390638e-01
-1.482792e-01
-1.315299e-01
7.223874e-02
1.032625e-01
-1.757651e-01
-2.392002e-01
1.498656e-01
-2.526207e-01
-3.094981e-01
1.359192e-01
-1.946309e-01
-2.758761e-01
6.782839e-02
-7.748637e-02
-2.633588e-01
1.234725e-01
1.701773e-02
-2.045735e-01
7.393721e-02
1.117501e-02
-1.596486e-01
-2.846238e-02
7.922919e-02
2.536213e-01
-1.009634e-01
-3.200184e-02
1.047894e-01
-1.608968e-01
-1.062696e-01
-2.862569e-03
-3.598559e-02
-2.309236e-02
-1.230121e-02
2.477435e-02
1.993884e-02
2.046269e-03
5.393415e-02
2.835211e-02
-1.341454e-02
-8.463826e-02
2.619104e-02
-5.611384e-02
2.172310e-02
1.874076e-01
1.371627e-01
-9.643415e-02
6.821218e-02
8.059552e-02
-1.113508e-01
8.103880e-03
1.173972e-01
-1.582308e-01
-4.927716e-02
6.252375e-02
-2.095453e-01
-1.481234e-01
-4.128666e-02
-1.701901e-02
1.991917e-02
3.386771e-02
-1.073665e-02
2.374690e-02
5.073534e-02
-3.499639e-02
-1.660598e-02
-4.813004e-03
5.433875e-02
8.428194e-02
-5.118971e-02
1.130652e-01
1.311759e-01
6.830732e-02
3.822627e-02
1.548153e-02
5.668875e-02
5.400861e-02
5.379534e-02
5.776608e-02
1.203168e-01
1.246864e-01
1.103925e-01
1.525565e-01
1.312247e-01
1.040298e-01
-3.545796e-02
-3.061062e-02
-3.127258e-02
-4.372680e-02
-5.899427e-03
-3.665576e-03
5.290711e-02
6.239051e-02
2.421871e-02
-8.043990e-03
-6.033938e-03
-5.540294e-03
-4.785400e-03
-2.171247e-03
-2.700912e-03
5.777618e-03
5.751239e-03
3.393229e-03
-9.140193e-03
1.281812e-02
9.866956e-03
2.268316e-03
-4.464191e-03
7.923630e-03
-5.287811e-03
-1.304200e-02
-3.437672e-02
-8.151823e-02
-4.115642e-03
-3.075046e-02
2.581927e-02
-3.915449e-04
9.775628e-03
-6.395156e-02
3.482902e-04
2.569204e-03
-3.008746e-03
-3.990089e-04
7.504891e-04
1.721934e-03
-8.014039e-04
-1.424347e-03
-7.547568e-04
1.383755e-04
-3.078799e-04
1.238478e-02
-2.907892e-02
-1.150900e-02
2.150435e-02
-1.546128e-02
-2.130525e-02
-7.370919e-03
1.948484e-02
1.229441e-02
-3.500709e-03
2.039628e-02
1.025023e-02
7.805962e-02
5.373595e-02
2.771710e-02
4.584027e-02
6.428225e-02
3.293356e-02
-4.049664e-02
-5.604072e-02
-2.134432e-02
-2.749650e-02
-1.728824e-02
-1.280655e-02
-7.569782e-03
-1.582294e-02
-1.124299e-02
1.906860e-02
2.358641e-02
3.362564e-02
3.016864e-02
5.536274e-02
4.313032e-02
4.103294e-02
7.143676e-02
5.589560e-02
-5.553092e-02
-5.446605e-02
-6.756965e-02
-1.792017e-02
-8.950928e-03
-1.934280e-02
1.018259e-01
7.684940e-02
8.351477e-02
1.283900e-02
2.629632e-02
2.411570e-02
1.037460e-04
1.677399e-03
2.153811e-03
-7.802026e-03
-2.797629e-03
-3.223477e-03
2.314419e-02
9.626624e-02
9.708454e-03
1.891181e-01
1.226055e-01
1.791288e-01
-2.547360e-02
-3.836143e-02
-2.790787e-02
1.898688e-02
9.948402e-03
5.567462e-03
3.592858e-02
2.032465e-02
2.760746e-02
2.016036e-02
2.393457e-03
-4.761047e-03
1.094944e-02
1.758537e-02
1.421613e-02
8.308657e-03
6.646974e-03
5.824782e-03
1.111552e-02
5.077596e-03
-3.818059e-03
-2.176826e-02
8.229647e-03
-4.740232e-03
6.450326e-02
2.567789e-02
3.598113e-02
1.567231e-02
1.037343e-02
-4.184605e-03
9.430434e-02
-2.643704e-02
2.741598e-02
5.056617e-02
-5.821726e-02
-8.439942e-02
-7.866712e-02
-6.048927e-02
-1.783066e-01
2.482108e-01
-7.579834e-03
2.738425e-04
1.507583e-01
-9.475485e-02
-1.211525e-01
-8.045192e-02
2.755078e-02
4.343224e-02
3.267951e-03
-6.320412e-03
-1.685202e-02
1.347863e-03
-4.642521e-04
-7.387483e-03
2.039102e-03
2.870635e-03
1.451027e-03
5.285359e-02
5.645868e-02
1.229028e-02
1.281205e-02
1.807721e-02
-6.586727e-02
-2.642751e-02
-1.816549e-01
-1.449284e-01
5.717612e-03
-2.444611e-02
-2.005220e-01
-2.661951e-01
1.368026e-01
7.828801e-02
2.029422e-02
-3.493417e-02
8.838074e-02
-3.524244e-04
-4.348684e-04
-2.993836e-03
-1.479604e-03
2.630748e-03
-3.542330e-03
3.512846e-03
-1.825865e-03
-1.380879e-03
-2.206645e-01
-1.571901e-02
1.279205e-01
-1.816996e-01
-9.794934e-02
1.988373e-01
2.846037e-02
3.466896e-02
7.557113e-02
-9.776769e-02
5.865047e-02
2.645322e-03
-2.958862e-02
1.263440e-01
7.478599e-02
1.293326e-01
4.257566e-02
-7.861370e-02
-9.237525e-02
5.176077e-02
1.117571e-01
-2.095980e-02
-5.619483e-02
-1.122497e-02
-1.044914e-01
-6.744443e-02
5.290250e-02
2.206310e-03
-8.996534e-02
-3.680240e-04
3.446890e-02
-2.496543e-01
-9.431922e-02
1.662529e-01
-3.813730e-03
2.396086e-02
8.057942e-02
-4.323873e-02
-2.864492e-02
5.103681e-02
-3.496638e-02
-7.562870e-02
8.512890e-02
1.078780e-01
2.651965e-02
6.729472e-02
2.424806e-02
4.808896e-03
2.610247e-02
6.712892e-02
2.914594e-02
-1.128067e-02
5.788733e-02
4.425151e-03
2.660880e-02
-1.484403e-01
-2.984501e-01
-1.503573e-01
4.603978e-01
9.755669e-02
4.642275e-02
3.421001e-02
-7.831189e-03
1.244865e-01
1.359932e-01
7.217257e-02
1.692370e-01
1.978441e-01
5.158700e-02
-1.977337e-02
-1.895939e-02
-6.955930e-02
8.391511e-02
9.106493e-02
6.688387e-02
8.757949e-02
1.393392e-01
7.268930e-02
2.718967e-02
3.393051e-02
1.182302e-02
-1.234975e-01
1.067534e-01
-6.418334e-02
-2.890368e-01
2.245536e-02
-1.549515e-01
-2.850564e-01
-3.438908e-01
-3.691928e-01
-1.870582e-03
2.173565e-03
-1.067649e-03
-1.434747e-03
3.848973e-04
-3.035638e-03
-1.336275e-04
-3.215285e-03
1.722899e-03
6.659283e-04
3.241656e-05
-8.520588e-04
-5.381263e-03
-2.909817e-03
-6.551658e-03
-6.605895e-03
-7.486129e-03
3.167993e-04
-1.305803e-03
2.678139e-03
-2.495918e-03
-3.063946e-03
-3.937055e-03
-3.045443e-03
-4.039828e-03
-2.699396e-03
1.254275e-03
4.953227e-03
-1.310318e-03
3.980400e-03
4.500868e-03
-1.959764e-03
-1.584307e-03
-6.127369e-04
9.028104e-04
-8.100696e-04
2.052527e-03
1.695586e-04
-2.378134e-03
-2.654556e-03
9.956218e-04
-5.409979e-03
1.703028e-03
1.363807e-03
-8.885825e-04
4.447786e-04
-8.031573e-04
5.176413e-04
-2.419560e-03
-1.468920e-03
-2.180858e-03
5.491927e-04
-2.655448e-03
4.743351e-04
1.766917e-04
-9.121242e-04
2.561555e-03
-3.424734e-03
-1.588066e-03
-5.873573e-04
-1.346872e-03
6.150918e-04
-2.105927e-03
-4.007015e-03
-2.388070e-03
-2.011359e-03
-1.333379e-03
5.812596e-04
-7.479233e-04
-5.686920e-03
1.733950e-03
-1.172594e-03
-1.731854e-04
-4.258567e-03
-6.892356e-05
4.428991e-04
-1.135237e-04
-9.895309e-04
-7.419302e-04
8.901345e-04
-1.736512e-04
-4.445081e-03
-6.564348e-03
-2.388006e-03
1.328993e-04
-4.072105e-03
-4.430328e-03
3.061568e-04
-4.009906e-03
-4.544534e-03
-2.392617e-03
1.094976e-03
2.256466e-03
-1.067297e-03
-5.121145e-06
-1.666232e-03
-3.831278e-03
-2.801385e-03
-3.317167e-03
2.417646e-03
-3.783287e-03
-4.170435e-03
4.775266e-04
-1.898414e-03
9.361922e-04
2.037865e-03
-8.626550e-04
-2.427055e-03
-3.702032e-03
-3.228778e-03
-1.104673e-03
-2.126529e-03
-3.689954e-03
-6.616196e-04
1.251105e-03
-1.177475e-03
-1.950585e-03
-1.532482e-03
-1.097922e-03
1.621528e-04
2.905191e-03
-1.891460e-03
2.423761e-03
2.506897e-03
-4.984884e-04
-4.413798e-04
1.726774e-04
-1.662459e-03
2.771781e-05
1.348655e-03
-2.638099e-03
-1.719525e-03
-1.119646e-03
2.922629e-03
-9.115313e-06
1.202647e-03
2.159162e-03
3.156647e-03
3.419976e-04
-3.747136e-04
2.912604e-03
6.527677e-04
-1.670944e-03
-1.781616e-03
5.676417e-02
6.966306e-02
9.960315e-02
1.398543e-01
1.179937e-01
1.455370e-01
3.155301e-01
2.471447e-01
2.565377e-01
-1.094649e-01
-9.205630e-02
-1.624059e-01
-1.042675e-01
2.121782e-01
6.975680e-02
4.013543e-02
1.844723e-01
9.972759e-02
1.232650e-02
7.336390e-03
7.656328e-03
4.620366e-03
5.697913e-03
7.245127e-03
3.361657e-03
5.226699e-03
-7.278118e-04
5.355135e-02
-1.548286e-03
-2.416768e-02
4.899889e-02
-3.466187e-02
-2.174389e-02
6.247874e-02
2.231010e-02
-1.548356e-02
1.138884e-01
-1.948128e-01
-1.432671e-01
1.837947e-01
-3.535597e-01
-7.876546e-02
2.190625e-02
2.452059e-01
1.368622e-01
3.561525e-04
2.436059e-03
-1.799937e-03
-1.990008e-03
9.581659e-04
2.213036e-03
9.552110e-04
1.621975e-03
1.078954e-04
8.067622e-02
7.035626e-02
-6.084311e-02
1.775682e-01
2.048380e-02
-1.490153e-01
3.526541e-02
-3.779053e-02
-4.317391e-02
-4.957077e-03
-2.140451e-02
-2.342527e-03
2.794311e-02
-2.375384e-01
-2.184294e-01
-2.514137e-01
-4.235766e-01
-3.641570e-01
2.615618e-01
1.539002e-02
-3.237733e-01
3.268401e-01
1.736359e-01
-2.570191e-01
4.180048e-02
-1.911266e-02
-1.382015e-01
-1.671331e-02
4.160467e-01
3.891605e-01
-9.589417e-02
3.619385e-01
2.609980e-01
-3.539221e-01
-1.476218e-01
-1.448206e-01
6.106024e-02
1.925308e-02
-1.607244e-02
8.929488e-02
2.014931e-02
-7.799604e-03
3.942932e-02
-1.601577e-02
-5.158610e-02
5.962215e-02
2.952746e-02
3.016137e-02
9.943197e-02
6.603842e-02
3.944943e-02
7.917382e-02
4.155805e-02
3.654442e-02
-1.555470e-01
1.944678e-01
4.993878e-02
-3.338470e-01
-3.708135e-01
-1.063147e-02
-1.941080e-01
-1.135829e-01
-6.943072e-02
-1.394640e-01
-1.522416e-01
-1.341805e-01
-1.884091e-01
-2.089071e-01
-1.358942e-01
-2.731881e-02
-3.900208e-02
-2.191961e-02
-5.929184e-04
-6.037516e-03
2.139086e-02
1.272460e-02
-9.062526e-03
2.808894e-02
4.414850e-02
3.478907e-02
3.439096e-02
-4.639601e-03
-1.204303e-02
-1.084374e-01
1.232753e-03
-1.305723e-01
-2.268590e-02
1.600922e-02
-5.765669e-03
8.030249e-03
