-1.370250e-02
2.643156e-02
6.206629e-02
3.460724e-02
2.938411e-02
8.808256e-03
5.880512e-02
-5.017915e-02
-7.342085e-02
6.361624e-02
3.919610e-02
-5.887664e-02
-2.370373e-02
-3.966783e-02
-1.154248e-01
3.699647e-02
7.993933e-02
-1.626743e-02
2.018608e-02
1.080115e-01
-6.190847e-03
-1.698253e-03
1.154218e-01
-2.976281e-02
5.183557e-03
9.239309e-02
7.014641e-03
7.337151e-02
1.052780e-01
3.800691e-02
-1.417822e-02
-2.623008e-02
-4.361372e-02
-1.013220e-01
-3.960498e-02
2.144577e-03
-9.060741e-02
3.373666e-02
5.103301e-02
5.815872e-02
1.235719e-01
-1.289689e-01
9.058045e-02
-1.032867e-01
-1.135044e-02
-5.520293e-02
-3.289071e-02
-1.301067e-02
3.615227e-02
-4.989683e-03
-3.402074e-02
4.069301e-02
6.525773e-02
-8.352695e-03
4.865503e-02
1.345225e-01
8.954387e-02
7.973213e-02
8.838939e-02
1.658486e-02
5.402304e-02
-3.135069e-02
6.680405e-02
5.699901e-03
-9.576973e-02
-1.432882e-01
-6.750365e-02
-5.321099e-02
-3.942396e-02
-7.373007e-02
6.814724e-02
6.966761e-02
-2.566300e-02
2.956054e-02
4.300424e-02
-5.007127e-02
3.483098e-03
-1.132909e-03
-7.933289e-02
6.442843e-02
8.555463e-02
-1.950830e-02
-8.890840e-02
-3.777361e-02
-8.857463e-02
-5.454260e-02
5.202597e-03
-7.829996e-02
-2.327048e-02
4.051223e-02
7.627108e-02
1.144728e-01
9.014781e-03
7.119547e-02
1.141466e-01
-1.309392e-02
-6.147998e-02
6.338160e-02
-4.761693e-02
3.528148e-03
9.152316e-03
-1.671277e-02
2.468396e-02
4.453071e-02
2.205169e-03
3.437482e-03
-2.454310e-02
-1.949392e-02
-1.770306e-01
6.856462e-03
1.666947e-01
8.972643e-02
2.783842e-01
-9.053518e-02
2.285005e-01
-1.881130e-01
-8.628026e-02
4.982493e-02
-1.108305e-02
-5.799985e-03
4.683459e-02
1.516125e-02
-2.593362e-02
2.431173e-02
1.189430e-02
4.374279e-03
4.143111e-02
1.458271e-02
3.388510e-02
-3.716032e-02
2.327210e-02
2.694392e-02
-2.088314e-02
1.207934e-01
9.558353e-03
-8.299003e-02
4.653970e-02
4.087462e-02
6.308075e-02
-1.099491e-02
-1.628826e-01
2.030542e-02
1.335573e-01
3.303163e-02
5.150432e-02
-1.167482e-01
-2.113504e-02
-4.543768e-02
-1.768588e-01
8.355620e-04
-7.881204e-02
-9.939451e-02
1.053315e-01
-1.177070e-02
-5.931977e-02
-1.325135e-01
9.196486e-02
-1.203888e-01
-1.124100e-01
6.585865e-02
-5.279964e-02
-1.184390e-01
-7.024989e-02
-3.958983e-02
2.783150e-02
-2.784192e-02
-2.768645e-02
1.999074e-02
1.465835e-02
4.901724e-03
1.728061e-02
-5.854892e-02
7.524802e-03
-6.725028e-02
3.966355e-02
1.998010e-01
6.063088e-02
8.014906e-02
2.313703e-01
6.692784e-02
8.669419e-02
-4.358816e-02
-7.044465e-02
9.647071e-02
2.907826e-02
-1.804464e-01
-1.174919e-01
1.315570e-01
-2.249284e-01
3.054647e-02
2.786282e-03
1.509715e-02
2.736275e-02
-4.274381e-02
-4.121915e-02
-6.045941e-02
-8.425378e-02
-1.668273e-01
-7.792144e-02
-1.701431e-02
9.016278e-02
-1.021243e-01
-7.326782e-02
6.401272e-02
-9.883910e-02
-9.154288e-02
5.392128e-02
-7.703784e-02
1.684113e-02
4.762698e-02
-1.363794e-01
1.102442e-01
4.266968e-02
-6.819215e-02
1.238385e-01
1.422437e-02
9.351682e-02
5.289542e-02
-3.819026e-02
1.521906e-01
1.185110e-01
-1.211944e-02
1.330314e-01
1.273895e-01
-6.001274e-02
-4.837410e-02
5.836561e-02
9.037930e-02
-7.509984e-02
3.008937e-02
6.804981e-02
-5.734751e-02
-1.295514e-02
3.764144e-02
-2.699363e-02
-3.243337e-02
-5.145597e-02
-1.272747e-02
3.821722e-02
-1.816068e-02
1.957195e-02
4.625680e-02
-2.686225e-02
5.317071e-02
5.209197e-02
2.078068e-02
4.775492e-02
8.508490e-02
7.509293e-02
3.117636e-02
1.205672e-01
1.380678e-01
-3.295055e-02
-5.957142e-02
-1.080613e-01
-3.982348e-03
-6.530891e-02
3.187175e-02
-3.598466e-02
-6.910431e-02
-1.749538e-02
-5.367282e-03
8.434356e-03
-1.315685e-02
1.953105e-02
2.238170e-02
-1.583615e-02
3.965210e-02
2.047126e-02
-6.505594e-03
-5.347144e-02
-3.531508e-02
5.170643e-02
2.042045e-02
-2.103661e-02
2.973315e-02
8.875520e-02
-9.287836e-02
1.852128e-02
-9.149555e-02
-3.783579e-02
-9.251391e-03
-1.549410e-01
1.507160e-01
2.994875e-02
-9.513435e-02
1.048904e-01
-3.488783e-02
-6.197248e-02
-2.779037e-02
-1.691929e-02
-6.662870e-02
-4.736644e-02
-3.475852e-02
-9.635631e-02
-8.630293e-02
-6.497359e-02
3.722872e-02
9.694880e-02
7.284410e-02
-4.992183e-02
-2.793779e-02
-4.403777e-03
3.756253e-02
-2.634356e-03
3.204059e-02
4.377210e-02
2.939670e-02
2.941047e-02
3.865705e-02
3.349570e-02
8.184636e-03
4.535223e-02
3.211939e-02
-1.390367e-03
1.911775e-02
-5.949899e-02
-7.166640e-02
4.676406e-02
-1.979075e-02
-5.740368e-02
3.164698e-03
-3.559037e-02
-1.005973e-01
2.652538e-02
3.283067e-02
-6.676631e-02
5.127522e-02
9.920870e-03
-7.683423e-02
-2.715144e-02
2.037271e-02
-7.901222e-02
7.915555e-02
5.161866e-02
7.684632e-03
8.957504e-02
8.330876e-02
3.814600e-02
1.306382e-01
1.034205e-01
6.234828e-02
6.882501e-02
1.180762e-01
3.637234e-02
8.096930e-02
1.500246e-01
5.423558e-02
3.525127e-02
1.434889e-01
9.920195e-02
6.384048e-02
2.170566e-02
2.346447e-02
8.270105e-04
1.420315e-02
4.270860e-02
-2.743689e-02
2.051995e-02
8.022361e-02
3.554992e-02
-3.371415e-02
5.218341e-03
-7.667825e-02
-9.789801e-02
-6.626380e-02
-1.363725e-01
-9.495949e-02
-1.953386e-02
6.041388e-02
1.767377e-02
-2.634126e-02
-2.929299e-02
-4.349665e-02
-7.055826e-02
-6.956710e-03
-5.292170e-02
-5.921455e-02
2.991143e-02
6.033095e-02
4.292047e-02
-6.541502e-02
7.316948e-03
1.193551e-02
-4.456256e-02
3.767809e-03
4.504396e-02
-1.946381e-02
-6.057594e-02
-4.761305e-02
-2.659199e-02
-4.642428e-02
-6.633576e-02
-2.562759e-02
-4.094938e-02
-4.401275e-02
-1.145118e-01
-5.075027e-02
-7.815459e-02
9.453485e-02
3.488819e-02
3.540016e-02
2.024118e-02
-3.753737e-02
-3.721927e-02
1.783577e-02
1.099865e-02
2.077289e-02
1.655909e-02
-1.188384e-03
1.206363e-02
1.976405e-02
7.493804e-03
2.225718e-02
4.345863e-02
6.972006e-02
8.133951e-02
-2.498333e-02
1.124329e-02
6.782600e-02
-1.461019e-02
6.789836e-02
7.861920e-02
1.204257e-01
5.618929e-02
4.004468e-03
9.096377e-02
8.655185e-02
8.083599e-02
2.281725e-02
3.813561e-02
-2.601636e-02
1.126989e-01
4.675199e-02
3.665908e-03
9.601060e-02
7.479020e-02
7.196397e-02
6.198443e-02
6.906407e-02
9.967407e-02
-1.972798e-02
-1.011848e-01
-1.643255e-01
-1.908870e-01
-2.164911e-01
-9.203341e-02
-2.384661e-01
-1.144863e-01
-8.628458e-02
1.874971e-02
-7.483393e-03
3.084103e-03
-1.648508e-02
3.644452e-03
2.933593e-02
4.347690e-02
1.388271e-02
2.601827e-02
1.022022e-01
9.745749e-02
4.242551e-02
9.496843e-02
-7.528374e-03
-1.100395e-01
8.489327e-02
5.021898e-02
-3.895934e-02
7.084641e-02
1.718161e-01
-1.549551e-01
8.957095e-02
7.105854e-02
-6.301789e-02
-5.361516e-02
-6.642178e-02
-4.330947e-02
2.127973e-02
-6.065715e-02
-1.400106e-01
6.681360e-03
-4.790298e-02
-2.272725e-02
-1.523243e-01
-1.455387e-01
-5.277096e-02
-8.664286e-02
-4.720988e-02
-1.378079e-01
1.670089e-01
1.720905e-01
4.144919e-02
1.384961e-01
4.475868e-02
-3.475526e-02
-2.003669e-01
-6.870552e-02
9.862415e-03
-1.435845e-01
2.396268e-02
-2.057640e-02
4.348516e-03
2.408286e-02
-8.609358e-02
-3.848147e-02
2.107451e-02
-1.900030e-02
1.877265e-02
1.089735e-01
6.095673e-02
1.446319e-01
6.842602e-02
2.463018e-02
-6.160228e-02
-1.092533e-01
1.213368e-02
-3.327838e-02
2.628313e-03
1.050335e-01
8.426832e-02
1.145401e-01
8.273286e-02
-4.085779e-02
-2.017079e-02
5.565718e-03
1.962079e-02
9.555009e-02
1.595770e-01
-9.879833e-03
-1.170575e-03
2.466953e-02
-3.577456e-03
4.418254e-02
5.654759e-02
2.797568e-03
7.154436e-02
1.101879e-01
-3.882642e-03
1.628391e-02
6.315606e-02
-6.358074e-02
5.820121e-02
1.219256e-01
-7.854441e-02
-1.442786e-01
-1.415789e-01
-8.113640e-03
5.053985e-02
9.012122e-02
-1.872063e-02
-2.989547e-02
-4.548509e-03
-3.310341e-02
-1.959313e-02
-4.024980e-04
-1.735444e-04
-1.918330e-02
-2.322750e-02
-3.576461e-02
-1.008634e-01
-8.384066e-02
-1.191544e-01
-9.218582e-03
1.188374e-02
3.432782e-03
-2.277119e-02
-3.640093e-02
-6.105398e-02
-1.215105e-01
-3.322803e-02
-1.493185e-01
-1.825776e-01
-1.105180e-01
-8.394259e-02
-3.390278e-02
7.880696e-02
2.721125e-02
3.811408e-02
-8.111327e-04
-8.168987e-03
1.106411e-02
-2.003912e-02
-7.848706e-02
5.917372e-02
7.009785e-03
5.788209e-02
1.686601e-01
1.549869e-01
1.274613e-02
-3.795309e-02
-6.843754e-03
-7.810657e-02
1.425256e-01
1.511398e-01
-7.685399e-02
8.624538e-03
8.671419e-02
8.403993e-02
7.881568e-02
2.806288e-02
-8.008149e-02
-3.850260e-02
-4.237806e-02
-2.150206e-02
1.222743e-02
3.694401e-02
9.470179e-03
1.009608e-01
8.218897e-02
2.207347e-02
-3.197812e-02
-6.436484e-03
2.793285e-01
-2.221204e-02
5.530378e-03
-2.165804e-01
2.246115e-01
-1.651079e-02
-1.400584e-02
-5.842973e-02
1.207603e-02
-1.603036e-01
-5.871675e-02
-8.437377e-02
4.915248e-03
6.428906e-02
-4.404833e-02
-7.224105e-02
8.440617e-02
4.897822e-02
7.264506e-02
9.140707e-02
4.549528e-04
-1.134906e-01
-3.645403e-02
-9.034123e-02
1.536734e-01
1.724238e-01
4.100115e-03
-5.749626e-03
6.248222e-02
-1.005261e-01
-8.300222e-02
1.942967e-03
6.130716e-02
8.580732e-02
1.774872e-02
-9.965017e-03
7.225309e-02
1.343784e-01
1.593581e-01
-5.457881e-02
-9.528963e-02
-1.453831e-01
1.406182e-02
4.507642e-02
1.150450e-01
2.087269e-02
2.394295e-02
-8.441252e-03
2.986727e-02
-4.140729e-02
-1.291495e-02
-9.723042e-04
4.227875e-02
3.173888e-02
-3.408320e-02
3.704731e-02
-3.257868e-02
-3.504650e-02
-1.326605e-01
-1.572550e-01
-5.475512e-03
1.490580e-04
-3.325304e-03
4.744792e-02
7.993948e-02
6.992903e-02
2.085136e-02
4.792150e-02
9.944649e-02
1.076575e-01
1.852849e-01
1.803363e-01
-1.325513e-01
-3.630960e-01
-1.756240e-01
-9.870641e-02
4.042978e-01
1.219958e-01
-1.418749e-01
-2.708445e-01
-2.574781e-01
-5.617501e-02
-5.713385e-02
-7.269545e-02
2.150364e-02
-1.175856e-02
-1.624070e-02
-5.092060e-02
-6.796371e-02
-7.933851e-02
-1.737284e-04
1.018190e-01
3.955777e-02
8.122589e-02
-1.167747e-01
-7.071926e-02
-1.599347e-01
4.729748e-02
-2.642966e-02
-1.532634e-01
-2.492571e-01
-2.505141e-02
9.663639e-02
3.762985e-01
1.978326e-01
4.735324e-02
-2.188088e-01
-1.628178e-01
-1.970816e-02
-4.508471e-02
-5.063054e-02
9.455292e-03
3.695094e-02
2.681202e-02
-4.006753e-02
3.656088e-02
3.765040e-02
-6.622408e-02
-4.561329e-02
-4.875426e-02
-5.132135e-02
2.508613e-02
-2.985776e-02
-8.968598e-02
-1.599880e-02
-2.482781e-02
-3.526689e-02
-2.602589e-02
-3.935614e-02
2.789153e-02
3.262497e-02
-2.174288e-02
1.508418e-02
1.605900e-02
-1.288315e-02
3.173041e-02
3.999769e-02
2.290560e-02
3.087256e-02
5.557221e-03
-1.836250e-02
4.728618e-02
-1.966123e-02
-3.464388e-02
2.684806e-02
-5.777216e-02
-1.599419e-01
-3.178144e-02
-1.775680e-02
2.648265e-02
2.950147e-02
-6.587446e-02
1.169510e-02
1.389454e-02
1.084125e-02
-4.834832e-02
7.429484e-02
4.941835e-02
-4.175469e-02
6.493183e-02
-1.766568e-02
-7.150804e-02
-7.313234e-02
-4.548576e-02
-7.879005e-02
-2.336161e-02
9.265208e-03
2.306956e-02
2.089366e-02
4.319748e-02
5.126399e-02
1.152955e-02
1.005361e-04
-2.640650e-02
8.419705e-03
-4.756265e-02
-2.198726e-02
-3.204695e-02
-5.284584e-02
-3.812333e-02
-1.112124e-01
-1.036839e-01
-1.350768e-02
-6.157264e-02
-7.490465e-02
-3.111849e-02
-7.363891e-03
-3.949728e-02
7.909888e-03
3.448919e-02
3.083267e-02
1.121640e-02
7.258952e-02
4.412936e-02
2.695258e-02
-4.769427e-02
-2.456565e-02
-1.268108e-02
1.405421e-02
3.206033e-02
2.979664e-02
4.229456e-02
1.357811e-02
-3.891669e-03
-7.432761e-03
-4.783449e-02
-9.578086e-02
1.080873e-03
9.363953e-04
2.140326e-03
4.680052e-02
5.057241e-02
2.737438e-02
2.455301e-02
-8.347454e-03
-4.872263e-02
1.468853e-01
6.316145e-02
3.132909e-03
-1.829372e-02
1.159988e-01
4.200573e-02
5.464566e-02
6.899753e-03
2.222431e-02
3.338286e-03
1.874580e-03
-1.723462e-03
4.212130e-02
2.881278e-02
1.320585e-02
6.516683e-03
-1.590127e-02
-1.923934e-02
-2.590156e-02
1.069935e-02
2.258484e-02
4.877867e-02
3.354528e-02
-5.021266e-02
-4.566089e-02
7.120342e-03
-6.750816e-02
8.245689e-02
1.210407e-01
8.325615e-02
3.130008e-03
8.500744e-02
8.763311e-02
1.105783e-01
9.687658e-02
6.796201e-02
2.048033e-02
2.326476e-02
5.623604e-02
7.810813e-02
7.848094e-02
1.407332e-01
4.010036e-02
3.585898e-03
2.643183e-02
-9.715895e-02
1.538999e-01
3.234287e-02
9.764322e-03
1.957473e-01
1.604658e-01
7.969191e-02
-1.371488e-01
-9.861814e-02
-4.863416e-02
1.382326e-03
-5.786997e-02
-9.499824e-02
2.310091e-02
-2.159527e-03
-5.788885e-02
-2.535378e-02
-5.140353e-02
2.594875e-02
1.718836e-02
-3.431647e-02
2.739038e-02
2.599218e-02
-4.940941e-02
1.170301e-01
1.766242e-01
2.527365e-02
-9.522469e-02
-9.525216e-02
-5.172577e-02
2.189539e-01
-1.860523e-01
3.512541e-02
-8.443060e-02
1.921265e-01
-6.676625e-02
-5.544678e-03
-3.322716e-02
-4.503767e-02
3.247048e-02
6.826065e-02
4.627866e-02
-2.014747e-03
-3.463336e-02
5.058824e-02
5.106506e-02
4.531747e-02
8.093483e-03
1.377146e-01
2.490806e-02
-6.579132e-02
-1.561090e-01
6.189677e-02
1.680482e-01
-3.058661e-02
-8.243936e-02
-5.143496e-02
-1.566572e-02
3.136161e-02
-7.256086e-02
-9.255189e-02
1.516838e-03
-7.136890e-02
9.108554e-02
-5.937882e-05
-4.767662e-02
1.606295e-01
1.890480e-01
1.677271e-01
1.282988e-01
1.471997e-01
1.153941e-01
4.776014e-02
-6.307551e-02
-6.656347e-02
1.200830e-01
1.117630e-01
2.806037e-02
3.680263e-02
-9.408963e-02
-4.058105e-02
8.603768e-02
1.474191e-01
3.597885e-02
1.434546e-01
2.411304e-01
5.179853e-02
-7.994640e-02
-7.371350e-02
-1.431779e-01
3.516985e-04
8.341273e-02
5.184890e-02
5.537019e-02
1.313946e-01
9.746442e-02
-8.455463e-02
-4.989493e-02
-3.085809e-02
-1.377782e-01
1.509504e-01
-1.074875e-01
-3.145582e-01
-4.169380e-01
-3.115281e-01
-3.207569e-01
-1.537654e-01
-2.485283e-01
-2.671947e-02
-2.840720e-02
-2.481153e-02
-6.427857e-02
-2.035657e-02
-4.176867e-02
-5.969705e-02
-8.087078e-02
-9.051400e-02
7.709437e-02
1.187660e-01
-2.396947e-02
1.452426e-02
2.371837e-01
2.017739e-02
1.064747e-01
1.454534e-02
8.360070e-02
-9.535673e-03
-2.569488e-02
1.492119e-02
-1.441959e-01
-7.804088e-02
-6.446720e-02
-3.273085e-02
3.719629e-01
6.074554e-02
-7.928836e-02
-1.119736e-01
-2.286629e-03
-5.796736e-02
-1.621968e-02
1.194174e-01
-6.857662e-03
6.018577e-02
7.061130e-02
1.510571e-01
-8.080170e-02
-1.338418e-01
1.340422e-01
-1.958647e-01
-1.366310e-01
3.553629e-02
-5.384550e-02
-1.544158e-01
-2.125484e-02
3.481451e-03
-1.194410e-02
1.070802e-03
-1.956637e-02
2.213670e-02
6.286361e-02
7.397560e-02
6.493661e-02
6.596041e-02
1.122124e-01
-4.243058e-02
1.627331e-01
1.515298e-01
-9.215298e-02
-1.610381e-02
-3.508729e-02
-7.813513e-02
-3.477154e-02
-1.743859e-02
1.133768e-01
-1.323446e-01
3.748177e-01
-2.608002e-01
2.865501e-02
1.705534e-01
-1.829856e-01
5.896715e-02
-3.419454e-02
-1.450318e-02
3.654911e-03
-3.287930e-02
-9.111264e-02
3.556267e-02
6.201950e-02
-2.504500e-02
-1.374122e-01
-7.133520e-02
1.029372e-01
-1.800541e-01
1.472408e-01
1.881089e-01
-6.956880e-02
7.957536e-02
1.230744e-01
-1.875221e-02
2.556025e-02
1.410016e-03
-2.673533e-02
5.319075e-02
-2.346186e-02
-6.475104e-02
-9.135855e-02
-1.075969e-04
2.450166e-02
2.977258e-02
8.285099e-02
-2.906283e-02
2.369475e-02
9.000737e-02
-3.034507e-02
1.663283e-02
4.464132e-02
1.000151e-01
8.658020e-03
-2.872348e-02
1.130093e-01
-8.441255e-02
-3.126851e-03
1.369794e-01
-3.221682e-02
3.598870e-02
-1.310119e-02
3.633618e-02
-2.715047e-02
3.790101e-02
3.677136e-02
2.987412e-02
6.257889e-02
9.927257e-02
5.564432e-02
7.566232e-02
8.498474e-02
1.609924e-01
5.518744e-02
1.054365e-01
1.578468e-01
3.780791e-02
8.853828e-02
9.538712e-02
-5.853669e-02
-1.979658e-01
9.165800e-02
-1.340126e-02
1.027698e-01
-8.424877e-02
1.391232e-02
5.972643e-02
-1.076712e-01
1.382908e-02
9.395078e-03
-2.266295e-02
1.154801e-02
-1.239359e-02
-1.544233e-02
1.353681e-02
1.731910e-02
1.526229e-02
4.518613e-02
-2.745008e-03
-1.054388e-04
9.237293e-02
-1.968440e-01
2.207161e-01
-9.965072e-03
-1.084951e-01
4.269584e-02
3.913150e-02
4.651541e-02
-4.546997e-02
3.036867e-02
1.500186e-01
-1.988130e-01
-5.179110e-02
-3.700114e-02
-1.758156e-01
3.484366e-03
-1.228813e-02
5.780377e-02
3.132473e-02
4.088637e-02
1.044256e-01
1.468845e-02
2.726397e-02
8.144065e-02
-1.086171e-01
-4.090213e-02
-2.058277e-01
-1.984762e-01
-4.589252e-02
-2.819164e-01
-1.136033e-01
-1.285545e-01
-1.814308e-01
-3.605474e-03
9.075465e-04
5.327754e-03
3.751836e-02
5.160435e-02
2.831553e-02
4.094238e-02
7.928155e-02
6.356084e-02
1.044791e-02
-6.067687e-02
-4.467331e-02
4.811267e-02
-1.058466e-01
-1.000520e-01
1.111862e-02
-3.889544e-02
-7.612078e-03
-5.760695e-02
-2.222396e-01
8.395454e-02
2.525167e-01
-3.961745e-01
3.278492e-01
7.198153e-02
-3.212168e-01
2.769236e-01
3.546549e-02
5.834447e-02
-7.769518e-02
-5.641194e-02
8.319711e-03
-2.076418e-02
-9.269945e-02
-3.981816e-02
3.427468e-02
-1.214009e-01
-4.827296e-02
4.616409e-02
8.270299e-02
1.020033e-02
2.022533e-01
5.232062e-02
-1.680119e-02
1.774926e-01
-1.723887e-02
-1.380824e-01
1.160550e-01
-7.494914e-02
-1.063759e-01
1.628163e-01
-1.246977e-02
-5.109243e-02
7.370807e-02
4.586698e-03
-7.425294e-02
4.117150e-02
3.977214e-02
-5.324149e-02
3.425987e-02
-1.388039e-03
-4.475453e-02
5.243492e-03
4.382961e-02
6.489172e-02
1.016815e-01
-6.437688e-02
8.769901e-02
1.278746e-01
-3.799544e-02
1.363743e-02
9.903752e-03
-2.329197e-02
-2.451925e-02
-1.590986e-02
-4.910957e-02
5.993784e-04
-2.095856e-02
1.048947e-02
3.477057e-02
5.505314e-02
4.483878e-03
8.819998e-03
4.541242e-02
-5.141478e-03
4.600068e-02
4.892638e-02
2.624733e-02
4.442596e-02
6.768508e-02
-3.720509e-02
9.942601e-02
6.712648e-02
5.083045e-02
8.163105e-03
8.661502e-02
-3.180263e-02
1.512203e-02
1.907677e-02
1.893013e-02
1.494999e-02
1.137314e-02
2.769591e-02
3.046977e-02
1.161742e-03
6.369661e-02
6.108591e-02
4.938886e-02
4.136106e-02
5.578860e-02
-1.830116e-02
4.149463e-03
1.780215e-01
-1.068549e-01
2.668121e-02
1.160586e-01
-9.960563e-02
3.909740e-02
6.523252e-03
1.177444e-01
9.741279e-02
-1.298701e-01
8.827277e-02
6.111912e-03
-7.706176e-02
1.677611e-01
9.191734e-02
5.979982e-02
4.820291e-02
5.344111e-02
5.334553e-02
4.556755e-03
-2.962223e-02
-2.253372e-02
-1.401590e-01
-1.074916e-01
-6.660368e-02
-6.373782e-02
-8.747497e-02
7.845170e-02
1.659401e-01
-5.555982e-02
-7.999299e-03
1.659436e-01
-4.275912e-02
-4.270625e-02
-2.586961e-02
-8.988467e-02
-2.832373e-02
-3.285056e-02
-1.073526e-01
-3.333731e-02
-3.618815e-03
-4.003938e-02
-6.567356e-02
-1.558240e-01
1.470944e-02
-2.003765e-02
-1.440929e-01
-9.372225e-02
-1.078689e-01
-1.593030e-01
-2.462704e-02
-1.811891e-01
2.425011e-03
-2.381786e-02
-1.457872e-01
-2.665148e-02
-5.220188e-02
-5.237718e-03
-4.290885e-02
-5.236097e-02
-4.763072e-03
4.512325e-03
-1.651801e-02
-2.298775e-02
-1.738627e-02
4.091039e-02
1.430710e-02
6.280426e-02
-1.078092e-01
-1.074514e-01
-6.734610e-02
8.158655e-02
-2.165426e-02
4.515942e-03
-6.724072e-02
-1.133397e-01
-5.227040e-02
2.256213e-02
1.814698e-02
5.104355e-03
5.779317e-02
5.918710e-02
4.605254e-02
-6.809548e-02
2.333486e-02
8.037117e-03
-6.741296e-02
-2.542665e-02
9.326097e-04
1.563279e-03
5.086996e-02
3.571058e-02
3.155826e-03
3.140650e-02
2.920943e-02
3.468287e-02
-2.095878e-02
-7.096988e-02
8.420350e-02
7.870610e-02
-1.333907e-02
7.271726e-02
4.422994e-02
2.122496e-02
-6.007506e-02
-4.482217e-04
-3.165404e-02
1.778675e-01
3.286585e-01
1.799779e-01
1.111826e-01
2.345379e-01
7.769854e-02
-1.984244e-02
1.872661e-02
1.216776e-02
1.798349e-02
6.084920e-02
1.858490e-02
-3.424504e-02
-1.098649e-02
-5.578763e-02
5.402543e-02
4.876051e-02
4.747422e-02
-1.280197e-01
-1.097694e-01
-1.456110e-01
-1.275662e-02
6.860173e-03
-9.564333e-02
-2.273124e-02
-2.250149e-02
-1.942529e-02
3.548630e-02
4.539292e-02
6.289411e-02
5.640772e-03
5.070268e-02
5.644654e-02
-8.385754e-02
-2.637015e-02
-2.549186e-02
-1.539737e-02
2.039654e-01
1.046533e-01
-5.059940e-02
5.676912e-02
-1.221040e-03
-4.449371e-02
-6.470275e-02
-5.492621e-02
-8.919417e-02
3.491025e-02
-2.526623e-02
-7.524343e-02
-1.622752e-02
-6.065460e-03
-1.182813e-01
1.352106e-02
1.704547e-01
-3.609694e-02
4.535192e-02
1.389832e-01
-4.084152e-02
4.751390e-03
-7.596587e-03
-3.081420e-02
-7.929280e-02
1.504236e-01
7.160849e-02
-1.230919e-02
8.600282e-02
5.140755e-02
3.403028e-02
-8.962673e-02
-1.100665e-01
-8.120126e-02
-2.157493e-02
-1.259811e-01
-8.751833e-02
-2.051264e-02
-7.211278e-02
-6.583481e-02
-2.492526e-02
-1.061601e-01
-7.334034e-02
-3.683766e-02
-2.696192e-02
2.632129e-02
6.077646e-02
3.884171e-02
9.095097e-02
1.535560e-01
9.145048e-02
1.292000e-01
-2.747348e-02
1.305801e-01
1.519511e-01
-2.107292e-01
1.716195e-01
-6.229036e-02
4.761080e-02
-4.287983e-02
-6.773765e-02
-3.704758e-02
-1.166454e-01
-8.487452e-02
-3.436789e-02
-2.726614e-02
-1.954230e-02
2.592330e-02
7.980869e-02
-2.879909e-02
-6.464331e-02
7.528461e-03
-7.416148e-02
-1.313022e-01
3.474447e-02
-1.514190e-01
-2.133220e-02
-3.365823e-02
4.124137e-02
-1.118257e-01
-6.275026e-02
-4.361197e-02
-4.415233e-02
1.111241e-02
-4.256061e-02
1.954924e-02
1.613983e-02
-4.756689e-03
-1.296673e-01
9.599825e-02
5.270055e-02
-2.580131e-02
1.417447e-01
6.989817e-02
-9.209395e-03
-2.635940e-02
-3.284902e-02
-1.778166e-02
9.368599e-05
6.175639e-04
2.620615e-02
2.138774e-02
5.522810e-03
-3.952573e-02
-3.424141e-02
6.454242e-03
-5.734194e-03
-2.757806e-02
-6.941760e-02
-4.629160e-02
-6.853275e-02
-6.327787e-02
-9.040192e-02
-5.197772e-03
-5.916260e-02
-7.094280e-02
-1.260362e-02
-4.681451e-02
-7.324773e-02
3.072666e-02
4.109729e-02
2.996635e-02
-1.498869e-01
-9.467896e-02
-2.003606e-02
-1.489292e-01
-1.559718e-01
-2.264698e-01
-1.962200e-01
-1.363276e-01
1.146686e-01
-1.289818e-02
-1.014289e-02
-8.267483e-03
-4.019792e-02
-4.615913e-02
-8.477904e-03
-3.995179e-02
8.069364e-04
3.067780e-03
1.395100e-01
4.031964e-02
5.742600e-02
4.276839e-02
-6.722879e-02
6.179089e-02
1.028145e-01
8.872911e-02
4.173127e-03
-1.248955e-02
5.771542e-02
-1.163395e-03
-2.999056e-04
4.881774e-02
1.950675e-02
-7.787636e-02
5.840521e-02
2.553429e-01
2.186785e-02
-1.284512e-01
-1.613938e-01
-1.028557e-02
-5.058543e-02
-4.758346e-02
-7.963594e-02
-3.050934e-02
-3.723620e-02
3.081546e-01
9.912652e-02
8.390103e-02
3.886673e-01
7.556393e-02
-1.531645e-01
2.187437e-01
2.072199e-02
4.186959e-03
-3.722940e-02
-3.151951e-02
3.468128e-02
-1.104583e-02
-3.030862e-02
-2.336516e-02
-3.587265e-02
1.410307e-02
5.323984e-02
-1.487782e-01
2.484751e-02
8.174977e-02
-9.016515e-02
1.627553e-01
1.958788e-02
-4.068487e-02
5.084186e-02
4.722748e-05
7.638913e-02
-1.063331e-01
7.117253e-03
-3.763311e-01
2.326650e-01
-2.890273e-02
-1.796998e-01
1.501574e-01
-1.288332e-02
-7.484987e-02
-2.126270e-02
-5.056220e-03
-9.512471e-02
2.341284e-02
2.339455e-02
-1.374204e-01
4.305593e-02
1.027970e-01
-2.301654e-01
-2.658589e-01
-1.870690e-01
-3.642435e-01
-3.172745e-01
1.871340e-02
-3.105252e-01
-2.941733e-01
-8.231399e-02
-1.001615e-01
2.533003e-03
6.052124e-02
-1.395917e-01
5.752049e-02
1.582491e-01
-7.470945e-02
5.155180e-02
1.070226e-01
1.055716e-01
2.140994e-02
-2.104265e-02
1.243350e-01
2.735954e-02
-8.707560e-02
9.867971e-02
6.767565e-04
-7.105330e-02
-3.610405e-02
-7.403637e-02
-9.599534e-02
1.096824e-02
-1.108601e-01
-9.313684e-02
2.120138e-02
-7.603893e-02
-5.331143e-02
-2.724975e-02
2.839243e-02
-4.074050e-02
-5.186818e-02
-1.347519e-01
-9.595545e-02
1.797081e-02
-8.198695e-02
-3.622951e-02
6.188289e-02
-2.775657e-02
-2.795452e-02
5.266481e-02
5.225459e-04
3.824381e-02
-3.901361e-03
-2.017367e-02
2.798565e-02
4.291861e-02
-2.035571e-01
-9.027546e-03
-1.821331e-01
5.615273e-02
-3.564408e-02
-1.752546e-01
1.479501e-01
-6.743653e-02
1.512903e-02
2.408241e-02
-4.431199e-03
-1.532298e-02
-4.544544e-02
-3.214090e-02
-5.654722e-02
-4.407386e-02
-5.355114e-03
6.618926e-02
-5.738273e-03
6.474871e-02
2.460310e-01
-1.241453e-01
-1.008141e-01
7.560347e-02
-5.415454e-02
-6.280873e-02
-9.328613e-02
1.176994e-02
2.140579e-02
-2.956920e-01
2.234127e-01
-7.452327e-02
-1.831417e-01
-9.699874e-03
3.261466e-03
-1.161944e-01
-1.185505e-01
4.419672e-02
-7.217546e-02
-5.517318e-02
1.136333e-01
2.005738e-02
5.150255e-03
4.192289e-02
1.760209e-02
-8.622006e-02
-7.373583e-02
7.810761e-02
-1.471759e-01
-8.063722e-02
2.748222e-02
-2.350302e-02
-1.355808e-01
-5.187479e-02
-4.560755e-02
-7.674853e-02
1.938796e-02
-3.673786e-02
-4.523890e-02
3.713517e-02
2.085823e-02
-4.964076e-03
1.007199e-01
-1.235648e-02
-1.179173e-01
1.492913e-01
3.087514e-03
-1.296370e-01
-5.525408e-02
-1.382847e-01
-1.362513e-01
8.817399e-02
-5.889382e-02
6.858096e-03
5.973102e-02
1.974254e-01
-2.483617e-01
1.471398e-01
1.103386e-01
-1.222166e-01
4.293648e-02
-4.892519e-02
-3.460458e-02
2.702741e-02
-6.581070e-02
-7.468196e-02
8.311757e-02
3.827200e-02
2.934059e-02
-7.632168e-03
9.379593e-02
7.880959e-03
-1.799144e-01
2.125974e-01
7.717732e-02
-1.471393e-01
9.691294e-02
1.522778e-01
2.539258e-02
1.933986e-02
5.108527e-02
4.025536e-02
2.450634e-02
4.870474e-03
7.003480e-02
1.305808e-02
8.984151e-02
-1.077635e-01
7.914887e-02
1.353580e-01
-1.096543e-01
7.171216e-02
1.063200e-01
-1.668016e-01
4.456848e-02
4.635471e-02
-6.489019e-02
-5.465280e-02
-3.855225e-02
-2.543123e-02
-1.145655e-01
-1.277791e-02
-9.095097e-02
-9.900097e-02
-1.216047e-02
-2.430291e-02
-3.803220e-02
-8.360922e-02
2.546431e-02
-1.131920e-02
-4.047637e-02
4.312058e-03
-1.221259e-02
5.600542e-03
3.816476e-02
3.400668e-02
9.208664e-02
3.925026e-02
5.338030e-02
6.589022e-02
4.152937e-02
8.330881e-02
9.585881e-02
2.186863e-02
-1.846316e-01
9.449898e-02
5.774850e-02
-4.676015e-02
-5.113307e-02
-2.096013e-03
8.237277e-02
-1.077605e-01
-2.027803e-02
-3.729380e-02
-4.597327e-02
-1.436759e-02
-3.629611e-02
-3.149725e-02
1.256548e-02
1.235864e-02
2.553456e-03
-1.053335e-01
1.245860e-02
5.125918e-03
-3.430420e-02
-1.271401e-01
1.665030e-01
-9.449934e-02
-9.378733e-02
1.900946e-02
1.853632e-01
9.500123e-03
-7.522240e-02
1.262427e-01
9.854890e-02
-1.476547e-01
2.198739e-02
1.383677e-02
-1.176748e-01
-1.379866e-01
-1.216400e-01
-8.681768e-02
-2.027365e-01
-1.818036e-01
-1.373122e-01
-1.037739e-01
-9.390192e-02
-9.654097e-02
-8.735047e-02
-8.359878e-02
-9.692235e-03
-1.237178e-01
-1.174371e-01
-2.508456e-02
-2.585170e-03
-5.847947e-02
-2.069533e-02
-1.457848e-02
-4.725666e-03
8.985704e-03
7.133924e-03
1.216136e-02
9.897801e-03
-6.572828e-03
-1.062413e-02
-2.265151e-02
-1.610321e-02
-1.242595e-02
3.533055e-02
-7.444691e-03
-1.291888e-02
4.496784e-02
-4.576915e-02
-5.551412e-02
-4.935070e-03
6.199428e-02
1.181329e-01
9.903543e-02
2.861045e-02
9.974578e-02
5.426423e-02
3.990449e-02
1.034257e-01
4.123806e-02
-2.427240e-02
2.836181e-02
5.025112e-02
-6.650986e-02
-2.288855e-02
1.201132e-02
-8.182140e-02
-4.789209e-02
-1.762963e-02
3.940063e-02
3.654521e-02
-5.588632e-03
-1.305927e-02
-1.578672e-02
-1.016993e-01
-1.934292e-02
2.811774e-02
-3.559985e-02
-1.420849e-01
-9.392858e-02
-6.430760e-02
-1.479513e-01
-1.151364e-01
-1.142626e-01
-9.713149e-02
-1.040836e-01
-2.895298e-02
7.906362e-02
4.984261e-02
6.455931e-03
6.500790e-02
1.202165e-02
-5.530209e-02
-9.221043e-03
-5.232176e-02
-9.557928e-02
6.741443e-02
-1.121290e-02
-2.589425e-02
6.771962e-02
9.660854e-03
-2.239573e-02
8.496632e-02
1.095035e-02
1.231232e-02
-5.023295e-02
-5.737761e-02
-1.138922e-01
8.140679e-02
7.806874e-02
2.164184e-02
4.051404e-02
1.958421e-02
8.302704e-03
-2.225576e-03
-3.059233e-02
-7.192095e-02
4.469363e-02
1.101000e-02
-1.917399e-02
1.107815e-02
4.878308e-03
-6.260041e-03
-1.058949e-02
-4.370753e-02
-1.770972e-02
-3.438472e-04
-7.166997e-02
-1.155458e-02
6.757246e-02
9.457848e-03
1.795234e-02
-4.761322e-03
-1.967336e-03
1.336336e-02
5.797211e-02
6.190767e-02
6.544837e-02
6.711839e-03
1.005363e-02
9.564064e-03
-7.030964e-02
-1.071464e-01
-8.489192e-02
-7.393616e-02
-9.326938e-02
-1.010683e-01
4.531387e-03
-5.837433e-02
-3.521603e-02
-6.477484e-02
-1.121202e-02
8.977187e-03
-9.273104e-03
-1.646515e-03
1.727424e-02
-7.848332e-02
-7.720302e-02
-7.717457e-02
6.434835e-02
5.806465e-02
3.989217e-02
5.869937e-03
-1.692581e-02
-1.890182e-02
-3.107406e-02
4.435214e-03
2.100469e-02
4.296167e-03
5.946701e-02
4.841146e-02
1.840038e-02
3.311738e-02
-5.927111e-03
-8.389314e-02
-9.782503e-02
-1.562371e-02
-4.295997e-02
-3.162894e-02
-7.313380e-03
-3.005018e-02
-3.230835e-03
-1.181099e-03
-5.051544e-02
-3.646991e-02
-2.518859e-02
1.325273e-02
-3.641911e-04
-6.033918e-02
1.077679e-01
9.180868e-02
4.181853e-02
1.208529e-01
7.071078e-02
-3.073209e-03
6.061728e-02
1.617391e-02
-2.771694e-02
-4.768861e-03
-3.903912e-02
-2.669040e-02
-3.619980e-02
-1.213615e-02
-2.359071e-02
4.223161e-02
1.046833e-01
7.034539e-02
3.539114e-02
5.593237e-02
5.283848e-02
-5.400826e-02
-6.144680e-02
-4.742978e-02
5.539360e-02
5.344271e-02
4.671904e-02
-2.306504e-02
-4.219349e-02
-2.978564e-02
-8.636077e-04
3.405116e-02
5.157858e-03
-5.949794e-02
-5.595158e-02
1.925033e-02
-6.997588e-02
-7.522698e-02
-1.300328e-02
1.600957e-02
4.576343e-02
2.843023e-02
9.116913e-02
7.766999e-02
1.330670e-01
9.569973e-02
1.290946e-01
1.743436e-01
6.792828e-02
1.032465e-01
1.066222e-01
8.019878e-02
6.654145e-02
4.985559e-02
1.269825e-02
-2.249072e-02
-5.764152e-02
5.745447e-02
5.562020e-02
6.889156e-02
3.979615e-02
7.629027e-02
4.657602e-02
-1.123446e-02
1.071590e-02
-4.031285e-02
-2.339616e-03
-5.823989e-03
-3.367760e-02
-6.024731e-03
3.767004e-02
3.502276e-02
-4.344109e-02
-2.162133e-02
-3.668993e-02
-5.974787e-03
-6.882044e-03
-1.301529e-02
-8.239036e-02
-8.151924e-02
-1.274000e-01
-1.391693e-01
-1.361051e-01
-8.514287e-02
-3.305021e-02
8.827748e-02
1.049999e-01
-4.555938e-02
-5.338228e-02
-5.078014e-02
-7.652030e-03
-1.440413e-02
-3.672938e-02
-1.719147e-02
-2.167717e-02
-3.813640e-02
-1.230410e-02
1.598365e-02
3.278457e-03
-4.688323e-03
1.116644e-02
-3.807211e-02
-1.655236e-02
-1.548158e-02
6.048531e-03
-1.075436e-01
-1.278722e-01
-1.334304e-01
-2.523700e-02
4.017091e-02
8.344950e-02
7.004849e-02
4.898827e-02
-2.308433e-02
6.774417e-02
8.906507e-02
1.126154e-01
-1.137206e-01
-9.759283e-02
-3.546879e-02
-1.537315e-01
-1.681940e-01
-1.315696e-01
5.128801e-02
9.000035e-02
-7.011931e-02
-1.301064e-01
-1.210529e-01
-1.732477e-01
-2.475536e-01
-1.867798e-01
-1.737754e-01
-2.726988e-02
-4.844085e-02
-9.213965e-02
-3.474332e-03
-4.792521e-02
-1.022831e-01
1.386000e-03
-1.971825e-02
-7.726621e-02
-5.365418e-02
-7.484610e-02
-1.417174e-01
8.052474e-02
4.655832e-02
-8.410771e-02
1.339073e-01
8.102080e-02
-3.229737e-02
-3.000155e-02
8.017209e-02
5.328538e-02
-3.720039e-02
1.613673e-02
-2.386692e-02
-6.612524e-02
1.503625e-02
-4.930470e-03
1.005085e-02
2.113582e-02
-2.256602e-02
-3.376792e-02
-7.803909e-02
-8.969342e-02
-6.762556e-03
-1.094319e-01
-1.358649e-01
1.755382e-02
-4.282235e-02
5.440398e-04
6.334776e-02
6.295981e-02
4.687764e-02
7.776643e-02
8.184803e-02
4.400026e-02
-1.033437e-01
-7.899356e-02
-5.907715e-02
6.106643e-02
1.084444e-01
3.544934e-02
1.922234e-02
4.942383e-02
-6.802110e-02
-1.061090e-02
5.891201e-03
6.998443e-02
-5.159300e-03
7.957338e-03
7.162274e-02
3.100692e-02
3.306766e-02
2.892017e-02
-2.213442e-02
-3.748386e-02
-7.370063e-02
2.403998e-02
2.736458e-02
-1.624744e-03
3.816079e-02
9.857602e-02
9.063121e-02
-3.525775e-02
-7.692047e-02
-9.211079e-02
-7.620525e-02
-8.634500e-02
-9.254356e-02
-6.336137e-02
-7.248445e-02
-7.036758e-02
-4.412787e-02
-4.310059e-02
-5.385458e-02
-1.137749e-01
-1.104636e-01
-1.119948e-01
-6.630338e-02
-6.605048e-02
-8.615357e-02
-1.694908e-02
-1.027988e-01
-1.572630e-01
-7.431626e-03
-1.255020e-01
-1.967521e-01
-5.593301e-02
5.184832e-02
-7.476873e-02
-2.898126e-02
-3.378065e-02
-2.582650e-02
-1.620189e-02
-3.612934e-02
-3.700000e-02
3.456490e-02
3.018017e-02
2.287419e-04
4.137678e-02
1.686911e-03
-2.881723e-02
1.563736e-03
-3.245436e-02
-7.339421e-03
4.784760e-02
3.576122e-02
5.168954e-02
-1.175413e-01
-1.196670e-01
-1.009461e-01
-1.776757e-03
-4.284285e-03
-3.929866e-02
-2.170828e-02
-3.671714e-02
-9.313607e-02
