4.914113e-02
2.228798e-02
6.655343e-02
4.532390e-02
4.863519e-02
6.066546e-02
1.263966e-02
3.657906e-02
-7.356860e-02
-6.857941e-02
2.000232e-02
-3.753773e-02
5.313709e-02
-1.022281e-01
-2.730042e-03
1.104713e-01
3.201777e-02
-7.598791e-03
1.351796e-04
6.842588e-02
1.322447e-01
4.885653e-02
3.690351e-02
1.060033e-01
-1.001471e-02
2.820098e-02
2.891013e-02
3.292235e-02
7.578930e-02
4.774080e-02
9.348644e-02
1.252938e-01
-6.246199e-02
1.968370e-02
2.579600e-02
-2.900245e-02
-5.335344e-02
-9.347024e-02
5.768138e-02
-2.085674e-01
3.378521e-01
-8.678149e-02
-1.974517e-02
-1.120711e-01
-4.211015e-02
-7.116852e-02
-3.431888e-02
1.022566e-01
-3.409116e-02
2.598049e-02
8.012623e-02
5.148073e-02
1.553482e-02
-4.036772e-02
-1.192340e-01
-3.608955e-02
-1.992673e-01
-1.174272e-01
1.922336e-01
-8.529939e-03
-4.359695e-02
-2.755885e-02
1.136097e-01
-2.554196e-02
1.173997e-01
-1.250677e-01
5.676778e-02
9.345505e-02
-9.586699e-02
-6.299657e-02
-1.303702e-01
-8.004099e-02
1.315477e-01
7.889470e-02
5.712507e-02
1.081791e-01
2.741206e-02
9.314124e-03
8.018024e-02
-4.233175e-03
-5.128536e-02
1.566077e-02
6.447344e-02
4.410098e-03
1.201220e-01
2.539759e-03
7.152938e-02
8.819661e-02
-3.289552e-03
1.645662e-02
5.079144e-02
1.244573e-01
8.191697e-02
5.953971e-02
1.277270e-03
8.987854e-02
3.850956e-02
4.473326e-02
6.522624e-02
1.077086e-02
5.364667e-02
1.178218e-01
5.789957e-02
1.104421e-01
1.614356e-01
1.044679e-01
8.814959e-02
1.150123e-01
-2.898000e-01
-2.493428e-01
1.356933e-01
-1.383781e-01
2.185517e-01
-5.810055e-02
-1.058225e-01
1.313122e-01
-6.125473e-02
-1.989145e-02
-3.450500e-02
-6.905041e-02
-4.941256e-02
-5.032031e-02
2.155655e-02
2.467388e-02
1.263901e-02
2.125733e-02
7.118829e-02
-3.079274e-02
1.641152e-02
6.291925e-02
-2.323538e-01
2.305838e-01
-8.017664e-02
-4.769824e-03
-6.978860e-02
-6.092110e-02
4.032478e-02
6.626969e-02
1.074889e-01
3.473513e-01
-3.829147e-02
1.315742e-01
5.994061e-02
4.894928e-02
-9.587663e-02
-4.740252e-02
-6.281225e-03
1.100234e-02
3.447824e-02
3.385331e-02
-3.220561e-02
-4.027744e-02
5.194274e-03
2.409634e-02
1.211043e-01
-1.165794e-02
4.187315e-02
8.556391e-02
4.548322e-02
1.183427e-01
1.128107e-01
-1.820840e-02
-4.727947e-02
-5.549438e-03
-2.190425e-03
-4.143058e-03
1.013605e-01
4.165268e-02
-8.333343e-02
-3.612093e-02
-7.153199e-02
5.191224e-02
1.702317e-01
1.773931e-03
8.082809e-02
2.146113e-01
7.686166e-02
-8.629564e-02
1.029258e-01
-1.619484e-01
-1.716082e-01
5.402557e-03
-1.645235e-01
-1.250591e-01
6.349815e-02
-1.977946e-01
-8.072938e-02
2.164664e-02
-9.325758e-02
-6.604842e-03
-4.135103e-02
-4.189446e-02
1.028635e-02
-5.533369e-02
-1.589634e-02
9.373296e-02
5.559932e-02
4.322438e-02
-6.299456e-02
-6.683077e-02
-3.733658e-02
3.076677e-02
-8.536897e-02
-2.072419e-01
8.024587e-02
8.131539e-02
-3.725079e-02
-6.296039e-02
5.659171e-02
5.492033e-02
-5.795877e-03
1.194703e-01
8.587957e-02
-2.013106e-01
8.547277e-02
-1.233515e-02
-7.670895e-03
4.433880e-02
-8.411580e-03
9.483636e-02
1.906615e-01
8.750837e-02
8.675521e-02
1.445120e-01
3.996699e-03
7.010207e-02
-5.220427e-02
-6.580798e-02
-8.255268e-03
-1.546536e-02
1.469219e-02
1.466168e-02
-9.531757e-03
-8.848282e-03
1.071580e-01
2.075229e-01
8.445035e-02
3.080043e-01
4.248609e-01
2.421988e-01
5.171036e-03
1.853042e-01
-5.939928e-02
8.283046e-02
3.959464e-02
-9.316650e-03
1.665891e-01
1.338424e-01
7.829147e-02
1.386390e-02
1.179950e-02
1.351683e-02
-1.129725e-01
5.778409e-02
2.082165e-02
3.330133e-02
8.129448e-02
1.013978e-01
-2.238405e-02
-7.489416e-02
8.634181e-02
9.149361e-02
1.233863e-01
1.600215e-01
1.112739e-01
9.623393e-02
9.156284e-02
6.333976e-02
9.676784e-02
6.786071e-02
-1.022000e-02
1.750565e-01
1.772767e-02
6.062696e-03
1.636131e-01
5.764379e-02
-6.730172e-03
1.459869e-01
-3.331298e-03
-2.461674e-02
6.942136e-02
-6.300982e-04
1.715461e-01
1.687973e-01
9.013746e-02
-4.089271e-02
1.370604e-01
-1.218927e-01
-3.774274e-04
1.462538e-03
7.287757e-04
3.691269e-03
7.749324e-04
-2.378525e-03
-4.118881e-03
1.347822e-03
-7.157293e-04
-1.731666e-03
8.962876e-05
-9.141426e-04
-2.379757e-04
2.723144e-03
9.870615e-04
-2.673303e-03
8.198891e-04
5.185553e-04
2.093518e-03
-5.222213e-04
3.145986e-03
-1.918511e-03
-1.231918e-03
2.511650e-03
1.291407e-03
-7.095954e-05
1.749284e-03
-6.048313e-04
-9.864601e-04
-1.010720e-04
-7.705102e-04
-3.426707e-04
4.817657e-04
1.823061e-03
3.419087e-03
2.593886e-04
1.578120e-03
1.677579e-03
-1.115135e-03
2.605846e-03
-4.971709e-04
-4.451586e-03
-2.285163e-03
8.466180e-04
-7.569853e-04
-3.678712e-03
1.891317e-03
1.600656e-03
2.247429e-03
-6.413232e-04
-1.775552e-03
-9.317180e-04
9.409592e-04
-1.843789e-03
3.311600e-03
-1.272984e-03
2.021821e-04
-3.880594e-04
9.652666e-04
-1.900059e-03
2.493329e-04
-1.177880e-03
2.613515e-03
2.835295e-03
-1.111221e-03
2.368012e-03
2.041124e-04
-5.945888e-04
1.720476e-03
9.341361e-04
-1.325301e-05
-1.272422e-03
3.087476e-03
8.580299e-04
2.032266e-03
1.159530e-03
1.669533e-03
-1.697026e-03
2.190756e-03
-1.125487e-03
2.629311e-03
6.889388e-05
6.426614e-04
3.330965e-03
-2.385786e-04
2.199737e-03
-5.519647e-04
6.222447e-04
-1.966832e-04
8.146821e-05
-1.175453e-04
-6.420592e-04
3.381770e-04
3.535823e-03
-3.979911e-03
-2.521462e-04
2.315881e-03
-1.170570e-03
3.720634e-04
4.001664e-04
1.696658e-03
1.262528e-03
-1.204946e-03
1.324813e-03
2.636990e-03
-9.576755e-04
2.393777e-04
-9.040289e-04
-1.962367e-04
9.378813e-04
-2.666002e-03
-8.250512e-04
-1.688280e-03
-6.382345e-05
-4.611614e-04
-1.245501e-03
-1.000599e-03
1.722516e-03
-1.880971e-03
-2.473309e-04
-4.082405e-05
1.954060e-04
-2.663845e-04
2.053123e-03
3.109810e-04
4.439091e-04
2.246569e-03
9.999051e-04
7.959478e-04
-7.513356e-04
-6.244553e-04
2.991632e-03
1.861725e-03
-5.698461e-05
1.317661e-03
-3.989621e-04
-1.002187e-03
-6.357256e-04
-5.688386e-04
-4.171403e-04
2.528548e-04
-1.036610e-03
-3.964390e-04
-2.945553e-03
-2.840813e-02
3.140157e-02
9.308386e-02
2.206429e-01
1.675512e-01
9.849738e-02
2.031537e-01
4.097601e-03
-1.461221e-01
-1.201058e-01
-1.135334e-01
1.066568e-01
3.642049e-02
1.128619e-01
1.182137e-01
8.581609e-02
1.293818e-01
-4.584710e-02
-8.203787e-02
-2.433672e-02
-4.912638e-02
-8.543816e-02
-2.610988e-02
-7.467758e-03
-1.057458e-01
-4.405476e-02
-6.416886e-02
1.462250e-02
-1.072945e-01
-1.087474e-01
-1.437611e-02
-9.753642e-02
-2.846649e-02
1.515433e-02
1.198207e-02
1.351036e-01
-1.456639e-01
-2.031188e-01
1.981641e-02
-1.582037e-01
-9.121627e-02
1.945786e-01
-3.161255e-02
1.919758e-01
1.936034e-01
-1.923867e-01
3.404773e-02
5.945746e-02
1.515036e-02
8.951203e-02
-7.448239e-02
2.079090e-01
3.409595e-02
-2.049623e-01
-2.330624e-02
6.795789e-02
1.040010e-01
-3.734288e-02
-1.584437e-02
-1.892976e-02
-8.234864e-02
-6.646626e-02
-3.639016e-02
3.594038e-01
1.040804e-01
-2.107960e-01
1.091228e-01
-2.616954e-01
-3.165030e-01
-2.353483e-01
-2.982025e-01
2.231920e-02
1.155192e-01
-4.196088e-02
-1.263940e-01
2.927571e-03
-1.152248e-01
-7.521659e-02
-1.513680e-01
-1.571362e-01
-9.054464e-03
1.716059e-01
2.473993e-01
1.653783e-01
1.815182e-01
6.211305e-02
-5.265218e-02
4.969530e-02
-8.881879e-02
-1.493512e-02
2.044147e-02
2.230734e-02
1.744163e-02
8.140638e-02
8.325779e-02
1.796668e-02
3.947587e-02
3.634291e-02
4.291502e-02
2.586073e-03
3.676867e-02
5.681894e-02
7.427830e-02
1.351130e-02
-6.652211e-02
9.314910e-02
-1.652364e-02
-8.164354e-02
5.048547e-02
1.085046e-01
8.540507e-04
-6.600395e-03
-4.799918e-02
-1.531704e-01
-1.510931e-01
-6.475607e-02
-1.061043e-01
-1.835177e-02
-9.125166e-03
-6.700473e-03
-1.661062e-02
1.417264e-02
3.029241e-02
3.347550e-02
2.577071e-02
3.915068e-03
-1.044692e-01
-4.917448e-02
4.723031e-02
-2.254347e-02
6.043363e-03
4.729895e-02
-1.601553e-02
-3.345047e-02
-1.137922e-02
1.059612e-01
1.837676e-01
1.028637e-02
1.735522e-01
3.300823e-02
7.805200e-02
2.585247e-02
2.302034e-02
1.123812e-01
3.749762e-01
2.582574e-01
1.072623e-01
2.456432e-01
4.357340e-02
-1.683327e-01
-1.235792e-01
-2.469749e-01
-3.267227e-01
8.443513e-03
1.714829e-01
1.686973e-01
7.112346e-02
1.128159e-01
3.987726e-03
-3.026270e-02
3.175227e-03
3.116674e-04
-5.341379e-02
8.899705e-02
1.042450e-01
1.688667e-02
-7.808082e-04
-7.797757e-02
-1.919957e-01
-1.173563e-01
-9.497986e-02
-8.201567e-02
-1.150721e-01
-3.453110e-02
9.536408e-03
7.681965e-02
1.870779e-01
8.675792e-02
1.198556e-01
1.318770e-01
-5.430315e-02
-2.281597e-01
-1.573670e-01
-1.012371e-01
-5.871825e-02
1.106395e-01
6.150477e-02
2.797388e-01
2.109513e-01
-7.778572e-02
-3.901652e-03
3.430395e-03
-1.022199e-02
4.985784e-02
1.161966e-02
-1.778561e-02
3.214771e-02
-6.091292e-03
1.362416e-01
7.913805e-02
3.258357e-02
-6.626070e-02
-1.116058e-01
-1.635916e-01
3.525723e-02
8.835503e-02
7.846618e-02
-7.264081e-02
2.345104e-03
3.082460e-02
-1.165643e-02
5.600492e-02
6.178258e-02
5.063850e-02
-2.489744e-02
-1.146488e-01
-4.375821e-03
2.383332e-03
6.961424e-02
-4.412705e-03
6.095365e-03
-3.902730e-02
-1.407622e-02
-2.530082e-02
-4.942742e-02
-4.500738e-03
5.499445e-02
6.495400e-02
-1.005468e-01
-6.850968e-02
-3.731037e-02
2.318010e-02
5.483358e-02
1.279904e-01
8.854541e-02
1.421202e-01
5.517736e-02
5.591839e-03
3.831191e-02
2.899831e-02
-1.125855e-01
-7.783211e-02
5.981990e-02
-5.940306e-02
-2.364380e-02
-7.485907e-02
2.268396e-02
9.297045e-02
4.964625e-02
5.244428e-02
1.282256e-01
1.010186e-01
-4.135897e-02
-1.538651e-01
-1.508270e-01
-2.153515e-01
-1.088629e-01
4.586666e-02
-7.314572e-02
1.336375e-01
-1.152021e-01
-5.545835e-02
5.865975e-02
7.590836e-02
4.476167e-02
3.094885e-02
-2.080631e-02
-1.053810e-01
-5.421369e-02
-4.748600e-02
1.129257e-01
1.854462e-01
1.216460e-01
9.022857e-02
1.877136e-02
-4.537150e-02
-4.387102e-02
-6.661180e-02
9.165280e-03
-9.036128e-02
-1.257264e-01
-4.611264e-02
7.178355e-02
2.446230e-01
2.566921e-01
6.813347e-02
1.921003e-01
3.812856e-02
-1.654265e-01
7.801515e-03
2.628166e-01
-1.338869e-01
-1.373500e-03
1.918804e-01
-1.356410e-02
6.455217e-02
1.681073e-01
-8.885530e-02
-8.889698e-02
3.856213e-02
-9.060229e-02
-2.507673e-02
3.821462e-02
-7.903932e-02
-6.586704e-02
-7.052835e-02
-7.514887e-02
-2.309810e-02
2.209868e-02
-7.149307e-02
-1.269148e-02
7.708357e-02
-3.649924e-02
1.650571e-02
1.359791e-01
-8.554891e-02
-7.066759e-02
-1.170137e-01
2.263898e-02
-8.711365e-03
-4.870545e-02
6.722371e-02
4.803078e-02
2.265563e-03
-7.751632e-02
-1.129015e-01
1.126096e-01
-7.857267e-02
-1.310665e-01
1.752303e-01
-1.633700e-01
-5.474500e-02
1.327979e-01
-2.464221e-01
-6.139193e-02
8.558214e-02
-1.868810e-01
1.139732e-02
1.663240e-01
-9.579250e-02
1.532433e-02
1.083721e-01
4.883682e-02
4.022684e-02
-9.975858e-03
1.726045e-03
2.453855e-02
-4.469764e-02
-5.959943e-02
-9.054118e-03
-9.674787e-02
1.381887e-01
-5.607424e-02
-1.485072e-01
1.350690e-01
-1.712184e-01
-1.977167e-01
2.313866e-02
-1.501087e-01
-1.101481e-01
9.434914e-02
-5.285786e-02
-1.697206e-01
3.766695e-02
-5.230571e-02
-9.411693e-02
-5.264352e-02
-9.897025e-02
-7.064077e-02
3.004085e-01
2.074961e-01
-6.303012e-02
2.802526e-01
9.034897e-02
-1.899549e-01
2.559225e-01
2.057999e-02
-1.679346e-01
-2.405832e-02
4.655765e-02
7.879414e-02
6.510685e-02
9.426721e-02
6.743183e-02
3.452859e-02
7.700400e-02
1.449677e-02
6.099657e-02
4.819378e-02
1.907150e-02
5.371784e-02
2.454955e-02
-2.521209e-02
3.245674e-02
1.024420e-03
-3.723175e-02
-1.526894e-01
8.486809e-03
-2.585406e-02
-9.989890e-02
-1.523717e-02
8.136485e-03
3.855939e-02
-2.494763e-02
4.225191e-02
7.078691e-03
-2.575038e-03
-6.677603e-03
3.132784e-02
2.205768e-02
3.911935e-02
-2.089289e-02
-1.172526e-02
2.203097e-02
-8.216652e-02
-1.344719e-01
6.767440e-02
-6.648067e-02
-1.095739e-01
9.981458e-02
9.580309e-03
-1.075693e-01
1.522347e-01
8.125720e-02
1.376743e-01
1.124979e-01
1.445459e-01
3.520112e-02
-1.821029e-02
1.026349e-01
1.256100e-02
-1.224702e-01
8.107258e-02
2.578240e-02
4.670827e-02
9.656964e-03
-7.877563e-02
-5.263431e-02
2.859899e-02
-4.596644e-02
-7.093461e-02
-5.318739e-02
-6.539626e-02
-9.720241e-02
-7.680372e-02
-1.176437e-01
-1.402369e-01
-1.787450e-01
4.399970e-02
4.579726e-03
9.431542e-02
7.169920e-02
2.910393e-02
1.305941e-01
4.409366e-02
9.261860e-03
6.690405e-02
6.027635e-02
8.067399e-02
5.859758e-02
5.230495e-02
-8.805041e-02
1.655964e-01
1.597396e-01
-1.317803e-01
7.130338e-04
-5.040666e-02
-1.600365e-01
3.356611e-02
-4.518889e-02
5.045537e-02
-3.225013e-02
1.111247e-01
-3.508860e-02
-1.439290e-01
2.599623e-03
-6.124573e-02
-6.237092e-02
-1.900729e-02
-2.261181e-03
4.910810e-02
3.298528e-02
-1.476511e-02
2.907166e-02
-3.073151e-02
-3.825909e-02
-1.051864e-01
7.443585e-03
1.192134e-01
-1.459670e-01
1.347248e-01
1.989519e-01
-1.491310e-01
-1.429039e-02
-2.401418e-02
1.194607e-02
9.925170e-02
-1.082010e-01
-3.608653e-02
7.512028e-02
-7.647195e-02
-1.033100e-01
-7.632100e-02
-7.443108e-02
4.117039e-02
-1.074769e-02
4.036888e-02
7.323420e-02
5.921547e-02
3.752090e-03
9.081846e-03
2.407979e-03
-1.676713e-02
-5.080052e-03
1.260061e-01
5.398785e-02
2.629916e-02
3.756374e-02
9.220111e-02
-1.098259e-03
9.592115e-03
9.397759e-02
-7.915864e-02
-2.731049e-02
-5.054715e-02
-7.461521e-02
-4.738022e-02
-5.204068e-02
-1.289606e-02
6.881461e-02
3.903713e-02
-3.020872e-02
2.352824e-02
3.077097e-02
4.284487e-02
1.279569e-01
8.598725e-02
1.135011e-01
1.570527e-01
4.096667e-02
-1.418298e-01
-1.823196e-01
-2.971179e-01
-1.296895e-01
7.296664e-02
-8.554196e-02
3.694056e-02
1.558984e-01
9.691354e-03
9.559697e-03
1.061506e-02
-3.779534e-02
2.689030e-02
6.353380e-03
-1.835647e-02
-2.717588e-02
-1.466077e-02
-2.503941e-02
-1.602048e-01
-6.782943e-02
-1.056210e-01
-5.032306e-02
-1.933938e-01
-4.467635e-03
-2.777176e-02
-3.072491e-02
3.499135e-02
-2.523573e-02
4.089791e-02
-6.153212e-02
-3.252947e-02
2.156223e-01
-1.219232e-01
-3.514978e-02
-3.996629e-02
-1.394733e-01
-2.372965e-01
-2.329960e-01
-1.993488e-02
-2.855626e-01
-3.443908e-02
2.320728e-01
-6.182155e-02
2.322897e-01
3.555576e-01
-1.047008e-01
-1.663094e-02
1.291898e-02
-6.327385e-02
2.564031e-02
-6.876945e-02
-1.648394e-01
8.608919e-02
-1.661396e-02
8.137273e-02
1.359792e-01
1.762761e-01
1.802940e-01
8.557766e-02
-2.935665e-02
2.680208e-02
-3.305450e-02
1.474067e-03
-5.001637e-03
3.543043e-02
9.700464e-02
5.336916e-02
1.142452e-01
1.176822e-01
1.480879e-02
-7.894580e-03
-1.403489e-01
1.480654e-01
-1.035015e-01
7.933590e-02
-3.785205e-02
1.860047e-02
-1.405868e-02
-5.537354e-02
-3.557548e-02
-2.753357e-01
6.626859e-02
-2.261118e-03
-2.002333e-01
1.316605e-01
-2.378281e-02
-1.759872e-01
3.815974e-02
-1.065163e-01
-1.751953e-01
-4.192640e-03
-1.345413e-01
2.766082e-03
-9.349921e-02
-1.313983e-01
3.818790e-02
5.189779e-02
1.611774e-01
1.389020e-01
-1.608010e-01
-2.327387e-01
-1.754937e-01
-2.458542e-01
-1.410255e-01
7.446639e-02
-2.002375e-01
9.101699e-02
1.199243e-01
1.107994e-01
1.235709e-02
-3.463679e-03
8.898325e-02
2.078131e-02
1.951202e-02
-6.144382e-03
-1.399478e-02
9.238806e-02
1.498947e-01
1.978732e-01
5.368983e-02
9.381007e-02
3.293258e-03
-1.106355e-01
1.725633e-02
-4.118791e-02
-1.419152e-03
-6.351529e-03
8.097925e-02
2.654250e-03
7.316265e-02
6.119352e-02
-2.607169e-02
5.230189e-02
2.121527e-03
-3.019335e-02
1.809797e-01
1.264349e-01
3.888268e-02
5.893083e-02
3.380827e-02
3.813188e-02
5.426873e-02
2.520339e-02
8.410416e-02
-2.028125e-02
-1.294486e-01
-1.471662e-01
-6.136877e-02
-1.628136e-01
-8.312131e-02
4.933468e-02
-7.854029e-02
2.007403e-02
2.184237e-03
2.182096e-02
-3.259066e-02
9.820817e-02
6.246902e-03
-1.038030e-01
-3.751196e-02
-4.321564e-02
-1.725281e-02
2.980091e-02
1.723871e-01
-3.295845e-03
7.192805e-02
1.291754e-03
-1.846052e-01
1.194975e-01
-3.032286e-02
3.657774e-02
-3.723779e-02
-7.617985e-02
1.542663e-02
-9.386764e-03
1.889894e-01
1.387011e-01
1.187687e-01
7.620129e-02
-3.108807e-02
-7.528346e-03
7.671928e-02
1.581859e-02
8.474898e-02
1.328518e-01
4.723306e-02
1.587964e-02
3.269303e-02
1.876009e-02
1.003623e-02
2.373933e-02
-2.462338e-02
3.229997e-02
5.879248e-02
-4.526217e-03
4.893418e-02
6.572603e-02
-1.407958e-02
2.892818e-03
9.574658e-03
-1.707950e-02
-2.646399e-02
-6.045036e-03
-1.337249e-02
-4.417014e-02
-2.445269e-02
-4.389651e-02
1.329738e-01
8.794454e-02
4.527067e-03
1.078873e-01
6.041234e-02
-7.697616e-03
7.649321e-02
3.950758e-02
-2.613659e-03
-6.563791e-02
-9.463079e-02
-7.885727e-02
-8.820719e-02
-6.503116e-02
-2.834379e-02
-7.928758e-02
-9.922018e-02
-6.991286e-02
-3.956447e-02
-5.642122e-02
-6.952166e-02
-2.488451e-02
-2.956674e-02
-2.852173e-02
-1.208817e-03
-1.859877e-02
-1.196726e-02
-1.705555e-02
2.001979e-02
4.073706e-02
8.039908e-03
5.796195e-02
8.169586e-02
5.003200e-02
2.425714e-02
2.743471e-02
-3.177328e-02
-1.959176e-02
-4.758800e-02
-2.599211e-03
3.704360e-02
1.642773e-02
3.244566e-02
5.990808e-02
3.666551e-02
4.704563e-03
1.198230e-02
3.705482e-03
-1.943661e-04
3.840818e-02
4.191575e-02
-1.931033e-03
5.002444e-02
2.594254e-02
5.709004e-02
3.101001e-02
4.505646e-02
-1.223224e-02
-3.308270e-02
2.092983e-02
1.283693e-02
2.057840e-03
3.226920e-02
3.983985e-02
4.618254e-02
-1.228790e-02
6.854644e-02
5.483123e-02
-2.031829e-03
2.384137e-02
-7.807082e-04
-5.233634e-02
-5.330703e-02
-1.159020e-02
1.704549e-02
-6.416561e-02
-2.388269e-02
-1.326646e-02
-7.527943e-02
-6.980357e-02
-5.217760e-02
6.708566e-02
8.961358e-02
1.033323e-01
6.386812e-02
8.972673e-02
1.349795e-02
-1.145254e-02
8.297497e-02
-1.298454e-02
-1.952098e-03
-1.450557e-02
-2.092507e-02
5.044038e-03
2.692642e-03
1.666356e-02
-2.720283e-03
-1.399804e-02
3.150700e-04
1.627397e-02
1.720550e-02
3.829053e-02
1.885880e-02
5.163459e-02
4.450383e-02
4.688080e-02
2.910377e-02
-1.063680e-02
2.817732e-02
3.835362e-02
-1.737514e-02
9.243636e-02
8.065113e-02
5.639755e-02
7.204822e-02
3.977604e-02
5.678488e-02
-7.734124e-02
-2.656496e-02
-1.287024e-02
4.992061e-02
5.323528e-02
7.583995e-02
2.172231e-02
8.531757e-02
1.387643e-01
-6.745414e-02
-8.859183e-02
-1.354126e-01
6.731763e-02
8.076406e-02
2.397445e-02
-5.468216e-02
7.927511e-02
7.164153e-02
-1.753326e-02
-1.434820e-02
4.103803e-02
4.037194e-02
-1.043634e-02
1.664460e-02
9.977832e-03
-1.106909e-01
-1.393398e-01
-7.027520e-02
-1.228402e-02
-9.795675e-03
-1.027230e-01
-1.043731e-01
-3.423213e-02
1.632691e-02
-1.573975e-01
-1.215344e-01
-1.944591e-02
-1.228805e-01
-2.183071e-01
1.203799e-01
1.742244e-01
-8.431898e-02
1.070859e-01
1.439647e-01
8.642545e-02
1.884036e-01
3.259922e-02
-2.784003e-01
1.492376e-01
2.169274e-01
-9.060427e-03
-2.355074e-01
-5.551907e-03
5.267189e-02
-7.777321e-02
-1.979216e-01
4.060439e-02
-4.061769e-02
-1.772822e-01
-1.314384e-01
2.135235e-02
-8.798265e-02
-9.631352e-02
4.377025e-02
3.967166e-01
3.241225e-01
-2.666349e-01
-7.432460e-02
1.697934e-01
-6.979001e-02
-2.543477e-01
-9.114509e-02
2.134073e-01
3.685455e-02
-1.062351e-01
1.405725e-01
1.675564e-01
1.261327e-01
-5.908401e-02
5.657650e-02
1.423402e-01
-5.941642e-02
1.179266e-01
1.685125e-01
-1.611347e-01
-6.258587e-02
1.112688e-01
-1.829100e-01
-1.800707e-01
-8.196040e-02
-1.208067e-01
-9.695517e-02
-1.687028e-02
5.138641e-02
-1.851412e-03
1.559479e-02
1.158298e-01
2.766596e-02
6.007758e-02
3.913048e-02
6.195719e-02
-8.047791e-03
-2.599522e-02
1.047746e-01
1.008712e-01
-1.772693e-01
-3.279224e-02
4.511320e-02
8.705340e-02
3.054442e-02
-4.611903e-02
1.495358e-02
3.983793e-02
1.132215e-01
1.314865e-01
1.289980e-01
-7.300547e-02
-2.491170e-02
-4.157235e-02
-1.956806e-02
6.693642e-02
-1.355926e-02
-5.220672e-02
2.683636e-02
8.190145e-03
-5.513273e-02
6.168531e-02
-8.296357e-02
-1.370259e-01
1.173648e-01
1.445536e-03
-5.798710e-02
7.840337e-02
-3.290739e-02
-1.321414e-01
4.145939e-02
9.257413e-02
9.028416e-03
-1.285696e-01
-2.197425e-02
8.237205e-02
-1.251892e-01
-2.317817e-01
-9.096634e-02
-9.530941e-02
-5.035587e-02
-1.485489e-02
-8.737843e-03
3.162053e-02
1.680107e-02
4.705888e-02
2.700887e-02
1.545292e-02
-8.766983e-02
-1.609066e-01
-5.094330e-02
-2.474609e-01
-1.497899e-01
1.151669e-04
-1.485670e-01
-1.453902e-01
-8.662878e-02
-3.539614e-02
-1.556504e-02
4.975877e-02
-6.308115e-02
1.043526e-01
1.872032e-01
8.806256e-03
8.018375e-02
5.875494e-02
2.017209e-01
-4.792383e-02
-7.782017e-02
2.334596e-01
-9.988377e-02
-1.352880e-01
1.215995e-01
-5.831670e-02
-7.881410e-02
7.734197e-02
5.123773e-02
8.756434e-02
3.718822e-01
-2.040824e-01
1.012568e-01
1.469909e-02
-6.234010e-02
2.772239e-02
3.915587e-03
-1.897259e-02
-9.443441e-02
2.196611e-02
-4.320372e-02
-1.070221e-01
-3.747951e-02
-4.256047e-02
-7.310332e-02
1.807023e-02
8.406136e-03
-2.113162e-01
3.279533e-01
1.508664e-01
-1.090856e-01
3.757099e-02
-5.767420e-03
-2.166068e-01
4.206739e-03
-1.072908e-01
5.783062e-02
4.251138e-02
-8.609369e-03
4.349330e-02
-4.965747e-02
2.931745e-02
-7.453235e-02
-1.847188e-03
4.469770e-02
-2.870768e-02
5.538010e-02
1.241978e-01
3.661043e-02
1.916925e-02
2.075881e-02
-1.174771e-02
-2.925436e-02
-6.063964e-02
7.454585e-02
-1.344935e-01
4.972656e-02
1.094055e-01
-7.528371e-02
1.122655e-02
6.348519e-03
-6.028322e-02
-6.459521e-02
6.514067e-02
-6.711980e-02
1.045982e-01
1.232925e-01
9.243366e-03
9.486085e-02
8.152752e-02
1.427190e-01
1.566560e-01
2.807980e-01
2.126292e-01
1.956947e-01
2.990345e-01
1.589483e-01
1.383530e-01
1.954167e-01
-1.650397e-01
-3.014819e-02
-1.648690e-02
1.483453e-01
-1.145969e-01
-1.339051e-01
2.612072e-02
-1.220857e-01
-4.031994e-02
-3.465503e-03
-3.751659e-02
1.880503e-02
4.642600e-02
1.328450e-01
1.501390e-01
5.213704e-03
1.955291e-02
-1.232883e-02
-7.532812e-02
-3.780192e-02
2.509084e-02
-2.589592e-01
3.208114e-01
-7.011800e-02
-7.883461e-02
-3.978106e-02
-1.348459e-01
6.140724e-02
-5.849000e-02
8.972187e-02
1.848699e-01
-5.431328e-02
-4.528243e-02
-7.237631e-02
-2.708056e-02
-7.979268e-03
-7.673983e-02
-9.427512e-02
-9.027878e-02
-2.102044e-01
-1.637736e-01
-1.265226e-01
-2.027206e-01
-1.172968e-01
-6.362800e-02
-2.595752e-02
1.754997e-02
2.584374e-02
6.682098e-03
1.244221e-02
7.360409e-03
2.852702e-02
3.232971e-02
3.967056e-02
-7.787598e-02
4.321091e-02
3.661403e-02
3.579960e-02
1.084137e-01
8.617383e-02
3.161158e-02
8.280498e-02
9.245356e-02
4.224584e-02
8.872698e-02
1.052484e-01
5.216273e-02
8.953311e-02
6.646762e-02
6.526875e-02
5.143053e-02
1.863523e-02
2.091478e-01
2.607995e-01
2.245616e-01
1.291319e-01
3.307143e-01
2.493947e-01
1.268761e-01
2.317741e-01
5.994955e-02
8.399833e-02
1.766325e-01
9.184220e-02
4.834211e-02
4.420670e-02
7.404421e-03
1.104443e-01
1.382417e-02
2.101935e-02
1.291958e-01
4.994114e-02
1.408700e-02
-4.107465e-03
-4.691380e-02
-7.131077e-02
-1.924472e-02
-2.231647e-02
-9.799775e-02
-5.440888e-02
-4.033269e-02
-1.084205e-01
-9.803432e-02
-1.005533e-01
-1.433512e-01
-1.516817e-01
-1.311033e-01
-1.142675e-01
9.682432e-04
2.899903e-03
-3.861146e-03
1.556060e-02
-1.012770e-02
-4.874681e-02
2.030106e-02
5.795364e-03
-3.470609e-02
-6.267680e-02
-1.225888e-02
-7.484328e-03
-3.977261e-03
6.336254e-03
-4.292686e-02
-6.722961e-02
-9.381142e-02
-1.203070e-01
4.761429e-02
1.325894e-01
1.148048e-01
9.649060e-02
1.323756e-01
8.539196e-02
1.131479e-01
1.235961e-01
5.605969e-02
-9.158128e-03
3.600266e-02
-7.294101e-02
7.628167e-02
1.170904e-01
1.225783e-02
1.019012e-01
1.232668e-01
2.537370e-02
1.342301e-02
-7.001831e-02
-7.807463e-02
-4.731408e-02
2.989720e-02
-1.256448e-02
1.485010e-03
2.484602e-02
2.763075e-02
-5.797154e-02
-5.262721e-02
-6.892900e-02
-3.983521e-02
-4.166800e-02
-3.116101e-02
1.571338e-02
-8.461758e-03
4.945801e-03
1.166704e-02
1.027193e-02
-3.560019e-02
6.309047e-02
5.039332e-03
-1.585043e-02
-2.972621e-03
2.511826e-02
5.737695e-02
-5.457754e-02
-1.106014e-02
3.065844e-03
-9.392519e-02
-1.657664e-02
-3.673076e-02
4.971290e-02
3.956001e-02
2.729604e-03
-3.518742e-03
-2.400517e-02
1.713694e-02
-6.525079e-02
-2.740381e-02
1.419038e-02
-8.443719e-02
-9.881436e-03
5.697080e-02
8.404169e-02
1.701589e-02
4.479924e-03
3.834157e-02
2.786450e-02
3.681452e-03
7.778557e-03
-3.132753e-02
8.117405e-03
-4.773180e-03
-4.754645e-02
-6.712075e-02
2.616624e-02
2.375720e-02
-4.481993e-02
1.593084e-02
1.084954e-02
2.671846e-02
-5.621364e-02
-7.525980e-03
3.147967e-02
-8.652662e-02
-5.931561e-02
1.771712e-02
-4.890876e-02
-3.043316e-02
-6.390760e-03
3.407103e-02
1.242178e-01
-1.493238e-01
-2.974862e-03
-1.563084e-01
1.640946e-01
-6.357336e-02
-1.163183e-01
1.676058e-02
5.919454e-02
2.527447e-02
4.377576e-03
1.027730e-02
5.056552e-02
4.908048e-02
-6.432427e-02
4.792643e-02
7.344192e-02
2.967273e-02
2.919035e-02
-6.212339e-02
1.085995e-02
-7.754700e-02
2.543728e-02
1.768594e-02
-6.932449e-02
-3.438951e-02
-6.062955e-02
-1.099653e-03
7.712931e-02
-2.422113e-02
3.244072e-02
6.163794e-02
8.756112e-02
1.166235e-01
7.062155e-03
1.042347e-02
5.227403e-02
7.037251e-02
-2.585067e-02
-3.485820e-03
-2.287636e-03
-9.790124e-03
-6.827882e-02
-8.515231e-02
-3.529689e-02
-4.292431e-02
-2.661149e-04
-2.830451e-02
4.498114e-02
-2.329113e-02
-2.366511e-02
8.365189e-02
2.217053e-02
-2.444196e-02
2.873992e-03
6.550438e-02
3.400496e-02
7.510206e-03
-3.152165e-02
2.946140e-02
-2.741831e-03
-2.613561e-02
-2.189228e-03
-3.771413e-02
-4.328742e-02
-5.134670e-02
-7.088536e-02
-5.800169e-02
-4.887856e-02
-7.422804e-02
-9.100537e-02
2.553164e-02
3.857052e-02
-1.887084e-01
2.082967e-03
6.579193e-02
-7.479002e-02
5.871123e-03
6.384787e-03
2.757708e-02
-4.330360e-02
-3.421203e-02
-2.586856e-02
8.381221e-03
3.623153e-02
-2.103116e-02
2.135096e-02
1.023132e-02
3.422913e-03
-6.082452e-02
-7.902639e-02
-1.082003e-02
-2.118854e-02
4.902528e-02
-9.780013e-02
2.839444e-02
-7.237509e-02
-8.972043e-02
5.780942e-02
1.062227e-01
-4.971356e-02
-5.458356e-02
2.372947e-02
4.987600e-02
4.970548e-02
6.170420e-02
2.122819e-02
-7.964023e-03
-1.718334e-02
-5.129979e-02
1.866730e-02
-1.551041e-02
-8.655781e-02
1.543614e-01
1.187457e-01
2.115405e-02
-5.199885e-02
1.967794e-02
4.233541e-02
-5.865857e-02
3.435810e-03
2.500229e-03
2.066989e-02
-2.523308e-02
-5.423368e-02
-4.911358e-03
-2.891118e-02
-3.806380e-03
1.565267e-02
-1.266987e-02
-1.889061e-03
-1.159396e-02
-5.300744e-02
-5.413532e-02
7.306225e-02
5.617374e-02
7.481625e-03
-1.683833e-02
-9.124289e-03
-2.739960e-02
-1.351553e-01
-1.159281e-01
-1.456961e-01
9.311719e-03
-7.315262e-02
-3.283802e-02
2.634470e-02
6.247151e-03
1.380376e-02
-4.946260e-02
5.312864e-02
3.911093e-02
-5.350071e-02
-6.672147e-02
-5.159707e-02
-6.263518e-02
-6.491153e-02
7.761495e-03
-1.619798e-02
2.258649e-02
6.519280e-02
-8.361191e-03
-2.704887e-02
-3.890417e-02
-2.439016e-03
-2.932172e-02
-1.282334e-01
-3.706042e-02
1.297331e-02
4.033124e-02
-4.395904e-02
-1.325489e-02
-3.505968e-02
1.640794e-02
2.290774e-02
-5.283660e-02
-2.079493e-02
-4.580114e-02
-7.248413e-02
1.623709e-02
3.799677e-02
3.764828e-02
4.738202e-02
9.143800e-02
9.205117e-02
-8.123293e-02
-4.575348e-02
-6.524632e-02
7.549250e-02
6.553341e-02
2.039099e-02
-2.200922e-03
-3.611014e-04
9.796198e-03
4.442785e-02
3.325645e-02
4.466053e-02
1.564743e-01
1.359147e-01
1.729602e-01
2.771973e-01
2.572540e-01
2.723759e-01
-1.581190e-02
-7.571857e-02
-1.793317e-02
4.878398e-02
7.500418e-02
7.482420e-02
1.336086e-01
1.195961e-01
9.483428e-02
-6.998887e-02
-6.148830e-02
-4.383711e-02
-7.156204e-02
-3.304957e-02
5.403746e-03
1.418381e-01
7.920597e-02
1.578618e-01
4.512076e-02
8.007725e-02
-2.521737e-03
1.336571e-03
-1.055385e-02
2.337419e-02
5.305295e-02
6.125823e-02
4.256596e-02
3.363269e-02
9.155756e-03
1.450853e-02
-1.494293e-04
3.535619e-02
3.420040e-02
2.515228e-02
2.891826e-02
1.053562e-02
6.246973e-02
-4.202485e-02
-1.284773e-03
-5.019445e-02
-4.040539e-02
4.709780e-03
4.636908e-02
4.502881e-02
2.384159e-03
5.899061e-03
3.560949e-02
3.878157e-02
-1.371735e-03
9.752676e-04
1.231844e-03
1.939882e-03
6.656185e-04
2.083266e-03
1.336075e-04
1.291269e-03
1.551011e-03
2.435459e-03
-4.005966e-03
-2.214149e-03
-6.580564e-04
3.239201e-03
1.932547e-03
1.158825e-03
-9.143663e-04
-2.951313e-03
7.695693e-04
-2.775116e-05
1.858512e-04
2.533071e-03
-1.148253e-03
-3.525027e-04
1.094162e-03
8.161882e-05
-1.982039e-03
4.310556e-04
-2.221697e-03
1.950470e-03
3.579033e-04
3.298821e-03
-1.622580e-03
7.120667e-04
2.320989e-03
1.053383e-03
1.739038e-03
-2.103295e-05
-2.741064e-03
1.614026e-03
1.627281e-03
1.224718e-03
4.529148e-04
-1.272449e-03
2.820768e-03
-1.251560e-03
2.557635e-03
-4.336559e-04
-1.021825e-03
5.026737e-04
1.362614e-03
-5.064149e-04
5.301421e-03
4.964750e-04
2.582185e-04
5.250623e-04
2.083188e-03
-3.788290e-04
-2.942948e-03
6.584205e-04
-1.197572e-03
4.893380e-04
8.595615e-04
-8.784724e-04
-8.586121e-04
2.510032e-03
5.538851e-04
9.521634e-04
-1.126844e-03
-3.054362e-03
1.968796e-03
1.638258e-03
1.568675e-05
-2.515037e-03
1.976578e-03
-3.967388e-03
-8.741361e-04
-6.340553e-04
2.016104e-04
-1.102223e-04
-2.813264e-04
-1.881929e-04
3.116182e-04
-1.529304e-03
-2.686935e-03
2.175123e-04
-7.477999e-04
2.273917e-03
1.994551e-04
9.334316e-04
-1.113210e-03
-1.695276e-03
-1.911442e-03
9.745565e-04
-2.223698e-04
-1.418697e-04
-2.570671e-04
-1.440792e-03
2.939888e-03
-3.372942e-04
-1.927423e-03
-2.399194e-03
8.010151e-04
-3.859217e-04
-2.058767e-03
-1.470762e-03
-1.580797e-03
-1.487399e-03
-7.809218e-04
-2.173459e-05
3.399254e-04
1.410081e-03
6.045736e-04
-1.479213e-03
3.421808e-03
-4.143654e-04
3.926701e-03
-3.874561e-04
1.133037e-03
1.164788e-03
2.813899e-04
-7.447375e-04
-8.345462e-04
-1.174744e-03
-3.665364e-05
7.289943e-04
3.306988e-03
2.310805e-05
-1.788394e-03
1.748594e-03
-2.565849e-03
-1.739521e-03
3.151644e-03
-4.041425e-04
-4.679112e-04
2.415522e-03
1.025811e-03
-3.402242e-03
1.364243e-03
-2.565873e-03
1.447885e-04
5.926698e-04
5.559859e-03
6.936646e-04
-7.262475e-02
-3.973841e-02
-5.334456e-02
7.224789e-02
1.108013e-01
9.769803e-02
2.044020e-02
1.630144e-01
9.860744e-02
-5.685221e-02
2.818631e-02
8.909656e-02
-9.744629e-02
-7.381955e-02
-1.083790e-02
5.334205e-02
1.080127e-01
7.718953e-02
6.684783e-02
1.819222e-01
1.852430e-01
-5.800337e-02
4.368918e-02
-5.872713e-02
-7.077830e-02
-6.020538e-02
-1.727982e-01
6.716105e-03
3.643422e-02
1.735329e-02
1.506485e-01
1.855627e-01
9.517714e-02
-5.863358e-02
-7.119992e-02
-9.980062e-02
1.384446e-02
-1.536300e-01
-8.962663e-02
3.840833e-02
3.041364e-01
1.234007e-01
-1.297026e-02
-1.751082e-01
4.677158e-02
1.080023e-01
1.683399e-01
7.986289e-02
-3.144167e-02
-1.220640e-03
-1.718264e-02
-1.553136e-01
-1.049825e-01
-1.177885e-01
9.765948e-02
5.578805e-02
-2.633229e-03
-7.187792e-02
-1.378318e-01
-1.674522e-01
1.771494e-01
7.344660e-02
8.001797e-02
-2.830346e-02
1.488952e-02
-3.603546e-02
-1.905538e-01
-1.462051e-01
-1.265292e-01
-7.918286e-02
1.702043e-02
-2.813844e-02
2.044075e-01
1.664184e-01
1.797410e-01
2.514560e-02
-8.548688e-02
-4.945333e-02
1.209466e-01
1.258660e-01
1.479778e-01
8.636814e-02
1.065779e-01
1.199547e-01
-3.942462e-02
-1.348134e-01
-6.012071e-02
1.450702e-01
1.571561e-01
1.281704e-01
6.030192e-02
1.448593e-01
8.688287e-02
-2.251941e-01
-1.982104e-01
-1.522527e-01
5.401013e-02
1.520154e-01
1.195183e-01
-3.903083e-02
2.871359e-02
7.360447e-03
-6.705517e-02
1.685579e-02
4.139319e-04
3.732680e-02
1.061031e-01
1.276073e-01
-3.146692e-01
-4.594572e-01
-2.575101e-01
2.022611e-01
6.639918e-01
1.813841e-01
4.106367e-02
-1.561939e-01
-5.871685e-02
1.415051e-01
1.815236e-01
1.285706e-01
-9.582196e-02
-9.124120e-02
-1.377013e-01
-5.517699e-03
8.898363e-02
2.174223e-02
-2.956159e-02
1.301574e-01
-4.185788e-02
-1.261082e-01
-8.249066e-02
-7.009182e-02
-7.624418e-02
1.669168e-01
1.967493e-02
-4.613053e-02
-7.754872e-02
-7.587145e-02
2.949888e-01
3.606910e-01
2.072095e-01
-1.399839e-01
-1.885027e-01
-1.501650e-01
