1.175207e-01
7.049733e-02
1.238308e-02
-5.988582e-02
-9.937668e-02
-1.022167e-01
-1.233077e-01
-5.288821e-02
2.201397e-02
5.820889e-02
-6.577353e-02
-6.161680e-02
2.725284e-02
-8.558632e-02
-6.542946e-02
5.625940e-02
-6.211896e-02
-2.222039e-02
1.352460e-01
1.037603e-01
3.575486e-02
-3.243579e-02
-4.756803e-02
-1.053186e-01
-9.543138e-02
-1.458688e-01
-1.323385e-01
-1.510607e-01
-2.160413e-01
-4.784025e-02
-5.020711e-02
1.079715e-01
2.624663e-01
1.093757e-01
1.954477e-01
5.635999e-02
1.719185e-01
-3.441167e-02
-1.534987e-01
1.584045e-01
-1.069745e-01
-9.563236e-02
-2.450536e-03
1.982197e-01
1.692566e-01
2.375080e-02
-9.974557e-03
4.061795e-04
-1.087722e-01
-1.174064e-01
-1.060257e-01
-1.170572e-02
9.237541e-02
-1.709865e-04
2.421911e-02
-7.964624e-02
-1.169392e-01
-1.269101e-01
-9.208979e-02
-3.086228e-04
6.122691e-02
1.430276e-01
2.163883e-01
-1.058785e-01
-8.605184e-02
2.012252e-03
-2.226367e-02
1.674840e-01
1.448185e-01
9.508226e-03
6.115724e-02
-1.514740e-01
6.157235e-02
-4.508414e-04
-1.048896e-02
5.622394e-02
9.142478e-04
4.047586e-02
2.907751e-02
-6.815294e-02
1.169066e-02
-6.895772e-02
-2.723489e-02
4.739331e-02
2.072921e-02
8.661839e-02
1.411423e-01
7.471127e-02
1.701709e-02
3.730564e-02
3.701539e-02
1.603283e-01
1.591214e-01
-1.032316e-01
-5.122646e-02
-1.093911e-01
1.585257e-02
-7.783769e-02
-1.567133e-01
-8.902668e-03
7.625145e-02
-1.446622e-03
-1.303905e-01
-1.231940e-01
-1.814572e-01
-1.494913e-01
-5.011142e-02
1.895333e-02
-4.240822e-02
-1.504165e-01
-3.047814e-01
-1.143451e-01
-2.677595e-01
-2.252584e-01
-2.182519e-01
5.843435e-02
2.565553e-01
-3.549740e-02
1.512321e-01
1.359314e-01
-1.702585e-01
-2.454274e-02
-1.198889e-01
-5.843083e-02
8.451510e-02
-5.203088e-02
-8.364329e-02
2.501685e-02
-4.637570e-02
-9.149593e-02
1.168440e-01
-1.241378e-01
1.290251e-01
5.667213e-02
1.135565e-01
7.257641e-02
-3.474508e-01
-1.819464e-01
-3.877439e-01
-2.356426e-01
1.460883e-01
-6.996568e-02
3.465717e-01
1.948674e-01
-3.090535e-02
7.969553e-04
7.032186e-02
-5.200873e-02
-3.822321e-02
3.538664e-02
-4.737747e-02
-9.505824e-02
-9.245887e-02
-1.353292e-02
3.823498e-02
1.668644e-01
3.297587e-02
-1.995168e-02
4.422698e-02
-3.802795e-02
-2.282519e-02
-3.894819e-02
-5.770292e-02
-1.923961e-02
7.200294e-02
4.324229e-03
-3.604407e-02
1.001746e-01
1.521772e-01
-4.475936e-02
3.615165e-02
-1.120444e-01
-2.615027e-02
1.519773e-01
2.947105e-02
-1.029534e-01
-2.127439e-01
1.764379e-01
7.089979e-03
-2.022177e-01
-3.177266e-02
-1.304957e-01
2.808731e-02
1.938299e-01
-1.119336e-01
-1.649127e-01
8.243872e-02
1.942121e-01
-1.077031e-01
4.187407e-02
2.773332e-02
-2.505520e-02
-5.874318e-02
2.303252e-02
-2.915896e-02
1.885081e-02
2.825781e-02
-3.289944e-02
5.365840e-02
-2.405504e-01
-4.556725e-01
1.501428e-01
2.753220e-01
-2.001091e-01
-1.281755e-01
3.817566e-01
2.983288e-02
-4.714497e-02
-1.083520e-01
-8.551873e-02
1.353587e-01
6.281501e-03
-1.127805e-01
7.786086e-02
4.668932e-02
3.583458e-02
3.225407e-02
6.248907e-03
-6.161516e-02
1.198668e-02
4.391453e-02
2.308894e-02
-9.569910e-02
1.192311e-02
1.231639e-01
4.021509e-02
1.040644e-01
1.053601e-02
-3.992492e-02
7.350710e-02
1.383117e-01
-8.233249e-02
-6.327492e-02
1.010936e-01
-5.227662e-02
-4.790267e-02
-5.982572e-02
-1.281774e-01
-1.656125e-02
-5.285607e-02
-1.651928e-01
-1.090748e-01
-1.514728e-01
5.906739e-02
-4.519535e-02
7.371775e-03
4.624054e-02
-1.576723e-02
5.191633e-02
1.906945e-02
-5.473329e-02
-1.753872e-02
-2.132925e-01
4.884331e-03
3.321236e-01
-1.977468e-01
-2.698935e-01
1.816705e-02
1.199532e-01
2.770479e-02
-1.721296e-01
-7.315532e-02
-4.468246e-02
1.313627e-01
-6.921566e-02
-5.922762e-02
5.491265e-02
-1.881336e-02
-2.914333e-02
-7.048206e-02
-7.689519e-02
2.110744e-01
4.427011e-02
-2.233708e-01
-9.577635e-03
1.103239e-01
-5.791673e-02
-1.271162e-01
3.254223e-02
-2.560750e-01
-1.907591e-01
2.911310e-01
-7.563289e-02
-1.214859e-01
-1.197836e-01
1.116855e-01
2.402288e-01
-2.409813e-01
1.097583e-03
-1.354898e-02
7.441414e-03
-4.909014e-02
-5.860680e-02
-1.333754e-02
-9.766355e-03
-6.832586e-02
-1.035071e-01
-2.100644e-02
3.070807e-02
4.015075e-02
-5.836408e-02
-4.517118e-02
-1.178079e-02
-7.134407e-02
-8.450176e-02
-7.534838e-02
2.303776e-02
2.218946e-02
-6.857457e-03
-3.198514e-02
-1.494965e-03
-3.692940e-02
-1.242127e-02
-6.382219e-03
-5.508233e-02
1.116969e-02
-1.363630e-02
6.517633e-02
-1.742798e-02
-3.392242e-02
-1.481146e-02
4.497749e-02
7.058477e-02
7.629412e-02
-8.198650e-04
1.442227e-02
7.191321e-02
-6.401849e-02
-1.243039e-01
-1.044429e-02
7.807308e-02
9.058467e-02
7.986375e-02
-6.477369e-02
1.811081e-02
1.001685e-01
-4.921698e-02
-8.818004e-02
-3.686613e-02
7.505723e-02
-3.092094e-02
-1.023480e-01
2.107336e-02
-8.919085e-03
-9.656589e-02
8.530016e-02
1.896785e-02
-3.898833e-02
7.741749e-02
1.247467e-01
1.554782e-01
-7.063629e-02
-2.615063e-01
-1.871972e-01
2.122439e-01
5.392537e-02
-1.640205e-01
1.406885e-01
2.445186e-01
1.508395e-01
-2.103718e-02
-1.424082e-02
1.057708e-01
5.478361e-03
-4.611352e-02
-8.365046e-03
4.463045e-03
-1.482013e-02
-1.661698e-02
6.730290e-02
-9.578645e-02
-1.725526e-01
1.716001e-01
1.040357e-01
-7.839004e-02
3.731915e-02
1.361120e-01
8.667692e-02
-1.676233e-03
3.117246e-02
1.415942e-02
3.214567e-02
7.855555e-02
1.479974e-02
-7.786208e-02
-5.517858e-02
-2.129655e-02
-4.720712e-02
-2.430381e-02
-7.340264e-02
-3.401846e-02
-1.613376e-02
-3.327418e-02
4.452648e-02
5.754711e-02
2.375145e-02
6.028468e-02
3.486022e-02
1.311182e-01
-5.184576e-02
-1.226467e-01
-5.966607e-02
-7.661001e-02
-1.241572e-01
-2.028245e-01
6.718946e-04
4.159391e-02
6.947119e-03
-3.407149e-02
5.427454e-03
-3.065110e-02
-3.691966e-02
-3.195382e-02
-1.030511e-01
-2.580765e-02
5.284333e-02
3.237750e-02
-1.071074e-01
-1.895256e-02
-9.299014e-02
-5.983888e-02
4.546279e-03
-4.751370e-02
-6.138224e-04
-2.475019e-02
9.465972e-02
-2.239797e-01
-1.661122e-01
-1.753343e-01
1.028907e-01
-2.362205e-02
-1.095438e-01
-3.722165e-02
-1.440994e-01
1.410854e-01
7.591058e-02
-1.337919e-01
2.495233e-01
-3.775351e-02
-1.473882e-01
1.852166e-01
-9.869372e-02
-1.454778e-01
-2.602196e-01
-9.174397e-02
9.269897e-03
-2.524522e-01
-1.516796e-01
1.135974e-01
-2.806823e-01
1.749595e-03
4.587784e-02
1.728861e-01
2.347499e-02
-1.059554e-01
1.175652e-01
6.643772e-02
7.339198e-02
1.130037e-01
9.753668e-02
3.998598e-02
-8.366047e-02
1.031990e-01
8.645310e-02
-6.146269e-02
5.483302e-02
1.848522e-02
-1.074557e-01
6.804012e-02
-7.875404e-02
-5.008811e-02
-1.931501e-01
5.767857e-01
-3.447324e-01
-2.117048e-01
3.619973e-01
-1.990773e-01
4.713773e-02
-5.734874e-02
4.002221e-02
1.020730e-02
-4.190060e-02
-1.045728e-03
-1.214055e-02
-4.683900e-02
2.692811e-02
-3.608706e-01
2.176455e-01
-1.326927e-01
-4.725803e-01
4.888858e-01
-1.367934e-01
-2.867036e-01
3.053899e-01
4.712742e-02
-1.441463e-02
-4.715393e-02
-1.084478e-01
-2.199358e-02
8.139157e-02
-3.690779e-02
-8.796445e-02
-2.334648e-02
1.664446e-02
1.223539e-02
-5.517868e-02
2.194266e-02
1.141640e-01
-6.148776e-02
3.383495e-02
6.569321e-02
-6.891724e-02
3.391050e-02
1.130262e-01
3.638190e-03
-5.787241e-02
9.175924e-02
-6.226516e-02
1.037688e-02
1.464965e-01
-1.052255e-01
-1.874093e-02
-4.320806e-02
-2.053143e-02
-6.961926e-03
-4.565412e-02
9.212188e-03
3.058249e-02
6.702179e-02
3.065105e-02
6.042380e-02
1.612756e-01
7.635010e-02
1.709435e-01
1.056211e-01
3.997795e-02
1.002564e-01
1.661541e-01
7.734883e-02
1.065383e-01
2.207952e-01
-2.983385e-01
7.596818e-02
1.004873e-01
-7.288773e-02
-4.525995e-02
-2.259069e-01
1.567967e-01
-1.974490e-01
-5.355483e-03
-3.342953e-02
2.037176e-01
4.037886e-02
-1.380644e-01
1.775294e-01
3.273409e-02
-1.243915e-01
2.082991e-01
5.312983e-02
-2.952920e-01
1.849242e-01
3.914603e-01
-5.630819e-01
5.341502e-01
2.904135e-01
-4.868848e-01
1.447241e-01
-1.223733e-01
1.135911e-01
-3.717721e-02
-1.046058e-01
1.871881e-01
-5.807831e-02
-1.572102e-01
2.427156e-01
-2.085495e-01
1.636155e-02
-3.238691e-02
-1.665681e-02
-8.285866e-03
-9.481131e-02
2.083277e-02
-1.894601e-02
-4.402431e-02
4.194507e-02
-1.008856e-01
-9.255365e-02
3.890390e-02
6.880330e-02
9.945045e-02
2.595557e-02
8.458456e-02
7.678925e-02
-1.133448e-01
-9.832043e-04
5.331862e-02
1.105364e-01
2.154236e-01
1.030302e-01
-8.999696e-03
2.542556e-01
3.518461e-02
4.939775e-02
-2.234882e-02
-1.632507e-01
5.737659e-02
-1.046568e-01
6.867487e-02
1.641101e-01
-1.038785e-01
1.732070e-01
-3.207058e-02
7.354124e-02
-1.567513e-01
2.299336e-02
2.585388e-01
-4.222910e-01
2.528022e-01
-4.399822e-01
4.794783e-01
-6.625068e-02
8.277541e-02
8.561851e-02
7.915227e-02
-6.734832e-03
1.436071e-02
-1.046874e-02
1.961151e-02
1.190266e-02
1.656776e-02
1.869042e-01
-2.470551e-02
-1.100720e-01
5.987813e-02
1.416977e-01
-1.465493e-01
-4.199811e-01
3.066922e-02
1.566524e-01
1.260469e-01
-6.039393e-02
4.438078e-02
-2.379872e-02
7.630432e-02
2.863486e-02
-6.527224e-02
6.203346e-02
-5.717402e-02
9.283485e-02
1.570365e-01
1.539945e-02
3.793192e-02
9.653725e-02
-1.123700e-02
1.310785e-01
-4.440337e-02
-2.147226e-02
-9.745321e-03
4.279201e-02
3.901196e-02
-8.442359e-02
6.194663e-02
-3.504814e-03
1.492459e-02
-6.447282e-02
4.503061e-02
-1.255657e-01
-6.615167e-02
-9.946413e-02
-1.598569e-01
4.668015e-02
1.956357e-02
-3.418764e-02
9.119909e-02
9.351409e-02
3.669866e-02
1.276097e-02
-8.676648e-03
3.726697e-02
3.100583e-02
2.462754e-02
-5.454877e-02
-6.319447e-03
1.790685e-01
-2.024795e-01
6.090749e-02
-2.098331e-01
4.655332e-01
-8.086025e-01
1.534602e-01
-3.412671e-01
2.958661e-01
-1.772958e-01
-9.620144e-02
-5.476285e-03
-4.420437e-02
-6.784838e-03
8.588982e-02
-1.940261e-02
4.437139e-02
4.666868e-02
-1.245157e-02
-2.608460e-01
1.814302e-01
-5.585605e-02
-8.804711e-02
1.561861e-01
1.500670e-02
2.851379e-01
-2.423679e-01
5.174595e-02
1.543254e-01
-5.244612e-02
-2.778899e-03
2.562547e-01
-1.150920e-01
-1.172744e-01
-1.558916e-01
2.029332e-01
-1.603814e-01
8.753109e-02
-3.229080e-02
-8.503406e-02
1.449535e-01
-8.148254e-03
-6.471184e-02
1.172955e-01
-4.404329e-02
-8.761348e-02
-9.059407e-03
1.291508e-01
-1.397260e-01
-6.172025e-02
2.436396e-01
-6.408252e-02
-1.401810e-01
1.913186e-01
1.212245e-02
4.563673e-03
-8.684362e-04
9.455144e-02
-1.552919e-02
-2.029906e-02
6.100221e-02
-6.091388e-03
3.386565e-02
4.909577e-02
3.474851e-02
8.445152e-02
-6.402763e-02
-1.124947e-02
8.346353e-02
2.065338e-02
-1.339685e-01
7.113861e-02
1.188335e-01
-8.137836e-02
1.731227e-01
-1.179373e-01
-7.379533e-02
2.335056e-01
-6.703471e-02
-3.723438e-02
2.169165e-02
5.485403e-02
5.346807e-02
2.373432e-02
-4.476331e-02
2.396021e-03
-1.908196e-02
-1.634882e-02
8.138332e-03
-1.321632e-02
-2.484211e-02
-2.163881e-01
-1.003788e-02
7.950510e-02
-1.342716e-01
-3.160600e-02
1.811882e-01
-1.277871e-01
-1.552103e-01
1.090488e-01
-1.803245e-01
2.047274e-02
1.083462e-01
-1.654673e-01
-5.812982e-02
1.607549e-01
-1.505163e-01
-1.099021e-01
1.347864e-01
-4.725584e-02
6.097105e-02
-5.380865e-02
3.890597e-02
1.238192e-01
1.559891e-02
-2.605991e-02
5.586572e-02
-3.106938e-02
-3.596305e-02
3.896298e-02
6.825826e-02
3.482025e-02
2.905462e-02
2.207837e-02
2.220755e-02
4.450227e-02
-6.309855e-02
-1.195267e-02
2.793325e-02
3.178893e-02
3.882238e-03
6.094055e-02
1.157526e-01
-1.313939e-02
1.502547e-02
3.224912e-02
5.922820e-02
2.455118e-02
6.625623e-02
3.844189e-02
-1.740937e-03
3.334402e-02
8.739726e-02
-1.566221e-02
2.656693e-03
1.141694e-01
-6.403694e-02
6.123219e-02
1.133975e-01
3.095884e-02
-8.527535e-02
5.655469e-02
-1.152965e-03
-3.298654e-02
1.057176e-01
7.017541e-03
9.405074e-02
3.053045e-02
-1.052331e-01
8.816223e-03
8.082805e-02
-4.329251e-02
1.865944e-02
1.389361e-01
-2.201352e-01
-1.012327e-01
2.537134e-01
-1.784138e-01
-1.405542e-01
1.061997e-01
4.122463e-03
-2.186087e-01
-1.315385e-01
8.990706e-02
5.482683e-03
-1.644736e-01
7.315102e-02
2.572527e-02
-1.163741e-01
-1.217594e-01
5.204343e-02
-4.700296e-02
3.223410e-02
-2.321853e-02
1.203627e-02
4.646694e-02
8.295482e-03
-9.462661e-02
-1.335646e-02
1.380555e-02
-3.468463e-02
-3.638247e-03
-9.682044e-02
8.427333e-03
2.019444e-01
2.771385e-03
-5.363726e-02
1.062203e-01
8.460447e-02
8.754242e-02
-2.657446e-02
6.045614e-02
1.165534e-01
-1.013666e-01
-8.090209e-02
5.490707e-02
-3.553947e-02
-3.863462e-02
3.752104e-02
1.198384e-01
-2.870027e-03
-1.386719e-01
6.684872e-02
-5.428296e-02
-1.327515e-01
4.932028e-02
2.193869e-02
-2.143433e-01
-4.911887e-03
1.529696e-01
-2.882392e-01
4.559232e-03
2.149235e-01
-1.646209e-01
-1.797612e-01
1.039963e-01
-1.427259e-01
-7.392407e-02
4.039120e-02
-1.282217e-01
-4.685251e-02
1.293764e-01
-8.004422e-02
-7.982945e-02
6.646820e-02
-3.532930e-01
-2.854799e-02
8.483984e-03
-3.700670e-01
-5.703655e-02
3.357008e-01
-2.259430e-01
-1.392882e-01
2.181001e-01
1.245094e-01
-1.679885e-01
-9.293916e-02
1.755606e-01
-8.905316e-02
-1.702444e-02
1.974848e-01
-3.298353e-02
-9.813034e-03
-5.985931e-02
-5.686538e-02
4.173104e-02
4.488857e-02
-5.307847e-02
5.181087e-03
7.991651e-02
-1.817601e-02
-1.158758e-03
1.907602e-01
-4.306372e-02
-2.025893e-01
2.605176e-01
-1.490658e-03
-2.525148e-01
1.977287e-01
3.118036e-02
-3.050734e-01
-5.005805e-02
1.963032e-03
-1.839326e-02
-9.238757e-02
-1.473774e-02
2.045734e-02
-6.446646e-02
-5.334209e-02
4.945805e-02
1.088266e-01
-2.762080e-02
1.929417e-01
5.675587e-02
-7.197618e-02
1.442373e-01
1.155292e-01
-7.195521e-02
9.117749e-02
3.059696e-01
-1.217706e-01
-9.416240e-02
1.334850e-01
1.871607e-02
-2.231759e-01
-1.878152e-02
4.957466e-02
-1.999918e-01
-2.208487e-02
-4.144578e-02
8.395630e-02
-5.409861e-02
-1.145751e-01
5.023679e-02
1.665344e-02
-5.354055e-02
1.313702e-01
4.136568e-03
-1.397391e-01
-9.004188e-02
1.659739e-01
-1.922628e-01
-2.261922e-01
4.054123e-02
2.639986e-02
-2.152958e-01
1.882331e-01
8.923411e-02
-2.311734e-01
-3.860404e-02
7.547689e-02
-9.654047e-02
-2.954093e-03
2.228888e-02
1.028186e-01
2.381094e-02
1.554484e-02
-3.492390e-02
4.854821e-03
-2.924804e-02
-2.229941e-02
-3.252749e-02
-1.019719e-03
5.711231e-02
1.307864e-01
-1.052952e-01
5.974149e-02
-8.695942e-02
-1.374814e-01
1.074613e-01
2.896162e-02
1.375127e-01
5.216567e-03
4.645692e-02
-9.997015e-02
-3.908124e-02
-5.263179e-02
1.111904e-01
1.825356e-01
1.597675e-01
1.402028e-01
4.660113e-02
2.302440e-01
4.683563e-02
-1.967342e-01
-5.735874e-03
-1.575365e-01
-7.960902e-02
-2.091127e-01
-4.047197e-02
1.633120e-01
-1.783852e-01
3.814351e-01
-7.550212e-03
3.446699e-01
3.513021e-02
-4.425730e-01
-1.682258e-01
-3.887273e-01
3.288807e-01
4.042661e-02
6.910592e-02
1.811695e-02
3.552613e-02
-4.677081e-02
-7.203288e-02
3.561710e-02
3.210288e-02
2.420564e-03
-2.779797e-01
9.208623e-02
1.673354e-01
2.047672e-01
2.017763e-01
-6.766482e-02
3.571870e-02
-2.308862e-01
-2.316532e-01
3.963874e-03
2.268491e-02
-6.269553e-02
7.497791e-02
4.443291e-02
2.877269e-02
-1.149345e-01
-3.492293e-02
1.322832e-02
5.945855e-02
-8.368286e-02
1.119260e-02
-4.332901e-02
2.820250e-02
9.122289e-02
1.362630e-01
1.106210e-01
2.175599e-02
-4.613343e-02
-1.681888e-01
-4.344214e-02
-7.978135e-02
-1.941466e-02
1.667943e-01
1.277736e-01
2.254356e-01
7.015031e-02
1.127506e-02
-6.143945e-02
4.448878e-02
-1.147209e-01
-1.519585e-01
1.862928e-02
3.114824e-02
6.471777e-02
-2.647929e-02
-7.597984e-02
2.686222e-02
1.171278e-01
1.012541e-01
9.507338e-02
1.525839e-02
6.410433e-02
-1.054957e-01
-1.621266e-01
-3.305092e-01
3.529871e-01
2.160986e-01
2.443356e-01
1.933279e-01
-6.384263e-01
-6.238452e-02
-5.156252e-01
1.746817e-01
-9.441043e-02
-4.565287e-02
-1.415983e-02
-1.526113e-02
8.139172e-02
4.051246e-02
-1.934885e-02
1.302707e-01
4.366798e-02
-7.056475e-02
-2.771175e-01
-4.624002e-03
-2.522815e-01
8.973260e-02
2.145265e-01
1.251994e-01
1.458202e-01
-1.118547e-01
-3.271442e-02
1.254865e-01
7.911971e-04
1.073037e-01
-1.601719e-01
-1.928687e-01
-9.511000e-02
-8.817162e-02
2.727094e-02
2.522576e-02
6.743617e-02
-1.186925e-01
2.490920e-02
4.181687e-02
-1.486462e-01
4.852085e-02
-5.800074e-03
-1.745635e-01
-1.939283e-01
-1.890128e-01
1.214370e-01
-2.488814e-01
-6.422196e-02
1.541236e-01
-2.374225e-01
9.710057e-02
2.752121e-02
5.286789e-02
6.727571e-02
-3.686273e-02
-1.895946e-02
8.128196e-02
-1.215492e-01
3.886451e-02
8.461420e-02
-2.866576e-02
-6.111399e-02
-1.499165e-01
2.102606e-01
-1.299274e-01
-9.151965e-02
3.026949e-01
-3.034821e-01
-7.871556e-02
1.515522e-01
1.172033e-01
-1.372770e-01
-4.824214e-02
1.280269e-01
-4.431029e-01
3.671967e-01
-2.447442e-01
-2.115882e-01
5.292226e-01
3.512091e-03
3.943393e-02
3.461221e-03
-3.768737e-02
2.114888e-02
6.515725e-03
-2.758854e-02
4.676075e-02
-1.562326e-02
1.294649e-01
-1.189464e-01
-2.109759e-01
3.337927e-01
-3.019583e-01
-6.558020e-02
1.251048e-01
-2.509873e-01
6.454624e-02
6.946754e-02
-1.992160e-01
6.602444e-02
-1.974151e-02
-2.070803e-01
1.827586e-01
-1.299396e-01
-9.569153e-02
1.798624e-01
1.055771e-01
2.367733e-02
-4.140198e-03
2.004073e-02
5.701349e-02
2.207937e-02
-3.121119e-02
-4.846251e-02
1.832690e-02
4.858061e-02
-1.207170e-01
4.733546e-02
2.278931e-02
-5.732189e-02
3.629276e-02
6.014474e-02
1.359386e-02
-1.205774e-01
-1.546398e-02
9.228575e-02
7.398655e-02
-3.685927e-03
8.710185e-02
2.432234e-02
3.474711e-02
9.200768e-02
6.778090e-02
1.170372e-01
7.689352e-02
6.306647e-02
5.691930e-02
8.705189e-04
8.610582e-02
5.248004e-02
1.369335e-02
1.441053e-01
2.166164e-02
1.061094e-01
-2.226892e-01
1.434941e-01
-1.151390e-01
2.833804e-02
1.540018e-01
-2.826200e-01
2.424867e-02
-6.321696e-02
4.162805e-02
4.394312e-02
-8.028390e-02
1.444573e-01
1.169302e-02
-1.518079e-01
9.787161e-02
-2.117891e-02
-2.038503e-01
1.738437e-01
-3.436464e-02
-2.737406e-01
4.418302e-01
-3.533029e-01
-5.023572e-02
2.259320e-01
-3.158082e-01
8.594302e-02
-2.090438e-01
4.932147e-02
-4.448452e-02
-2.108969e-01
1.633337e-01
5.493166e-02
-8.410560e-03
6.999577e-02
3.295489e-02
1.311135e-02
-1.011786e-02
4.402599e-02
-4.481023e-03
-6.270998e-03
4.103927e-02
-3.664779e-02
-3.350998e-02
5.335065e-02
5.199959e-02
-2.393729e-03
5.385878e-02
4.819774e-02
3.129409e-03
3.695101e-02
3.734150e-02
3.725455e-02
-3.040383e-02
3.107020e-02
3.094669e-02
1.958874e-02
4.344844e-02
5.744401e-02
1.935201e-02
2.136946e-02
1.429846e-02
-2.926818e-02
-5.331112e-02
-5.562838e-02
-2.398567e-02
-2.867732e-02
-7.268459e-04
2.446671e-02
1.663766e-02
7.311857e-02
-4.562955e-02
-8.183149e-03
-1.611412e-02
-4.945847e-02
-2.513869e-02
-2.174654e-02
-1.143636e-02
-2.018703e-02
-5.744420e-02
-2.267971e-02
-9.634815e-03
3.459190e-02
-1.129469e-02
-2.088851e-02
2.679421e-02
-2.553656e-02
-1.435517e-02
9.812531e-03
-5.005880e-02
-6.117850e-03
7.971013e-03
-7.660525e-02
-4.731289e-02
-6.123736e-02
-1.843906e-02
-5.005295e-02
-7.441781e-02
-3.240154e-02
-3.647704e-02
-7.255902e-03
-4.926921e-02
4.133726e-04
5.541878e-02
-4.225180e-02
2.198298e-02
9.841288e-02
2.327835e-02
3.735968e-02
3.719347e-02
2.523426e-02
2.343954e-02
2.313524e-02
3.647486e-02
1.369804e-02
3.715995e-03
4.462672e-02
-5.184995e-03
-3.090659e-03
1.684719e-02
1.237285e-02
-6.669608e-04
-3.092419e-02
2.013652e-03
7.568396e-03
2.738502e-02
3.936888e-03
-4.231115e-02
4.028647e-02
2.009143e-02
-3.077183e-02
9.263169e-03
6.672961e-03
-1.896981e-02
3.154742e-02
3.152180e-03
-1.882431e-02
4.313402e-02
2.245805e-02
-1.759814e-02
5.882196e-04
-8.321594e-03
-4.663434e-02
-2.572838e-02
-3.538886e-02
-3.029479e-02
2.811899e-02
2.689847e-02
2.557440e-02
-3.584717e-02
1.037827e-02
-1.776934e-02
-7.640336e-02
-7.486238e-02
-5.826819e-02
-5.827314e-02
-2.729055e-02
-8.368396e-03
-7.895510e-02
-4.548312e-02
-1.902705e-02
-8.524654e-03
2.472255e-02
3.010672e-03
1.644247e-02
4.408659e-03
1.712126e-02
6.087425e-03
8.404181e-03
1.571662e-02
1.049694e-01
1.027824e-01
-2.764586e-02
7.676351e-02
1.469359e-01
2.925703e-02
-3.209940e-03
1.375048e-01
8.355308e-02
2.128678e-01
-1.057793e-01
-5.520411e-02
2.097056e-01
-6.675882e-02
-8.660605e-03
1.158666e-01
-6.927761e-02
1.853847e-02
-5.660611e-02
-2.470170e-02
-4.231191e-02
1.846926e-02
3.816485e-02
-1.103149e-01
-5.065518e-02
2.487034e-03
-1.665643e-01
1.263941e-02
-1.330620e-01
-1.140819e-01
6.942056e-02
-1.248952e-01
-4.783934e-02
8.880059e-02
-1.228312e-01
-1.297246e-02
-6.233928e-02
-4.125426e-02
6.672422e-02
-3.475196e-02
-2.309002e-02
4.740135e-02
-3.135717e-02
-7.939765e-02
-4.981336e-02
7.964006e-02
-3.140887e-02
-5.925686e-02
9.482834e-02
-2.508285e-02
-3.734350e-02
9.033538e-02
-1.181026e-02
-1.709869e-03
3.497906e-02
-1.000945e-01
-1.942071e-01
9.410590e-02
3.459783e-02
-1.317254e-01
9.041775e-02
7.518474e-02
-1.112759e-01
-1.760917e-02
-1.362636e-01
-1.168084e-01
8.514021e-02
-4.081924e-02
1.170990e-01
-2.771823e-02
-6.666899e-02
-5.587260e-02
-2.577024e-01
-3.835671e-02
4.674763e-01
-2.998201e-01
-5.108108e-02
5.355842e-01
-3.076030e-01
-2.167116e-01
3.315732e-01
-1.381970e-01
9.706003e-02
2.365861e-02
-1.296389e-01
1.420759e-01
2.938921e-02
-1.959680e-01
6.084805e-02
-1.816102e-02
-1.621764e-01
-8.859033e-02
1.791650e-01
-5.380504e-02
-1.114943e-01
1.405003e-01
-5.604700e-02
-1.703910e-01
5.844960e-02
-1.033280e-01
-1.712943e-02
-9.442806e-02
-4.882457e-02
1.567989e-02
5.496196e-03
-5.353248e-02
3.445302e-02
1.475545e-02
7.662150e-02
2.755601e-02
5.698141e-02
-5.223475e-04
-3.376287e-02
6.573878e-02
-1.332538e-02
-9.420618e-02
5.459539e-03
-6.778369e-02
-1.146080e-01
9.494973e-02
-1.089333e-01
-1.285222e-01
1.861926e-01
-2.293180e-02
-7.346101e-02
1.502475e-01
6.320226e-02
-4.394178e-02
-4.498265e-02
6.282605e-02
-8.026225e-03
4.732280e-03
1.462825e-01
8.397827e-02
4.727398e-02
-5.715416e-02
-7.740407e-02
-1.132897e-01
7.499784e-02
-3.605988e-02
-1.293333e-01
3.557226e-02
4.497586e-02
-9.884360e-02
7.133282e-03
-4.027043e-02
1.739932e-01
-1.765363e-01
-1.160693e-01
1.982987e-01
-1.554909e-01
-1.381469e-01
3.169156e-01
-3.984087e-02
8.389254e-02
2.588697e-01
-1.203162e-01
-3.097541e-02
2.106103e-01
-6.946773e-02
-1.035114e-01
1.954169e-02
-6.826387e-02
3.765418e-02
9.670169e-02
-7.232194e-02
-8.121666e-02
4.395250e-02
5.671204e-02
3.935920e-02
1.260524e-01
1.063969e-01
-1.206825e-02
-5.256307e-02
-1.824141e-02
-8.195177e-02
-8.453675e-02
6.773778e-02
-4.463900e-02
-1.521243e-01
-1.961968e-02
4.162363e-02
1.521083e-02
1.386901e-02
1.618670e-02
-5.926238e-02
2.661042e-02
8.944304e-02
7.716893e-02
-3.710140e-02
4.513353e-02
1.056337e-01
-1.922593e-02
-4.481372e-02
-1.157876e-02
1.740418e-02
-6.835444e-02
4.960882e-03
6.261419e-02
1.472000e-01
1.886894e-01
-3.049205e-02
-9.329229e-03
3.584033e-02
-1.072467e-01
-6.609415e-02
-9.130721e-02
2.841423e-02
7.649922e-02
5.437876e-03
-8.590989e-02
7.846252e-02
-7.724580e-03
-8.584691e-02
-1.163313e-02
-1.056602e-01
-9.223641e-02
-2.420504e-01
-2.061152e-01
1.621530e-01
-9.931464e-02
-2.696580e-01
3.435768e-01
1.126729e-01
-1.140757e-01
-5.756206e-02
-3.286606e-02
9.145157e-02
-1.066514e-01
-1.295724e-01
9.995676e-02
-4.751122e-02
-1.000139e-01
1.095482e-01
-4.162603e-02
-1.401947e-02
-2.600864e-02
-1.162179e-02
2.587631e-02
-3.223631e-02
7.112779e-02
1.147520e-01
-1.867043e-02
9.984104e-02
7.515819e-02
-4.321019e-02
-8.765594e-03
3.487105e-02
-8.979139e-02
-9.305407e-02
-5.024932e-02
-1.063065e-01
8.964003e-03
-3.981344e-02
-2.570649e-02
3.725677e-02
-9.030536e-03
-4.456624e-02
-1.610732e-02
-7.032380e-02
-1.203937e-01
-6.864515e-02
-9.264740e-02
-1.482571e-01
1.495511e-01
1.220378e-01
-2.269193e-01
1.983904e-01
3.198753e-01
7.071537e-03
5.687945e-02
-3.975756e-02
-1.641317e-01
9.539988e-02
4.005624e-02
-1.277109e-01
1.994760e-02
-3.928354e-03
-1.377903e-01
2.134882e-02
3.865411e-02
-1.326962e-01
-1.654161e-01
1.281976e-02
-3.972837e-02
-7.096109e-02
5.695803e-02
-3.962431e-02
-1.387791e-01
2.437664e-02
3.500385e-02
-8.649865e-02
6.643399e-02
-1.146099e-01
2.814176e-02
2.342423e-01
-9.948198e-02
3.521831e-02
3.180649e-02
-1.191177e-02
2.707703e-02
3.977260e-02
3.134881e-02
-3.404136e-03
-2.647364e-02
-2.695555e-02
-1.226224e-02
-1.555127e-03
1.372683e-02
-2.713659e-03
-2.621976e-03
-4.748145e-03
1.442211e-02
4.620935e-02
4.015288e-02
-1.407588e-03
4.494806e-02
-3.664161e-03
-1.836178e-02
2.514513e-02
1.534764e-02
2.434532e-03
1.177823e-02
1.500204e-02
-6.334820e-03
-5.493769e-03
2.542179e-02
3.344240e-02
3.377773e-02
2.082508e-02
1.357702e-02
3.724376e-02
4.451333e-02
-1.821644e-02
-6.322767e-03
1.744276e-02
-8.295507e-02
-2.389403e-02
-2.576041e-02
-1.054359e-01
-1.336244e-01
-8.921950e-02
-3.330372e-03
-2.672528e-03
-1.457896e-02
-7.568785e-03
-1.885447e-02
5.258330e-03
-1.123362e-02
-4.653374e-02
-3.097123e-02
7.509255e-02
4.342069e-02
-4.787163e-02
-3.305685e-03
3.144395e-02
-5.250627e-03
-5.078205e-02
-2.655705e-02
1.159484e-02
-7.806066e-03
-4.244996e-02
-5.148928e-02
-1.313232e-02
-2.882135e-02
-2.594646e-02
1.950965e-02
6.432231e-02
5.669989e-02
-1.422785e-02
2.881844e-02
3.969600e-02
-2.878685e-02
-7.412431e-03
1.902818e-02
-3.068595e-02
-5.105426e-03
2.377544e-02
1.826050e-03
-9.867307e-03
1.078226e-02
7.456644e-03
-3.419593e-02
-4.243393e-02
4.832857e-02
2.429312e-02
-3.143741e-02
-6.513695e-03
-1.170224e-02
-2.293702e-02
1.981933e-02
1.285982e-02
-1.568965e-02
4.642234e-02
4.121900e-02
-2.067554e-02
-1.034595e-03
-2.634755e-02
-4.634308e-02
4.009826e-02
-2.714731e-03
-2.807005e-02
6.014133e-02
-1.035926e-02
-6.873859e-02
-3.336112e-02
-4.287345e-02
1.617539e-02
3.481758e-03
-8.572377e-02
-2.652654e-02
5.103795e-03
-2.792934e-02
2.663330e-02
-2.983893e-02
-7.927138e-02
-6.683640e-02
1.368772e-02
-7.283736e-03
-1.599451e-02
-8.741005e-04
-2.958311e-02
-2.940182e-02
1.131121e-02
3.854087e-02
5.422531e-03
-2.551690e-03
1.066114e-02
4.324865e-03
5.244852e-02
-1.867672e-02
1.392542e-03
7.666396e-03
-1.687387e-04
-2.675552e-02
9.292020e-02
3.895471e-02
-6.624051e-02
1.051889e-01
1.320915e-01
3.619187e-02
-2.015353e-02
1.666633e-02
1.514875e-02
2.468537e-02
4.935132e-02
5.098518e-02
5.467243e-02
7.604531e-02
6.301576e-02
5.307370e-02
4.621521e-02
4.187429e-02
3.526592e-02
3.054750e-02
4.843418e-02
4.356847e-02
4.544047e-02
4.875321e-02
2.947479e-02
2.307590e-02
1.540231e-02
1.297495e-02
1.378633e-02
-8.478239e-03
2.781104e-03
-8.341174e-03
-3.799526e-02
4.423188e-02
1.998764e-02
1.712556e-03
3.797853e-02
2.155209e-02
5.192793e-03
-1.626713e-03
-1.498861e-02
-3.435701e-02
-4.532552e-02
-5.636090e-02
-7.564747e-02
-1.855558e-02
-5.438891e-03
-3.857486e-02
2.363242e-02
4.961340e-03
-1.905500e-02
4.508510e-02
4.887241e-02
5.772214e-02
7.655919e-02
4.918807e-02
5.354363e-02
6.146611e-02
3.059515e-02
3.207964e-02
-2.076041e-02
-1.162317e-02
-2.504499e-02
-3.157208e-02
-1.483799e-02
-2.019457e-02
-1.015597e-02
1.201878e-02
4.254493e-02
1.154294e-01
8.737542e-02
1.178003e-01
2.723705e-02
3.386843e-02
6.075673e-02
-5.465591e-02
1.124633e-02
2.977332e-02
-2.619138e-02
-4.128148e-03
1.792725e-02
-3.148932e-02
-2.746849e-02
2.837707e-03
6.003724e-03
-5.862080e-03
1.582569e-02
1.808944e-02
-1.589636e-02
-3.456303e-02
2.793620e-02
-2.313115e-03
-1.736294e-02
-7.433253e-03
-5.580373e-03
-1.088539e-02
4.026259e-02
3.823666e-02
1.119911e-02
1.154270e-02
2.472568e-02
-7.051196e-03
-5.629440e-03
1.763042e-02
2.165156e-02
6.558277e-02
6.334676e-02
3.435847e-02
5.885502e-02
4.699839e-02
1.538410e-02
8.153884e-02
7.395798e-02
4.019104e-02
7.826752e-03
1.659494e-02
6.234915e-02
-1.696527e-02
1.260548e-02
4.265681e-02
-4.135225e-02
-2.408149e-02
1.030615e-02
-1.807225e-02
1.076300e-02
3.465597e-03
-2.037378e-02
-3.348618e-03
-1.158685e-02
-2.401201e-02
1.939706e-03
-6.440902e-03
6.448140e-03
4.526935e-02
4.249978e-02
-1.812652e-02
2.427775e-02
1.691545e-02
-5.356964e-02
-2.839389e-02
-1.512715e-02
4.175693e-02
4.051704e-02
3.441462e-02
-2.540481e-03
2.102448e-02
2.573242e-02
1.022931e-02
2.499654e-02
9.386387e-03
-1.140676e-01
-4.938604e-02
1.430710e-01
-1.101436e-01
2.644959e-03
1.334984e-01
-4.612866e-02
-3.111243e-02
4.545812e-02
-2.098774e-01
-2.160267e-01
-6.650838e-02
-1.287002e-01
-1.367802e-01
-4.755085e-03
-1.200713e-01
-5.824742e-02
-6.938931e-02
-1.412989e-01
1.050606e-01
1.100756e-01
-1.504541e-01
2.005365e-01
1.910025e-01
-1.285555e-01
8.179664e-02
4.544996e-02
1.273874e-01
-1.189155e-01
-1.045142e-03
1.532057e-01
-1.153295e-01
1.652254e-01
-2.739754e-02
-1.668666e-01
8.102810e-02
8.505392e-02
-1.226830e-01
-1.526281e-01
2.784501e-01
-2.195213e-01
-2.032385e-01
-6.212826e-02
-1.262035e-01
-8.934659e-03
7.943323e-02
6.241009e-02
5.691083e-02
2.007253e-02
-7.094912e-03
6.941672e-02
-8.870499e-02
-1.053944e-01
-6.574924e-02
3.282063e-01
-2.298252e-01
-4.677944e-01
6.347543e-01
-1.083484e-01
-5.603790e-01
3.581010e-01
-1.248488e-01
-3.597731e-01
7.454570e-02
4.566205e-02
5.419641e-02
2.089234e-02
-3.712181e-02
-1.760368e-02
-4.459767e-02
1.242829e-02
3.903924e-02
1.421863e-01
1.419286e-01
-1.106513e-01
1.799063e-01
1.671753e-01
-1.058085e-01
1.455722e-01
1.078866e-01
-8.686397e-02
-6.322496e-02
-2.352135e-02
-6.049967e-02
-1.596374e-01
6.208504e-02
3.264007e-02
-7.187717e-02
1.759801e-01
1.315804e-01
-9.680127e-02
-5.163742e-02
7.452856e-02
-3.444907e-02
2.270193e-02
6.681817e-03
2.601904e-02
7.248528e-02
-7.005525e-02
2.233473e-01
1.743551e-01
1.711727e-02
1.518033e-01
6.561805e-02
-4.923317e-02
1.508301e-01
1.047126e-01
1.065608e-02
-1.518468e-01
8.182514e-02
-7.758624e-02
1.992108e-02
-1.453243e-01
2.199081e-02
8.579829e-02
-2.396543e-04
-1.336380e-03
-1.392569e-02
-4.148135e-02
9.480328e-02
-2.357267e-02
-5.787531e-03
1.327647e-01
6.975178e-02
-2.130185e-02
8.135203e-02
-1.582192e-01
1.737764e-01
4.177391e-02
-1.826911e-01
2.294888e-01
7.774408e-02
-8.399576e-02
2.047668e-02
-3.623808e-03
-1.506302e-01
-2.029327e-01
1.296948e-02
1.054339e-01
-5.831637e-02
1.150246e-01
1.706695e-02
7.850319e-02
-1.030865e-01
1.945279e-03
-1.324396e-03
1.850459e-04
-1.474852e-03
-1.725079e-03
-1.370669e-03
-1.979739e-05
1.173185e-03
-1.051397e-03
-2.678443e-03
-2.449338e-03
5.102939e-03
3.919537e-04
-2.389826e-03
-2.014620e-03
-8.898987e-04
-4.366524e-04
1.166949e-03
4.042610e-04
-1.121378e-03
-9.103768e-04
-1.801464e-03
-1.473937e-03
5.065544e-04
1.340120e-03
1.967120e-04
-2.141266e-03
-2.207638e-03
-6.971140e-04
2.542921e-03
-3.828903e-03
-1.585671e-03
-3.170132e-03
5.502393e-04
-2.268472e-03
1.836160e-03
3.059984e-04
-4.331586e-04
-2.630342e-04
-1.203182e-03
6.053670e-05
2.958683e-04
1.084443e-03
5.508499e-05
-1.803594e-03
2.376798e-04
-3.348840e-03
-1.865370e-03
-2.460536e-04
-3.945283e-03
4.013458e-04
-3.526384e-03
1.004695e-03
-3.372914e-04
-6.556570e-04
1.300665e-03
-1.706387e-03
3.754533e-04
1.435920e-04
1.972223e-03
-1.730193e-03
2.501879e-03
-1.118135e-03
-1.729359e-03
-2.757307e-04
3.100708e-03
-9.958993e-04
1.798213e-03
-9.493005e-04
-6.699619e-06
1.125936e-03
3.831349e-03
2.048203e-03
2.359300e-03
3.422951e-04
5.979094e-04
4.411558e-04
-2.145029e-03
2.106516e-04
-9.995202e-04
3.807321e-04
8.923855e-04
-2.342493e-03
3.730877e-03
-8.035398e-04
1.019249e-03
4.470845e-04
-9.809273e-04
-3.293875e-04
-2.738667e-04
5.234845e-04
-1.976846e-03
2.340387e-05
3.368086e-03
1.611052e-03
2.167473e-03
2.026327e-03
7.189270e-04
1.054956e-03
4.564944e-04
-1.299814e-03
1.128651e-03
-2.932096e-03
-2.034264e-03
-1.865015e-03
-1.821012e-03
-3.043582e-03
2.746511e-03
-1.191471e-03
-1.401123e-03
-3.126897e-03
-2.689996e-03
-7.328585e-04
1.216923e-03
2.592639e-04
-3.876225e-04
-9.046433e-04
1.548313e-03
1.870755e-03
-9.516941e-04
-1.540286e-03
-1.147958e-03
-3.601079e-04
1.191707e-04
1.160831e-03
-1.412907e-04
-1.615683e-03
1.270538e-03
2.141364e-03
-1.275802e-03
-2.905737e-03
-2.891137e-03
-3.511911e-04
9.561843e-04
-3.703021e-03
1.756240e-03
1.481280e-04
3.055558e-03
6.144587e-04
6.720211e-04
-3.194259e-03
-3.433281e-04
7.063336e-04
-8.460720e-04
