-5.435969e-02
-1.348827e-01
-1.108582e-01
-5.222118e-02
-1.133624e-01
-4.869796e-02
3.726457e-02
-6.582092e-02
-8.361857e-02
5.944646e-02
4.708196e-02
1.730879e-02
2.033367e-03
9.462578e-03
7.353493e-03
-6.203171e-02
-8.321884e-02
3.512035e-02
-6.047836e-02
-1.160378e-01
-9.403664e-02
-8.104010e-02
-6.281605e-02
-9.948085e-02
-7.887209e-02
-1.215841e-01
-8.056420e-02
-2.566688e-03
3.024193e-02
-5.541494e-02
-4.636608e-02
9.780455e-02
-6.200937e-02
-6.640708e-03
2.672350e-02
-2.311335e-03
4.719229e-02
1.178901e-02
-1.405887e-01
1.495085e-02
2.866382e-02
-6.780429e-03
6.172927e-02
6.835477e-02
-1.267510e-02
7.629257e-04
-2.181798e-03
-8.846123e-02
-4.827699e-02
1.435063e-02
-1.373508e-01
-5.849801e-02
-1.960200e-02
-1.544030e-01
3.321276e-02
7.758034e-03
-2.538496e-02
7.876812e-02
3.326649e-02
-1.202658e-02
8.642238e-02
9.243087e-02
-3.047654e-02
6.907523e-03
-7.986575e-03
3.164331e-02
-1.456187e-02
-1.901396e-02
-1.746954e-02
-2.405933e-02
-4.362185e-02
-6.185311e-02
-3.549181e-02
-1.804206e-01
-4.743772e-02
-2.763573e-02
-1.412518e-01
-1.234212e-02
4.895079e-02
-7.732855e-02
5.314635e-02
-9.101653e-03
1.227836e-02
-2.217006e-02
-1.921553e-03
-3.237864e-03
-1.318368e-02
2.725077e-03
1.709708e-02
-1.275542e-02
-1.523518e-02
-5.173436e-04
-8.758077e-02
-8.731299e-02
-3.269234e-02
-5.934731e-02
-1.080475e-01
-7.384374e-02
-6.173503e-02
3.761945e-03
-1.346292e-02
-8.635534e-02
-1.484204e-02
-4.198043e-02
-8.932142e-02
1.766993e-02
9.696408e-03
-4.822303e-03
8.414488e-03
7.473875e-03
-1.158640e-02
2.351094e-02
2.291806e-02
2.012725e-02
4.622121e-02
4.817135e-02
3.249819e-02
-5.828574e-02
-4.671006e-02
-4.305929e-02
-5.804261e-02
-4.984940e-02
-4.047531e-02
-5.546902e-02
-6.216971e-02
-4.276524e-02
1.828896e-02
5.011630e-03
-2.096069e-03
2.228514e-02
-3.123934e-02
1.563465e-02
-4.470776e-02
-7.753997e-02
1.920764e-02
-5.663480e-05
-1.863815e-03
4.378998e-03
-6.123043e-04
5.218605e-05
1.370084e-03
1.149019e-04
-1.257759e-03
2.906696e-03
-1.159633e-01
-3.775885e-02
-6.166457e-03
-1.072649e-01
-1.907538e-01
-6.224819e-02
-6.503130e-02
-1.055816e-01
-7.836771e-02
-3.331978e-02
-7.596482e-02
7.792077e-03
-1.181276e-02
-6.761830e-02
-2.963493e-02
-4.867349e-02
3.872369e-03
-6.965205e-02
3.161531e-02
-6.484511e-02
3.750099e-02
2.936308e-02
-3.728995e-02
2.814831e-03
1.136758e-02
-6.215370e-02
-6.470674e-02
1.757878e-01
2.314741e-01
2.047418e-01
3.964651e-01
4.828795e-01
3.741619e-01
3.667940e-01
4.891101e-01
3.310588e-01
6.943841e-03
-1.037397e-01
-5.363688e-02
3.084552e-02
-8.043632e-03
8.808490e-04
-5.977397e-02
-3.812567e-02
4.830133e-02
5.149743e-02
-6.109671e-02
1.233924e-01
1.839094e-01
7.611507e-04
2.391074e-01
1.524075e-01
6.240600e-02
1.810923e-01
1.825213e-02
-7.210971e-03
8.638152e-02
2.113072e-01
-2.740529e-03
1.697988e-01
1.489434e-01
1.639629e-01
3.518539e-02
-1.194822e-01
-1.859001e-01
-5.691500e-02
-1.888557e-01
-1.029935e-01
-2.946807e-02
-3.986941e-02
-7.627743e-02
-7.555806e-02
-5.698038e-02
5.043306e-03
1.676210e-01
1.741223e-01
3.484116e-01
3.268368e-01
1.276826e-01
2.518086e-01
2.009185e-01
-3.556094e-02
-9.264980e-03
-2.072847e-02
4.778512e-03
3.791237e-04
3.220686e-02
-6.582185e-02
-7.366754e-02
-4.753492e-02
-1.244033e-01
-4.077944e-02
1.296731e-01
-3.429648e-02
6.452336e-02
1.817120e-01
1.067441e-01
1.448217e-01
1.456252e-01
4.919618e-02
3.035489e-02
4.918839e-02
3.950014e-02
-5.150426e-02
5.783184e-03
-3.990526e-02
1.903914e-02
-3.715980e-02
2.606792e-02
-1.842401e-03
-1.746780e-02
2.816272e-03
-1.721687e-02
-3.081685e-02
-3.688792e-02
-4.656558e-02
-3.907485e-02
-5.097613e-02
-6.782422e-02
-8.796927e-02
5.489502e-03
-2.299001e-02
-6.240574e-02
3.963445e-02
8.057748e-03
-1.729361e-02
-1.124506e-01
-4.708995e-02
-8.296938e-02
-4.856142e-02
1.288663e-01
-4.521482e-02
1.969231e-02
1.067946e-01
8.902673e-02
-3.320264e-04
-6.663908e-05
-2.011555e-03
-1.898849e-03
2.112274e-03
2.677636e-03
-1.941158e-03
-2.345374e-03
-7.694715e-04
-6.506239e-02
-4.557841e-02
-6.890688e-03
-4.489082e-02
-8.437002e-02
-4.269059e-02
9.362446e-03
-4.248914e-02
1.527571e-02
-4.563812e-02
1.497486e-02
-4.005862e-02
-5.853778e-02
-2.827878e-02
-3.520893e-02
2.018621e-02
-1.166239e-02
2.265565e-02
4.357724e-02
1.803141e-02
-4.900221e-02
-2.684277e-02
7.408103e-03
2.817097e-02
-1.018628e-02
1.316207e-02
4.560831e-02
-1.138596e-02
-1.156144e-03
2.406426e-02
-6.357006e-02
-3.593224e-02
8.503257e-03
2.359144e-02
-6.779105e-02
4.272493e-02
-1.269935e-01
-2.150110e-01
-2.411714e-01
-2.088432e-01
-3.497590e-01
-3.563306e-01
-1.432868e-01
-2.319326e-01
-1.696841e-01
1.668793e-02
1.183671e-02
5.804611e-02
-1.669578e-02
-4.659711e-02
-6.292078e-04
5.115834e-02
-6.611372e-02
-1.179490e-03
2.564295e-02
-1.051255e-02
2.077607e-02
1.234426e-04
-2.481456e-02
-5.224784e-03
9.542911e-02
2.209852e-02
2.076664e-02
2.373322e-02
-1.207794e-01
-1.484629e-01
-2.141463e-01
-3.428003e-01
-2.752800e-01
-2.583576e-01
-2.828618e-01
-1.549699e-01
3.668312e-02
4.069706e-03
2.525639e-02
9.804869e-04
-1.598823e-01
-2.245266e-02
2.548123e-02
-4.468277e-02
3.075045e-02
8.148491e-03
2.919729e-02
-1.132213e-02
1.572721e-02
3.019087e-02
2.260993e-03
2.366883e-02
4.275773e-02
-2.441673e-03
-6.617714e-02
-8.732351e-02
-6.222447e-02
-6.608872e-02
-3.443904e-02
-6.351387e-02
-2.075208e-03
6.736130e-02
1.112019e-02
6.304943e-02
8.502702e-02
1.446632e-02
6.025489e-02
7.421502e-02
1.256342e-01
3.535743e-02
4.818176e-02
9.816185e-02
1.599424e-02
2.281123e-02
-2.811470e-02
6.830554e-02
3.547846e-02
-1.560213e-02
3.883837e-02
-2.502268e-03
-2.302480e-02
-4.630790e-02
-6.852231e-03
-2.483552e-02
-1.861626e-02
2.184714e-02
1.520268e-03
-1.306465e-02
1.668099e-02
-3.319416e-03
4.044524e-02
2.005442e-02
1.089708e-01
-3.212066e-02
8.225365e-03
6.764499e-02
3.255172e-02
1.008689e-01
1.133486e-01
-8.240197e-04
-1.551798e-03
-1.377827e-03
6.032801e-04
-4.839693e-03
-1.554638e-03
-8.933027e-04
1.450487e-04
2.921890e-04
6.309531e-02
-6.349415e-03
-5.886183e-02
2.271260e-02
1.108080e-01
8.378996e-03
1.861954e-01
1.561885e-01
-5.936107e-02
1.753163e-02
-1.184656e-02
-5.910294e-02
2.200040e-02
2.630007e-03
-3.969749e-05
4.781001e-02
3.182279e-02
-5.542113e-02
2.852203e-02
1.439628e-02
-2.683660e-02
-1.825320e-03
-2.141359e-02
-3.331256e-02
2.062239e-04
1.944993e-03
-8.214748e-02
1.942238e-02
-6.684248e-02
1.048558e-02
3.947402e-02
-1.011110e-01
-1.098268e-02
2.970420e-02
-9.193791e-02
-2.429866e-02
-5.988944e-02
-7.362357e-02
9.958208e-02
-9.293951e-02
7.229790e-02
1.165564e-01
-7.489613e-02
5.638487e-02
-6.043823e-02
-1.782414e-02
-1.978190e-02
-1.422513e-03
2.931813e-02
2.601545e-02
6.329931e-02
3.258244e-03
2.818166e-02
9.659015e-02
4.615976e-02
3.747592e-02
4.410772e-02
-6.731342e-03
3.604431e-02
8.780425e-02
-3.901461e-03
-2.356871e-02
5.936048e-02
-1.912769e-02
9.012700e-02
1.992482e-02
8.344339e-02
1.204580e-01
-5.743819e-02
9.220611e-02
-9.550713e-02
-1.950126e-01
-1.417698e-01
7.766313e-02
4.923898e-02
-1.258202e-01
1.393723e-01
-4.652658e-02
-5.271073e-02
4.964444e-02
-1.561405e-01
-1.700513e-02
-3.063251e-02
-8.496676e-03
2.924661e-03
-1.561715e-02
-8.556738e-03
8.990412e-03
-3.875899e-02
-1.991945e-02
-9.580820e-02
-3.964403e-02
-7.339854e-02
-2.736475e-02
4.221608e-02
-2.274337e-02
2.563382e-02
6.913932e-02
-3.635695e-02
4.496801e-02
2.262046e-02
3.478972e-02
7.217268e-02
4.020985e-02
8.659912e-02
3.009636e-03
5.958636e-02
7.990766e-02
-1.469978e-03
-1.372130e-02
8.425896e-03
3.041850e-02
1.886816e-02
8.656187e-03
2.657737e-03
4.883007e-02
1.466669e-02
3.488528e-02
2.209333e-02
3.124252e-02
6.045903e-03
2.214281e-03
9.114557e-03
8.224854e-03
7.539606e-03
-5.169516e-03
-1.574837e-02
3.952309e-02
-1.023596e-01
-2.749672e-02
1.289282e-03
-1.331347e-01
4.998250e-02
2.519812e-02
-4.112476e-02
7.463043e-05
-1.316867e-03
7.519958e-04
2.183854e-04
1.089177e-03
2.477642e-03
-1.714316e-03
-2.265527e-03
-1.022263e-03
9.095432e-02
4.805898e-02
1.360559e-02
9.199268e-02
2.954222e-02
3.555211e-02
6.222017e-02
5.557496e-02
1.521400e-01
2.166872e-02
9.287259e-02
6.095029e-03
8.736026e-02
5.046868e-02
1.590273e-01
1.392297e-01
1.855901e-01
1.175779e-01
6.130042e-02
1.435386e-01
1.485165e-01
8.299185e-02
2.792054e-02
3.011240e-02
6.667738e-02
8.517522e-02
3.880772e-02
3.546393e-02
2.610324e-01
-1.040623e-01
-8.618540e-02
3.117310e-01
-5.024424e-02
-6.289465e-02
1.639971e-01
-2.329996e-02
-3.429561e-04
2.015235e-01
-1.540102e-01
1.299054e-01
-6.595546e-02
1.573030e-01
4.625724e-02
3.680084e-02
1.426155e-01
-9.265476e-03
1.019150e-01
2.281277e-02
6.267747e-03
8.786514e-02
2.470938e-02
-6.342082e-02
7.609029e-02
-3.453101e-02
4.553090e-02
-6.117280e-02
-6.606559e-02
-4.531252e-03
-2.630746e-02
-1.171976e-01
-2.899920e-02
-4.809967e-02
-1.091060e-01
4.635741e-02
-1.587171e-01
-5.879128e-02
-2.167195e-01
-8.885511e-02
1.321263e-01
-1.351957e-02
2.557173e-01
-4.430758e-02
1.956092e-01
-1.264003e-01
-1.080248e-01
1.668457e-02
-8.800848e-02
5.317642e-02
1.276284e-02
-7.395644e-02
1.370457e-01
-7.520121e-02
1.016807e-02
2.200624e-03
-5.665508e-02
4.156829e-03
-9.651888e-03
-4.952063e-04
-4.242962e-03
-6.629404e-03
1.578921e-01
6.213387e-02
1.208930e-01
1.264835e-01
1.652618e-01
3.760282e-02
-3.000925e-02
2.766261e-02
-5.645804e-02
5.207498e-02
1.871340e-03
-2.536444e-03
3.912253e-02
4.388588e-02
1.099085e-02
3.651174e-02
-1.599048e-02
-6.523913e-02
-3.097016e-02
3.009265e-02
2.417316e-02
9.846857e-03
3.225188e-02
5.544683e-02
5.550383e-03
-3.146726e-02
1.440887e-02
-8.630586e-02
-7.701667e-02
-6.015056e-02
-1.007964e-01
-6.160558e-02
-1.863817e-02
-4.821138e-02
-3.730840e-02
3.212176e-03
3.712714e-02
-9.633157e-02
-4.775041e-02
-2.097111e-02
-4.169894e-02
-5.367985e-02
-3.651191e-02
-1.814456e-01
-9.026340e-02
1.241496e-03
-2.441004e-05
-1.483750e-03
5.212240e-04
8.854742e-04
4.190228e-05
3.582646e-04
2.362313e-03
-4.111377e-04
-3.140037e-03
-1.937938e-02
-6.104470e-02
-8.607983e-03
-2.114951e-02
2.204611e-02
9.485602e-03
-1.251158e-02
-3.623815e-02
-5.628909e-02
3.018603e-03
-3.993893e-03
-3.477237e-02
-3.398622e-02
8.705586e-04
-1.092139e-01
-4.462731e-02
-5.533966e-02
-4.399287e-02
-2.933026e-02
-3.465461e-02
-1.554911e-02
-6.876956e-03
-1.056512e-02
-6.480905e-02
-3.716759e-02
-5.219946e-02
5.782802e-02
3.986517e-02
9.748049e-03
-1.575894e-02
-4.298201e-02
-1.348090e-01
-2.080967e-02
1.502515e-02
-1.028592e-01
-3.160650e-02
1.706004e-02
1.606298e-02
1.916144e-02
-6.061256e-02
-4.014614e-02
3.297932e-02
-5.152129e-02
-7.321513e-02
-2.424435e-02
-2.841502e-02
2.678544e-02
-6.955077e-03
-3.824609e-03
5.240188e-02
-2.764761e-02
2.406472e-03
3.495698e-02
3.287506e-02
-4.555761e-02
-1.151746e-02
-6.348365e-03
-1.913603e-02
-4.761667e-02
1.049579e-02
-2.872563e-03
-3.297885e-02
-3.922678e-02
-7.544529e-02
-3.491844e-02
-6.012109e-02
-5.323853e-02
8.423391e-03
8.000161e-02
-5.397166e-02
-4.787003e-02
-6.270480e-02
-1.968278e-02
7.613410e-03
-1.016449e-01
-8.803839e-02
-2.795895e-02
-6.594324e-02
-6.654516e-02
-2.770318e-03
-5.058333e-03
-4.571062e-02
-7.210626e-02
7.961236e-03
-1.187303e-02
-2.045895e-02
1.821024e-02
1.067271e-02
-1.268582e-02
-7.644982e-03
-4.962840e-02
-7.557684e-02
-2.486526e-03
3.921785e-02
1.557293e-02
-5.477546e-03
4.210302e-02
7.220192e-02
-5.647589e-02
-3.834176e-02
-9.265496e-03
-1.493085e-02
5.175579e-02
2.701529e-02
-6.528017e-02
3.611520e-02
3.972872e-02
-1.757197e-02
-2.227455e-02
-1.793420e-02
-6.196731e-03
-8.749167e-03
4.892998e-03
-4.088947e-02
-2.039864e-02
-1.115986e-02
-9.711835e-02
-6.200755e-02
-6.213929e-02
-8.893699e-02
-5.426108e-02
-5.555267e-02
-5.865331e-02
-4.086803e-02
-3.079506e-02
1.714569e-02
-1.315886e-02
6.692501e-03
-1.000829e-02
7.094297e-03
-4.134659e-02
-1.953106e-02
5.648546e-03
-1.720054e-02
4.373785e-03
-1.522119e-03
6.384492e-04
-3.015204e-03
-3.169416e-03
-4.844317e-04
1.343156e-03
3.366219e-04
8.420231e-05
7.623743e-02
1.396781e-01
1.800064e-02
2.485588e-01
2.411565e-01
9.418715e-02
1.689107e-01
7.836717e-02
-9.532470e-03
1.501762e-01
-1.947184e-02
2.387904e-01
3.326026e-01
1.701120e-01
9.284463e-02
3.007389e-01
2.993773e-01
9.762198e-03
1.485093e-02
-1.848630e-02
2.626315e-02
1.100061e-01
1.367654e-01
5.214806e-02
1.051259e-01
8.843058e-02
1.389892e-01
-1.045420e-01
-2.165902e-01
2.249572e-01
1.417287e-01
-1.743984e-01
2.167005e-01
1.256609e-01
-6.137544e-02
4.796227e-02
-1.206513e-01
-1.559184e-01
6.586801e-02
-1.221945e-02
1.394964e-02
2.414723e-02
4.302628e-03
3.633088e-02
-1.459043e-01
-1.878643e-01
2.695493e-02
4.827317e-02
-7.584517e-02
1.224924e-01
7.805189e-02
1.597666e-02
7.275453e-02
7.103520e-03
-6.195404e-02
2.181522e-01
2.009465e-01
-1.312807e-02
1.314296e-01
4.331383e-02
-7.899896e-02
2.606103e-02
-1.186596e-02
1.779335e-01
1.110255e-01
-1.724226e-01
8.903912e-02
-5.366893e-02
-1.473321e-01
4.164066e-02
-4.209161e-02
6.004525e-02
-2.219198e-02
9.401120e-02
-1.021714e-01
3.257116e-02
2.474511e-01
-1.165625e-01
-3.714072e-02
7.836317e-02
4.632216e-02
-5.286588e-02
-5.274947e-03
4.673385e-02
-7.383952e-02
-1.053275e-02
7.690866e-02
-6.827216e-02
-7.193790e-02
2.814552e-02
5.029728e-02
6.854655e-02
1.160841e-01
1.356568e-01
1.820493e-01
1.224643e-01
8.779435e-02
6.795830e-03
5.786194e-02
1.826961e-02
1.944072e-02
1.697407e-01
1.158847e-01
1.292335e-01
7.022484e-02
8.913535e-02
4.452613e-02
-3.442363e-02
-4.342972e-02
-2.155753e-02
3.198113e-02
-3.784025e-02
-1.301419e-01
-4.180240e-02
1.748788e-02
-8.736631e-02
-1.518590e-01
5.485520e-02
3.512077e-02
5.781582e-02
2.032586e-02
-2.726715e-02
1.684837e-02
-4.996819e-02
-7.259573e-02
-3.392757e-02
1.948295e-01
2.280008e-01
1.234299e-01
1.928609e-01
3.601162e-01
7.675522e-02
2.429580e-01
3.564460e-01
6.795625e-02
1.255177e-03
-2.314352e-03
-3.299147e-03
1.006920e-04
-6.938182e-05
1.876341e-03
1.219472e-03
-7.362012e-04
-3.987496e-04
-3.310211e-04
-5.531776e-02
-7.259685e-02
8.239160e-02
1.378493e-02
-3.447372e-02
8.108559e-02
2.167626e-02
9.554459e-03
-3.709359e-03
2.118073e-02
-3.991517e-02
-4.361852e-02
2.229419e-02
-9.539588e-03
-5.181301e-02
1.328459e-02
1.408481e-02
5.387374e-02
6.440971e-03
-2.953432e-02
3.366052e-02
1.912017e-02
-2.463965e-02
-1.616193e-02
-2.437704e-02
-1.583690e-02
-7.108630e-02
-8.327944e-03
-4.132665e-02
-7.210391e-02
7.198437e-02
-5.753169e-02
-1.368304e-01
6.332987e-02
-8.177359e-02
9.630361e-03
-1.106242e-02
-8.153100e-02
7.012255e-03
-9.398705e-03
-8.273636e-02
4.116781e-02
-6.606568e-02
5.132248e-02
4.068614e-02
2.950576e-02
-3.351118e-02
4.040213e-02
2.319013e-02
-3.180773e-02
-1.203831e-02
-1.064249e-02
-4.783100e-02
1.820636e-02
-1.056355e-02
4.839122e-02
2.202668e-02
2.122705e-02
1.136820e-02
2.873179e-03
3.518776e-03
-4.056527e-02
-1.556006e-01
-1.882665e-01
-1.329582e-01
-7.219025e-02
-1.187154e-01
-5.274777e-03
1.047429e-02
1.229853e-02
6.438679e-02
7.874657e-02
-1.033283e-01
7.490979e-03
5.082500e-02
-9.616502e-02
8.766863e-02
-3.550965e-03
-9.449473e-02
1.335410e-01
-2.757267e-02
-3.017158e-02
-2.000403e-02
-3.110061e-02
-1.361365e-02
-2.010672e-02
-4.942846e-02
-2.863743e-02
-2.146570e-02
4.727150e-02
-5.181054e-02
1.648608e-02
1.083089e-01
-1.004484e-03
6.510774e-02
6.569554e-02
-1.467470e-02
9.301406e-02
7.435396e-02
4.876984e-02
4.052505e-02
3.832280e-02
6.659358e-02
7.004632e-02
4.261600e-02
5.993842e-02
7.258221e-02
-2.119671e-02
-2.474233e-02
-2.216819e-02
-6.087964e-02
-3.869698e-02
-1.458242e-02
-5.930077e-02
-5.082601e-02
-1.177960e-02
-2.114341e-02
-2.272576e-02
-1.577235e-02
1.445841e-02
8.493203e-03
1.461855e-02
3.394989e-02
4.007367e-02
4.445421e-02
-2.995487e-02
1.178505e-02
5.835616e-02
-4.998912e-02
-1.360449e-03
4.977398e-02
-2.718925e-02
-2.349125e-02
9.038549e-03
4.806887e-03
-2.273239e-04
1.282548e-03
2.541531e-03
-1.055040e-03
-8.455138e-04
-1.017516e-04
-2.615742e-03
-1.478008e-03
2.857067e-02
1.268940e-02
6.542242e-02
-8.467994e-02
-6.316044e-02
-4.750343e-02
-5.051933e-02
-7.121366e-02
-7.234219e-02
-3.148421e-02
-3.507958e-02
5.727565e-02
-6.533115e-02
-1.673357e-01
-1.717908e-01
-1.077892e-01
-1.476925e-01
-1.346538e-01
-6.387041e-02
-1.441442e-01
-5.895891e-02
-3.766327e-02
-8.779301e-02
-1.105462e-01
-1.202777e-02
-1.047871e-01
-8.335433e-02
-1.621273e-01
-7.936086e-02
-4.180251e-02
-1.823685e-01
-7.030158e-02
-2.610181e-02
-1.364686e-01
-4.878009e-02
-6.736854e-02
-2.311740e-02
-9.416553e-05
-1.314953e-02
2.860568e-02
-9.860694e-02
-6.119473e-02
5.119417e-02
-3.246439e-02
-1.398368e-01
3.163004e-03
4.969211e-02
4.803808e-02
-6.129198e-02
3.113344e-02
6.156064e-02
-6.059391e-02
2.599667e-02
1.131203e-02
-1.024471e-02
3.250847e-02
3.483180e-02
-4.169444e-02
-3.102280e-02
2.876856e-02
-3.947387e-02
7.116558e-02
-1.108579e-02
5.526556e-02
-6.115338e-02
-1.871951e-02
-2.969537e-02
-5.980475e-02
-1.416573e-02
9.148180e-03
-7.697460e-02
1.541492e-02
1.404584e-01
1.215052e-01
3.431044e-02
1.310535e-01
1.001693e-01
-2.379029e-02
1.389017e-01
2.796376e-02
-6.823266e-02
5.049396e-02
2.173355e-02
-3.163534e-05
5.136308e-02
2.460148e-02
1.604375e-02
4.306397e-02
2.535789e-02
2.064487e-02
8.635993e-02
3.043080e-02
7.348587e-02
1.090492e-01
4.009733e-02
1.393018e-01
9.350160e-02
9.059000e-02
1.228137e-01
-1.306230e-03
-2.840132e-02
-1.124937e-01
-1.069600e-03
-6.334332e-02
-1.415481e-01
3.323168e-02
-2.210138e-02
-7.338739e-02
1.791768e-02
7.369351e-03
-1.487881e-02
1.724914e-02
-9.030699e-03
-1.733030e-02
4.172343e-02
-3.240389e-03
-2.530060e-02
1.164516e-02
-3.398108e-02
-3.981870e-02
3.704741e-02
-1.461504e-03
-2.004342e-02
3.277279e-02
2.680718e-02
1.404968e-02
1.048473e-01
8.467087e-02
1.144295e-01
1.026067e-01
1.392026e-02
1.501451e-02
3.115113e-02
-1.738685e-02
9.032723e-03
-2.785215e-03
1.469818e-03
-1.184100e-03
-1.201937e-03
-3.740644e-03
-3.542631e-03
7.714655e-04
1.581848e-03
4.550007e-03
6.206071e-02
-3.509412e-02
6.183000e-03
-6.030013e-02
-8.042108e-02
-3.038065e-02
-1.611783e-02
1.388454e-02
5.322833e-02
-1.047951e-02
6.636847e-02
5.487836e-03
2.163718e-03
-1.116968e-02
-2.117110e-02
9.390425e-03
3.631947e-02
-1.646591e-02
1.339838e-02
2.104673e-02
7.953975e-02
1.357997e-02
-2.303559e-02
4.878749e-02
3.447185e-02
1.201246e-03
3.862622e-02
-9.021029e-02
5.221476e-02
-2.323161e-03
-6.011115e-02
-2.268351e-02
-4.800724e-03
-2.175557e-02
-7.032882e-02
-1.316113e-02
5.271569e-02
8.531409e-03
-9.619348e-02
5.121754e-02
-4.775512e-02
7.763130e-02
-5.258964e-02
6.549464e-02
1.572516e-02
-2.488812e-02
-4.877445e-03
-2.538242e-02
-4.124412e-02
-3.483021e-02
-2.494493e-02
-3.288249e-02
-2.986906e-03
-6.623117e-03
3.980932e-02
6.617062e-02
-6.499545e-02
-8.320666e-03
4.647091e-02
-6.033950e-02
7.340408e-03
4.133204e-02
2.292018e-02
4.376263e-02
-7.171320e-02
-1.110759e-02
-8.867022e-02
-7.516621e-04
-2.011250e-02
5.705981e-02
3.549575e-03
-4.201289e-02
7.729936e-03
-1.161405e-01
7.494257e-02
-2.246323e-02
-1.202473e-01
3.920040e-02
-2.288046e-02
-2.275638e-03
-2.235529e-02
-2.388957e-02
-2.842363e-03
1.181628e-02
-8.343589e-03
6.423386e-03
4.945883e-03
1.631367e-02
2.399320e-02
-1.214813e-03
-8.607154e-02
-6.437035e-02
2.640361e-03
-9.437542e-02
-7.869328e-02
3.544140e-02
-7.812534e-02
-3.902114e-02
6.112890e-02
6.043900e-03
-6.235514e-02
-7.456541e-02
-9.081425e-03
-6.214228e-02
-5.393938e-02
3.627353e-02
-3.470915e-02
-3.175757e-02
-9.123811e-04
3.538259e-03
2.741969e-03
-5.750421e-03
4.064786e-03
8.080407e-03
1.369027e-02
-4.298159e-03
1.774245e-02
-4.878994e-04
4.469207e-03
5.261278e-04
-3.382719e-02
-2.173882e-02
-2.014974e-02
-2.780167e-02
-1.616098e-02
-3.003757e-02
3.054124e-02
1.272704e-03
4.301037e-02
4.405688e-02
4.959571e-02
6.195730e-02
9.052306e-02
8.268283e-02
6.159794e-02
9.782751e-04
-3.285072e-03
-3.522436e-04
3.309587e-03
-1.247296e-04
2.803034e-04
-2.626176e-04
2.303713e-03
1.180796e-03
-1.583126e-01
-2.670467e-01
-2.852721e-01
-7.964478e-02
-2.526494e-01
-2.317774e-01
-1.606595e-01
-1.622648e-01
-1.722510e-01
1.378954e-01
1.291672e-01
3.895663e-02
2.287720e-01
1.891119e-01
1.172114e-01
8.404368e-02
2.415228e-01
6.513751e-02
5.881244e-02
1.525856e-02
8.760139e-02
1.825544e-02
-4.587324e-03
4.293310e-02
-3.724891e-02
3.118518e-02
6.848521e-02
-3.994813e-02
-6.083978e-02
-2.836315e-02
2.343366e-02
-6.255671e-02
-1.150820e-01
-2.484642e-02
-3.073196e-02
-5.017732e-02
1.192406e-02
1.313456e-01
1.496253e-01
1.713043e-02
4.421808e-02
1.580702e-01
-2.542937e-02
1.163561e-01
1.134914e-01
-1.100637e-01
1.812073e-02
6.030260e-02
-1.060091e-01
1.668215e-02
6.871505e-02
-3.936744e-03
5.746259e-02
5.082973e-03
-1.206533e-01
1.424065e-02
3.923605e-02
-1.506022e-02
3.733744e-02
1.696123e-01
8.247294e-02
7.136222e-03
9.417623e-02
2.190009e-02
-1.923057e-01
-1.766304e-01
-1.789418e-01
-1.986629e-01
-9.037551e-02
-1.312114e-01
-2.157940e-01
-2.050339e-01
-1.806357e-01
-2.465140e-01
-2.643379e-01
-2.117815e-01
-2.267691e-01
-2.515638e-01
-1.404259e-01
-9.950247e-02
-9.876234e-02
-7.917042e-02
3.347646e-02
1.186150e-01
-5.559913e-02
1.885481e-02
1.117655e-01
-2.254119e-03
8.452609e-02
6.267175e-02
3.320484e-02
-2.858835e-02
-3.987776e-02
-8.467808e-02
8.849843e-02
1.587940e-01
-9.778658e-02
2.165912e-02
6.816961e-02
1.452702e-01
1.369595e-02
-2.336129e-02
-1.949137e-02
2.333126e-02
2.183374e-02
-4.380770e-02
-5.540796e-02
1.401419e-02
-6.405606e-02
6.324835e-03
7.031731e-02
-1.680313e-02
4.888505e-02
3.047689e-02
-5.195017e-02
-9.472675e-03
1.706652e-02
-6.506047e-02
-2.893991e-02
2.026595e-04
-3.774705e-02
-5.246473e-03
1.682503e-02
-2.166723e-02
-1.228317e-02
1.157092e-03
-3.017689e-02
-1.282201e-01
-1.031638e-01
-2.820871e-03
-1.045015e-02
-8.135435e-02
-1.426171e-02
-9.790426e-04
-5.842900e-02
-2.287560e-03
3.364496e-04
-2.283899e-04
4.133141e-03
1.166828e-03
2.051053e-03
-2.039791e-03
7.157118e-04
-1.072584e-03
6.836234e-02
2.733615e-02
4.091310e-02
1.269542e-01
1.568639e-01
1.594563e-01
7.548378e-02
3.913011e-02
1.154504e-01
-2.110927e-02
1.832204e-02
2.633129e-02
-9.588058e-02
-2.270157e-02
-1.065394e-01
-2.153516e-01
-1.103365e-02
-2.022429e-02
9.338373e-02
1.333237e-01
1.403049e-01
9.188827e-02
1.140079e-01
1.044543e-01
-4.855517e-03
3.633232e-02
7.649065e-02
-9.617917e-02
-8.536752e-02
-6.160120e-03
-1.545520e-01
-1.926476e-01
-1.152530e-01
-1.252361e-02
-1.625266e-01
-2.767306e-02
-7.071485e-02
2.670265e-02
-1.845574e-02
1.289417e-02
-1.314444e-01
-1.481913e-01
-3.415553e-02
-1.007539e-01
-9.797485e-02
-5.849366e-02
-7.635269e-02
-9.906576e-02
-8.907154e-02
-1.279351e-01
-1.408304e-01
-6.328506e-02
-1.672385e-01
-1.216839e-01
-1.576727e-01
-2.438521e-01
-1.419353e-01
-1.684396e-01
-2.652867e-01
-1.119942e-01
-1.950905e-01
-1.718637e-01
-1.211603e-01
1.995959e-02
8.031777e-02
-8.129252e-03
-2.183347e-02
-9.507878e-02
-7.430270e-02
-2.766906e-02
-4.593256e-02
1.075964e-01
-7.213026e-02
-1.477785e-01
-9.207710e-02
-1.637477e-01
-2.014778e-01
-2.729011e-01
-8.491803e-02
-1.870431e-01
-2.236149e-01
-3.167932e-02
-3.690309e-02
-3.841171e-02
-1.653265e-02
-3.558316e-02
-3.773881e-02
4.902371e-02
8.987289e-03
4.958541e-03
-1.150724e-01
-1.453121e-01
1.955969e-02
-2.519149e-01
-2.757174e-01
-9.827305e-02
-1.726097e-01
-1.989985e-01
-1.448230e-01
-4.994856e-02
-5.087818e-02
-1.793984e-02
-1.738994e-01
-1.318555e-01
-1.370229e-02
-2.318344e-02
-3.157289e-02
-3.385153e-02
-1.243902e-02
-1.791191e-03
7.973976e-03
6.891941e-03
-1.824747e-02
1.365114e-02
2.252871e-02
-9.391428e-03
-3.464070e-02
-2.367987e-02
4.968048e-02
6.550574e-02
-2.828568e-02
1.592193e-02
3.117930e-02
-7.161155e-02
-3.383447e-02
-2.048045e-02
-1.590134e-01
-1.547385e-01
-1.023345e-01
-1.986772e-01
-3.153288e-01
-1.360480e-01
-1.941283e-01
-2.784773e-01
-1.603267e-01
-2.449017e-03
-1.183198e-03
-4.408520e-04
2.366989e-03
-1.081109e-03
-9.894053e-04
-1.154355e-03
-2.294443e-04
8.226162e-04
-1.359535e-01
7.725439e-02
-2.805475e-02
1.239387e-01
1.983461e-01
5.880891e-02
-4.632647e-02
1.225497e-01
9.570742e-03
-2.506069e-02
-1.808917e-01
-1.726915e-01
2.584271e-02
4.351229e-02
1.659125e-02
-1.538465e-01
-1.462695e-02
1.486744e-01
-3.311954e-02
-3.147708e-02
-8.881667e-02
2.110076e-03
-2.636938e-02
1.076351e-02
-1.524029e-02
-9.882170e-02
-7.835569e-02
-1.167005e-01
-7.290759e-04
-5.357357e-02
-2.189221e-02
-5.420711e-02
-6.291965e-02
-1.351418e-02
-2.840147e-02
-1.231366e-01
-9.184193e-02
7.532340e-02
3.734033e-01
1.681216e-01
4.617435e-01
1.222873e-01
2.491529e-01
2.678791e-01
2.894397e-01
-9.227590e-02
-1.077161e-01
-1.412028e-01
-7.857919e-02
-3.939738e-02
-6.618564e-02
-7.150675e-02
-6.967053e-02
-8.409541e-02
-7.406932e-02
-1.370287e-01
-8.083170e-02
2.968460e-02
-3.159321e-02
-9.520627e-02
4.814005e-03
-2.485789e-03
-1.537279e-01
-1.942443e-01
2.504872e-01
4.531204e-02
3.632289e-01
4.085293e-01
2.177369e-01
1.549543e-01
1.889441e-01
4.035554e-01
-1.366021e-01
1.575193e-01
-1.029948e-01
1.128604e-01
1.269647e-01
6.320353e-02
1.453744e-01
-7.067917e-03
9.728455e-02
5.511795e-02
2.491320e-02
1.196316e-02
-1.477119e-02
-7.403966e-02
-2.047225e-02
-1.846149e-03
-5.225930e-02
-3.596367e-02
-5.179435e-02
1.390514e-02
-5.469960e-02
2.336171e-02
2.301292e-02
-3.255846e-02
3.106350e-02
2.054908e-02
-1.190480e-01
-3.031944e-02
-7.787565e-02
4.499004e-02
-5.604322e-02
-8.872509e-02
5.123283e-02
-2.163168e-01
-1.357696e-01
-4.982765e-02
3.074860e-02
-2.088088e-02
3.848116e-02
-1.804608e-02
-6.468246e-02
-3.977448e-02
-3.040485e-02
-2.014695e-03
-1.593875e-02
-1.464695e-02
-2.025003e-02
2.038390e-03
-2.336107e-02
-4.630505e-02
-7.126282e-02
-1.748776e-02
-3.171567e-02
-6.395685e-02
-1.404487e-01
-1.187310e-01
-6.188166e-02
-6.689964e-03
-4.295730e-02
6.212066e-02
5.198685e-02
-7.319649e-02
3.311091e-02
9.768743e-04
-2.083615e-03
1.699872e-03
-1.385861e-03
4.630857e-04
-3.518793e-03
9.353419e-04
1.116067e-03
2.150186e-03
3.869316e-02
4.977545e-02
2.058521e-02
9.510251e-02
1.200076e-01
1.039346e-01
-2.582065e-02
2.787092e-02
-2.102131e-02
-8.818377e-02
-2.893151e-02
-5.041585e-03
-6.704283e-02
-1.871669e-02
1.882815e-02
4.324196e-04
6.524277e-02
7.974502e-02
1.116493e-02
2.449569e-02
2.820390e-02
-4.009814e-03
1.697043e-03
-1.486263e-02
-7.499313e-03
2.057302e-02
-8.410585e-03
-1.877891e-02
1.012680e-01
7.581960e-03
1.911412e-02
1.043126e-01
2.945219e-02
4.128197e-02
7.833374e-02
5.544872e-02
-1.635429e-02
2.858603e-02
-1.022765e-01
-4.955627e-02
-9.927552e-02
-9.618741e-02
-4.297928e-02
-7.839049e-02
-7.752784e-02
4.072719e-02
9.352317e-03
-5.815804e-02
4.546080e-02
4.247535e-03
-8.651956e-02
6.418678e-02
-1.299153e-02
-3.627037e-02
3.225226e-02
-3.828444e-03
-7.657031e-02
1.701961e-02
3.862701e-03
-1.173622e-01
4.184238e-02
-3.904375e-02
-4.461563e-02
8.799024e-02
4.399599e-02
3.162505e-02
-5.864241e-02
3.838386e-02
8.354589e-03
-7.370940e-03
8.988035e-03
2.166481e-02
5.898954e-02
-1.609245e-01
-2.462892e-02
-4.645500e-02
-1.746715e-01
-1.271686e-02
-6.675317e-02
-1.044395e-01
1.191966e-02
-2.368559e-02
-4.137203e-02
-5.908418e-02
-3.722303e-02
-5.982700e-02
-8.740340e-02
-1.027227e-02
-3.534206e-02
-4.454800e-02
6.728394e-02
-1.112043e-02
9.262360e-03
9.415545e-02
-1.148232e-03
2.359465e-02
5.300384e-02
1.602767e-02
3.971816e-02
-6.856572e-04
3.851403e-02
8.366692e-02
1.597049e-02
5.561638e-02
9.490461e-02
-3.946376e-02
3.971865e-02
4.810071e-02
-4.226436e-02
-5.004656e-02
-4.464159e-02
-2.967705e-02
-3.590932e-02
-3.726366e-02
-2.429388e-02
-1.392195e-02
-1.009544e-02
-2.156191e-02
-2.958095e-03
1.608416e-02
-2.501188e-02
-9.872648e-03
7.363899e-04
-3.016611e-02
-3.241586e-02
-1.836097e-02
-5.770042e-03
-1.005081e-01
4.545325e-03
-6.296806e-02
-1.146001e-01
-1.386290e-02
-5.984608e-02
-1.175723e-01
-1.700370e-02
-1.181647e-03
-2.672390e-03
1.288388e-03
-1.990887e-03
9.845266e-04
1.550376e-03
2.853723e-03
-8.163833e-04
-2.445260e-03
-1.948995e-01
-1.840426e-01
-1.360819e-01
-5.468798e-02
-1.964464e-01
-1.285948e-01
-1.224051e-01
-2.295641e-01
-2.125284e-01
-1.218648e-01
-4.148568e-02
3.419479e-03
-4.290394e-02
2.833240e-02
1.156298e-01
9.926108e-02
1.951322e-02
1.511559e-01
2.412993e-02
2.188999e-02
-6.897307e-03
2.901261e-03
3.227803e-02
-4.700740e-02
-4.690913e-02
-3.912830e-02
-8.094516e-03
-1.095092e-01
7.949548e-02
-1.502412e-01
-1.564490e-01
4.151778e-02
-1.388653e-01
-1.545879e-01
7.915457e-02
-7.699487e-02
-1.313438e-01
-9.771372e-02
-2.071487e-01
-3.552297e-02
-1.129534e-01
1.794706e-01
-1.533885e-01
-2.069862e-01
1.734751e-01
2.282118e-02
1.074112e-01
-1.205051e-02
-4.468708e-02
1.218171e-01
-8.172834e-02
-4.841556e-02
1.339632e-02
-4.624473e-02
3.571089e-02
1.180206e-01
5.472296e-02
6.742896e-02
3.098367e-01
-2.293895e-02
6.264630e-02
1.803783e-01
1.318054e-01
4.791398e-02
-1.508803e-01
-3.441316e-02
-1.107548e-01
-2.764372e-02
1.472407e-01
-1.392978e-01
-2.938463e-02
1.235895e-02
4.575031e-02
-1.428759e-01
9.682165e-02
4.774607e-02
-2.747216e-01
1.899190e-01
-2.450526e-02
-9.849228e-02
2.505917e-02
-2.068980e-02
1.508459e-03
-5.597366e-03
-9.921947e-04
3.976309e-02
-1.433973e-03
3.652731e-02
2.645500e-02
2.531971e-02
8.706242e-02
6.036334e-02
8.970205e-02
5.463888e-02
9.400734e-02
-9.371459e-03
-1.798707e-02
-1.805067e-02
-1.521209e-01
1.507887e-01
1.059733e-01
5.116643e-02
1.199609e-01
1.286752e-01
1.508962e-01
1.067790e-01
9.434965e-02
8.802993e-02
3.847956e-02
7.178610e-02
-3.082719e-02
3.528487e-02
5.077025e-02
2.663496e-02
2.596272e-02
-1.448712e-02
4.800581e-02
2.417089e-02
1.095506e-02
-6.469619e-04
4.268137e-02
3.704989e-02
7.921846e-03
2.040729e-02
2.612789e-02
-2.047032e-03
3.366974e-02
-5.831702e-02
4.550779e-02
6.202438e-02
7.270618e-03
9.422860e-02
1.365223e-01
-4.403121e-03
1.169688e-01
-4.358875e-04
9.750804e-04
2.614456e-04
-2.478332e-03
-1.153216e-04
6.082638e-04
-1.296750e-03
-1.055957e-03
1.035631e-03
-8.809151e-02
-1.429646e-01
-6.978702e-02
-4.685145e-02
1.284710e-01
-2.090226e-02
2.946533e-02
-6.649891e-02
-1.622213e-01
-3.944369e-02
6.341404e-02
7.672957e-04
4.018793e-02
-1.248111e-02
7.504738e-02
1.635662e-01
9.558088e-02
-6.152388e-03
2.758827e-02
1.681711e-01
6.839515e-02
6.114094e-02
2.395546e-03
7.648700e-02
9.774402e-02
8.040642e-02
2.772447e-02
1.218961e-01
-8.021764e-02
9.082302e-02
2.740878e-02
-1.571100e-01
8.320145e-02
-3.116346e-02
-2.120597e-01
9.257077e-02
-3.724673e-02
-8.848659e-02
9.467798e-02
-3.538524e-02
1.139054e-01
3.076597e-02
-6.555253e-02
-1.069602e-01
3.985740e-02
-2.528006e-02
-2.936000e-03
-7.645047e-02
7.941812e-02
9.424929e-02
-1.253853e-02
3.603630e-02
6.149458e-02
7.700116e-02
-3.816222e-02
-3.393373e-03
-9.776238e-02
7.123872e-03
-2.381550e-02
-1.617273e-02
-4.120706e-02
-1.668044e-03
-3.904856e-02
3.711253e-02
1.500432e-01
3.338946e-02
7.967976e-02
2.028050e-02
-1.232398e-01
-4.975959e-02
-7.664671e-02
-3.033144e-02
2.670796e-02
3.485307e-03
9.861134e-03
-9.312224e-02
-5.050529e-02
-5.211747e-02
-6.122832e-02
-6.780155e-03
-1.461399e-01
-5.848829e-02
-3.045391e-02
-2.763797e-02
-1.975067e-02
-2.277445e-02
2.046111e-02
-1.809055e-02
-3.449764e-02
-2.324095e-02
-8.653422e-02
2.002494e-02
-3.129381e-02
-2.711060e-02
9.017301e-02
-6.108062e-03
-1.227355e-01
3.424935e-02
-2.813163e-02
-9.435194e-03
4.609684e-03
2.122373e-03
-6.457050e-03
6.939596e-03
1.874501e-02
9.456148e-02
-2.650177e-02
-9.156752e-02
-2.279608e-02
-4.316258e-02
-1.501916e-02
3.778296e-03
2.048337e-02
-2.736891e-02
-1.696380e-03
-1.342986e-02
-5.804148e-02
4.038183e-04
1.325907e-02
4.282399e-03
-2.975416e-02
-1.187440e-02
-7.842477e-03
-2.380718e-02
-1.191232e-02
-1.179368e-02
-6.796144e-03
-7.760482e-02
3.479397e-03
-7.087907e-03
-1.481013e-01
-2.923325e-02
5.966818e-02
-5.870936e-02
-1.433551e-01
3.322921e-03
3.425309e-03
3.208540e-04
1.700540e-03
-4.077205e-04
2.148611e-03
1.628177e-03
2.823211e-04
6.466774e-04
