-8.657455e-02
-9.766258e-02
-1.380042e-01
-5.599989e-02
-3.992112e-02
-7.378948e-02
-1.143881e-01
-7.984444e-02
-1.306523e-01
-6.939192e-03
-4.739560e-02
-1.059677e-01
-1.359745e-01
-1.553693e-01
-1.600164e-01
-1.438596e-01
-1.413982e-01
-1.159440e-01
4.070254e-02
-7.429499e-03
3.715836e-02
-9.707915e-02
-1.736665e-01
-4.739492e-02
-1.600291e-01
-1.959384e-01
-1.132040e-01
6.587908e-02
5.460994e-02
2.471261e-02
4.280434e-02
-1.072207e-02
-8.061607e-02
6.000919e-02
-3.487072e-03
-6.980951e-02
9.570514e-02
7.543270e-03
7.867168e-02
1.348570e-01
1.610553e-02
6.862469e-03
4.373852e-02
2.146789e-02
-1.431391e-01
-1.139824e-01
-1.773393e-01
-1.789087e-01
-1.747928e-01
-1.480260e-01
-1.753080e-01
-1.595835e-01
-1.006293e-01
-1.112375e-01
-4.433835e-04
-1.343549e-03
1.281924e-03
2.777240e-05
2.532861e-03
-3.245462e-03
1.416321e-04
3.667287e-05
-3.155866e-03
-2.081327e-02
-3.518017e-02
-7.618066e-02
5.899621e-03
-7.484712e-03
-5.768320e-02
-1.000707e-02
-5.395034e-02
-6.249350e-02
-5.340854e-04
-5.900545e-04
1.782691e-03
-1.742770e-03
-7.102594e-04
2.175655e-03
-1.337370e-03
-1.437070e-04
4.398297e-03
7.383008e-02
1.723256e-01
1.041527e-01
7.609094e-02
3.757690e-02
-1.150734e-02
-4.756687e-02
-1.149920e-01
-9.709160e-02
-3.314075e-02
4.831840e-03
-3.870074e-02
-9.365752e-02
-1.243440e-01
-1.499182e-01
-8.046255e-02
-1.089012e-01
-1.580670e-01
2.604669e-02
-7.762384e-03
-3.426028e-02
-8.160637e-02
-3.966698e-02
-1.035547e-02
2.331955e-02
2.777265e-02
-5.210221e-02
4.633120e-02
5.112906e-02
2.186916e-03
5.244765e-02
5.240254e-02
1.454990e-02
-8.014812e-02
-1.467466e-01
-1.403194e-01
-1.923147e-02
-4.305758e-02
-9.234822e-03
9.240562e-02
1.115362e-01
1.150615e-02
1.562216e-01
1.677204e-01
6.913113e-02
1.387895e-02
2.591140e-03
-1.732272e-02
2.734074e-02
2.141461e-02
7.015998e-04
2.324751e-02
-5.463920e-02
-9.231519e-03
-7.498021e-03
-6.359622e-02
-2.304411e-02
-3.041809e-02
4.434251e-03
-9.107362e-02
-7.042599e-02
-7.224114e-02
-1.195374e-01
4.402838e-02
4.174583e-02
-3.721732e-02
3.211620e-03
3.746489e-02
-6.094527e-03
-1.055125e-01
-4.332660e-02
-6.527141e-02
1.162199e-01
1.506111e-02
-6.159572e-02
9.889335e-02
6.423477e-04
-2.626473e-02
-3.491319e-03
-2.763098e-02
2.421754e-02
-4.101075e-02
-7.277963e-02
3.357347e-02
-4.881835e-02
3.441215e-02
3.981590e-02
-1.414943e-02
6.374330e-02
7.217862e-02
5.167572e-02
-1.816875e-02
2.747387e-03
2.549786e-02
-1.211064e-02
-7.220503e-02
5.895280e-02
-1.349374e-02
-8.206365e-02
9.535906e-02
3.638775e-02
5.921348e-02
-1.797420e-02
-2.855850e-02
3.599522e-02
-8.344018e-02
-1.578245e-02
4.267285e-02
-5.066255e-02
-2.629018e-02
-3.124021e-02
-9.950916e-02
-7.167735e-02
-2.096920e-02
-1.501718e-01
-1.186268e-01
-5.440756e-02
3.952032e-04
-1.044778e-03
5.463884e-04
-1.127672e-03
2.626503e-03
5.028072e-05
-1.085536e-03
-2.451448e-03
-1.407953e-03
4.014304e-02
7.119114e-02
3.478181e-02
-4.698016e-02
-2.885466e-02
6.271195e-02
-4.444263e-02
-8.945505e-02
-7.889950e-02
7.824603e-05
7.861204e-04
1.823018e-03
2.279756e-03
-3.712905e-04
-1.813964e-03
-1.567836e-03
-1.929221e-03
-8.249961e-04
-4.405714e-02
-9.765816e-02
-6.188037e-02
-1.016381e-01
-1.610475e-01
-5.281960e-02
-6.243909e-02
-1.985673e-02
2.820111e-02
4.387457e-02
-3.335063e-02
1.103157e-02
2.432545e-02
-3.960469e-02
5.805144e-03
6.361618e-03
-3.290693e-02
-2.434328e-02
-2.676531e-02
-1.923390e-01
-8.647065e-02
3.966806e-02
-6.728870e-02
6.304229e-03
-6.490582e-02
-5.572635e-02
-2.034298e-02
-2.210708e-02
-2.889860e-02
2.071210e-02
-9.382807e-02
7.199660e-03
1.657165e-02
-8.697692e-02
-3.029993e-02
-1.343814e-02
4.878730e-02
3.424981e-02
-2.429634e-02
3.302031e-03
-4.405449e-02
-8.679136e-02
-5.252511e-02
-8.740370e-02
-1.205283e-01
-1.042381e-01
8.956346e-02
-1.600413e-02
-1.143871e-01
1.298966e-02
1.018483e-01
-7.040791e-02
-4.192984e-03
8.227420e-02
3.820853e-02
3.480200e-02
5.107749e-02
2.541732e-02
2.018677e-02
8.728593e-03
6.987757e-02
-1.689638e-02
7.850371e-02
-1.899748e-02
1.102053e-02
7.081649e-02
4.534192e-02
9.652475e-02
1.197896e-01
4.815564e-02
4.810869e-02
3.902365e-02
2.959783e-02
5.169668e-02
5.556951e-02
-9.401618e-02
-4.141062e-02
-7.162778e-02
2.032458e-02
2.272609e-03
1.472786e-02
9.948503e-02
1.011124e-02
4.940909e-02
6.336569e-02
-2.621290e-02
-2.995365e-02
6.365034e-02
-1.975435e-02
-4.042093e-02
6.600547e-02
3.335860e-02
6.360508e-02
2.853653e-02
1.258689e-02
3.175750e-02
-6.520788e-02
-1.564113e-01
-1.664935e-01
1.395736e-01
6.036120e-02
6.752606e-02
1.490506e-01
1.341632e-01
1.337413e-01
1.662828e-01
2.239301e-01
1.530973e-01
-1.605901e-01
-6.858338e-02
-2.416904e-01
7.721755e-02
2.280127e-01
8.447091e-02
-1.060665e-01
4.215416e-02
-1.977361e-02
-7.985262e-04
-9.556413e-06
1.961667e-03
8.655659e-04
-2.120588e-03
-2.066482e-03
4.461833e-04
4.384301e-04
1.068935e-03
-5.339902e-02
-1.464629e-01
-1.924897e-01
4.690935e-02
4.217429e-02
9.058110e-02
1.964516e-01
1.332396e-01
7.667381e-02
-2.909858e-03
-5.869936e-05
-1.187917e-03
-2.880423e-03
-1.826624e-05
-2.630534e-03
-1.553851e-03
-2.296483e-03
-2.049177e-03
-1.565113e-02
-1.429951e-01
-1.409743e-01
-2.979676e-02
-3.967346e-02
9.551350e-03
4.020839e-02
1.115317e-01
8.337750e-02
-2.435799e-02
-6.230732e-02
-9.931213e-02
3.742855e-02
5.829560e-02
3.832934e-02
3.165640e-02
1.523998e-01
6.578021e-02
-1.250069e-01
-7.615625e-02
2.118462e-02
-1.562451e-02
1.034693e-01
9.422781e-03
6.615429e-02
9.669469e-02
1.692195e-02
-8.062520e-02
-1.208237e-01
-1.570642e-01
-5.422211e-02
-2.378207e-02
-2.142023e-02
-1.233445e-02
3.688283e-03
-8.194187e-02
-1.911097e-02
-1.658622e-02
3.816192e-02
-3.218899e-02
-4.168065e-02
-8.273793e-03
1.650381e-02
-2.961246e-03
2.383101e-02
-4.098107e-02
2.317805e-02
-2.670879e-02
-2.552609e-02
-8.351413e-03
7.001473e-02
4.853563e-03
-5.987129e-02
7.087254e-02
-4.034451e-02
3.490553e-02
4.985534e-02
1.474816e-02
-2.300232e-03
3.134662e-02
2.260148e-02
1.281370e-02
7.197665e-02
8.771176e-03
-1.405523e-02
-6.563389e-02
-2.290424e-02
-8.019639e-02
-1.278637e-01
1.458086e-02
-5.371327e-02
-7.730789e-02
-7.864536e-02
-1.477530e-01
-8.494183e-02
-5.669773e-02
-9.690664e-02
-5.068715e-02
3.439945e-02
5.765348e-02
2.790659e-02
-4.624260e-02
-7.212177e-03
-2.839976e-02
8.442520e-02
7.293070e-02
3.319937e-02
1.327962e-01
1.278485e-01
7.810763e-02
3.993238e-02
5.183628e-03
1.046005e-02
-1.473549e-03
-5.089994e-04
1.570088e-02
-8.870315e-02
-7.365336e-02
3.427509e-02
-1.337032e-02
2.350164e-02
4.923449e-02
1.875551e-02
1.205505e-02
2.292326e-03
-4.742431e-02
-6.719929e-02
-4.242352e-02
-3.624288e-02
-6.436729e-02
-3.492906e-02
-1.425575e-01
-1.304234e-01
-1.142720e-01
3.814756e-02
4.751397e-02
2.050146e-02
-1.696695e-03
-1.475010e-03
-3.884831e-04
-6.699401e-05
-3.590018e-03
-1.687652e-03
8.290385e-04
-3.143655e-04
2.417017e-03
3.264301e-02
5.531436e-02
-5.401748e-02
8.160885e-04
2.539443e-02
-2.320907e-02
2.817522e-02
-3.054891e-04
-3.118755e-02
4.783776e-04
1.539272e-03
4.368363e-03
-4.161375e-05
1.225265e-03
-1.815604e-03
-3.438478e-03
-5.815014e-04
-3.373503e-04
-1.439315e-01
-1.825267e-01
-1.710899e-01
3.259703e-03
3.789146e-02
-2.484219e-02
1.545116e-01
1.917972e-01
1.107109e-01
-1.350885e-01
-1.282680e-01
-1.424974e-01
-9.218256e-02
-8.322263e-02
-8.717785e-02
-6.255154e-03
1.034571e-02
1.593437e-02
-2.208629e-02
9.435803e-02
4.552265e-02
9.836135e-03
-1.240439e-01
-9.349825e-02
-5.261639e-02
-7.871874e-03
-2.540177e-02
5.938092e-02
5.629308e-02
-8.750787e-02
8.656966e-02
4.997052e-02
-6.526549e-02
4.362508e-02
1.415733e-02
-4.307890e-02
-6.862208e-02
-8.371254e-02
-8.678197e-02
-7.148641e-02
-7.185595e-02
1.785808e-02
3.429512e-02
5.296414e-02
9.738168e-02
-6.392052e-03
-1.154180e-01
-8.665742e-04
8.816775e-03
1.170596e-01
6.814065e-02
1.285550e-01
1.139330e-01
7.306217e-02
-1.150740e-02
-1.850794e-02
-6.968240e-02
7.180618e-03
2.195315e-02
4.802728e-02
3.045669e-02
1.912173e-02
3.976813e-02
-1.897027e-02
-1.278242e-02
-1.425116e-02
-1.096947e-01
-1.702283e-01
-1.443437e-01
-7.688438e-02
-2.679127e-02
-8.361929e-02
3.050637e-02
-1.581602e-01
5.018806e-02
3.841619e-02
3.102343e-02
7.934036e-02
6.257332e-02
1.031360e-01
1.072725e-01
-1.621945e-01
8.278865e-02
-1.513890e-02
1.115419e-01
-4.713083e-02
-6.417348e-02
9.713239e-02
-1.095092e-01
-6.470456e-02
-6.646162e-02
-1.222469e-01
-6.852039e-02
-1.160663e-01
-7.725359e-02
-2.457586e-02
-1.004129e-01
-3.808167e-02
4.672099e-02
-9.210575e-02
-2.731184e-02
2.435023e-01
-1.259911e-01
-1.128500e-01
-3.986250e-03
-1.435323e-01
-1.874601e-01
1.020429e-02
7.447855e-02
7.029107e-02
9.435189e-02
-1.413264e-01
-4.048746e-02
-1.257900e-01
1.427662e-01
1.125366e-01
1.365552e-01
-6.612404e-04
1.974255e-04
1.973325e-03
-8.036744e-04
-1.401560e-03
-9.760280e-04
1.515789e-05
1.674495e-03
6.033349e-04
-2.099975e-01
-9.868391e-02
1.746399e-01
1.171480e-02
-1.800841e-01
-3.222400e-02
-6.006850e-02
1.472603e-02
-4.365237e-02
2.595641e-04
-1.499684e-03
7.305284e-04
2.406537e-03
-3.666257e-03
-2.216751e-03
-2.335723e-03
1.143876e-03
1.483373e-03
2.074047e-02
1.412052e-01
1.409227e-01
-4.948026e-02
-1.539914e-02
3.569913e-02
-8.393510e-03
-3.355295e-02
5.432536e-03
-7.839344e-02
-1.089577e-02
-3.188760e-02
-2.065454e-02
-1.082306e-01
-1.444828e-01
4.937661e-02
-6.530716e-02
4.765613e-02
-8.753403e-02
2.205904e-01
-2.551508e-01
8.834939e-02
-2.358509e-01
2.425921e-02
-7.878296e-02
-9.180734e-02
-5.768280e-03
5.793700e-02
-1.922151e-02
1.535715e-01
-5.666491e-02
8.860584e-02
-7.852055e-02
-1.200261e-01
-9.555270e-02
-3.952092e-02
7.170778e-03
-2.443327e-02
-5.545164e-02
2.358712e-02
-2.575221e-02
6.844092e-02
1.312789e-01
9.617746e-02
1.360594e-01
-1.653373e-01
-1.200169e-01
-8.016776e-04
-2.807479e-01
3.795007e-01
-3.022924e-01
-9.268098e-02
1.244671e-01
-1.855742e-01
1.293282e-01
-2.440437e-01
1.245300e-01
-6.065357e-02
-5.803741e-02
-3.247214e-02
-4.161684e-02
-1.084606e-01
3.466631e-02
-1.173522e-01
-1.027228e-01
-1.254423e-01
-6.860311e-02
1.619416e-01
2.042429e-01
-1.666655e-01
1.762268e-01
3.132553e-01
4.809868e-02
5.954600e-02
9.928533e-02
2.948199e-02
6.474195e-02
-8.474315e-03
2.170288e-02
-6.109026e-02
-9.828434e-02
1.163717e-02
2.023344e-02
1.216970e-01
6.300589e-02
3.820090e-02
4.099897e-03
3.128803e-02
1.373189e-02
-4.033494e-02
-1.082123e-01
8.512845e-03
9.075469e-02
-4.553595e-02
-3.669735e-02
-7.876287e-02
3.461066e-02
2.350807e-02
-1.198074e-01
-9.452449e-02
-8.780217e-02
-6.973464e-02
9.261335e-02
1.208030e-01
-5.826380e-02
2.001786e-01
5.596780e-01
1.790954e-01
-3.379100e-03
4.990346e-02
7.581086e-02
-4.893791e-03
-1.854006e-02
1.041826e-02
-2.668756e-02
-8.213738e-02
-1.651047e-01
3.067169e-03
4.140903e-03
5.617565e-04
7.314430e-05
5.486997e-04
3.454603e-03
-8.021872e-04
8.716817e-04
9.944290e-04
4.601573e-02
5.956521e-02
-1.034756e-01
4.707078e-02
3.988359e-02
7.468785e-02
-1.120661e-01
-3.548366e-02
-4.363221e-02
-1.041514e-03
2.976808e-03
1.432394e-03
1.865845e-03
2.247052e-03
-1.852313e-03
-8.044102e-04
3.864560e-03
-5.374938e-04
-4.718990e-02
-9.182408e-02
3.288634e-02
-6.781857e-02
-5.189535e-02
-2.662944e-02
-3.036827e-02
-2.994702e-02
-1.672175e-04
-2.513382e-02
3.477355e-02
6.817150e-02
-7.461179e-03
5.583880e-02
4.377875e-02
-5.281049e-02
-4.184066e-02
-6.957239e-02
-3.325795e-02
-3.971346e-02
4.807636e-02
-1.874990e-01
-2.450231e-02
-2.575888e-02
-2.840093e-03
2.475245e-02
8.383980e-02
1.313982e-01
1.810582e-02
-8.390998e-02
4.588189e-02
4.631668e-02
-1.188767e-02
4.779593e-02
5.376081e-03
-2.755297e-02
4.631410e-02
1.069757e-01
1.630339e-01
7.090186e-02
-4.783633e-02
-4.195275e-02
-7.345919e-02
-1.306158e-01
-2.014645e-01
7.969549e-03
-3.404218e-02
-1.187500e-01
2.786471e-03
8.982755e-03
1.212331e-01
-8.864740e-03
3.088707e-02
6.786656e-02
-1.694679e-01
-1.644117e-01
-5.048286e-02
-5.737524e-02
-3.367338e-02
-3.046387e-02
7.030558e-02
2.017563e-01
1.530159e-02
4.116507e-02
-9.338700e-03
1.551027e-02
6.395569e-02
-7.032073e-02
-2.376040e-02
1.093652e-01
-1.651592e-02
2.448994e-02
-1.217129e-02
-2.473818e-02
1.048872e-01
6.932943e-02
-3.737153e-02
9.523666e-02
-2.380476e-02
-1.191204e-01
-1.233033e-01
1.082234e-02
2.546269e-02
-1.394715e-02
1.068632e-01
-5.032854e-02
-2.659186e-02
1.414122e-01
-3.756834e-02
-4.010388e-02
-1.393275e-01
-3.522966e-02
7.895737e-03
-1.148734e-01
9.578095e-03
5.996422e-02
-1.731504e-03
1.199430e-01
9.394772e-02
-4.933301e-03
5.888614e-02
5.707927e-02
4.196106e-02
4.327564e-02
1.816248e-02
5.096461e-02
7.260597e-02
9.457454e-02
-5.551651e-02
2.209584e-02
2.022135e-02
-4.602468e-02
-1.008211e-01
-1.688057e-01
-6.157897e-02
-4.749625e-02
-1.093050e-01
2.829313e-03
-3.018751e-04
-2.762304e-04
7.033193e-04
-1.918238e-03
1.499960e-03
2.495783e-03
2.179065e-03
7.465037e-04
3.177748e-02
3.688705e-02
2.763449e-02
3.866313e-02
-3.647631e-02
5.550789e-02
-1.141331e-02
5.775305e-02
6.924008e-02
9.913442e-04
1.249140e-03
-1.482741e-04
-3.823408e-04
-1.276550e-03
4.644776e-04
1.337806e-03
-2.304507e-03
-6.433760e-04
-9.551352e-02
-7.828338e-02
-6.426071e-02
2.436585e-03
-1.509121e-01
-1.386630e-01
9.351350e-02
-4.431339e-02
-1.403981e-01
-4.681549e-02
-5.010282e-02
-1.952498e-02
-6.577663e-02
-1.206513e-01
-1.149000e-01
-6.892888e-02
-1.250290e-01
-9.398884e-02
4.110017e-02
-5.534080e-02
-6.859759e-02
-4.238879e-02
-1.044046e-01
9.550285e-02
5.078696e-02
-1.181332e-01
3.037994e-04
-7.339084e-02
-4.136917e-02
9.072200e-02
3.018152e-02
-6.679821e-02
-1.110415e-01
1.197126e-02
5.008047e-02
1.138056e-01
-6.623281e-02
1.446456e-02
2.272569e-02
-4.446793e-02
4.349000e-02
8.458240e-02
-8.316879e-04
5.887046e-03
4.159303e-02
1.156944e-03
-6.246565e-02
-6.109817e-02
8.772661e-02
1.187657e-01
-3.093528e-01
2.655794e-02
1.898426e-01
-1.421118e-01
7.999039e-02
-1.396413e-01
-8.003969e-02
1.292140e-01
-2.779310e-02
-7.537321e-02
1.133020e-01
6.702594e-02
-3.746160e-02
-7.683685e-02
-8.636305e-02
-9.460303e-02
1.608876e-02
-7.628352e-02
-1.102395e-01
7.424919e-03
-7.421318e-02
-1.011578e-01
-1.950020e-02
1.040691e-01
1.219458e-01
1.722337e-02
1.470900e-01
9.158999e-02
-2.995428e-03
7.502975e-02
-1.959425e-02
-4.915331e-02
-2.172668e-02
-7.654037e-02
-3.166874e-02
-1.309870e-04
-5.034313e-02
9.201168e-02
8.418265e-02
4.831549e-03
1.609468e-02
-1.636887e-02
8.030751e-02
-8.646283e-02
-9.327643e-02
8.519162e-02
-7.422105e-02
-9.020659e-02
4.751904e-02
1.344164e-01
2.235794e-01
2.205444e-01
1.113202e-01
-2.167132e-03
3.765307e-02
3.140934e-03
-1.405263e-01
-1.421321e-01
-2.122721e-02
-8.174700e-02
-1.576996e-02
2.734860e-02
3.502934e-02
6.107910e-02
-1.736567e-01
-1.282883e-01
-6.779648e-02
1.014647e-03
-5.181479e-04
-1.643230e-03
1.887714e-03
5.652908e-04
1.684980e-04
-1.388599e-03
5.046802e-04
1.503092e-03
5.946558e-02
1.748293e-01
1.035039e-01
2.409961e-02
6.981488e-02
-9.801581e-03
-2.845593e-03
-7.566707e-02
-5.694988e-02
-1.540384e-03
3.144410e-03
-1.543543e-03
-1.473296e-04
-6.452941e-04
1.785893e-03
1.348826e-03
-1.280055e-03
1.294954e-03
1.199291e-01
1.579926e-01
7.396310e-02
9.782796e-02
1.303097e-01
1.035941e-02
-2.184734e-03
7.224452e-02
-3.641932e-02
-9.882227e-03
2.313384e-02
3.203767e-02
-3.379858e-02
2.662034e-02
3.868257e-03
-2.247702e-02
4.925883e-02
5.912502e-02
6.280882e-02
5.766613e-02
1.736376e-02
1.366739e-02
5.297837e-02
4.637838e-03
-3.547624e-02
-3.973375e-02
-5.196835e-02
5.906107e-02
1.871875e-01
1.548335e-01
1.609154e-01
1.362311e-01
7.703742e-04
7.385998e-02
3.128265e-02
-9.232517e-02
-6.213275e-02
-2.554797e-02
2.385886e-03
-6.592872e-02
-1.844616e-02
4.757722e-02
-3.267036e-02
-1.260357e-02
2.571299e-02
4.828207e-02
5.502687e-02
-6.686150e-02
3.133660e-02
9.790909e-02
-8.582189e-02
5.069997e-02
5.765060e-02
-2.190398e-02
-5.691529e-02
1.934818e-02
3.902058e-02
-7.540124e-02
-8.980540e-02
5.919965e-02
-9.271668e-02
-7.688496e-02
1.040837e-02
5.681128e-03
-2.628811e-02
-9.853856e-02
3.989613e-02
3.478519e-02
-3.473113e-02
3.261519e-02
-1.150647e-03
-4.418299e-02
-5.788617e-02
-6.053171e-02
-1.060657e-02
-5.363439e-02
1.956465e-02
4.086056e-02
-1.511316e-02
-7.057381e-02
-1.320151e-01
-1.214242e-02
1.893110e-02
-4.405331e-02
4.417015e-02
7.523517e-02
2.262132e-02
1.551291e-01
1.334989e-01
1.453755e-01
-6.957923e-02
-5.054631e-03
9.802715e-02
-4.142429e-02
8.731803e-03
1.243713e-01
3.791928e-02
1.168671e-01
1.260292e-01
2.587755e-02
-8.592322e-02
-1.470774e-01
-2.265989e-02
-1.125401e-01
-1.766044e-01
4.117503e-02
-9.608892e-02
-1.732552e-01
-5.198085e-02
-3.823126e-02
-8.945064e-02
4.660167e-02
-1.233497e-02
-2.861727e-02
-2.371490e-02
-7.209628e-02
-8.117101e-02
6.267262e-04
-7.928759e-04
-1.006610e-03
-2.210998e-03
-4.008272e-04
-1.485560e-03
-1.642397e-03
-8.787369e-04
-7.351545e-04
-2.229483e-01
-2.920859e-01
-1.773482e-01
-3.699075e-01
-2.934774e-01
-2.446099e-01
-2.949960e-01
-3.450430e-01
-2.413307e-01
1.794898e-03
1.954096e-03
-4.170849e-04
2.420934e-03
-1.195096e-03
-1.292508e-03
-8.397327e-04
1.102993e-03
5.463705e-04
-6.099846e-02
-1.492251e-01
-1.329618e-01
-8.639698e-02
-1.634622e-01
-1.774851e-01
5.676365e-02
-4.352592e-02
-7.187340e-02
-3.249726e-02
-1.045128e-01
-1.438194e-01
1.896488e-02
-6.851622e-02
-4.986587e-02
1.096908e-01
3.253527e-02
5.721439e-02
-3.594851e-02
-6.915703e-02
-1.375632e-02
-1.971125e-02
6.508984e-02
-1.240088e-03
-1.134754e-01
-2.227518e-01
-1.816121e-01
1.135801e-02
-8.518759e-02
-1.688223e-01
-4.751464e-02
-1.226500e-01
-5.599164e-03
4.990790e-02
3.572899e-03
-6.034266e-02
-5.306194e-02
5.676700e-02
8.036302e-02
-9.772114e-02
-2.849702e-02
5.398113e-02
-1.244114e-01
-8.180858e-03
2.630180e-02
7.928001e-03
-5.803962e-02
-7.215819e-02
3.196898e-02
-2.803898e-03
-1.082652e-02
-6.833996e-02
-7.309441e-02
-7.406291e-03
6.399867e-04
-7.766118e-02
-5.260170e-03
-8.199922e-03
-5.647606e-02
-5.345901e-02
4.616226e-02
1.495048e-02
5.542742e-02
-1.240105e-01
-1.019939e-01
-1.798102e-02
-1.626971e-01
-1.847611e-01
-9.913023e-02
-1.050625e-01
-1.664905e-01
-1.451158e-01
4.817684e-02
6.087151e-02
-8.153341e-02
1.637056e-03
1.369858e-02
-1.521301e-01
-1.097390e-01
-1.779233e-01
-1.437510e-01
-9.574391e-02
-5.316933e-02
1.743458e-03
-1.451949e-01
3.714735e-02
6.765874e-02
-7.995633e-02
8.616571e-02
4.303316e-02
-3.209861e-02
4.204663e-02
1.653885e-01
9.189586e-03
7.914367e-02
2.023906e-01
-8.451035e-02
-1.046411e-02
6.372671e-02
5.825502e-02
5.746917e-02
-2.528717e-02
-1.041099e-01
-1.065832e-01
5.887706e-02
-1.440887e-01
-1.178038e-01
-6.853963e-03
-3.418989e-02
3.861948e-03
4.876297e-02
-6.770541e-02
-3.956161e-02
6.453205e-02
-4.179804e-02
2.878520e-03
4.797306e-02
7.435457e-04
1.136168e-03
2.190304e-03
5.339594e-04
3.437974e-03
6.586230e-04
1.378610e-03
-1.280933e-03
6.489595e-05
-7.615419e-02
-4.123566e-02
-1.377607e-02
-2.524230e-02
-9.177348e-02
-1.082214e-01
-4.877273e-02
-8.005466e-02
-2.922524e-02
-1.291171e-03
-3.649388e-04
9.266285e-04
1.487278e-03
2.135523e-03
-2.017979e-03
-3.775881e-04
-1.613594e-03
3.952431e-04
2.735759e-02
-4.742298e-02
-1.402431e-02
-1.754039e-01
-1.752233e-01
-3.883199e-02
-1.996436e-01
-1.308669e-01
-3.263164e-02
-7.275358e-02
-8.579277e-02
-1.066578e-01
-1.034673e-01
-8.155793e-02
-7.829045e-02
1.925649e-02
5.944305e-02
4.520263e-02
2.207904e-02
1.034892e-01
-1.934561e-03
-1.477091e-02
1.990909e-02
-1.115271e-02
-3.928346e-02
-5.664016e-03
-6.897528e-02
-6.029350e-02
-6.681596e-02
-1.313868e-02
7.838539e-02
-3.530149e-02
-2.181261e-02
5.904508e-02
-2.808192e-02
-7.068595e-02
5.046957e-02
3.939407e-02
-4.961892e-02
1.614200e-02
4.312279e-02
6.258006e-02
-4.615270e-02
-2.734498e-03
6.117440e-02
-1.782171e-02
-1.451206e-02
-7.156777e-02
-3.306529e-02
4.539880e-03
1.396029e-02
-6.324159e-02
5.140164e-03
2.894664e-02
-9.312704e-02
-3.649829e-02
2.926716e-02
-1.526888e-01
-1.147361e-01
3.373880e-02
-1.296498e-01
-1.347072e-01
-5.051480e-03
-5.408156e-02
-6.335398e-02
-5.194493e-03
2.481452e-02
1.886839e-02
6.052535e-02
-3.113875e-02
1.717946e-02
-8.339340e-03
4.698401e-02
6.649996e-02
2.221469e-02
8.900382e-02
5.769647e-02
1.570154e-02
-3.418917e-02
-6.696997e-02
-2.318026e-02
1.295412e-01
1.396682e-01
-3.378267e-02
9.300580e-02
1.927593e-01
6.013891e-03
1.177710e-01
1.432979e-01
6.181942e-02
2.240548e-02
-3.070716e-02
-9.057625e-02
4.686651e-02
-3.692276e-03
-2.431628e-02
3.878797e-02
2.881747e-02
-7.265197e-03
5.388462e-02
3.056929e-02
1.594250e-02
-8.999687e-02
-6.772022e-02
-6.325197e-02
9.554769e-03
1.269096e-01
9.369591e-02
2.476279e-02
2.819673e-01
1.504985e-01
1.513647e-01
3.616562e-01
2.556286e-01
-6.651077e-02
1.923019e-01
9.155763e-02
-2.230519e-03
-8.460893e-04
-2.930247e-04
-2.609815e-04
-9.523940e-04
-5.663179e-04
2.631955e-04
-4.323763e-04
-3.622131e-03
5.090464e-03
-1.310485e-02
-3.029247e-02
-1.561407e-02
-6.614153e-03
-4.450872e-02
-1.239886e-01
-4.747993e-02
-1.097344e-01
-2.797276e-03
2.418737e-04
-1.512146e-03
-2.039799e-03
4.940582e-04
3.023599e-03
-3.083862e-03
-1.976895e-03
3.364280e-04
-4.391812e-02
1.013880e-02
-7.199626e-02
1.521634e-01
1.636550e-01
5.260029e-02
1.737278e-01
2.740530e-01
1.221998e-01
-3.915669e-02
-6.589763e-02
-6.620508e-02
1.550362e-01
1.112543e-01
5.682310e-02
-3.061321e-02
-4.909062e-02
-1.084332e-01
-9.374464e-02
-1.048921e-01
3.607685e-02
-6.398236e-02
7.240714e-02
1.773218e-02
-1.925952e-02
-1.537838e-01
3.340540e-02
-6.563972e-02
-8.438164e-02
-1.504984e-01
-6.500693e-02
6.014187e-02
4.299713e-02
1.403167e-02
5.272476e-02
-9.711613e-02
-4.606800e-02
7.628446e-03
-1.943520e-02
4.776293e-03
1.061462e-01
3.127569e-02
-7.265149e-02
-9.626880e-02
-8.320425e-02
4.984549e-02
-6.330959e-03
1.982347e-02
1.091658e-01
4.105790e-02
6.569402e-02
3.229572e-02
1.378654e-01
2.924466e-02
-1.118348e-01
-9.663872e-02
-2.171947e-02
4.482441e-02
-6.034506e-02
-4.121001e-02
2.058932e-02
4.460469e-02
6.655286e-02
5.751444e-02
2.528039e-02
-2.394266e-02
4.587406e-02
-2.876020e-02
-4.215935e-02
9.449104e-02
3.908463e-02
-9.400038e-03
1.562284e-02
2.118028e-02
1.593249e-03
3.361810e-02
1.031220e-01
5.514966e-02
2.747969e-02
4.259734e-02
5.701674e-02
9.106861e-03
-5.024444e-02
-2.294832e-02
1.155769e-02
-6.182790e-02
-4.267302e-02
-3.278013e-02
-8.762892e-02
-9.379961e-02
-7.025575e-02
-4.341302e-02
-4.405125e-02
-3.226505e-03
-1.461220e-02
-3.215873e-02
1.227912e-01
9.265386e-02
6.588193e-02
1.023139e-01
1.106815e-01
8.291738e-02
2.865859e-02
-3.529447e-02
-5.670798e-02
1.007848e-01
5.094765e-02
2.800382e-03
-9.304313e-02
-5.773817e-02
6.152886e-03
-1.430898e-01
-1.458756e-01
-7.215840e-02
-5.233695e-02
-8.935755e-02
-3.778630e-02
-1.368673e-03
-9.845543e-04
-1.289991e-03
-5.525066e-04
-2.616789e-04
1.865176e-03
-4.038461e-04
-3.267512e-04
4.667318e-04
-6.745426e-02
-9.186653e-02
-9.001840e-02
7.221556e-02
-2.028065e-03
-3.927211e-02
2.011204e-02
-3.690534e-02
-3.970604e-02
7.419313e-04
-2.705458e-04
3.455924e-04
-1.034365e-03
1.285825e-03
-9.661391e-04
-4.312791e-04
-9.862375e-05
-2.813765e-03
-3.777838e-03
-1.052575e-02
-1.623449e-02
-2.897020e-02
-4.784318e-03
-7.547306e-02
7.505700e-03
-1.361427e-02
-7.868502e-02
-7.811930e-02
-6.948946e-02
-1.501948e-02
-2.979721e-02
-3.449409e-02
-5.948289e-03
6.485717e-02
2.492628e-02
3.803138e-02
-8.176948e-02
-2.301225e-02
-4.304450e-02
-1.180966e-01
-5.348224e-03
-3.687440e-02
-6.729607e-02
-1.013020e-01
-1.186148e-01
-4.984878e-02
-1.003563e-01
-1.136841e-01
-2.889948e-02
-6.163923e-02
-9.037962e-02
-1.856239e-02
-7.376964e-02
-9.652442e-02
4.205414e-02
2.599108e-02
6.557204e-02
4.672233e-02
2.410456e-02
8.583149e-02
-4.136659e-02
-3.873570e-02
-6.238811e-03
-2.238710e-02
-7.030448e-02
-2.553916e-02
-6.529858e-02
-1.223857e-01
-6.555738e-02
-2.919554e-02
-1.235079e-01
-8.215973e-02
-5.995809e-02
-9.113519e-02
-9.701568e-02
-1.389494e-02
-8.212384e-02
-6.514881e-02
-2.817000e-02
-2.283720e-02
-3.690562e-02
-1.634421e-02
-7.024794e-02
-7.351931e-02
8.254001e-02
1.250179e-02
-2.948419e-04
-2.359675e-02
-3.971933e-02
-7.131389e-02
9.025478e-02
-5.026409e-02
5.434008e-02
1.268347e-01
2.732000e-01
-1.684380e-02
7.376974e-02
1.884500e-01
-7.802390e-02
1.031803e-01
2.302175e-02
2.229885e-02
1.390712e-01
3.327521e-04
-1.130049e-02
5.281198e-02
-2.589219e-02
-2.970496e-02
-1.160992e-01
-2.969823e-02
2.747723e-02
-7.417584e-02
1.161155e-01
6.014957e-02
4.622075e-02
-5.902280e-02
7.748032e-02
-6.381466e-03
-1.031282e-02
-7.439278e-02
5.193283e-02
1.309688e-01
2.063717e-02
1.204231e-01
5.060232e-02
1.112040e-01
8.512677e-02
8.735491e-02
-1.590140e-02
-8.822890e-02
-6.871592e-02
-2.146052e-01
-1.015303e-01
-1.726973e-01
-1.363934e-01
2.883277e-03
1.843687e-03
3.869332e-03
5.235793e-04
-5.955756e-04
-3.489271e-03
-4.147474e-04
6.043993e-04
7.610673e-04
-2.101017e-02
-8.961512e-02
6.861571e-04
1.772847e-01
1.828261e-01
-9.538777e-02
2.952679e-01
1.567608e-01
-1.854637e-02
7.803584e-04
-3.542124e-04
2.516992e-03
-1.447445e-03
2.384389e-04
-3.026477e-03
-2.002375e-03
1.493504e-03
2.509678e-03
-8.305264e-02
-2.041032e-02
-4.826415e-02
1.288975e-02
4.225804e-02
-9.388936e-02
2.108512e-01
1.650180e-01
4.591494e-02
-8.656167e-02
-2.228111e-02
3.089062e-02
-1.729858e-01
-1.302843e-01
-1.444606e-01
-4.707468e-03
-1.041484e-01
-1.416513e-02
7.817112e-02
8.638703e-02
4.704167e-02
1.174870e-01
-4.288647e-01
-1.307349e-01
1.083035e-01
5.589184e-01
5.364955e-02
1.968223e-02
-1.507855e-02
2.294603e-02
8.057182e-02
2.687324e-01
1.297101e-01
2.080785e-01
2.897384e-01
1.662266e-01
-5.575040e-02
1.624459e-01
-2.542831e-02
-1.126266e-03
-3.996170e-02
1.495067e-01
1.300606e-01
1.380023e-01
5.006319e-02
3.398256e-02
2.716613e-02
2.005463e-02
-2.135237e-01
2.157704e-01
-1.153967e-01
-3.573973e-02
-1.416213e-01
6.950244e-02
1.089363e-01
-1.729952e-01
-8.809660e-02
-8.295667e-02
1.589633e-01
1.092492e-01
8.564193e-02
-8.211009e-02
3.597954e-02
-7.008103e-02
-5.101900e-02
-8.580189e-02
-4.646366e-02
-2.889104e-02
-4.756017e-02
-3.288851e-02
-3.715064e-02
-3.028029e-02
3.234625e-02
5.470674e-02
5.466611e-02
-4.279194e-02
1.655633e-02
-5.482166e-02
-4.096689e-02
-4.176155e-02
-5.627675e-02
-1.770445e-02
-4.811160e-02
1.373347e-02
-2.394500e-02
-8.078047e-02
-5.874339e-02
1.674769e-02
-1.119615e-01
-2.323512e-02
-2.832486e-03
5.247600e-02
-2.641475e-02
-3.935486e-02
1.279151e-02
-3.169474e-02
-4.280774e-02
5.629699e-02
-9.139087e-03
-1.085144e-01
-7.274149e-02
-4.290421e-02
-1.382103e-01
-1.180688e-01
-1.105249e-01
7.471516e-02
8.260772e-02
4.042177e-02
6.618783e-02
-9.099721e-03
-3.508834e-03
-1.743212e-02
-5.067746e-02
-5.801916e-02
2.324465e-02
-5.230879e-02
-5.857184e-02
-1.326991e-03
9.465826e-04
-1.313390e-03
2.892720e-03
-2.694852e-03
-1.716962e-03
3.573049e-04
3.328581e-04
1.244970e-03
-9.270549e-02
-5.722264e-02
-4.598619e-03
7.494182e-02
1.378448e-01
1.410345e-01
1.677197e-01
1.927107e-01
1.014545e-01
7.722003e-04
-1.457194e-03
-5.185305e-04
-1.060780e-03
-1.653822e-04
-2.371282e-03
-1.683337e-03
-3.148472e-03
-3.908763e-03
-3.974453e-02
-2.127891e-02
-2.927283e-02
-6.037037e-02
-7.020341e-02
-9.576750e-02
6.385840e-02
1.208090e-02
6.728110e-02
7.800529e-03
-1.879128e-04
-2.648001e-02
-8.234972e-02
-8.192425e-02
-1.185314e-01
6.971629e-02
7.597939e-02
4.213459e-02
-4.416101e-03
-1.411953e-01
-8.149001e-02
1.476377e-02
8.279080e-02
3.338067e-03
-1.121907e-01
-1.429165e-01
-7.152339e-02
-1.477676e-03
-2.192952e-02
-6.653421e-02
5.713677e-02
4.463477e-02
1.167916e-01
1.194747e-01
1.623055e-01
-9.079477e-03
-2.687864e-03
6.926148e-02
5.934339e-02
-1.796916e-02
5.723455e-02
1.653449e-02
-8.152352e-02
-4.825066e-02
-6.808504e-02
1.006902e-01
-3.149829e-03
-4.494771e-03
-3.089438e-02
-4.885895e-02
-4.803021e-03
-6.526850e-02
-6.429587e-02
-1.376886e-01
-6.719729e-02
-6.910963e-03
1.900926e-02
-1.229315e-02
-1.075420e-01
-3.054743e-02
-3.565455e-03
-1.933745e-02
-6.476329e-02
1.923844e-02
4.291305e-02
6.134064e-02
-6.303910e-02
-2.359866e-02
8.067758e-02
1.754576e-03
7.524113e-02
1.566265e-02
-1.031415e-01
4.264000e-02
-1.216813e-01
-1.446745e-02
4.696653e-02
-3.398467e-03
1.555254e-03
-1.425633e-01
7.983357e-03
5.961671e-02
-1.194015e-01
-3.946487e-02
3.706950e-02
-8.657673e-03
-8.652823e-03
3.114706e-02
-5.672298e-02
-1.535431e-02
-1.344023e-02
1.281556e-01
2.505914e-02
4.687827e-02
1.229637e-01
8.094529e-02
4.281072e-02
8.458789e-03
-9.020946e-02
7.760379e-02
1.268001e-01
7.715657e-02
2.424712e-02
6.041443e-02
8.731648e-02
-1.438031e-02
8.863933e-02
4.200549e-02
2.097228e-02
7.733862e-02
-1.519343e-02
-1.337430e-01
-1.249851e-01
-9.486677e-02
-3.991988e-04
-1.722043e-02
-3.901616e-03
4.127520e-03
-2.939142e-03
2.567326e-03
1.221126e-03
2.603574e-03
-2.069291e-04
-3.502897e-03
1.439534e-03
1.091845e-03
-9.963213e-02
3.205291e-02
2.293880e-02
-1.421434e-03
-4.322470e-02
1.215590e-01
9.977540e-02
6.220967e-02
-1.528920e-01
-1.346275e-03
-3.913516e-04
-3.274977e-03
4.898977e-04
2.987041e-03
-1.215062e-03
1.298057e-03
-2.027877e-03
-1.128777e-03
6.519371e-02
-3.382728e-02
-1.547293e-01
4.853640e-02
-1.950227e-03
3.668397e-02
-4.418940e-02
5.329706e-02
4.450751e-02
5.113319e-02
-1.188591e-01
4.965327e-02
1.623181e-02
-6.322605e-02
6.070589e-02
-2.357323e-02
7.139620e-03
-3.621133e-02
-2.640844e-02
-7.129683e-02
-4.280162e-04
-2.172311e-01
3.439678e-01
-4.321896e-02
-1.111234e-01
-4.843281e-02
-1.033077e-01
-5.439014e-02
-1.069984e-01
4.860812e-02
-1.978878e-01
-3.155260e-02
1.990156e-01
-4.320724e-02
-7.269739e-02
-2.925002e-02
1.063175e-01
3.188588e-02
-1.414135e-02
2.757698e-02
7.766734e-02
-4.449835e-02
-8.141264e-02
-6.665977e-02
-1.062012e-01
-1.486733e-01
-1.042710e-01
-1.035251e-01
4.719717e-02
-4.415798e-01
2.152395e-01
1.322641e-01
-3.252601e-01
-5.230601e-03
-1.863628e-01
6.923692e-02
5.584673e-02
-7.404166e-02
-5.104476e-02
6.871352e-02
-4.453180e-02
-1.794054e-01
-5.918717e-02
-8.549117e-02
-1.353412e-01
-2.739803e-02
7.636300e-03
-1.451869e-01
-1.803915e-01
-1.565534e-02
-1.356111e-01
-1.416135e-01
-1.621854e-01
-1.518798e-01
-1.309716e-01
9.253473e-02
-2.098661e-02
-1.138113e-01
9.556980e-02
2.887980e-02
-4.581896e-02
-4.430752e-02
1.795220e-02
-6.427050e-02
1.727608e-02
2.519539e-02
3.752679e-02
6.074097e-02
5.815813e-02
-1.601130e-02
-7.766299e-02
1.823545e-03
1.786995e-01
-1.364807e-02
1.145298e-01
7.848573e-02
-5.655728e-02
3.697977e-02
-5.419604e-03
6.052695e-02
4.294883e-02
1.990702e-02
8.572309e-02
8.573718e-02
3.639057e-02
1.172403e-01
-1.694112e-02
9.046243e-02
7.203369e-03
-1.325707e-02
-1.625135e-02
-1.262163e-01
-6.490860e-02
-1.182752e-01
-1.903273e-02
2.724635e-02
1.120833e-02
-9.130256e-04
7.533454e-04
2.435106e-04
-6.175943e-04
-8.479483e-04
-8.907409e-05
-1.467596e-03
-7.817240e-04
8.278824e-04
-5.423509e-02
-7.284130e-04
-6.455212e-02
4.089658e-02
9.006008e-03
-1.476342e-01
-2.494578e-01
-8.763458e-02
-9.394737e-02
-8.419742e-05
3.183721e-03
-2.764469e-03
-1.321211e-03
-1.118929e-03
-9.460559e-04
1.019668e-03
1.285793e-03
-4.117851e-04
3.561831e-02
-9.395780e-03
-5.115495e-02
1.658706e-01
1.979606e-01
-3.916314e-02
3.559654e-02
1.279848e-01
-2.189663e-02
-1.534215e-01
-5.861219e-02
-2.519651e-02
-1.626109e-01
-2.488468e-02
-7.950440e-02
-7.745709e-02
-3.550386e-02
-2.524354e-02
-3.161822e-01
2.300983e-01
-7.452616e-02
-2.659518e-01
-4.280331e-01
-1.876253e-01
1.568794e-01
2.647600e-01
-1.197523e-01
1.308046e-01
-8.254118e-02
-1.257287e-01
5.624367e-02
1.416994e-01
-1.455821e-01
-1.534294e-01
-1.239736e-01
-3.932609e-02
-3.041153e-02
9.526384e-02
-6.262360e-02
-3.644798e-02
5.521272e-02
1.361021e-01
1.279469e-01
-4.076273e-02
2.970481e-02
2.250401e-03
-2.076166e-01
5.432472e-02
-2.202604e-02
2.499575e-01
-5.084865e-02
-9.976504e-02
1.536554e-01
5.685388e-02
8.716345e-02
1.848724e-02
-1.000726e-01
-3.860718e-03
9.267627e-02
7.303226e-02
1.551009e-02
5.159422e-02
1.447797e-01
