9.178639e-02
6.051140e-02
-3.348574e-02
5.959538e-02
-1.041241e-01
-9.703674e-02
3.428012e-02
-1.488124e-01
-1.234168e-01
-4.973936e-02
-7.241049e-02
-5.622334e-02
-1.146424e-01
-2.090210e-01
-1.914097e-01
-1.181562e-02
-1.528898e-01
-9.904323e-02
3.780691e-03
-1.735575e-03
1.773494e-04
-7.216421e-04
8.177981e-04
-1.963377e-03
3.047842e-03
6.573402e-04
2.952603e-03
-6.385023e-02
-1.777271e-03
4.292817e-02
-2.708336e-02
-8.800877e-02
-5.187127e-02
3.392038e-02
-7.535999e-02
-6.120142e-02
-7.735519e-02
-3.551429e-02
1.234731e-02
-6.424712e-02
-8.331838e-02
-5.496904e-02
-7.934196e-02
-8.818602e-02
-1.156941e-01
-9.667926e-02
-1.460543e-01
-2.251106e-02
-2.363298e-02
-1.035570e-01
-3.582618e-02
-7.335427e-02
-1.004641e-01
-6.337837e-02
-8.117556e-02
-3.986824e-02
3.179019e-02
-2.716531e-02
-2.413179e-03
5.857045e-02
-7.344905e-02
-2.627084e-03
-1.480461e-02
8.612130e-02
5.465166e-02
2.487967e-02
7.377725e-02
4.336347e-02
6.551585e-02
-3.815861e-02
-7.829581e-02
-8.490426e-02
-6.368516e-03
-2.227236e-02
-5.336147e-03
2.399107e-02
-1.655700e-02
-9.947147e-03
5.674469e-02
9.165907e-03
4.995547e-03
-8.128441e-02
-6.112416e-02
1.960498e-02
-1.524128e-02
-8.237451e-02
-2.428673e-02
-2.653624e-02
-1.131408e-01
-1.232246e-01
5.784619e-02
3.449662e-02
-5.926730e-02
-3.628334e-02
2.210266e-02
-1.107830e-01
-2.601518e-02
-4.626642e-02
-7.676866e-02
1.015318e-01
1.189004e-01
1.616887e-01
7.229334e-02
9.973818e-02
1.018018e-01
2.383532e-02
-1.352695e-02
-3.193778e-02
-3.708794e-03
-8.600049e-02
-9.460994e-02
-3.315929e-02
-3.131016e-02
-1.408216e-01
3.174966e-02
1.368627e-02
-8.054844e-02
-9.744754e-02
-1.088070e-01
-8.652034e-02
-5.675396e-02
-9.761746e-02
-7.190507e-02
-4.873279e-02
-8.710704e-02
-5.568308e-02
-2.172730e-03
-3.764097e-03
2.813750e-03
-8.629321e-04
-1.784019e-03
-2.273277e-03
-2.601189e-03
1.134717e-03
2.823378e-03
4.930094e-03
-7.245319e-02
-6.246610e-02
-9.961884e-02
-8.609487e-02
-1.198078e-01
-2.309502e-02
-6.082721e-02
-7.286786e-02
2.146360e-02
-2.693620e-02
-5.091467e-02
-9.248112e-02
-2.666788e-02
-6.906236e-03
-9.996484e-02
5.175560e-02
1.612776e-02
4.861178e-03
1.209787e-01
-1.822491e-01
-3.027938e-02
1.175154e-01
-1.309335e-01
-1.264702e-02
1.554363e-01
-8.634659e-02
3.662956e-04
-2.606909e-03
-1.911016e-04
2.015214e-03
-8.467984e-04
-1.381287e-03
1.895097e-03
-1.413714e-04
2.741820e-04
4.188528e-02
-3.669081e-02
-5.546335e-02
-7.511541e-02
-8.083835e-02
-3.491092e-02
-2.280420e-02
-3.833034e-02
-7.599514e-03
-1.823100e-02
-1.551765e-01
2.931669e-02
6.600077e-02
-1.295931e-01
-8.088247e-02
-1.007787e-01
-1.530543e-01
-1.373513e-01
3.571931e-02
5.615038e-02
8.617497e-03
-2.228983e-03
4.488334e-02
2.833810e-02
2.504762e-02
5.329594e-02
3.036204e-02
7.943923e-02
1.272405e-01
2.068854e-02
-1.094774e-02
8.422388e-02
-1.212616e-02
2.414392e-02
4.475100e-02
-4.948950e-02
6.938011e-03
4.005471e-03
-6.211231e-03
3.449956e-02
8.528049e-02
-1.397048e-02
5.366169e-02
3.968381e-02
-4.041879e-02
5.970978e-03
6.832557e-02
5.683685e-02
8.177109e-04
6.075152e-02
4.980048e-02
1.136942e-02
5.755366e-02
4.256848e-02
-1.819265e-02
1.107636e-01
1.160281e-02
-2.686640e-02
4.441809e-02
-6.917143e-02
5.088174e-03
-1.801134e-02
-4.377259e-02
4.046123e-03
-2.469978e-02
1.681850e-01
4.241297e-02
-1.183664e-01
6.944144e-02
5.753604e-02
-6.938905e-02
1.262394e-01
-1.021521e-02
5.079889e-02
2.523742e-04
-5.760568e-03
6.560021e-02
-7.245512e-03
-1.222283e-02
1.263923e-02
-2.733486e-02
-8.349338e-02
-5.458358e-02
-4.247363e-02
-2.383116e-02
-7.510182e-02
-1.020320e-02
-2.750133e-02
-7.020294e-02
-6.806003e-02
-8.779746e-03
-1.434843e-02
-6.768232e-02
-8.888439e-03
-1.115507e-02
-2.290061e-02
2.214295e-02
2.332299e-03
-5.600019e-03
2.343074e-03
-2.006517e-03
1.807353e-03
5.211931e-06
-7.149963e-04
-7.579133e-04
7.318152e-04
-9.026485e-04
1.599612e-03
6.360519e-02
-1.006208e-01
3.560697e-02
1.416555e-01
1.598787e-02
5.279726e-02
2.931832e-02
-9.008665e-02
4.558244e-02
-3.345227e-02
1.018290e-01
-8.768373e-02
-1.721376e-01
-1.278815e-02
-2.557185e-02
-7.038351e-02
-6.589143e-03
2.049075e-02
2.014798e-02
1.563391e-01
-9.600671e-03
1.267460e-01
2.432172e-01
9.910467e-02
4.980632e-02
1.468037e-01
4.715243e-02
-5.342499e-04
-1.594136e-03
-2.096466e-03
2.675015e-04
2.162969e-03
-2.534811e-03
1.759761e-03
1.235139e-03
2.263144e-03
-1.254586e-01
-6.297072e-02
-3.906147e-03
-7.856145e-02
-5.470555e-02
7.238873e-02
-5.568193e-02
-6.091187e-03
6.427690e-02
-6.278906e-02
-1.024519e-01
-7.847305e-02
-2.172710e-02
-6.189195e-03
7.255386e-02
-2.074893e-02
-2.785588e-02
-4.114949e-02
-7.664968e-02
-9.285932e-02
1.032538e-01
-9.410018e-02
-4.322286e-02
1.131698e-01
-3.146863e-02
-2.859817e-02
3.467280e-02
-2.565656e-02
-2.372914e-02
-2.249240e-02
-3.472883e-02
-1.685802e-03
1.133880e-01
-7.512835e-02
-8.637144e-02
6.291875e-02
-5.166753e-02
-4.328443e-04
2.010494e-02
-7.267260e-02
-5.604580e-02
4.389626e-02
-1.070608e-01
-5.716566e-02
2.836181e-03
2.352132e-02
3.626052e-02
1.733512e-02
2.409192e-02
5.235795e-02
9.785664e-02
1.426964e-02
7.344667e-02
1.314778e-01
-3.487327e-02
-5.549197e-02
-4.967500e-02
4.952659e-02
6.360440e-02
9.248536e-03
5.817098e-02
2.740806e-02
2.197563e-02
1.722587e-02
1.891384e-02
-3.258969e-02
4.297916e-02
-5.812641e-02
-1.323593e-01
-1.362097e-02
-9.234510e-02
-1.793053e-01
4.688977e-02
9.252797e-02
-1.240180e-02
4.594522e-03
3.301430e-02
-2.507360e-02
3.073800e-02
2.892333e-02
-4.417508e-02
-6.102395e-02
-5.156125e-02
-6.909742e-02
-4.316268e-02
-8.375711e-03
-4.104795e-02
-1.088046e-02
2.147457e-02
3.834378e-02
-2.709865e-02
2.151090e-02
-3.418399e-02
2.246625e-02
1.077784e-01
9.121729e-02
3.106984e-02
6.609578e-02
5.891656e-02
3.374215e-03
1.401762e-04
-4.264024e-04
-1.096637e-03
2.843354e-03
2.195013e-03
-4.858973e-04
1.134789e-03
-3.271208e-03
1.119457e-01
2.174604e-03
-1.938894e-02
-5.278057e-03
6.506921e-02
7.480356e-02
-1.881579e-02
3.415033e-02
5.596237e-02
4.046593e-03
1.238655e-02
-5.681250e-03
-8.155924e-03
5.719858e-02
4.166374e-04
-5.600844e-03
1.638198e-02
-3.486365e-02
1.359176e-01
1.006856e-02
6.567359e-02
-1.860093e-01
-2.613091e-01
-1.971677e-01
-1.018355e-01
-1.641252e-01
-1.297445e-01
-1.194691e-03
-1.326613e-03
2.306049e-03
1.118086e-03
1.000923e-03
1.391383e-03
-1.140197e-03
1.350104e-03
1.071430e-03
1.878993e-02
1.767102e-02
-7.865340e-02
2.243272e-03
-2.794843e-02
-7.594471e-02
4.584901e-04
-2.383508e-02
-1.347344e-02
1.023025e-01
9.847766e-02
1.134915e-02
-7.600725e-02
-5.694108e-02
-4.895734e-02
-3.986695e-03
5.462018e-02
-3.044545e-02
-2.357535e-02
7.644259e-03
-2.345841e-02
-3.960145e-02
2.831589e-02
4.428338e-02
-6.728713e-02
6.793024e-02
3.478717e-02
-2.396103e-02
-1.377023e-03
-4.108547e-02
-4.230385e-02
-1.991761e-02
1.035869e-02
5.587946e-02
3.022713e-02
1.961067e-02
2.050919e-03
5.610342e-02
2.733153e-02
-7.987878e-02
-1.681807e-02
-6.757314e-02
1.179041e-03
5.568544e-03
-9.649146e-03
-2.892963e-02
-3.717842e-02
-6.297010e-02
-2.189107e-02
-4.572959e-03
-1.000916e-02
2.231708e-02
4.974043e-02
5.523482e-02
3.651480e-04
5.525226e-02
9.985895e-02
-1.066930e-02
-3.845565e-02
5.726182e-03
4.882305e-02
-1.084615e-02
-2.589310e-03
-1.298178e-02
1.151931e-02
4.826330e-02
-1.205537e-01
-6.737496e-02
6.553855e-02
-8.390607e-02
5.536227e-02
8.795935e-02
-5.402365e-02
-7.170883e-02
-4.605922e-02
-2.910276e-02
-5.295608e-02
-1.233117e-02
1.456395e-02
1.308144e-02
5.365424e-02
-4.790560e-03
7.502860e-03
2.183527e-02
2.064822e-02
1.317761e-02
-1.442243e-02
6.370487e-02
1.482727e-02
-4.836806e-02
1.291855e-01
1.053669e-01
9.611995e-02
-7.076608e-02
-8.578669e-02
-9.923901e-02
-5.227706e-02
-8.299596e-02
-8.969034e-02
2.194890e-03
2.316151e-03
-1.332894e-03
1.698424e-03
-1.374344e-04
-3.571712e-03
-2.855682e-03
-9.461328e-04
-1.389886e-04
8.498061e-02
8.700278e-02
5.323980e-02
-1.274615e-01
-1.014686e-01
-8.299618e-02
5.667295e-02
-6.037342e-03
-3.552811e-02
1.489228e-02
8.463159e-03
1.163181e-01
-1.515117e-01
1.898699e-01
-1.253146e-01
-4.276215e-02
-1.285059e-01
-6.589128e-02
5.844497e-02
-1.013893e-01
2.232250e-01
-3.809619e-02
-1.321138e-01
7.809050e-02
1.158438e-01
7.081728e-02
2.553042e-01
-9.034956e-04
1.344911e-03
1.970507e-03
-2.995015e-03
8.481418e-04
5.006675e-04
-3.279391e-04
9.707052e-04
-3.161742e-03
8.343338e-02
1.833394e-01
-1.224610e-02
9.261978e-02
-2.215077e-02
1.082166e-02
-4.466683e-02
4.300989e-02
4.349985e-02
-2.113030e-02
5.284085e-02
-1.179663e-02
-2.875326e-02
1.015445e-01
2.809911e-02
-7.059826e-02
-3.802120e-02
-1.134330e-01
-6.172716e-02
1.259260e-01
1.550001e-02
-1.841289e-02
-2.909369e-02
5.864728e-02
-9.122550e-02
1.637683e-02
7.931871e-02
-1.794054e-01
5.775116e-02
-7.884520e-02
-2.097150e-02
2.164228e-01
-1.105590e-01
1.361833e-01
-3.564614e-02
1.126054e-01
-5.479775e-02
8.574546e-02
9.996643e-02
1.256344e-01
5.862690e-02
-1.030727e-01
3.518116e-02
-9.483222e-02
1.318283e-02
-3.632616e-02
-7.874639e-02
-8.283545e-02
-1.378770e-02
-6.283735e-02
-9.178897e-02
9.254410e-03
1.051336e-02
-9.862828e-03
-1.453087e-01
-3.961261e-02
6.056901e-02
-2.006571e-01
-1.531651e-01
-4.746104e-02
-1.136876e-01
-1.520776e-01
-1.986425e-02
-4.774253e-02
-1.644797e-01
4.564429e-02
-2.477778e-01
-1.695057e-01
3.934424e-01
-1.493904e-01
5.266234e-02
4.133304e-03
-1.682542e-01
-1.798217e-01
-9.096080e-02
-1.743193e-01
-2.127512e-01
-1.032090e-01
-2.250760e-01
-2.357257e-01
-1.250186e-01
-1.384616e-01
1.556422e-02
6.748674e-02
4.323632e-02
-1.030413e-01
5.235488e-02
3.162000e-02
-9.205063e-03
-1.039788e-01
9.686526e-02
9.844492e-02
-2.035666e-02
-6.262819e-02
-6.355445e-02
-1.338467e-01
1.432604e-02
-3.122601e-02
-2.601477e-02
3.426752e-04
-2.258116e-03
-1.041506e-04
1.181916e-03
-2.011302e-03
-1.227724e-04
1.372673e-03
-2.923618e-04
-6.262188e-04
1.003636e-01
3.193331e-02
1.127536e-01
-2.413266e-02
-6.148700e-02
-2.263461e-02
4.841506e-02
-5.407136e-02
-1.310186e-01
-3.604575e-02
-1.741554e-03
2.530563e-02
-8.384675e-03
-1.292123e-02
-2.059245e-02
-5.345132e-02
1.516619e-02
-1.005736e-01
-3.545129e-02
-1.555350e-02
-3.413314e-02
-5.346086e-02
3.648080e-03
-1.308367e-02
-1.113858e-01
-7.808899e-02
-9.000117e-02
-2.263031e-03
1.228473e-03
5.792797e-04
-1.882453e-04
1.393326e-03
-1.989817e-03
1.988425e-03
8.870988e-04
-5.390598e-04
-9.452457e-02
-4.791774e-02
4.325885e-02
-3.896252e-02
4.398757e-02
1.120381e-01
-1.390447e-02
6.733129e-02
5.344026e-02
3.556331e-02
-6.264394e-03
-4.668057e-02
-1.141502e-02
2.726009e-02
2.609600e-02
-2.671608e-02
-4.572806e-02
2.677950e-03
-9.023862e-02
-3.926254e-02
3.322078e-02
5.293942e-02
1.000408e-01
5.743273e-02
1.375174e-01
1.147196e-01
8.770643e-03
-2.098520e-02
3.402419e-02
5.795565e-02
-5.306299e-02
2.098552e-02
1.967848e-02
-6.119521e-02
-5.337697e-03
-3.937196e-02
-5.246291e-02
-1.241517e-02
-1.440633e-02
-1.041260e-01
-1.833819e-02
1.772971e-02
3.025204e-02
6.439158e-02
7.161694e-02
1.802557e-02
3.907630e-03
2.361651e-02
7.774863e-03
-1.503803e-02
-6.080376e-03
-9.162840e-03
-7.883053e-03
-1.536782e-02
1.479762e-02
1.450504e-02
-1.863615e-01
-3.434745e-02
1.029205e-01
-4.791114e-03
-9.936360e-02
3.450937e-03
5.965996e-02
4.979910e-02
-2.560062e-02
-1.893530e-02
3.237530e-02
-2.568613e-02
-2.301311e-02
-1.492526e-02
-6.581458e-02
-3.958448e-02
-1.426482e-01
-6.349984e-02
-7.244086e-02
-9.258336e-02
4.077024e-02
1.669939e-02
-5.032642e-02
1.100374e-01
6.993720e-02
-8.741525e-02
-3.691993e-02
-7.810317e-02
-5.898985e-02
-5.720224e-02
-4.914861e-02
-2.284262e-02
-2.712107e-02
-2.940209e-02
2.016784e-02
3.523512e-02
3.979692e-02
3.046745e-02
5.199896e-02
4.182629e-02
1.983617e-02
2.829773e-02
5.148786e-03
7.908299e-05
-1.520599e-03
-1.418125e-03
1.023857e-03
-8.474021e-04
2.079231e-04
2.725295e-03
-2.192016e-03
3.683666e-03
-3.561670e-02
1.304562e-02
-5.269464e-02
4.793808e-02
7.427806e-02
5.634300e-02
-9.803066e-03
3.017769e-02
-1.152601e-02
1.578805e-02
3.903254e-02
7.204344e-03
1.181363e-01
1.278545e-01
-1.989413e-01
-5.029396e-02
1.025678e-01
-1.856700e-01
-8.513463e-02
6.801276e-03
-2.518393e-02
-1.328237e-02
5.043663e-02
-6.455919e-02
-9.116872e-02
-3.117946e-02
-1.865472e-01
1.776387e-04
1.672310e-03
-8.537981e-04
4.150534e-04
1.993193e-03
2.376477e-03
-3.242133e-03
1.040649e-03
1.039467e-03
-5.790774e-02
-3.815064e-02
-5.475127e-03
-2.162832e-02
2.483265e-02
-2.650842e-02
-8.849475e-02
-1.365529e-02
-5.600937e-02
-1.493408e-02
-1.418983e-02
-9.132732e-02
1.251090e-01
-2.719346e-02
-7.195551e-02
2.641197e-02
3.037600e-02
2.478832e-02
-1.152391e-02
1.696718e-01
1.297458e-02
2.923113e-02
1.225249e-01
3.169362e-02
2.751091e-03
4.297389e-02
-2.167439e-02
8.007787e-02
8.266622e-02
-8.030566e-02
1.071437e-01
1.450580e-01
-1.741524e-01
4.175672e-02
9.576626e-02
-6.325670e-02
-9.401870e-03
5.823246e-02
-6.579536e-02
7.465566e-02
-8.302695e-03
-4.632646e-05
-3.623870e-03
2.266250e-02
1.695589e-02
-4.265668e-02
-8.523925e-02
-6.929523e-02
-4.723399e-02
-8.974386e-02
-9.304720e-02
-2.946058e-02
-1.870841e-02
-5.640691e-02
2.384614e-02
9.308864e-02
9.894196e-02
-2.058354e-02
1.215528e-01
8.819937e-02
-6.953991e-02
3.334036e-03
-4.844426e-03
-3.489048e-02
3.919406e-02
4.722346e-02
-4.576342e-02
1.381901e-01
3.039879e-01
-1.311208e-01
2.392620e-02
1.787232e-01
-8.843426e-02
-5.125218e-02
-6.197510e-02
-4.778351e-02
-4.262630e-02
-6.309947e-02
-9.467486e-02
-4.662900e-02
-8.669200e-02
2.581772e-02
2.540033e-02
7.264476e-02
3.413332e-02
-2.788335e-02
3.438129e-02
4.024354e-02
-5.101088e-02
8.128196e-03
-2.033987e-02
-1.500613e-02
-5.672802e-03
3.757345e-02
4.382403e-02
2.602827e-02
-2.913026e-02
-2.454496e-02
-4.076405e-02
-1.793800e-03
1.785203e-03
-1.244363e-03
-1.057821e-03
-8.231809e-04
-1.898458e-03
1.356845e-03
-6.838450e-04
-7.986311e-04
-5.008987e-02
-7.012201e-02
1.332023e-02
1.274170e-01
9.587922e-02
-1.795602e-02
1.087003e-01
-2.207620e-02
-2.978904e-02
-9.121882e-02
-3.802516e-02
1.092948e-01
-4.174574e-02
1.376800e-01
1.673320e-01
5.143951e-02
5.688517e-02
1.438345e-01
-3.832641e-02
-1.449534e-01
9.633473e-02
-1.034222e-01
-1.157582e-01
7.620313e-02
-1.599038e-01
-1.016726e-01
4.824406e-02
-5.770510e-04
-1.336726e-03
-3.527356e-03
1.548319e-03
3.849023e-03
-1.528517e-03
1.599631e-03
3.026940e-03
-4.243714e-05
1.046327e-02
4.250869e-02
-1.267646e-02
-1.007192e-01
8.026850e-02
1.354886e-01
-4.580189e-02
1.918005e-01
2.251552e-01
1.613880e-02
1.734901e-01
1.121512e-01
7.597059e-02
2.767180e-01
1.893125e-01
7.478035e-02
2.381123e-01
1.760945e-01
-1.205986e-01
-3.063785e-02
-1.764718e-02
-1.322055e-01
-4.137487e-03
5.522840e-02
-1.599494e-02
3.193714e-02
5.564776e-03
-2.612001e-02
-1.262711e-01
7.424293e-03
-8.080544e-02
4.471720e-02
5.390587e-02
1.184368e-02
1.139450e-01
1.621731e-01
1.788702e-01
1.937388e-01
6.283773e-02
2.649097e-01
2.452473e-01
8.719935e-02
1.488982e-01
1.177035e-01
3.960730e-02
1.366993e-02
5.679216e-02
5.173231e-02
3.228825e-02
1.955367e-02
8.471297e-02
-7.507300e-03
1.034716e-02
7.728529e-02
3.388226e-02
-1.386386e-01
-1.674027e-01
8.133385e-02
-9.252364e-02
-1.572027e-01
6.510980e-02
-1.734504e-02
-7.654726e-02
3.933745e-02
9.002201e-02
-5.129493e-02
1.012670e-01
1.628126e-02
4.182264e-02
5.902405e-02
5.767920e-02
3.121553e-02
2.112533e-01
1.847912e-01
1.672505e-01
1.696897e-01
1.278663e-01
1.481286e-01
6.885584e-02
5.562741e-02
1.238541e-01
-4.598962e-03
5.856986e-02
1.616507e-02
-1.561793e-02
9.724378e-03
6.379646e-03
-3.778233e-02
-6.511732e-02
-3.387268e-02
5.872869e-02
6.747285e-02
4.922784e-02
1.512859e-02
1.846396e-02
-2.740336e-02
1.368147e-02
2.021533e-02
-4.300908e-03
-2.810104e-03
1.534228e-03
-1.307304e-03
-8.889764e-04
8.886787e-04
-9.558994e-04
1.746236e-03
-3.157524e-03
-9.883902e-04
-9.460094e-03
1.167451e-01
1.055157e-01
3.351766e-02
1.704105e-01
1.276592e-01
2.922108e-02
6.480516e-02
2.263694e-02
-1.383666e-02
-3.178611e-03
3.122738e-02
-4.820044e-02
-1.076173e-01
-4.591009e-02
-2.496305e-04
-5.774534e-02
-2.595267e-02
-3.251749e-02
-1.657629e-01
-1.052094e-01
-4.458937e-02
-1.915413e-01
-9.944661e-02
-2.542343e-02
-1.590097e-01
-7.040197e-02
6.962425e-04
2.684815e-03
2.745525e-03
1.434059e-04
4.261522e-03
-1.415772e-03
8.944774e-04
-2.842476e-03
-2.978457e-03
5.329088e-02
3.464988e-02
1.475319e-01
3.149312e-02
1.273323e-01
1.209559e-01
8.322208e-02
1.120391e-01
1.126978e-01
-3.822960e-03
-5.032946e-03
-1.640498e-03
5.064226e-03
-9.631991e-02
-2.871211e-02
-3.655398e-02
-1.133996e-01
-4.865021e-02
9.037224e-02
1.137866e-01
1.761096e-01
1.039352e-01
8.786226e-02
1.244832e-01
5.382277e-02
8.365358e-02
1.099097e-01
-2.387699e-02
-8.124230e-03
4.418388e-02
-1.644561e-03
-1.483868e-02
5.545232e-02
2.388318e-03
-2.114021e-02
7.735305e-02
1.450476e-01
9.237279e-02
2.784115e-02
6.611750e-02
-4.044335e-02
-1.416762e-02
1.375478e-02
-7.010207e-02
-4.495480e-02
6.461185e-02
-1.825870e-02
1.819957e-02
-2.046881e-03
-4.344060e-02
-3.741029e-02
1.998658e-02
-3.471363e-02
-4.632039e-02
-9.398291e-02
-1.293019e-01
-1.434975e-01
3.504957e-03
-6.016216e-02
-1.321330e-01
2.747185e-02
-1.802361e-02
-9.827038e-03
1.658560e-03
4.895692e-02
3.614014e-02
-5.007935e-02
2.653101e-02
-1.079860e-02
1.291328e-02
6.109935e-02
-7.232597e-03
1.273139e-02
4.460173e-02
1.184009e-01
1.254678e-03
5.164687e-02
9.543227e-02
-1.427593e-02
3.327248e-02
7.198212e-02
1.343460e-02
-2.427485e-02
-2.253545e-02
-4.344323e-03
-4.830335e-02
-4.673986e-02
-1.108283e-02
-2.899851e-02
-1.613425e-02
-8.884487e-03
-1.911571e-02
-6.367582e-02
-5.931360e-02
-3.187416e-02
-4.972269e-02
-8.722703e-02
-4.726269e-02
-1.762545e-02
3.115646e-03
-2.235411e-03
2.423842e-03
5.886161e-04
2.785048e-03
8.337596e-04
-1.310336e-03
-1.854507e-03
2.439230e-03
-3.807764e-02
-1.563820e-01
-1.879188e-01
-8.245157e-02
-1.581429e-01
-1.500685e-01
-1.433169e-01
-2.335310e-01
-1.824643e-01
-5.269450e-02
-6.100670e-02
2.681363e-02
-5.623567e-02
-1.111659e-01
2.812651e-02
6.999040e-02
1.469432e-03
8.272792e-02
6.276371e-03
1.699605e-02
4.740751e-02
-1.077136e-01
-1.248325e-01
-9.472699e-02
-3.462491e-02
-1.010129e-01
-8.524304e-02
7.270140e-05
-1.828915e-03
-2.859337e-03
-5.356440e-04
1.000880e-03
-1.500559e-03
3.230053e-03
1.511241e-03
3.791224e-03
-2.155346e-01
-2.102178e-01
-8.260061e-02
-1.383364e-01
-1.246708e-01
-6.542801e-02
-6.238525e-02
-4.098064e-02
-1.777544e-02
-9.965150e-02
-1.228119e-01
-1.053091e-01
-1.045104e-01
-2.266941e-01
-2.431749e-01
-7.803907e-02
-2.082452e-01
-1.275778e-01
-2.178396e-01
-4.606203e-02
1.108451e-01
-1.774248e-01
2.813272e-03
1.807375e-01
-8.279083e-02
-1.777597e-03
1.070330e-01
-4.791535e-02
-5.911190e-02
-4.769297e-02
-6.115501e-02
-3.198016e-02
5.873374e-02
-2.881463e-02
1.117009e-01
2.487453e-02
9.245931e-03
-9.185289e-02
-9.674352e-02
-9.953824e-02
-1.178013e-01
-1.048703e-01
-7.458770e-02
-7.032620e-02
-2.666203e-02
1.539191e-02
-3.926137e-03
-7.195831e-03
-2.546645e-02
1.474875e-03
7.921268e-03
-3.256579e-02
-5.474554e-02
-4.677524e-02
1.912646e-02
-2.412496e-02
4.567403e-02
4.911851e-02
4.355793e-02
2.312850e-02
8.534270e-02
1.788128e-01
1.132945e-01
-6.368756e-02
-1.816494e-02
-1.219197e-01
-1.286887e-02
-6.476578e-02
-2.223283e-01
6.071295e-02
-1.756383e-02
-4.599462e-02
9.639337e-02
7.106277e-02
4.722773e-02
1.041540e-01
4.281158e-02
7.629973e-02
6.518814e-02
7.510861e-03
5.142314e-02
8.683846e-02
-8.162172e-03
-7.567245e-03
3.970593e-02
1.355730e-02
3.387145e-02
-2.063898e-02
5.772467e-02
3.701605e-02
2.173028e-02
-9.796772e-03
-4.114931e-03
-7.297981e-02
-8.969671e-02
-8.036607e-02
-5.288924e-02
-8.638647e-02
-1.167400e-01
1.706039e-03
3.968269e-03
5.338180e-05
-5.493627e-04
1.933224e-04
-9.702253e-04
-1.426706e-03
-1.366953e-03
-2.447784e-03
-3.730084e-02
-8.147703e-02
-1.217081e-01
-8.799762e-02
-1.038292e-01
-6.740490e-02
1.022872e-02
-1.009149e-01
-1.686608e-01
-6.024818e-02
-5.696129e-02
3.164421e-05
-9.259659e-03
-3.555670e-02
-2.477431e-02
-5.875535e-02
5.588374e-02
9.658732e-02
-5.295695e-04
1.437920e-01
3.676067e-02
-2.716852e-02
1.085078e-01
-2.889760e-02
4.513567e-02
1.689577e-01
1.210258e-02
-1.857860e-03
5.301319e-05
5.749854e-03
1.674303e-03
-4.000497e-04
-4.043107e-04
-2.222501e-03
1.072534e-04
-1.133210e-03
-4.366294e-02
-1.913564e-02
-4.056913e-02
-3.876331e-02
-5.168785e-02
-6.366362e-02
-5.697641e-03
-4.010028e-02
-4.689783e-02
6.440002e-04
1.955396e-02
4.884810e-04
-3.680615e-02
-1.995503e-02
-4.723709e-02
-4.451558e-02
-1.024725e-01
-8.119888e-02
-4.138694e-02
-1.433938e-02
-5.707967e-02
-1.222868e-02
-2.794788e-02
-4.030862e-02
-2.849078e-03
2.393869e-03
-1.730225e-02
5.537776e-03
-2.401579e-02
2.602044e-02
-1.756647e-02
1.898100e-02
3.143220e-02
5.879832e-03
7.840633e-02
2.358992e-02
-7.121967e-03
-1.230902e-02
-4.129173e-02
-1.281609e-03
-8.085353e-03
-1.918674e-02
-3.866884e-02
-4.912353e-02
-8.622618e-02
1.327592e-02
3.737559e-02
3.598832e-02
1.538098e-02
3.912711e-02
3.679346e-02
-2.099243e-02
-7.475817e-04
1.240013e-02
7.822265e-02
-5.303410e-03
1.163722e-02
2.084409e-02
8.719571e-02
1.964745e-02
2.012161e-02
1.358849e-03
-2.247072e-02
-1.436322e-02
-3.072343e-02
-6.152310e-02
4.018196e-02
1.877409e-02
1.271476e-02
4.313723e-02
9.183582e-03
1.414173e-01
-9.377073e-02
-6.466806e-02
-1.030291e-01
-3.474284e-02
7.909370e-03
-3.395556e-02
-2.934296e-02
1.267176e-02
-3.829192e-02
1.765245e-02
1.861471e-02
-8.690885e-03
-3.315647e-02
-1.861811e-02
2.353731e-02
-5.386841e-02
-5.023900e-02
-3.658577e-02
-6.098063e-02
-3.935247e-02
-3.817958e-02
-8.928685e-02
-6.594294e-02
-6.069992e-02
-2.566329e-02
-1.872424e-02
-6.650979e-03
1.608835e-04
-2.790210e-04
1.060758e-03
2.773482e-03
-6.997296e-04
9.284666e-04
-7.543266e-04
-1.271994e-04
3.052526e-04
1.689474e-02
-4.658447e-02
1.380473e-02
-4.087427e-02
-1.931871e-02
6.054793e-03
-4.150399e-02
-7.828146e-02
-8.964388e-02
4.585261e-02
5.448411e-02
8.873777e-03
-1.041103e-02
1.731550e-02
-9.351267e-02
-4.483607e-02
-1.015754e-01
-1.204356e-01
6.388928e-02
6.456291e-02
7.623755e-02
-5.167445e-02
-5.889971e-02
-6.904560e-02
-2.559281e-03
-5.255507e-02
-6.077994e-02
-2.624981e-04
2.780322e-04
2.647544e-03
-8.322080e-04
-8.485659e-04
-1.454521e-03
-1.424241e-04
2.231045e-04
-2.516330e-03
-5.878409e-02
-8.223476e-02
-5.472441e-02
-2.819529e-02
-4.703792e-02
-5.659693e-02
1.875440e-03
-4.325356e-02
-8.993302e-02
8.853934e-02
3.324610e-02
2.892837e-02
3.365010e-02
-1.629584e-02
1.085498e-03
-9.113324e-02
-1.182623e-01
7.480328e-03
-1.294067e-01
-1.894121e-01
-8.617240e-02
-1.920792e-01
-2.377557e-01
-1.473624e-01
-9.262520e-02
-2.161719e-01
-1.406373e-01
6.453186e-03
-1.771909e-02
1.867112e-02
6.766591e-02
8.124522e-02
6.891359e-02
-1.586299e-02
-8.960056e-03
5.224448e-02
3.572616e-02
-4.685823e-03
-3.895985e-02
-3.116536e-02
-1.072050e-01
-1.313424e-01
-8.104558e-02
-5.730158e-02
-2.495688e-02
-1.075286e-02
2.184190e-02
3.909064e-02
-2.850145e-02
-2.716699e-02
1.229607e-02
-4.354495e-02
-4.666793e-02
-2.933980e-02
4.087508e-03
6.915339e-02
6.273388e-02
-4.008318e-02
5.202893e-02
3.348142e-02
4.470329e-02
5.512978e-02
7.299106e-02
2.938640e-02
-3.284367e-02
-5.014652e-02
-1.228040e-02
1.264305e-02
-3.709816e-02
3.972494e-02
-1.158433e-02
-3.321096e-02
8.467986e-02
5.122456e-02
1.581571e-02
6.742065e-02
3.343511e-02
1.951992e-02
2.729025e-02
-1.836173e-02
-3.786034e-02
1.810802e-02
1.735588e-03
-2.090794e-02
-2.325332e-02
-1.537329e-02
-2.237095e-02
-3.885274e-02
-5.249378e-02
-2.492093e-02
5.009000e-02
3.475982e-02
2.481369e-02
2.018938e-02
6.229016e-02
1.195621e-02
3.126632e-02
3.457271e-02
4.254673e-03
-6.118046e-05
1.977471e-03
-7.406558e-04
-5.641107e-04
-7.669863e-04
-8.368152e-05
1.908319e-03
-4.679355e-03
-3.311397e-03
6.865106e-04
3.078585e-03
-2.043002e-02
6.636714e-02
4.834391e-02
2.420852e-02
7.302217e-03
-5.923692e-02
-1.007896e-01
-7.625793e-03
7.704445e-02
-1.007602e-01
-5.781534e-02
2.012098e-01
-4.047521e-02
1.121114e-01
-2.106017e-02
-1.304602e-02
-7.112452e-02
-4.827558e-02
-1.506154e-01
-1.830655e-01
-1.529843e-01
-2.504797e-01
1.004172e-01
9.714742e-02
1.414047e-01
-2.343623e-03
-1.484962e-03
4.227666e-04
-1.998686e-03
2.145306e-03
-9.896285e-04
-1.360002e-03
-6.044368e-04
8.289356e-04
2.327058e-02
6.071460e-02
5.676005e-02
8.096930e-02
1.001421e-01
3.155127e-01
3.720706e-02
1.795049e-01
2.709212e-01
2.364564e-02
6.461529e-02
-1.706915e-01
1.861439e-01
1.354550e-01
-3.137673e-02
1.520706e-01
4.408388e-01
1.325013e-02
-9.789975e-02
-2.258825e-02
7.514875e-02
-8.081717e-02
4.871333e-02
1.329162e-01
3.775085e-02
4.667915e-02
-1.262311e-02
-2.107639e-02
9.252210e-02
1.749404e-01
6.164444e-02
9.213547e-02
-1.114564e-02
-3.013720e-02
-2.245998e-01
-9.657510e-02
1.105253e-02
1.683844e-02
1.214553e-01
2.206584e-01
1.122614e-01
-1.107425e-03
1.208971e-01
1.322063e-01
2.732739e-01
-7.898068e-02
-5.707011e-04
-8.457694e-02
-9.823559e-03
-5.170855e-02
-3.834926e-02
-5.064952e-02
-6.200296e-02
-8.053455e-04
-1.307834e-01
-1.631734e-01
-9.678075e-02
-2.984308e-02
-5.209391e-02
2.219163e-02
2.255804e-02
3.718381e-02
3.671302e-02
2.804173e-02
-5.620946e-02
-2.098682e-02
-3.342890e-02
8.987437e-02
1.694386e-01
1.309948e-01
1.619687e-01
-2.049664e-01
-2.866605e-02
-9.730407e-03
-6.836373e-02
1.267401e-03
-2.386464e-02
3.380293e-02
-6.962774e-02
1.872961e-02
2.033510e-02
-1.335373e-01
-1.509031e-02
1.608579e-01
1.213790e-01
5.408863e-02
4.520116e-02
3.382000e-02
1.057045e-01
-6.229041e-02
-6.587283e-03
3.741938e-02
1.300127e-02
-1.817277e-01
-1.295828e-01
-2.007430e-01
7.181349e-02
1.403892e-01
1.103211e-01
-1.733676e-03
-1.901629e-03
2.801219e-03
-3.322806e-03
2.466748e-04
1.422686e-03
-2.313140e-03
-3.178213e-03
-1.284005e-03
9.539904e-03
-3.895982e-02
-2.228402e-02
-1.331461e-01
-3.969446e-02
-1.497509e-01
9.976841e-02
2.951742e-02
-2.978052e-02
-6.512225e-02
-5.571731e-02
-4.019761e-02
-3.012825e-02
-4.406492e-03
-3.866912e-02
-8.620725e-04
-9.333753e-03
3.769695e-02
-8.097162e-02
-1.181697e-01
-7.453165e-02
-5.650633e-02
-8.121847e-02
-3.913375e-02
3.471297e-02
-8.316373e-02
-3.545072e-02
-8.466207e-04
3.306190e-03
-6.641524e-04
1.941751e-03
-4.632500e-04
2.368118e-03
-6.948341e-04
-9.149074e-04
1.911011e-03
3.491544e-02
5.524529e-02
1.370904e-02
7.797003e-02
1.694320e-02
3.793037e-02
-5.407431e-02
-3.490056e-02
1.337065e-03
9.680599e-02
-1.075013e-03
3.517403e-03
-1.475266e-02
1.546834e-01
1.730810e-01
-4.330668e-02
-4.320962e-02
8.257952e-02
9.058575e-02
-7.770382e-02
-1.147761e-01
8.123916e-02
-9.315962e-02
-1.518733e-01
1.877758e-01
-1.353101e-02
-7.368726e-02
-2.278300e-02
-8.706336e-02
1.858106e-02
-5.257198e-02
-8.950162e-02
6.145648e-02
4.057850e-02
9.121653e-02
1.239246e-01
2.214691e-02
6.117341e-02
1.999041e-02
-5.694867e-02
2.231330e-02
8.472859e-02
1.377133e-02
-5.338434e-02
-3.286445e-02
-2.783785e-02
-2.619056e-02
-3.589882e-02
-4.583802e-03
-4.540353e-02
-2.148896e-02
2.759678e-02
3.881024e-03
3.723791e-02
4.493275e-02
9.446726e-03
3.085992e-02
5.417424e-02
6.506680e-02
7.161298e-02
9.031195e-03
2.972894e-02
9.219228e-04
-3.572320e-02
-5.778453e-03
2.768660e-02
-1.107017e-01
1.422422e-02
-1.454014e-01
5.528136e-02
-6.034746e-02
-3.441273e-02
-8.435874e-03
-1.080252e-02
-7.219012e-02
-3.549683e-02
-3.417525e-02
-5.970401e-02
-5.414552e-02
6.928503e-03
-3.373854e-02
2.750314e-02
-3.166716e-02
-7.210507e-02
1.666038e-02
1.616540e-02
-9.325308e-02
7.638522e-02
4.528391e-03
-2.955353e-02
-6.872303e-02
-7.773945e-02
-8.765191e-02
-1.189164e-01
-7.603596e-02
-3.364107e-02
1.119699e-02
-2.549204e-03
7.329220e-03
-2.396268e-03
-1.337798e-03
-3.930909e-04
4.548279e-04
6.716096e-04
-8.914687e-04
2.233970e-03
2.388941e-03
-1.741918e-05
1.464933e-01
4.179901e-01
2.670074e-01
4.980338e-01
5.822226e-01
4.835841e-01
1.378731e-01
3.588209e-01
2.837642e-01
-3.250341e-02
-1.413663e-02
-1.242233e-01
9.406766e-02
-1.471217e-01
1.491437e-01
1.393125e-01
-4.088333e-02
7.631883e-02
-2.814141e-02
-1.977254e-02
-1.006444e-01
-2.728008e-02
-5.228670e-02
-1.340459e-01
1.569716e-02
-6.319419e-02
-9.190770e-02
2.027433e-04
5.309423e-03
1.975310e-03
1.198622e-03
-3.835433e-04
4.002802e-04
4.213102e-03
-3.408453e-03
2.276316e-03
2.025324e-02
6.450248e-02
9.028078e-03
-2.440577e-02
2.910241e-02
1.438515e-02
-1.666300e-03
8.947986e-02
1.340583e-01
-1.606737e-02
-6.490491e-02
-1.319891e-02
5.083926e-02
-4.772418e-02
-7.079510e-02
1.977689e-02
-4.005735e-02
-1.617620e-02
1.382584e-01
9.631236e-02
9.229647e-02
4.271503e-02
8.754331e-02
5.885895e-02
-3.923214e-02
6.397723e-02
6.382177e-02
1.201770e-01
-8.107077e-02
7.151376e-02
1.227654e-01
-1.946945e-01
1.846074e-01
8.571827e-03
-1.157189e-01
2.768602e-02
6.078131e-02
6.227038e-02
1.586909e-02
3.122626e-02
-4.989700e-02
-2.039391e-03
-4.786698e-02
-3.029392e-02
-1.004118e-01
5.403968e-03
2.365631e-02
-3.430843e-03
-2.378607e-03
-1.324472e-02
1.602890e-03
1.775580e-02
1.473302e-02
3.793602e-02
-7.590069e-03
-6.027543e-03
9.199718e-02
2.719563e-02
2.287249e-02
2.127066e-02
6.565427e-04
1.401728e-01
8.588485e-02
6.793933e-02
1.310159e-01
-7.076088e-03
-1.018026e-02
1.808659e-01
-3.017032e-01
-1.695156e-03
1.144726e-01
-1.302814e-01
1.595678e-01
1.241088e-01
4.805612e-03
1.026648e-01
8.516420e-02
1.593281e-02
5.866240e-02
5.696860e-02
-5.507978e-02
6.178864e-02
4.026300e-02
-5.116723e-02
8.910513e-03
1.388820e-01
-3.943472e-02
6.711088e-02
5.574760e-02
6.287925e-02
-2.705177e-03
-5.259608e-02
6.750283e-02
7.804789e-02
7.968483e-03
9.380145e-02
8.747399e-02
4.432500e-02
8.443093e-03
1.401921e-03
2.556234e-04
-2.279342e-03
2.782461e-03
1.463778e-03
-2.414793e-03
8.810495e-04
1.840992e-03
-5.411673e-04
1.026341e-02
-4.082254e-02
-4.406378e-02
5.623303e-02
1.129175e-01
1.465720e-02
1.390772e-01
5.804380e-02
-6.467501e-02
1.197314e-01
1.085542e-01
-6.570723e-02
-1.234711e-01
1.452778e-01
-8.471236e-02
-1.582905e-01
-3.375292e-01
-8.035075e-02
7.902843e-02
2.893729e-03
8.869815e-02
-3.956152e-02
-1.948054e-01
-1.112519e-01
1.107562e-02
-1.511290e-01
1.460008e-02
-3.908906e-04
-2.663821e-03
-2.487262e-03
1.078401e-03
-1.155708e-03
2.680458e-03
7.911906e-04
8.349811e-04
5.798293e-04
-1.147318e-01
-1.296779e-01
-1.093247e-01
-6.305183e-02
-1.136506e-01
-3.974659e-02
-1.571199e-01
-1.408046e-01
-4.974123e-02
-1.649700e-04
-7.813700e-02
-1.135032e-01
-1.720531e-01
2.581998e-02
-1.903604e-02
-1.145960e-01
-1.367533e-01
-2.890323e-02
2.074561e-02
7.758624e-03
-7.965337e-02
-2.745237e-02
5.245055e-03
-2.888094e-02
-5.074954e-02
7.210033e-02
-6.420423e-02
-1.129280e-01
6.752410e-02
3.335058e-02
-2.297045e-02
2.754528e-01
1.417854e-01
-1.717406e-01
4.904822e-02
1.398315e-03
9.868496e-03
-9.041176e-02
5.508592e-02
-1.934103e-01
-9.751531e-02
3.675323e-02
-9.131317e-02
-9.522500e-02
-2.416651e-02
-1.767712e-02
-2.708579e-02
-6.737101e-02
3.054880e-03
-2.882138e-02
-2.263988e-02
3.793997e-02
-4.380231e-02
2.829991e-02
2.759998e-01
2.204176e-01
1.271790e-01
2.398991e-01
2.635112e-01
6.467431e-02
1.996670e-01
1.381853e-01
1.469848e-01
2.183397e-02
6.579430e-02
6.747487e-02
-1.002448e-01
5.452290e-03
2.005934e-01
-3.729233e-02
-1.577669e-01
-1.363679e-01
-7.390881e-02
-8.493400e-02
-3.059583e-02
-8.347376e-02
-1.382301e-01
-5.981050e-02
-3.818342e-03
-7.735022e-02
-3.581543e-02
-8.605367e-02
-1.829690e-02
1.003955e-01
1.002584e-01
8.456795e-03
-4.151813e-02
6.398362e-02
5.334269e-04
2.596643e-02
1.374388e-03
4.197842e-02
2.920007e-02
-1.268604e-01
-1.183653e-01
-1.060432e-01
-3.356556e-02
-2.182947e-02
-7.948096e-03
2.969474e-03
-1.022858e-03
3.335700e-03
-1.134000e-03
-1.002203e-04
1.582831e-03
-3.194104e-04
5.178401e-04
1.177078e-03
-2.782116e-02
4.619803e-02
4.099585e-02
-1.179448e-01
-6.809877e-02
-7.109550e-02
-2.037244e-01
5.160538e-03
1.138894e-01
