1.831833e-01
-1.629242e-02
-3.137330e-02
-4.138295e-02
-9.985589e-02
-4.135475e-02
-1.574152e-01
-5.355600e-02
6.592315e-02
-2.142909e-02
1.081683e-01
-5.535869e-02
1.358153e-01
1.449172e-01
-1.111911e-01
9.805456e-02
-2.957736e-02
-1.359421e-01
1.954267e-01
-2.289509e-03
1.837799e-02
8.812647e-02
-1.542744e-01
-1.085986e-01
-9.445734e-02
-1.314723e-01
1.725596e-01
-1.189165e-01
-8.099292e-02
1.676201e-02
-8.039952e-03
1.002348e-01
1.008105e-01
1.031438e-03
6.109006e-02
-8.174419e-02
2.332098e-01
-2.811255e-01
4.108532e-02
-2.756526e-01
-1.450328e-01
3.799819e-01
-1.353127e-01
4.392293e-01
-3.060195e-01
-1.279231e-03
-2.231839e-02
-1.552247e-02
5.292587e-02
1.048187e-02
-2.646690e-02
1.168414e-01
1.072147e-01
1.940941e-02
-5.407036e-02
5.506914e-04
-7.153037e-02
-1.812519e-01
-9.869579e-02
-1.838814e-02
-3.000169e-02
1.539496e-01
-4.504703e-02
-1.396042e-01
-7.322442e-02
-1.084301e-02
-2.575775e-02
1.531433e-01
2.793702e-02
7.894357e-03
2.117687e-02
-1.684321e-01
-1.685912e-02
-4.841555e-03
3.388817e-02
1.059892e-01
4.797642e-02
1.910724e-02
7.676249e-02
-1.586249e-02
1.989933e-02
-1.041759e-01
-3.723866e-02
-5.803864e-03
-3.414704e-02
1.630182e-02
3.067877e-03
5.367697e-02
1.782851e-03
9.909192e-02
6.158050e-02
3.723006e-02
-8.319534e-02
2.195273e-02
-8.386049e-02
1.570666e-03
2.503808e-02
-3.638715e-02
6.947464e-02
2.782138e-02
7.271402e-02
5.861884e-02
-8.512725e-02
-4.473475e-02
-5.050574e-02
-2.361709e-03
-1.142880e-02
1.064394e-01
2.282762e-01
-3.065777e-01
-1.446967e-01
-2.809825e-01
-1.395041e-01
3.418236e-01
-1.414688e-01
3.106475e-01
-4.144666e-01
-1.349078e-01
5.262696e-02
-1.333284e-04
9.487662e-03
1.340478e-02
-5.291187e-02
-1.728549e-02
-1.378728e-02
-2.758358e-02
-6.617642e-02
1.178353e-01
-1.663195e-03
1.636272e-01
-5.525985e-02
-1.912555e-01
-1.281555e-01
-6.456973e-02
9.273126e-02
-6.976128e-02
-1.401586e-01
-6.560714e-02
-1.344071e-01
-1.646222e-01
-4.983579e-02
-8.176580e-02
4.464822e-02
5.931148e-02
3.101242e-02
-5.183756e-02
1.102226e-02
2.610865e-03
-2.719591e-02
3.117971e-02
2.573855e-02
-3.085796e-03
9.408909e-02
-6.577903e-02
1.379394e-01
-2.842250e-02
-1.039899e-01
9.595210e-02
3.412063e-03
-8.597165e-02
1.138164e-01
-8.321056e-02
2.576230e-02
-2.856194e-03
1.061605e-02
-1.962168e-02
6.480134e-02
1.031084e-01
2.731523e-02
-9.430735e-03
-8.625679e-02
3.779450e-02
2.123657e-02
5.163312e-02
-3.484715e-02
-2.509312e-02
4.484768e-02
3.506674e-02
-2.220308e-03
-1.791954e-02
-1.027525e-01
2.535319e-01
1.165766e-01
3.602517e-02
-1.123919e-01
6.384341e-02
-4.055765e-02
4.030641e-02
2.738552e-02
-1.272029e-02
-6.004268e-03
-1.519602e-04
-3.208255e-02
-1.710580e-02
2.094557e-02
2.649874e-02
6.311573e-02
5.271300e-02
-4.876941e-02
7.262340e-02
-5.430590e-03
1.496961e-01
2.893786e-02
-9.095190e-02
-1.484190e-02
-5.875786e-02
-2.163251e-02
-5.412300e-02
-8.881087e-02
-1.317399e-02
8.116730e-02
-2.318372e-02
-5.053682e-03
1.181807e-01
3.125381e-02
-1.605441e-02
-3.124085e-03
1.870758e-02
3.620230e-02
2.688785e-02
1.847009e-02
2.502789e-02
2.585466e-02
2.026519e-02
-3.566394e-02
5.625833e-02
2.483344e-02
6.960075e-02
1.268523e-02
2.779260e-02
2.579722e-02
-3.251226e-03
-5.527958e-02
-8.443905e-02
6.585954e-02
9.414972e-02
5.356663e-02
1.755264e-02
2.072726e-02
7.477070e-02
-9.398323e-02
-9.038316e-02
4.495159e-02
-2.866741e-02
-1.636702e-02
3.660903e-02
1.426011e-03
-3.630005e-02
-7.052141e-03
2.153745e-02
-1.327996e-02
-2.186956e-02
-1.407179e-02
2.595432e-01
1.694710e-02
-1.144071e-01
-1.700678e-01
-1.255010e-01
6.004556e-02
-9.101935e-02
2.803895e-01
-6.142421e-02
-6.677388e-02
-7.776748e-02
3.518678e-02
5.910500e-02
3.110315e-02
-1.473175e-03
3.483054e-03
-1.052484e-02
2.757790e-02
-4.422072e-02
-2.106856e-02
-2.108343e-02
1.188872e-01
7.497933e-02
-3.471242e-02
-9.783740e-02
-1.760644e-02
-2.634343e-02
1.242546e-01
4.742951e-02
-9.600437e-02
-8.298431e-02
2.469683e-02
1.822013e-01
-4.470832e-03
-4.548239e-02
-1.400118e-01
-1.032853e-01
-3.753164e-02
8.458108e-02
9.644428e-02
9.152684e-02
1.174228e-01
1.098231e-01
5.445947e-02
7.542552e-02
1.009858e-01
6.613442e-02
-1.504846e-02
-5.119350e-02
-8.374612e-02
-6.779928e-02
-1.255545e-01
-1.094842e-01
-1.400431e-01
-1.214079e-01
-1.335622e-01
-7.534147e-02
-5.273178e-02
-7.057177e-02
7.019694e-03
6.834750e-02
7.816761e-02
-8.174530e-02
6.483546e-03
4.010141e-02
-9.976734e-02
-3.700147e-02
9.263276e-03
-3.287842e-02
-6.242721e-02
-2.519348e-02
-1.781939e-02
-5.235903e-02
1.863409e-02
-4.245841e-02
-3.198328e-02
2.878112e-02
1.775838e-02
9.895150e-02
6.219715e-02
7.155827e-02
6.326339e-02
6.401519e-02
8.248437e-02
5.132231e-02
2.170918e-02
5.225892e-02
5.484404e-02
3.941064e-02
1.731528e-01
8.978752e-02
4.090545e-02
2.835711e-02
-6.504687e-02
-8.452543e-02
-9.817899e-02
-2.038919e-01
-1.813868e-01
-7.509018e-02
-5.394307e-02
-1.109771e-01
1.070909e-01
1.424477e-01
2.664833e-02
9.963066e-02
1.273948e-01
3.352186e-02
-4.486440e-02
-5.636094e-02
-2.084969e-02
-3.016362e-02
-1.027676e-02
-1.124376e-02
8.057109e-02
6.328121e-02
3.527608e-02
-9.654773e-03
1.561375e-02
9.343460e-03
3.282360e-03
2.858103e-02
4.050840e-02
-1.899965e-02
-2.162597e-02
4.755228e-02
-7.854584e-02
-3.684464e-02
7.040166e-02
-1.423876e-02
-2.768999e-02
4.575248e-02
2.075180e-03
-2.848873e-02
1.605935e-02
-8.198288e-02
-1.137687e-01
-1.313764e-01
-1.906059e-02
-1.344941e-03
-3.645129e-02
8.540935e-02
1.407132e-01
8.974595e-02
2.211950e-01
1.142406e-01
9.385303e-02
-1.071741e-01
-1.058552e-01
3.864189e-02
-2.047800e-01
-1.843610e-01
-1.379663e-01
8.348121e-02
1.749414e-02
-3.706307e-02
5.365732e-02
2.594075e-02
-1.255569e-02
-5.402891e-02
-3.600750e-02
-5.620239e-02
9.597308e-02
9.852196e-02
5.102833e-02
8.313846e-03
-5.356151e-02
2.444503e-02
-7.789171e-02
-1.321997e-01
-1.040355e-02
5.721575e-02
4.226865e-02
2.479309e-02
5.945433e-02
-5.639969e-03
3.293207e-02
-3.305005e-02
-1.099092e-01
-8.615932e-02
-6.976782e-02
4.560121e-02
-2.435058e-02
-6.440165e-02
5.074802e-02
5.600979e-02
-4.046902e-02
-2.615583e-02
-6.011327e-02
-1.584093e-02
4.791071e-02
-6.393003e-02
7.843047e-04
6.714682e-03
-1.159560e-02
1.199226e-02
-4.784409e-02
-3.043955e-02
-1.367252e-02
6.872317e-02
2.184684e-01
-2.760260e-03
-8.619625e-02
1.014698e-01
2.409534e-01
-3.684038e-02
-8.173176e-02
-1.172659e-01
7.439703e-02
1.730939e-01
-7.186114e-02
-1.043105e-01
9.348316e-02
8.405975e-02
-3.613260e-02
-1.257973e-01
-2.963908e-01
-4.491463e-02
3.628122e-01
2.877787e-01
-3.898094e-01
-8.516975e-02
1.406541e-01
2.808989e-01
-1.803247e-01
9.709768e-02
-1.794302e-02
-1.422216e-01
1.056055e-01
1.594479e-01
-8.176872e-03
2.764531e-02
1.286062e-01
1.184202e-01
-1.807876e-01
-1.416491e-01
-2.553770e-02
2.523172e-01
8.553939e-02
-1.676587e-01
-1.100180e-01
1.288491e-01
8.707389e-02
-1.320238e-01
-1.111538e-01
7.712482e-02
4.718913e-02
2.343866e-02
-3.025635e-02
5.153329e-02
2.442253e-02
-1.064567e-02
1.308209e-01
1.320475e-01
3.344100e-02
-3.748257e-04
-2.198791e-02
-1.100222e-02
4.850845e-03
-3.983327e-02
-5.063960e-02
6.096535e-02
-1.541527e-02
-5.972202e-02
-2.000750e-02
1.125189e-01
2.011979e-02
-4.259582e-02
-8.081889e-02
2.308408e-02
-6.707850e-02
-1.631253e-01
-1.165926e-01
-1.249758e-02
1.453440e-01
-9.445255e-02
-9.136850e-02
-2.997567e-02
6.743619e-02
2.915325e-03
-3.162798e-02
2.098382e-02
6.147958e-02
-6.751799e-02
-1.458331e-02
5.328069e-02
1.615749e-02
5.259981e-03
-2.988582e-01
4.861626e-01
-1.466931e-01
-2.292721e-01
-4.444547e-01
3.773676e-01
2.039459e-01
-5.567185e-02
-3.298953e-01
-3.418454e-02
-1.935517e-02
-3.816185e-02
4.813777e-02
1.749937e-01
-2.511731e-02
-1.413638e-01
-1.439583e-02
-4.308118e-02
9.445585e-02
-1.030187e-01
-1.120484e-01
-6.582556e-02
2.702135e-01
4.896854e-02
-7.134116e-02
-1.475886e-01
-2.639746e-03
-2.163748e-01
1.355545e-01
2.111187e-01
3.678660e-02
-1.995500e-01
9.245580e-02
1.762598e-01
1.963628e-01
-1.839394e-01
1.167907e-01
1.026011e-01
4.703308e-02
-2.834918e-02
-8.430389e-02
-6.807516e-02
-9.222591e-03
7.067410e-05
-1.906745e-03
-7.547389e-02
-2.940117e-02
-6.110162e-02
-2.882846e-02
-1.243780e-02
-3.644646e-02
1.163968e-01
9.200890e-02
1.467859e-01
5.892767e-02
1.146154e-01
1.090643e-01
-7.243118e-02
-1.387705e-01
-1.419237e-01
2.732237e-02
5.782993e-02
8.803277e-02
7.721456e-02
5.426039e-02
8.145417e-02
5.906586e-02
5.945785e-02
1.283423e-02
-3.743274e-02
-6.765734e-02
-7.966722e-02
1.022043e-01
-1.712349e-01
9.440182e-02
-2.228802e-02
1.080558e-01
-4.810087e-02
1.342062e-01
-7.031437e-02
-2.789610e-02
-1.593751e-02
2.340266e-02
2.665374e-02
-3.399368e-02
-6.092037e-03
6.469835e-03
1.461982e-02
5.705134e-02
5.402759e-02
-5.486238e-02
-1.712744e-01
-5.284122e-02
-1.669187e-01
-6.398184e-03
1.179305e-01
1.192120e-01
8.861289e-02
2.870068e-02
-2.572379e-02
-2.691935e-02
1.055916e-03
7.476895e-02
1.496996e-01
9.248273e-02
1.825504e-02
-1.750279e-02
-9.485622e-02
-7.445725e-04
-2.946927e-02
-1.612809e-02
-5.001954e-02
-1.120351e-01
-5.942466e-02
-2.358866e-02
-1.766951e-02
1.661248e-02
-5.778088e-02
-8.686728e-02
-7.024730e-02
-8.614393e-02
-8.564233e-02
1.795921e-02
4.875430e-02
7.299124e-02
8.630985e-02
1.939897e-02
1.296368e-02
1.549150e-02
-5.975625e-02
-2.894511e-02
-2.634256e-02
7.918835e-03
7.297944e-02
4.830438e-02
-1.185865e-02
4.542790e-02
2.044724e-02
-4.520300e-02
-2.799395e-02
-4.042089e-03
-2.294132e-02
1.436098e-02
1.127009e-02
-2.799644e-01
-3.263699e-01
-2.705743e-02
7.283136e-02
4.522816e-01
2.109472e-01
5.350348e-02
-6.598239e-02
-2.656896e-01
1.231033e-02
7.731662e-02
4.536698e-02
-3.902680e-03
3.035680e-02
-1.555755e-02
-9.141227e-02
-2.049900e-02
-8.717133e-02
-6.552593e-02
2.781825e-03
-1.052494e-01
-9.258100e-02
-4.293480e-02
1.399757e-02
6.816789e-02
1.702511e-01
6.773754e-02
-2.193085e-02
-5.147479e-02
1.612066e-03
2.660234e-02
5.634230e-02
5.490460e-02
-5.421789e-02
3.228319e-02
2.496503e-02
-4.896229e-02
-2.596035e-02
1.090403e-02
-9.991243e-02
-1.136190e-01
-9.277403e-02
-4.052822e-02
-5.583071e-02
-6.814273e-02
9.119338e-03
4.613201e-02
4.164623e-02
-2.187848e-02
-6.783104e-03
-1.550972e-02
3.856471e-02
2.675627e-02
3.938115e-02
-5.418534e-03
9.368235e-03
-6.950626e-03
-1.397122e-02
-4.344245e-02
-4.972814e-02
-1.144636e-02
5.129693e-03
-3.509680e-02
-6.901898e-02
-6.280906e-03
3.097381e-02
-8.438814e-02
-6.905657e-02
-2.491615e-02
-3.685618e-02
-5.281599e-02
-1.588578e-02
2.016276e-02
-3.141696e-02
-1.288186e-02
-1.728534e-02
-8.119579e-02
-5.004471e-02
6.618211e-02
-2.067867e-02
-6.436420e-02
1.771492e-02
-7.796743e-03
4.526963e-03
4.893785e-02
1.223974e-02
-3.265436e-02
4.828044e-02
2.170604e-02
-1.583620e-02
2.222974e-02
6.581597e-03
-6.556640e-02
8.682643e-03
5.524503e-02
1.655016e-04
2.736368e-02
6.248387e-02
-2.082100e-03
-3.092605e-02
-1.776315e-02
-5.440468e-03
-3.717504e-02
-2.409791e-02
-1.023842e-02
-5.884158e-02
-1.822798e-02
-2.783418e-03
-2.561730e-02
2.780593e-02
1.298360e-03
-5.939436e-02
9.826943e-03
-4.245809e-02
-5.150593e-02
1.533353e-02
-3.619216e-02
4.584493e-02
1.059076e-01
3.607839e-02
9.099632e-03
1.153694e-01
5.734095e-02
-4.380337e-02
8.510374e-02
8.841603e-02
3.848325e-02
5.164231e-02
2.599994e-02
7.768977e-03
4.100921e-02
1.887899e-02
-7.178552e-03
1.798211e-02
6.492022e-02
9.799795e-03
2.856091e-03
-3.476043e-03
-1.017965e-02
1.188804e-02
-3.707008e-02
-5.862798e-02
-2.929282e-02
-6.915831e-02
-9.469242e-02
8.401317e-02
-6.017295e-02
9.231199e-02
1.566815e-01
2.094128e-01
7.384367e-02
-2.758082e-02
-4.897086e-02
-2.606509e-02
-3.129058e-02
-5.961224e-02
4.706248e-02
4.709840e-02
1.855013e-02
-3.261706e-02
-1.296916e-02
-1.700197e-02
-2.943213e-02
1.785455e-03
-5.575868e-02
-3.138905e-02
2.334760e-02
-2.364396e-02
-6.576364e-02
-2.072125e-02
-3.983093e-02
4.903765e-02
6.362399e-02
5.848567e-02
-1.501828e-02
-3.487831e-03
7.579000e-02
2.115885e-03
-2.975425e-02
-8.607545e-03
3.170988e-02
4.612442e-02
-2.525972e-02
-4.782178e-02
-1.713422e-02
-5.737622e-02
-8.369026e-02
-7.757213e-02
-1.086070e-01
8.925129e-02
1.327124e-01
1.171133e-01
-7.703422e-03
-3.777482e-02
8.576244e-03
-1.307542e-02
-5.793994e-02
2.955746e-02
3.447488e-02
1.503745e-02
-5.312800e-02
4.252480e-02
6.564642e-02
-4.513557e-03
1.741367e-02
5.994366e-02
9.488121e-03
1.459924e-01
1.387888e-01
3.011865e-02
1.676774e-01
1.502349e-01
5.282987e-02
9.147973e-03
3.774071e-02
8.257506e-03
1.585768e-01
1.896816e-01
1.039105e-01
4.937886e-02
8.274822e-02
5.135437e-02
-5.747956e-03
5.049800e-02
-6.669827e-03
7.434149e-02
1.203572e-01
3.239444e-02
-1.194012e-02
3.662161e-02
1.794407e-02
2.640128e-02
5.228098e-02
2.189168e-02
5.142036e-02
6.339626e-02
9.180746e-02
-1.003952e-02
-3.863822e-02
6.178514e-02
-7.984503e-02
-1.863453e-01
-1.165862e-01
1.093861e-02
2.906484e-02
1.772732e-02
9.337853e-02
7.055156e-02
3.353359e-02
8.466686e-02
7.375391e-02
4.947442e-02
1.168703e-02
6.803828e-02
9.638842e-02
-8.241386e-02
-4.605737e-02
1.219919e-02
-9.189721e-02
-7.672432e-02
-1.582753e-02
-1.013112e-01
-4.886398e-02
-1.248494e-02
-8.117586e-02
-4.738631e-02
-1.266587e-02
3.525250e-02
6.369771e-02
7.653668e-02
-3.175018e-02
-2.335538e-02
-3.397413e-02
8.219748e-03
1.062333e-02
-1.501350e-02
-6.133555e-03
-2.323912e-04
-3.974336e-02
-7.200200e-02
-5.884406e-02
-6.190456e-02
-2.939338e-02
-1.983660e-02
-5.601531e-02
5.358603e-02
7.585984e-02
-2.056136e-02
-7.959089e-02
-9.390693e-02
-3.025073e-02
1.142793e-02
-5.799970e-02
-3.832104e-02
1.664378e-01
1.112736e-01
2.882884e-02
-5.807472e-02
-9.325887e-02
-1.386358e-01
1.187346e-01
6.289798e-02
-4.452552e-02
1.022968e-01
7.779600e-02
-5.166834e-02
1.841213e-02
-1.588949e-02
-2.888376e-02
1.123211e-01
8.056686e-02
1.158488e-02
8.865655e-02
4.899154e-02
1.293511e-02
-9.203137e-02
-2.179759e-02
-1.042926e-02
-3.903425e-02
2.500116e-02
-4.075662e-02
9.175976e-02
1.891495e-01
1.480504e-01
-1.202962e-01
1.492977e-02
8.667565e-02
4.335447e-02
1.051992e-01
7.135606e-02
7.237526e-02
1.426559e-02
-1.238440e-01
1.110377e-01
1.810915e-01
1.304621e-01
-9.711445e-03
-8.137204e-02
-7.066149e-02
7.796708e-02
-6.857278e-02
-8.701218e-02
1.047935e-01
-2.289234e-02
-5.154526e-02
-1.712704e-01
-3.047994e-01
-4.591079e-02
-3.105262e-02
5.191239e-02
2.957409e-01
1.527556e-01
1.214084e-01
-2.916101e-02
2.194216e-01
4.983946e-02
-1.227039e-01
-2.081935e-01
-2.947558e-01
-1.439790e-01
-3.079784e-01
4.946212e-02
1.360338e-01
9.912311e-02
4.519190e-01
2.711254e-02
1.048637e-01
-2.153638e-01
-3.423935e-01
6.366222e-02
1.455454e-01
1.237324e-01
8.797713e-02
1.929967e-02
-4.236815e-02
-1.207644e-02
-8.279926e-02
-1.005362e-01
-1.345736e-01
-9.311642e-03
-2.912489e-02
-1.070960e-02
1.703970e-01
1.512555e-01
4.772894e-02
8.616013e-02
-1.604999e-01
1.299911e-01
-6.615637e-02
-1.706992e-01
-6.349130e-02
-1.221986e-01
3.170121e-03
-1.189213e-01
-7.609031e-02
1.339700e-01
-4.144440e-02
-1.240727e-01
-6.375588e-02
-1.195221e-01
-4.389019e-02
5.269963e-02
-2.491724e-02
5.674899e-02
1.127566e-01
1.045335e-01
-6.575175e-02
-7.337470e-02
-6.256674e-02
-1.796653e-01
8.326967e-02
-2.100761e-02
7.714003e-02
2.525620e-01
1.283984e-01
-1.088604e-02
7.611563e-02
-2.575483e-02
-1.653113e-01
-8.423709e-02
9.135044e-02
-1.588692e-02
3.535014e-02
-3.339181e-02
1.607997e-02
3.356377e-02
4.627229e-02
1.416052e-02
1.216058e-01
1.020052e-01
4.161041e-02
1.133737e-01
-2.709197e-01
-1.957550e-02
4.571243e-02
-4.339885e-03
2.634963e-01
-2.138313e-01
-2.750933e-02
-7.208758e-02
-2.722577e-01
-1.055751e-01
-9.213214e-02
-1.877471e-02
3.530404e-02
4.939982e-02
8.150937e-03
-6.684754e-02
-1.491022e-02
-4.380940e-03
1.605475e-01
3.341866e-02
-6.032850e-02
-8.335779e-02
-1.438039e-01
-1.835603e-03
4.882381e-02
6.951859e-02
6.106571e-02
1.102403e-01
1.542646e-01
3.101204e-03
2.479001e-01
2.510849e-02
-1.852140e-02
-1.072885e-01
-1.980293e-01
-3.923148e-02
3.691326e-04
-2.068405e-03
8.422847e-04
1.472575e-03
-5.381354e-04
-7.338368e-04
-1.666745e-03
2.202668e-03
-3.881153e-03
-2.948148e-03
3.856228e-04
2.609463e-03
-1.526595e-03
1.375597e-03
1.373965e-03
9.345684e-04
-3.823550e-03
4.405905e-03
-6.688134e-04
1.297080e-03
2.085133e-03
-1.540968e-03
5.424712e-04
-2.151691e-03
4.250311e-04
-2.497957e-04
-4.013221e-04
1.273728e-03
-2.307889e-03
-2.918791e-03
7.333813e-04
1.793489e-03
3.062848e-03
1.096298e-04
4.001250e-04
-2.606046e-03
1.090184e-03
-9.725211e-04
-4.037905e-04
-2.853915e-04
1.440134e-03
-2.335962e-03
1.102976e-03
5.121466e-04
1.739123e-03
-1.956949e-03
-2.628469e-04
3.735004e-03
1.807383e-03
-2.219523e-04
-1.378498e-03
2.977164e-03
-4.842774e-03
1.057509e-04
8.198509e-04
3.602413e-03
1.754643e-03
2.777276e-03
-1.691716e-03
1.116140e-04
8.151903e-04
-1.341728e-03
-2.224842e-03
-1.566713e-03
3.890408e-03
-1.423148e-03
1.879307e-04
-1.763530e-03
-1.546790e-03
-4.185474e-03
1.076568e-03
-1.009178e-03
-2.691476e-03
-1.104215e-03
-5.928635e-04
-2.802477e-03
-1.975651e-03
2.411271e-04
3.647799e-03
-1.133048e-05
2.524307e-03
-9.792955e-05
-7.885481e-04
-1.086868e-03
1.300045e-03
-1.265639e-03
2.008238e-03
5.244852e-03
-2.516227e-04
-1.232499e-03
3.282322e-05
-1.980948e-04
-1.429457e-03
2.817419e-03
1.752488e-03
4.127834e-03
1.455189e-03
-7.631805e-04
-1.093999e-03
2.857224e-03
-3.420969e-03
-1.563768e-04
-2.854504e-03
3.133462e-03
-2.020540e-04
-2.653621e-03
-1.431628e-03
1.694798e-03
7.225061e-04
1.703031e-03
3.138134e-03
5.316780e-04
1.671679e-03
-2.194322e-03
3.254373e-05
1.123918e-03
-2.396852e-03
-7.900571e-04
7.470516e-04
-4.747222e-03
-2.544256e-03
1.581312e-03
-1.088075e-03
-1.589206e-03
-2.207463e-04
-1.353324e-03
5.496050e-05
-8.786915e-04
5.111987e-04
-2.580264e-03
1.718562e-04
-5.356884e-04
-2.499173e-03
-1.450000e-03
1.702978e-03
1.749904e-03
-1.469617e-03
-1.704266e-03
-1.905115e-03
6.292183e-04
1.087502e-03
-8.208145e-04
-3.653877e-03
2.099510e-03
4.576889e-04
4.035538e-03
2.475428e-03
-9.572672e-05
1.010744e-03
4.786015e-04
-2.035399e-03
-2.809342e-03
1.198277e-03
-1.209674e-03
-9.680874e-04
1.749437e-03
-8.665870e-04
-1.381386e-03
-1.230000e-03
2.873484e-03
8.280932e-04
3.225823e-04
2.413256e-03
-3.302495e-04
-5.469451e-04
-1.701789e-03
2.848953e-03
-4.378867e-05
7.861200e-04
-1.366391e-03
-2.124441e-03
9.558367e-04
3.225792e-04
1.597613e-03
4.456952e-05
-9.495578e-04
8.781084e-04
2.188209e-03
-6.071421e-04
4.932517e-04
2.273455e-03
-5.386287e-04
2.486600e-03
2.844384e-03
1.947066e-04
-1.727079e-03
-1.089299e-03
1.797664e-03
1.806711e-04
1.322235e-03
3.068483e-03
-9.794111e-04
-3.640107e-05
-1.934536e-03
3.065192e-03
-7.119403e-04
4.112831e-03
2.686612e-04
1.122315e-03
2.868160e-03
-1.195064e-03
3.101429e-03
2.540881e-04
1.753366e-04
-1.512428e-04
2.917022e-03
-1.910967e-04
-1.027186e-03
3.049584e-03
2.069989e-03
-4.032161e-04
4.102486e-03
1.803509e-03
4.904584e-04
-4.172981e-04
-7.137319e-05
5.347576e-04
2.201898e-03
2.175618e-03
1.330359e-03
-4.885877e-04
-1.496114e-03
1.687167e-03
5.308405e-04
-1.155977e-03
1.175181e-04
1.320722e-03
-1.022930e-03
-1.506360e-03
2.139174e-03
-2.920774e-03
-3.579406e-04
2.794166e-04
2.181949e-04
2.692637e-03
1.873685e-04
-9.560072e-04
5.477048e-04
6.955974e-04
-1.118668e-03
2.782079e-04
1.554613e-03
2.159289e-03
-2.765509e-04
1.823634e-03
8.267479e-04
-3.251016e-06
-1.110217e-03
5.628326e-04
-1.533067e-04
-2.033479e-03
-4.027601e-03
8.724688e-04
-2.464886e-03
-2.728205e-03
-5.769375e-04
2.121981e-03
1.440622e-03
2.490104e-03
-4.241973e-03
-6.529729e-04
1.084721e-03
-1.263119e-03
-5.360247e-04
-1.414242e-03
-3.325016e-04
1.673672e-03
-2.386540e-03
1.132659e-03
2.354893e-03
1.096052e-03
-3.593425e-03
-6.788208e-04
-4.697582e-03
-2.528010e-03
-3.628409e-05
1.582859e-04
-1.077789e-03
6.206988e-04
2.963239e-03
-1.366047e-03
1.203763e-03
-2.218821e-03
-2.476368e-04
1.940542e-04
-2.694042e-03
-2.251379e-04
-1.380979e-03
-7.389290e-03
-3.001719e-02
-7.885227e-02
4.356402e-02
-1.071582e-02
-8.110621e-02
8.132015e-02
3.374605e-02
-4.603244e-02
-2.238518e-03
5.162263e-02
-2.960910e-02
-4.693723e-02
3.029423e-02
4.859132e-02
-1.522360e-01
-8.162230e-02
6.900411e-02
4.167147e-02
-2.592706e-02
-3.438608e-02
1.169052e-01
1.214468e-02
-4.917408e-02
1.430778e-01
5.736603e-02
-5.723363e-02
-1.145806e-02
1.276426e-01
1.545239e-01
-1.131766e-01
8.435936e-02
2.229413e-01
-1.167838e-01
-1.279129e-01
-4.322262e-02
2.537071e-02
2.492379e-02
1.286513e-01
-2.702994e-02
-1.323667e-01
1.075196e-01
1.313690e-01
3.562978e-04
-2.532289e-02
-2.476902e-02
-1.080014e-01
-1.138385e-01
-3.630432e-02
-2.651202e-02
-7.306077e-02
-9.509592e-03
1.296590e-02
-5.983433e-02
-1.687712e-01
-1.392775e-01
-9.137927e-03
-1.460469e-01
-1.949789e-01
-1.198399e-01
-3.721704e-02
-9.375685e-02
-7.057812e-02
3.652214e-02
4.292307e-03
1.182879e-01
-2.364747e-02
-1.022378e-01
5.213255e-02
-1.373162e-02
-8.251504e-02
2.898278e-02
5.921303e-02
-2.908787e-02
-9.941504e-02
9.849110e-02
-3.340055e-02
-9.982053e-02
1.248839e-01
2.513918e-02
-5.264449e-02
-5.911781e-03
-2.463653e-03
-8.782328e-02
7.618339e-02
1.092646e-01
1.814827e-02
-6.830996e-02
2.434961e-02
3.871543e-02
-4.885295e-02
-1.976140e-02
-2.437061e-02
1.779420e-02
8.863202e-02
2.849325e-02
-1.121162e-01
-3.143884e-02
-3.889415e-02
4.463367e-02
-7.068671e-02
-8.593541e-02
1.288684e-01
-1.004380e-02
-3.268331e-02
1.038880e-01
2.883830e-02
5.483399e-02
1.532539e-01
8.965817e-02
-1.307143e-01
-7.110877e-02
6.517732e-02
2.250886e-01
-7.941613e-02
-9.206491e-02
1.491060e-02
8.784533e-03
5.019430e-03
4.628730e-02
-7.511701e-03
8.511670e-03
4.127725e-02
3.325958e-02
5.778490e-02
7.902635e-02
1.367767e-02
2.626822e-02
-9.084944e-02
2.014656e-02
1.349669e-01
5.495532e-03
-6.733843e-02
5.081286e-02
3.020193e-02
3.871391e-02
8.457504e-02
1.242615e-01
-1.673915e-01
-4.890984e-03
2.979234e-01
-9.806956e-02
-1.513021e-01
-1.928110e-02
3.243080e-03
-8.251192e-03
2.639763e-02
5.320960e-02
3.173977e-02
4.838497e-02
-1.011556e-02
1.280863e-02
-6.169512e-02
-4.605426e-02
5.881183e-02
-1.139583e-01
3.714724e-02
1.304007e-01
-3.895617e-02
-1.064385e-01
3.567932e-02
-8.831064e-02
-8.985258e-02
-3.597637e-02
-1.837951e-02
6.770053e-02
6.954650e-02
2.864854e-02
-4.283325e-02
-3.605387e-02
4.982931e-02
-7.402346e-03
2.160784e-02
-2.887377e-02
-5.020247e-02
3.797539e-02
6.319562e-03
-3.524444e-02
-2.475431e-02
-1.808693e-02
-4.286544e-02
5.087041e-02
-1.631481e-01
-2.384925e-01
2.961941e-01
-7.545487e-02
-1.161161e-01
1.712018e-01
-8.692732e-02
-1.273968e-02
-1.138925e-02
-2.455931e-02
-1.054815e-02
1.325311e-02
-5.173908e-03
3.928122e-02
-1.715419e-03
-4.925877e-02
-1.289761e-02
7.890515e-02
6.540294e-02
-7.889778e-02
1.554606e-02
-5.073635e-02
4.851201e-02
1.022691e-02
-1.795018e-02
-2.427527e-02
2.701569e-03
-2.660114e-02
2.482045e-02
3.508039e-03
-4.194231e-02
2.903941e-02
-7.721040e-02
-2.623978e-02
-8.156619e-02
-6.382088e-02
-5.017905e-03
1.058035e-01
8.357045e-02
1.725603e-02
-6.016514e-02
-6.299937e-03
-7.512420e-02
3.140296e-03
4.555369e-03
7.377854e-02
6.309147e-03
-1.449482e-02
5.203823e-02
-9.179182e-02
-7.686698e-02
3.293840e-02
1.378716e-04
-7.423284e-02
-8.756099e-03
3.190320e-03
-2.485009e-02
2.347952e-02
6.957805e-02
1.276160e-02
2.218861e-02
-4.091448e-02
-3.362369e-02
-5.149071e-02
6.523809e-03
2.528461e-02
-3.699056e-02
1.048460e-02
-3.096445e-02
-8.594707e-02
2.332886e-01
-2.242191e-01
1.993882e-01
-1.597012e-01
-1.975026e-01
-1.738885e-01
2.014859e-01
2.432203e-01
-1.211793e-02
2.384238e-02
2.995763e-02
5.211809e-02
-3.158240e-03
-4.524772e-02
-4.500732e-03
3.665826e-02
-4.060576e-02
-1.527115e-02
1.347601e-01
-1.010303e-02
3.152398e-02
1.076240e-01
-1.250005e-01
6.927197e-02
2.752885e-02
-1.166620e-01
1.396616e-02
-5.455239e-02
-7.622309e-02
-9.572229e-02
-2.747033e-02
6.781074e-02
1.335385e-02
-8.606693e-02
-2.661408e-02
4.913359e-04
4.029677e-02
6.546053e-02
3.973067e-02
3.151664e-02
3.096359e-02
-4.279526e-02
-3.255250e-02
-6.329615e-02
-1.385371e-01
-1.319240e-02
7.931870e-02
4.988233e-02
-8.769969e-03
7.459879e-02
2.072556e-02
-3.024421e-02
3.476098e-02
-1.709845e-02
7.391720e-02
1.011364e-01
3.348618e-02
1.056485e-01
1.470937e-01
6.573945e-02
-3.981423e-02
1.353166e-02
-1.031619e-01
1.586638e-02
2.436747e-02
1.494261e-02
1.984918e-02
3.617733e-02
4.771327e-02
-7.752743e-02
-4.203981e-02
-9.773974e-03
3.602619e-02
5.274105e-02
4.250096e-02
5.428320e-02
4.802765e-02
-3.368627e-02
-6.144697e-02
-5.502783e-02
-6.916843e-02
-7.500860e-03
-2.250230e-02
-4.032963e-02
-4.899939e-03
-2.667770e-02
-2.296202e-02
2.753241e-02
1.046084e-02
1.157320e-02
3.136759e-02
3.392961e-02
1.919617e-02
1.495492e-02
3.620850e-03
-3.190356e-02
2.375445e-02
2.586022e-03
2.723473e-02
3.456791e-02
-1.443050e-03
4.500252e-02
-3.097441e-02
-1.921801e-02
8.467153e-03
-8.073641e-02
-4.524533e-02
-3.757153e-02
4.640620e-02
1.102964e-01
7.661974e-02
1.233868e-01
1.496724e-01
7.231906e-02
-6.265479e-02
-4.514073e-02
-1.009785e-01
1.383990e-01
1.128277e-01
4.299183e-02
9.683160e-02
8.922651e-02
1.105004e-02
-3.208619e-03
7.182579e-03
-8.511834e-02
1.201484e-02
-4.450545e-03
-4.745308e-02
-8.803443e-03
-1.582325e-02
-4.030490e-02
-4.695090e-02
-6.881107e-02
-6.834303e-02
-1.440518e-02
1.212358e-02
-5.338307e-02
-1.884098e-02
2.317223e-02
-6.286498e-02
-5.468034e-02
-3.479251e-02
-1.211988e-01
-1.883022e-01
-2.071304e-01
-1.818713e-01
-9.366886e-02
-1.053281e-01
-7.265764e-02
7.366587e-02
9.016012e-02
1.389495e-01
8.580621e-02
7.067233e-02
3.477592e-02
4.697026e-02
4.065229e-02
1.294161e-02
9.584766e-02
1.031929e-01
8.512545e-02
-4.829106e-02
6.980054e-03
-2.254740e-02
-6.301171e-02
1.575630e-03
-2.250083e-02
-6.361990e-03
4.345901e-02
1.865054e-02
-1.754451e-02
-4.896898e-02
-2.561126e-02
3.759041e-02
-6.243625e-02
-3.521091e-02
-1.966701e-02
-9.037592e-02
-5.672673e-02
3.743910e-02
6.389696e-02
7.032596e-02
-4.661480e-03
2.950816e-02
3.944977e-02
-7.326439e-02
-3.713594e-02
-5.164961e-02
-2.505696e-01
-2.269514e-01
-2.234428e-01
-1.354537e-01
-1.239846e-01
-1.592626e-01
8.147584e-02
7.342405e-02
1.692371e-02
5.853787e-02
2.404432e-02
3.884284e-02
8.663531e-02
3.497992e-02
1.980548e-02
-1.245707e-01
-1.382144e-01
-1.379028e-01
-4.692601e-02
-1.040192e-02
3.364827e-03
1.370646e-05
-9.561677e-03
-3.088629e-02
1.077000e-01
5.614589e-02
-4.400182e-03
4.869666e-02
9.910943e-02
1.062818e-01
4.810277e-02
4.308836e-02
5.197077e-02
-1.221462e-01
-1.423189e-01
-8.161803e-02
5.271582e-02
4.456199e-02
1.365971e-02
6.814560e-02
4.106782e-02
-6.508216e-03
-2.458120e-02
-3.365426e-02
-6.255145e-02
-1.527201e-01
-1.734933e-01
-1.553928e-01
-1.069598e-01
-5.260164e-02
-5.438320e-02
4.641329e-02
8.791402e-02
1.332308e-01
-3.279535e-02
-7.163052e-02
-5.329970e-02
-6.078020e-02
-8.075602e-02
9.298769e-04
-9.224950e-03
-5.195940e-02
2.901769e-02
2.239813e-02
5.800827e-02
6.255215e-02
-1.051968e-02
2.027962e-02
2.411358e-03
-1.078333e-01
-7.058230e-02
-8.270396e-02
7.073356e-02
6.507745e-02
3.343301e-02
8.616821e-02
7.876605e-02
1.096117e-01
1.382777e-02
5.542052e-04
4.864973e-02
6.772884e-02
7.008985e-02
3.538884e-02
4.580783e-02
8.256906e-02
7.985416e-02
-1.184069e-02
1.734613e-02
1.094505e-01
6.451524e-02
1.183835e-01
1.639639e-01
7.684262e-02
1.318536e-01
2.187407e-01
-1.527700e-01
-6.298567e-02
3.498147e-02
-4.780300e-02
-7.543536e-02
-8.538795e-02
-2.728150e-02
-1.679244e-01
-1.779693e-01
1.183728e-01
4.970666e-02
-1.187186e-02
5.017649e-02
-7.477412e-03
-1.654383e-02
1.121944e-01
1.079969e-01
1.133679e-01
4.447580e-02
4.029617e-02
4.926474e-02
2.836259e-02
4.621299e-03
-6.119717e-02
-1.065131e-02
-3.524902e-02
-9.349394e-02
2.726694e-02
1.910766e-03
-7.047681e-02
-5.537298e-02
-1.807840e-02
3.099523e-02
-5.625687e-02
-1.052265e-01
-1.110729e-01
-1.297476e-01
-7.078485e-02
4.283538e-04
6.640128e-02
-4.685787e-02
5.235174e-02
7.598447e-02
-2.658937e-02
4.320062e-02
-2.129172e-02
-1.932148e-01
2.761830e-03
9.178206e-02
-6.375265e-02
-1.612194e-02
7.621887e-02
-4.166365e-02
7.203762e-02
-8.487300e-02
-1.629482e-02
2.916041e-02
-3.426930e-02
-7.235130e-02
3.822324e-02
-2.818818e-02
3.387096e-02
1.363454e-01
5.785163e-02
-1.620254e-02
-7.416337e-02
8.830040e-02
1.019005e-01
1.424287e-02
-3.091885e-02
-5.445481e-02
2.003490e-02
-2.730164e-02
-3.825488e-02
5.965981e-03
-6.477587e-04
7.455163e-02
1.139996e-02
8.492208e-02
-1.286500e-01
-5.805193e-02
-7.352954e-02
7.954095e-02
-1.538017e-02
8.017168e-02
5.433814e-02
-7.222793e-02
9.534710e-03
-3.373874e-02
-2.635431e-02
5.162675e-02
3.466958e-02
-8.592317e-02
-6.790215e-02
2.282822e-02
-2.459218e-02
1.197530e-01
-9.879208e-02
-1.525465e-01
-4.549434e-02
4.057457e-02
-5.658869e-02
-4.664875e-03
6.947784e-02
-8.274112e-02
5.307102e-03
8.673580e-02
-3.126368e-02
-5.985190e-02
3.350218e-02
-4.662039e-02
2.968734e-02
-4.140749e-02
-5.632579e-02
1.432703e-01
-2.337995e-03
-3.823672e-02
5.192096e-02
-7.359747e-02
-2.287554e-02
4.405500e-02
-2.422690e-02
6.039123e-02
4.117203e-02
9.118322e-03
-1.861309e-02
1.259303e-02
-7.778837e-02
-7.381770e-02
1.321888e-01
5.025421e-02
2.587568e-02
-2.148064e-02
9.863086e-02
2.046561e-02
-1.302317e-01
-1.162210e-01
5.298534e-02
-2.310023e-02
-1.176864e-01
7.715055e-02
-4.745332e-02
-1.433578e-02
6.204920e-02
-3.322798e-02
-8.801607e-02
-2.315445e-02
-2.626016e-01
9.268574e-01
-2.886423e-01
-2.090073e-01
-1.487733e-01
-1.758704e-01
6.161847e-02
2.038618e-01
-3.714393e-02
1.197524e-02
2.685001e-04
-1.082596e-02
3.165240e-02
6.541020e-02
4.729587e-02
2.700825e-02
1.430256e-02
-5.873424e-02
2.341353e-02
8.004294e-02
-5.922230e-02
-4.388371e-02
6.457110e-02
7.177890e-02
-4.621116e-02
-9.352766e-02
7.334824e-02
-6.333320e-02
7.358815e-02
3.057784e-02
-1.987192e-02
-2.363312e-02
-1.033320e-01
9.686760e-02
1.277219e-01
-4.358694e-02
6.811558e-04
3.353351e-03
4.173325e-04
3.668715e-03
-6.116177e-05
2.320921e-03
-1.556155e-03
-2.187916e-03
-6.353834e-04
1.443026e-04
9.459686e-04
4.618151e-04
1.303620e-03
-1.335461e-03
1.302700e-04
3.291749e-04
-4.909874e-03
-1.210972e-03
7.765339e-04
3.725744e-03
-1.253909e-03
-1.541382e-03
-2.470376e-03
1.440067e-03
1.369362e-03
-1.083953e-03
8.256205e-04
1.012789e-03
-1.555073e-03
-1.374507e-03
4.618539e-04
-4.363886e-04
2.529126e-03
6.772918e-04
-1.293169e-03
3.441189e-03
7.536937e-05
1.257035e-04
2.731609e-03
-1.340944e-03
-1.318537e-03
3.912646e-03
2.664289e-03
-6.531069e-05
-1.048682e-05
-9.085143e-04
2.077153e-03
5.579887e-04
-1.414721e-05
3.268798e-03
-1.353676e-03
7.296075e-04
-5.133521e-04
-1.715131e-03
-9.927731e-04
1.148744e-03
-9.039148e-04
3.334228e-04
-2.093809e-03
1.314580e-03
7.005112e-04
-3.856527e-04
4.775152e-04
-1.265543e-03
-7.632974e-04
-2.685535e-04
-1.544874e-05
-3.917325e-03
-1.494973e-03
-1.106605e-04
2.108795e-03
-1.023432e-03
-2.071083e-03
1.201788e-03
-3.604786e-04
-9.510553e-04
-1.415429e-03
-3.446596e-03
2.726779e-04
1.439656e-03
-3.400388e-03
1.563203e-03
-1.720896e-03
-6.628196e-04
-7.643549e-04
-2.278711e-03
1.212062e-03
1.416671e-03
-1.084346e-03
4.050060e-03
-1.990217e-03
8.872119e-05
-3.855578e-04
9.207054e-04
-1.043816e-03
-1.387361e-03
-8.013630e-04
-2.962316e-03
2.470739e-03
2.071997e-03
1.379809e-06
-1.851668e-03
-3.456398e-04
-8.899513e-04
-1.711497e-03
1.924006e-03
1.224498e-04
-7.445783e-04
2.116109e-04
-1.344083e-03
8.418610e-04
-2.627481e-03
3.058356e-03
-6.407528e-04
9.131616e-04
4.148924e-03
-1.831225e-03
2.991384e-03
1.330604e-03
-2.632407e-03
-2.632055e-03
-9.405650e-04
7.261997e-04
2.913942e-03
-3.107732e-04
1.456630e-03
4.253394e-03
-6.488546e-04
2.630035e-03
3.668312e-04
3.009008e-03
3.097991e-03
-1.068779e-03
-1.322015e-03
-1.113013e-03
1.264727e-03
1.403165e-03
1.782842e-03
-1.583027e-03
3.017898e-03
1.289965e-03
9.061766e-04
3.466363e-04
1.057242e-04
