2.135483e-01
1.359466e-01
8.380834e-02
2.539907e-02
-1.378171e-01
-1.193838e-01
-1.050025e-01
-2.104590e-01
-1.047411e-01
4.589984e-02
8.069901e-04
-3.207811e-02
-7.562388e-02
-1.466569e-01
-1.260504e-01
-1.028838e-01
-1.514142e-01
-2.757417e-02
-1.479369e-02
-2.359742e-02
-2.194086e-02
-2.158356e-02
-1.756941e-02
-1.103097e-02
-2.292471e-02
-2.007807e-02
-5.589622e-03
9.969459e-02
9.952728e-02
8.058719e-02
3.820642e-02
5.714106e-03
-1.292973e-02
-8.289230e-02
-2.960019e-02
-3.449557e-02
1.520598e-02
7.999225e-02
-2.975602e-02
3.555342e-02
-4.223673e-02
-1.892383e-02
-1.015036e-01
-1.550457e-02
3.802657e-02
-9.510504e-02
-7.559896e-02
-3.670450e-02
-8.749153e-02
-6.236826e-02
-1.454210e-02
-6.054543e-02
-6.720682e-03
5.286957e-02
1.622169e-02
9.465251e-03
2.452751e-02
-1.270068e-02
3.401497e-02
-2.432995e-02
-7.379030e-02
-5.753098e-03
-8.474144e-02
-1.575400e-01
-2.551130e-02
9.472673e-02
5.039047e-02
1.819849e-01
1.645291e-01
4.714098e-02
6.015724e-02
-7.264806e-02
-7.094169e-02
3.361281e-02
1.444329e-01
-1.933590e-02
1.442377e-01
8.261189e-02
3.974859e-02
1.064877e-01
-4.856999e-02
-2.233849e-01
-1.936089e-01
-3.305179e-02
-9.210000e-02
5.024114e-02
2.089203e-01
5.405305e-02
1.785076e-01
2.940431e-01
1.488215e-02
2.697695e-02
-4.752276e-02
-3.590771e-02
5.347772e-03
-5.763986e-02
-1.037957e-01
-9.798118e-02
-1.032318e-01
-3.905442e-02
-4.174384e-02
-4.229796e-02
-2.093079e-02
-8.885219e-03
-2.383110e-02
3.363336e-03
2.458408e-02
2.107706e-02
-7.046413e-02
-1.088471e-01
-1.380164e-01
3.847303e-02
-5.785045e-02
6.547099e-02
4.518777e-02
6.801786e-02
7.721622e-02
8.730694e-02
6.564984e-02
2.123163e-02
5.515483e-02
1.459778e-02
-1.811286e-02
-1.257632e-02
-2.853622e-02
-7.858656e-02
-4.766914e-02
-4.173435e-02
-3.847532e-02
-4.555989e-02
-1.624563e-02
-1.067907e-02
-3.230254e-02
-1.844518e-02
-1.488003e-02
-2.819407e-02
-4.318396e-02
3.682319e-03
1.999142e-02
2.071814e-04
7.171104e-03
-6.924828e-02
-9.442596e-03
-2.488168e-02
6.774690e-02
7.620224e-02
-1.745210e-02
-1.775014e-01
-4.530735e-02
-5.361065e-02
-1.638272e-01
-1.784556e-01
-1.217507e-01
-7.124726e-02
1.323467e-01
9.755839e-02
-1.302338e-01
1.227014e-02
-1.927937e-03
-3.652665e-02
-2.061223e-01
-1.596758e-01
-2.205405e-02
-2.382274e-02
-1.329551e-02
-3.632558e-02
-1.496752e-02
-1.530205e-02
-2.341621e-02
-2.948842e-02
-1.474834e-02
-9.839856e-02
-1.524742e-01
-1.053286e-01
6.287522e-02
-6.588788e-02
-6.135174e-02
2.784048e-01
1.548384e-01
4.697742e-02
-3.924932e-01
-4.291233e-02
-1.298434e-02
-3.010646e-02
-4.154835e-02
4.175831e-01
-1.184028e-01
1.343674e-01
1.787678e-01
-3.920509e-02
1.708082e-02
-7.681734e-02
-2.228072e-02
-8.619924e-02
-1.082658e-01
-2.519513e-02
-6.914613e-02
-9.329464e-02
-7.733593e-02
-1.839975e-01
-1.240513e-01
-1.173558e-01
-1.014755e-01
-7.191446e-02
-1.608164e-01
-6.949136e-02
4.898408e-02
1.124172e-01
-1.137579e-01
-9.917627e-02
2.200771e-02
-2.339350e-01
-1.949339e-01
-3.240376e-02
-1.001209e-01
3.683405e-02
-4.647455e-03
-1.946238e-02
6.912518e-02
-1.815465e-01
-1.134315e-01
1.625798e-01
-1.728275e-01
-1.921159e-01
1.362813e-01
1.967367e-01
-3.187970e-02
-4.149780e-02
1.014218e-01
-9.465413e-02
-2.793980e-01
3.858918e-02
-9.102981e-02
-1.648811e-01
-1.121593e-01
-1.523602e-01
-9.511837e-02
-7.040424e-02
-1.097720e-01
-2.446302e-02
-5.309625e-02
-7.214106e-02
-1.842950e-02
1.664945e-02
5.823605e-02
9.323248e-02
-4.464508e-02
-5.540614e-02
-5.431668e-02
-7.135674e-03
-9.542505e-02
-1.213989e-01
1.226547e-03
7.982376e-02
-5.045384e-02
1.910714e-01
-1.137074e-01
-1.582689e-01
9.977401e-03
1.432827e-01
-1.763429e-01
-1.423326e-01
-5.536834e-02
1.296877e-02
-3.991458e-02
5.111248e-03
1.691901e-02
1.105200e-01
1.440117e-01
9.097510e-02
-1.274250e-02
-1.867269e-02
-2.005557e-02
-5.742301e-02
-8.540111e-02
-6.452115e-02
-8.404946e-02
-1.127677e-01
-9.987471e-02
9.321435e-02
-2.812078e-02
5.259416e-02
1.184900e-01
-1.149868e-01
-3.621554e-02
1.093627e-01
5.367092e-02
6.687610e-02
6.676823e-02
1.709534e-02
-2.732635e-02
2.074997e-02
-3.168059e-02
-1.432275e-01
7.037793e-03
-3.385271e-02
-1.725781e-01
1.577418e-02
1.152770e-03
1.054144e-01
-4.560554e-02
-1.379435e-02
4.944897e-02
2.810628e-02
-3.384490e-03
3.274006e-02
-3.420141e-04
-4.911268e-03
3.108792e-03
-6.108162e-03
-2.834215e-03
2.648696e-03
-2.082329e-03
-3.011010e-03
-7.192370e-04
-2.335715e-02
-8.530997e-02
-1.385609e-01
1.970646e-02
8.202279e-03
-1.778190e-02
-1.202013e-02
-2.907853e-02
-6.029370e-02
-1.966060e-01
-1.387683e-01
-1.463103e-01
-1.863932e-01
-1.531789e-01
-7.232147e-02
-1.021855e-01
-3.729832e-02
3.066441e-02
7.619260e-02
8.239407e-02
1.315206e-01
5.967842e-02
6.245384e-02
1.030223e-01
2.201611e-02
1.328505e-02
3.509528e-02
-3.136321e-02
-2.155955e-02
9.695888e-04
-5.539360e-02
-7.531945e-02
-5.570005e-02
-6.700566e-02
-6.449132e-02
-3.121835e-02
1.220004e-01
9.290664e-02
6.044137e-02
1.448968e-01
7.247284e-02
2.683486e-02
1.510839e-02
-2.822712e-02
-1.970211e-02
1.130811e-02
2.393343e-02
1.336529e-01
-9.747095e-02
-6.317497e-02
6.102295e-02
-1.048374e-01
-8.007032e-02
4.181221e-02
8.921477e-02
-1.521684e-03
4.316958e-03
1.455494e-01
2.590010e-02
-2.490270e-02
6.563903e-02
-6.200047e-02
-8.218548e-02
5.396223e-02
3.727925e-02
3.224315e-02
9.030717e-03
-2.138831e-02
-6.361238e-02
3.369002e-02
1.022151e-02
-2.862686e-02
9.051572e-02
5.995265e-02
4.619638e-02
8.190687e-02
4.275225e-02
3.611289e-02
7.092026e-02
1.486715e-02
1.447510e-04
6.310672e-02
6.787714e-02
-2.071139e-02
5.820609e-02
2.236977e-02
-3.150601e-04
-2.688700e-02
5.867331e-02
9.787146e-02
1.766111e-02
2.899942e-03
8.161241e-03
1.183889e-01
1.111824e-01
1.328351e-01
6.644271e-02
7.669412e-02
1.011697e-01
9.231576e-02
5.640053e-02
4.836919e-02
1.089847e-01
6.948683e-02
5.339291e-02
8.142792e-02
4.242795e-02
2.877817e-02
4.360846e-02
3.072250e-02
-1.267776e-03
8.664667e-02
1.185409e-01
1.552269e-01
-5.198841e-02
-4.073333e-02
-4.343797e-02
-1.598863e-01
-6.382511e-02
-9.329476e-02
-6.999882e-02
-3.975313e-02
-3.928074e-02
1.119114e-01
6.404631e-02
9.443220e-02
-8.576475e-02
3.051651e-02
-1.892333e-01
-1.351047e-02
6.854890e-02
3.732416e-03
1.587990e-01
1.222129e-02
1.400681e-01
4.617541e-02
-1.566993e-02
-1.055429e-02
-5.855730e-03
-1.188610e-02
-4.386283e-03
1.032219e-02
4.979216e-03
2.895017e-02
7.996564e-02
-2.045328e-02
-3.750651e-02
-5.114600e-02
-8.192438e-02
-6.378164e-02
-2.540525e-02
-3.240860e-03
-4.957848e-02
6.362543e-02
-2.033164e-02
1.126234e-01
-3.086577e-02
-5.216982e-01
-4.449084e-02
-2.731760e-01
1.783160e-01
-2.709460e-02
-8.160152e-02
-1.826826e-02
-2.282560e-02
1.220169e-02
9.003691e-03
2.324585e-02
9.630873e-03
4.192343e-02
-1.001133e-02
-3.737176e-03
-2.559523e-02
1.173314e-02
7.182831e-02
-2.845404e-02
-1.567369e-02
4.673323e-02
-6.219671e-02
1.070638e-01
-4.797082e-02
-1.421985e-01
5.736239e-02
3.175941e-02
3.333098e-02
-1.125505e-01
-2.642801e-02
3.469081e-02
-4.728929e-02
-4.109666e-02
-3.174967e-02
-1.095489e-01
2.729431e-03
-3.956969e-04
-9.697835e-02
1.066693e-01
-1.559564e-01
-7.086515e-02
-6.585111e-02
-5.639982e-03
-1.569439e-02
-3.152339e-02
1.614470e-01
-7.241079e-02
2.760533e-02
-2.339051e-02
-2.828335e-02
-2.710269e-02
-3.068561e-02
-8.544688e-03
2.569891e-02
2.826086e-02
1.164404e-02
-6.899818e-04
-8.302750e-02
-3.958000e-02
8.193991e-03
-2.774168e-02
2.115069e-02
1.003687e-02
-1.909232e-02
-1.066323e-02
8.946350e-02
3.950651e-02
6.623171e-02
-8.075024e-02
-2.339030e-03
-1.124380e-01
-1.913446e-02
-4.048286e-01
-2.350697e-02
1.836490e-02
3.501080e-01
-2.237114e-02
-5.960415e-02
-9.147578e-03
-1.089809e-02
-6.331658e-02
-6.820478e-02
-5.297572e-02
6.579633e-04
-6.402056e-02
-1.547288e-01
3.010671e-03
3.668673e-02
4.244215e-02
2.067226e-02
2.900104e-02
1.196285e-02
4.934985e-02
2.011743e-02
-1.995580e-02
1.825324e-02
-4.931911e-02
-5.779756e-02
-7.407415e-02
-1.635351e-01
-8.234983e-02
-3.875338e-02
2.198466e-01
-1.044725e-01
1.842602e-01
1.925562e-01
7.053886e-02
1.560560e-01
1.119659e-02
-1.502758e-01
-2.239452e-01
-2.622438e-01
-3.494410e-01
6.191950e-02
5.760738e-02
-1.994038e-02
1.018855e-01
2.235436e-01
-4.807400e-02
-2.581135e-02
2.228896e-01
-5.123223e-02
-3.783386e-02
-2.711809e-03
6.461806e-03
1.740210e-03
-1.677709e-02
1.649705e-02
8.841129e-03
-2.384232e-02
3.467043e-03
6.508874e-02
6.616772e-02
3.950606e-02
-8.151636e-02
-5.172808e-02
-3.737898e-02
3.033271e-02
1.098833e-02
-1.136638e-02
-1.510526e-01
-4.447705e-01
-4.693935e-01
3.942811e-02
4.165677e-01
-2.165733e-01
2.925398e-01
4.266132e-01
3.080228e-01
-8.577508e-02
-8.450142e-02
-7.464372e-02
-2.064185e-01
-8.785503e-02
-8.129580e-02
-3.368840e-02
-1.092521e-02
4.605062e-02
-8.740068e-02
-7.272869e-02
3.363473e-03
1.102096e-02
-4.855170e-02
5.777659e-02
1.223955e-01
1.237424e-01
7.812570e-02
-3.798750e-02
1.484345e-01
1.453855e-02
-3.667755e-01
-2.030620e-01
5.918188e-02
-1.137590e-01
-1.291279e-01
-3.155874e-03
1.684914e-02
-3.029306e-03
-6.576782e-02
-1.244353e-01
9.098203e-02
4.270767e-02
-2.179054e-01
2.711785e-01
2.191152e-01
-1.217066e-01
-1.791067e-02
1.264504e-02
-2.187615e-01
-2.946682e-01
9.753441e-03
-9.155816e-02
-1.661191e-01
-3.447068e-02
-1.355755e-01
-1.380055e-01
-1.557749e-01
-9.881975e-02
-1.154336e-01
-2.028132e-01
1.122105e-02
1.005887e-01
2.797236e-02
-6.877785e-02
-4.107373e-02
-4.233920e-02
-1.006427e-01
-7.670277e-02
-3.545738e-02
-1.267850e-01
-2.625138e-02
3.862949e-02
-5.534111e-02
-5.086070e-02
9.406151e-03
-1.468649e-01
-1.960967e-02
-1.026097e-01
4.401187e-02
-3.562230e-01
-9.533309e-02
3.186932e-02
-3.633920e-02
-1.323889e-01
-6.804752e-03
-2.578279e-02
-1.485089e-01
-5.332704e-02
1.709131e-02
-5.577631e-02
-1.916544e-02
1.505102e-02
-2.805294e-03
2.046334e-02
1.491945e-02
-2.902009e-02
-4.029822e-02
-1.932714e-02
-6.323918e-02
7.510581e-02
5.367499e-02
9.871139e-02
-1.997664e-01
-9.182596e-02
-3.812173e-02
-2.147406e-01
-2.354658e-01
-3.873463e-02
2.894031e-02
4.330832e-02
9.185702e-03
2.024409e-01
1.720390e-01
7.107809e-02
2.309866e-01
2.019653e-01
1.102812e-01
-1.947048e-02
5.360152e-02
-3.813348e-02
3.367862e-02
1.539086e-01
4.149988e-02
-7.726738e-03
-1.662443e-03
8.722387e-03
-1.089149e-02
3.890516e-03
1.129359e-03
6.362564e-03
1.161460e-02
8.362220e-03
-4.767647e-03
1.293446e-02
-1.915323e-03
8.576915e-02
5.775634e-03
-8.102931e-02
6.208513e-02
-2.146745e-02
-8.972863e-02
-3.499279e-02
-4.636239e-02
-8.460730e-02
-9.190233e-03
4.107713e-02
8.913516e-02
-2.413173e-03
-1.258718e-02
4.108806e-02
-1.246577e-01
-1.253403e-01
-5.537550e-02
2.929112e-02
1.110141e-02
2.546969e-02
7.352334e-03
-3.535265e-02
-1.155946e-02
1.581296e-03
-3.466528e-02
2.384324e-02
-4.478648e-02
-2.801418e-02
-2.237565e-02
-7.204773e-02
-8.140535e-02
-2.626151e-02
-1.767119e-01
-1.254559e-01
-3.808456e-02
3.474340e-02
-4.735007e-02
2.502198e-02
-7.085890e-03
-3.115534e-02
6.394867e-02
4.833150e-02
9.589478e-02
8.127270e-02
-3.210400e-03
-4.155239e-02
-7.034444e-04
-3.317735e-02
3.186068e-03
4.247284e-02
-2.443201e-02
8.263031e-03
6.625409e-02
7.404041e-02
6.056309e-02
3.840448e-04
1.070242e-01
1.387863e-01
8.290160e-02
1.233269e-02
8.698762e-02
9.797687e-02
1.895337e-01
1.997242e-01
1.204503e-01
2.629428e-01
2.983043e-01
1.606097e-01
1.585583e-01
2.091584e-01
8.146945e-02
-1.244086e-02
-1.640812e-02
-3.990640e-02
1.749545e-02
-7.625249e-03
-2.116497e-02
-9.260627e-03
-4.338316e-02
-5.412050e-02
-9.245464e-02
-2.946840e-02
-9.211475e-02
-1.015424e-01
-1.177555e-01
-1.422537e-01
-1.489746e-01
-1.077412e-01
-8.324984e-02
3.779219e-02
1.642323e-02
2.350035e-02
6.655680e-02
5.005208e-02
3.894145e-02
9.939560e-02
8.815508e-02
4.236732e-02
9.778333e-03
4.662570e-03
-2.325751e-02
1.116893e-02
9.237441e-03
-2.287888e-02
-2.189232e-02
-8.505142e-03
-1.720079e-02
3.471532e-02
-7.995902e-03
-5.773586e-03
1.154145e-02
5.635476e-03
2.199620e-02
4.220181e-02
5.029197e-02
5.207884e-03
9.825827e-02
-1.546397e-02
-3.484776e-01
2.139340e-01
6.913798e-02
-3.404737e-01
2.198033e-01
7.997046e-02
-2.456278e-01
-6.195446e-02
-1.589907e-01
-1.338532e-01
-6.292256e-02
-8.134661e-02
-1.232769e-01
1.077162e-01
-2.690423e-02
-9.045146e-02
-1.118079e-02
-3.546103e-02
-4.108534e-02
-1.569491e-02
-2.016968e-02
-2.783079e-02
-1.130060e-02
-2.415346e-02
-2.366561e-02
1.120903e-01
5.829953e-03
-2.772053e-02
6.878918e-02
-1.976813e-02
1.579574e-02
-7.909260e-02
-5.321572e-02
-3.948273e-02
-1.232781e-01
-6.847192e-02
1.157986e-01
-1.666571e-01
-4.336261e-01
2.792070e-02
-1.579403e-01
-1.906053e-01
2.572327e-02
-1.224178e-01
-1.038152e-01
-4.578135e-02
-5.965928e-02
-5.799590e-02
-1.632456e-02
-3.274119e-03
3.692689e-03
-3.786571e-02
-1.048193e-01
2.454396e-02
5.178706e-02
-1.155907e-01
-5.623254e-02
4.620094e-04
-1.236449e-01
-9.536920e-02
-1.246666e-02
-4.785366e-02
-1.018809e-01
-1.891102e-01
4.627637e-02
3.382355e-03
-1.793309e-01
-4.003888e-02
3.338167e-02
-7.661214e-02
-2.920709e-03
1.247061e-02
-7.522723e-02
-3.316621e-02
-2.735599e-02
-9.497838e-02
-2.580084e-02
-8.019675e-02
-1.278290e-01
-9.077860e-02
-1.059646e-01
-3.037429e-02
-1.983796e-01
-5.055994e-02
-4.292879e-02
-1.555549e-01
1.107076e-02
8.473529e-02
-8.461115e-02
-1.080327e-01
-1.305933e-02
-1.196556e-01
-1.453069e-01
-4.124735e-02
-9.827187e-02
-1.499334e-01
-5.595765e-02
-1.312048e-01
-1.106190e-01
-6.476511e-02
-1.638176e-01
-1.435019e-01
-8.423876e-02
-1.654312e-01
-1.350974e-01
-8.231004e-02
-1.005071e-01
6.333469e-02
1.964527e-02
5.009199e-02
-5.354103e-02
1.148643e-01
-1.523720e-01
2.449634e-02
2.201179e-01
1.540666e-02
2.345547e-02
-7.350497e-03
-5.444348e-02
-1.159903e-02
-1.581924e-02
-1.467013e-01
-7.897125e-02
-7.431174e-02
-5.684048e-02
-8.974274e-03
-2.676035e-02
-5.894638e-03
-5.949974e-03
-3.485202e-02
1.371513e-02
-1.469163e-02
-4.255479e-02
2.311459e-02
2.483300e-02
-4.572437e-02
5.183691e-02
-2.230804e-02
-1.305800e-01
-1.500350e-01
-4.796565e-02
-1.105089e-01
-1.562273e-02
2.094500e-01
2.231925e-01
-4.532707e-02
1.308178e-01
7.387073e-02
-6.930684e-02
-3.265905e-01
-1.473219e-01
-4.378637e-01
-1.399552e-01
6.845217e-02
-4.740168e-01
4.167187e-01
1.063968e-01
-1.354498e-01
2.578734e-02
-6.637474e-02
8.540975e-03
-2.992495e-02
3.149923e-02
-2.092127e-02
-2.933578e-02
3.515040e-02
4.700324e-03
-2.244131e-02
7.109168e-02
7.693164e-02
8.721052e-02
-2.928895e-02
-2.876470e-02
-1.533324e-01
5.314509e-02
-1.263024e-01
-4.718743e-02
-5.272792e-02
-1.812850e-01
9.801077e-02
-2.227356e-01
5.928614e-01
-7.090824e-01
-8.925353e-03
1.050883e-01
1.943784e-01
1.535196e-01
-6.815967e-02
-1.348275e-03
-1.791280e-02
-5.528791e-02
-4.101416e-02
-3.476848e-02
-9.097517e-02
-2.284662e-02
-7.255828e-02
9.850465e-03
8.243363e-02
1.191306e-01
2.393467e-01
-2.446917e-02
-1.701035e-01
-2.053269e-01
-2.517666e-01
-2.175507e-01
4.327778e-02
-6.745602e-02
5.630895e-02
1.182826e-01
-1.454194e-01
1.220115e-01
-1.930233e-01
-1.370608e-01
9.211831e-02
-1.131734e-02
-2.428428e-01
-1.413883e-01
-7.657477e-02
9.777927e-02
-1.037447e-01
-4.668579e-02
7.396529e-02
-1.250235e-01
-2.235383e-02
-1.218830e-01
1.774196e-02
-8.635657e-02
2.170362e-01
-3.718019e-02
-1.231730e-01
1.294705e-01
-4.155673e-02
-2.597821e-01
-1.037924e-03
1.656585e-01
4.655526e-03
1.455768e-01
1.027818e-02
1.428247e-01
4.509627e-02
-7.627746e-02
2.563296e-02
2.920494e-02
3.948071e-02
3.020992e-04
-1.703841e-03
-1.848641e-01
6.445570e-02
1.196485e-02
-6.338183e-02
-2.481041e-01
4.320335e-01
-3.549633e-01
4.452436e-02
-6.346114e-01
-9.841832e-02
-7.309680e-02
-8.855040e-03
4.866446e-03
1.921333e-02
-6.197705e-02
-9.053841e-04
-2.694882e-01
-2.610900e-01
5.674788e-02
-7.690751e-02
-5.026054e-02
-7.791693e-03
2.602040e-02
3.052064e-02
4.376653e-02
-1.973344e-02
1.789207e-02
-3.643747e-02
-7.425842e-03
-4.343008e-02
-7.189871e-02
-1.038497e-02
5.775342e-02
-8.320087e-02
4.779983e-02
-3.535082e-01
2.018306e-01
7.480658e-02
-1.554746e-02
1.785193e-01
-6.554717e-02
-6.155612e-02
-1.121510e-01
3.604976e-02
2.395280e-02
2.751974e-03
-5.110696e-02
-3.362615e-02
-2.535610e-02
2.101100e-02
-2.724082e-03
9.683250e-03
-2.964557e-02
1.252503e-02
5.733315e-02
8.268591e-04
-3.777218e-02
6.423746e-03
2.875289e-03
1.178710e-02
1.098686e-02
1.801006e-02
1.420854e-02
-1.846771e-03
1.279494e-02
-1.732115e-03
-7.362642e-03
-2.615053e-03
4.356162e-02
1.652660e-02
-1.420513e-03
6.053922e-02
6.153111e-02
-8.459002e-02
-3.842875e-02
-9.415320e-02
4.464229e-02
8.422825e-03
7.934549e-02
1.358848e-01
1.671774e-01
7.055519e-02
-1.059872e-01
-5.811663e-02
-1.427863e-01
-2.540978e-02
-6.264862e-02
-3.625349e-02
-3.854298e-02
-3.441763e-02
-2.300896e-04
1.815851e-02
3.855088e-02
4.162878e-02
-2.537719e-03
2.746872e-02
4.511958e-02
1.245590e-02
-1.294249e-02
-6.238163e-02
-9.285238e-02
-4.540653e-02
-5.388168e-02
-1.041368e-01
-3.976141e-02
-4.879436e-02
-7.203496e-02
-2.008639e-02
-9.061935e-02
-2.106182e-02
2.242002e-02
5.581442e-03
-4.535886e-02
-5.414398e-03
-2.059614e-02
1.544503e-02
6.422718e-02
2.768202e-02
2.771086e-02
5.134742e-02
2.646971e-02
-5.456281e-02
7.252463e-03
4.381826e-02
-8.989356e-02
-5.372101e-02
-1.587493e-02
4.902248e-03
8.360194e-03
3.621448e-02
2.349835e-02
1.722674e-02
3.005883e-02
6.326210e-02
8.719907e-02
1.043226e-01
-8.590403e-02
-6.864121e-02
-7.863835e-02
1.006697e-01
1.169471e-01
7.998744e-02
1.889446e-02
4.432368e-02
4.449716e-02
-8.486542e-02
-5.285204e-02
-6.227677e-02
1.050790e-02
-1.200599e-02
-1.877682e-02
2.361517e-01
2.155131e-01
2.535221e-01
-1.503030e-01
-1.532349e-01
-1.727390e-01
-3.208347e-02
-1.853639e-02
-2.700909e-02
1.872768e-01
2.002803e-01
1.862886e-01
-7.417439e-03
-9.696123e-03
-4.888827e-02
3.986188e-02
4.521882e-02
4.100035e-02
-1.731152e-02
-1.160274e-02
3.879504e-03
-7.761521e-02
-6.584142e-02
-5.423820e-02
-1.197682e-02
-1.008839e-02
-2.480993e-02
2.020608e-03
-4.237741e-03
7.695565e-03
1.376398e-01
2.054382e-01
1.553021e-01
1.217773e-02
-1.973702e-02
-7.731120e-02
9.666329e-02
4.742704e-02
1.117424e-02
2.949188e-02
-4.154579e-04
-1.413999e-02
-1.229448e-01
2.019444e-02
8.616608e-02
4.607746e-02
-3.873935e-02
1.288357e-02
8.414467e-02
-6.078882e-02
-7.606515e-02
5.200326e-03
-1.186460e-02
-1.517739e-02
-7.318874e-03
-1.691444e-02
-1.122750e-02
-2.609966e-02
-1.891865e-02
-8.003994e-03
-3.600716e-02
-6.540654e-02
-1.121921e-03
7.509568e-02
1.158218e-01
1.244316e-01
1.595973e-01
2.135322e-01
9.062736e-02
9.514091e-02
-2.651871e-01
-3.537509e-02
-1.038200e-01
-6.052795e-02
-1.424356e-01
-9.400677e-02
-1.327784e-01
-1.328520e-01
4.382076e-02
6.004070e-02
8.932972e-02
2.836077e-02
1.067949e-01
1.087820e-01
2.030999e-02
5.409893e-02
5.191572e-02
1.162681e-01
6.082036e-02
-8.159391e-02
-6.647650e-02
-1.350362e-04
-1.401215e-02
-9.683998e-02
-2.006323e-02
7.038184e-02
-1.815352e-02
-5.602958e-02
-1.697062e-02
-1.422627e-01
-1.061663e-01
-1.034543e-01
-1.349103e-01
-8.778653e-02
-9.757540e-02
8.108761e-02
1.322237e-01
2.531863e-02
6.816024e-02
5.284316e-02
-2.422874e-02
5.673544e-02
-1.765283e-02
-4.746687e-02
7.239384e-02
2.304018e-01
2.344298e-01
-8.615397e-02
-3.921166e-02
3.662883e-02
-1.454731e-01
-1.465402e-01
-6.692787e-02
4.074899e-03
8.474832e-02
4.041963e-02
-1.786742e-02
2.601572e-03
3.894887e-02
-8.615627e-02
-7.120728e-02
-6.699739e-02
4.678721e-02
3.649675e-02
7.267288e-03
-6.999591e-02
-2.513459e-02
2.862902e-04
-1.177353e-01
-2.190098e-02
1.006693e-02
5.694486e-02
-1.219323e-01
1.014649e-02
-4.051388e-02
1.541205e-02
-4.026195e-02
-1.115711e-01
-1.788958e-01
-3.582240e-02
-2.835165e-02
-3.578646e-02
-2.302362e-02
3.081344e-02
6.565685e-02
7.317908e-02
-5.896091e-02
-1.031066e-02
-1.858831e-02
2.780636e-02
3.421545e-02
1.424991e-02
1.430526e-02
4.721561e-04
8.977059e-03
1.214668e-02
1.102286e-02
4.064475e-03
-6.257734e-02
-1.314697e-01
-1.331235e-01
1.480770e-01
2.558898e-01
1.336414e-01
8.669327e-02
1.637826e-01
1.327753e-01
-8.228109e-02
-4.827132e-02
1.141217e-01
-6.602570e-02
2.053459e-02
1.472771e-01
7.006874e-02
7.946036e-02
1.541768e-01
8.636648e-02
-8.386785e-02
-4.976587e-02
1.479967e-01
4.303686e-02
-6.450531e-03
1.737128e-01
6.822956e-02
-2.681263e-02
-9.413635e-03
-1.238919e-02
1.865286e-03
-2.355673e-02
-6.148732e-03
-6.991746e-03
-1.654994e-02
7.292992e-04
-2.332025e-02
-7.262973e-04
6.831858e-02
-1.426642e-02
1.252816e-02
7.861177e-02
5.838230e-02
-6.121282e-03
8.779148e-02
5.897357e-02
-8.893593e-02
7.656132e-02
6.009465e-02
1.289084e-01
2.138152e-01
1.184439e-01
5.128523e-04
1.939629e-01
6.948439e-02
-8.100753e-02
-5.472415e-02
-8.567248e-02
-8.393584e-02
-9.289311e-02
-1.115096e-01
-9.658838e-02
-5.621462e-02
-5.095732e-02
-1.948356e-02
-1.105947e-01
1.594481e-02
-1.326213e-01
-1.346532e-01
-8.102167e-02
-1.384956e-01
-1.311558e-01
-9.109679e-02
2.352316e-01
2.202702e-01
7.196818e-02
1.830673e-02
4.275765e-02
4.380532e-04
3.309783e-02
1.696441e-01
1.496473e-01
1.548813e-01
-3.633603e-02
-1.775973e-01
7.132006e-02
-6.252520e-02
-1.793253e-01
7.564760e-02
-9.284636e-03
-1.287992e-01
1.575555e-02
5.041650e-02
-5.468208e-02
-1.853861e-02
1.344580e-03
-7.567833e-02
2.808613e-02
4.138890e-02
-6.807371e-03
-7.722041e-02
-7.028016e-02
-6.936224e-02
-4.300407e-02
-6.865131e-02
-8.036971e-02
3.804633e-02
-3.521236e-02
-5.737180e-02
2.889361e-02
7.434777e-02
2.642045e-02
5.315186e-02
8.751263e-02
-5.699868e-03
5.344773e-02
6.157663e-02
4.918973e-04
-1.187590e-01
8.247154e-02
-4.402988e-02
4.248857e-02
7.112075e-02
-7.978306e-02
-8.713369e-02
3.407253e-03
-5.626896e-02
6.728574e-03
3.091924e-02
-7.606756e-03
-2.572535e-02
5.916825e-03
-3.472220e-03
-5.336046e-02
2.767308e-03
1.604245e-02
2.439035e-02
4.999138e-02
3.818344e-02
2.101105e-02
3.907461e-02
4.061979e-02
2.468058e-02
4.614742e-02
1.035482e-02
-1.169301e-01
3.671267e-02
1.646364e-02
-1.221772e-01
-2.587294e-02
2.949948e-02
-1.822057e-01
-4.474494e-02
-4.733449e-02
3.753707e-01
3.447556e-01
3.350532e-01
-5.691175e-02
-1.128401e-01
-4.580275e-02
-3.128228e-01
-3.050680e-01
-1.998953e-01
-2.440403e-03
-2.867083e-02
5.569200e-03
-1.135884e-02
-1.351948e-01
-1.425400e-01
-3.713813e-02
-6.440059e-02
-7.066126e-02
-7.479003e-03
-3.287687e-02
-2.091322e-02
-2.669842e-03
-1.501089e-02
-3.888419e-03
-2.833942e-03
-3.073473e-03
1.575196e-02
1.113144e-01
7.146984e-02
1.031506e-01
-7.062095e-02
-3.690242e-02
3.920455e-02
-7.285944e-02
-4.761742e-02
-2.925096e-03
-1.379647e-01
-2.221628e-01
-1.698308e-01
-9.256697e-02
-4.055962e-02
-2.444305e-02
1.913970e-01
2.500680e-01
2.357740e-01
-1.746947e-01
-1.464770e-01
-1.263694e-01
-7.355368e-02
-2.966954e-02
-2.441117e-02
8.057871e-02
1.165339e-01
9.363907e-02
-3.168892e-03
4.517421e-02
8.293071e-04
-4.780842e-02
-2.019206e-02
-5.020851e-03
9.823473e-03
-1.813848e-02
5.184361e-03
-3.747963e-02
7.528964e-02
1.511116e-02
-2.676286e-02
8.312063e-02
-4.011718e-02
-1.424964e-01
-1.936911e-01
-2.494712e-01
-9.822985e-02
-2.529115e-03
-7.041875e-02
1.019414e-01
-2.708550e-02
-1.553198e-01
1.988003e-01
-2.434412e-02
-1.296961e-01
-1.746571e-01
-1.187868e-01
-1.520974e-01
3.026743e-02
1.668817e-01
1.405558e-01
6.462797e-02
2.192407e-01
1.715949e-01
8.084743e-02
7.178027e-02
1.345633e-02
-2.715448e-02
-4.717574e-02
-3.954566e-02
-9.593114e-02
-8.090533e-02
-4.591715e-02
-1.995471e-01
-2.439155e-01
-2.042017e-01
-1.130357e-01
-1.320431e-01
-8.565811e-02
2.595784e-02
3.563948e-02
1.516511e-02
2.114627e-02
-8.610176e-02
-9.698794e-03
-1.315063e-01
1.567411e-02
1.746637e-03
-1.129643e-01
5.019366e-02
-5.301668e-02
6.344664e-02
6.727266e-02
6.290559e-02
-4.225878e-02
8.103606e-03
1.435795e-02
-1.468375e-01
-1.253222e-01
-1.323424e-01
-4.236867e-03
1.164817e-02
7.743476e-03
-2.965789e-02
-3.851720e-02
-1.129775e-02
-5.221063e-02
-6.933258e-02
-5.997889e-02
2.747839e-02
-1.074275e-02
-9.712745e-02
-2.805572e-02
-8.167923e-03
-9.403159e-02
1.176661e-02
6.044335e-03
-8.474879e-02
-1.946176e-01
-1.352727e-01
6.610219e-02
-4.544389e-02
5.373987e-03
6.429732e-02
2.265134e-01
1.946660e-01
1.933507e-01
4.628249e-02
-3.295131e-02
-1.922794e-01
1.308068e-01
2.113427e-01
9.393469e-02
5.965664e-02
7.132677e-02
1.970703e-01
2.179545e-02
2.608272e-03
-3.521841e-03
3.775483e-03
4.737908e-03
-1.002183e-03
1.210214e-02
-1.039898e-03
-3.003786e-04
1.371659e-02
1.114888e-01
1.464163e-02
-6.222107e-02
-2.827973e-02
-6.604048e-02
-7.287595e-02
-6.225911e-04
8.467340e-03
1.786554e-01
2.723756e-01
-3.261268e-02
3.956550e-01
1.242975e-01
-2.313179e-01
-2.776748e-02
2.516807e-01
-1.140348e-01
-1.582028e-03
1.803440e-03
3.772647e-02
-7.766701e-02
-3.381512e-02
7.910940e-02
-1.420751e-01
-8.156765e-02
2.773321e-02
-3.808144e-02
-7.049938e-02
-1.709619e-01
1.168901e-01
3.626849e-05
-1.289628e-01
1.943859e-01
2.105436e-02
-1.091849e-01
-1.183302e-01
9.117769e-02
3.040631e-01
-2.235643e-01
1.090526e-01
2.651138e-01
4.250802e-02
2.874658e-01
1.830758e-01
-3.510547e-02
8.884420e-03
-1.642920e-01
-6.784935e-02
2.530591e-01
-7.855386e-03
1.247402e-02
2.804431e-01
3.382849e-02
5.846980e-02
3.635298e-02
1.275528e-01
-4.566418e-02
3.757578e-03
1.074203e-01
1.495130e-01
2.165565e-02
3.136386e-02
-1.640545e-01
-9.002481e-02
-1.164346e-01
1.410332e-01
1.718107e-01
-5.165380e-03
1.652256e-01
1.045188e-01
-1.543284e-02
-3.270907e-02
4.525708e-02
8.494591e-02
-1.808743e-03
9.876207e-02
1.361884e-01
-9.422732e-02
1.077908e-02
7.677491e-02
-4.162944e-02
5.718234e-02
-6.414699e-03
-2.209479e-01
-5.022869e-01
-1.721052e-01
-8.953628e-02
-9.514537e-02
-3.869642e-02
-1.106730e-01
-4.396464e-02
-1.103394e-01
-6.908868e-02
-4.961025e-02
-3.779374e-02
-4.921609e-02
-6.427234e-02
-5.707333e-02
-9.771957e-02
-3.244752e-02
1.695218e-02
-5.125324e-02
3.218473e-02
4.438693e-02
-6.094496e-02
3.444482e-02
4.944101e-02
-1.907017e-01
-4.924133e-02
-1.426290e-02
-2.416552e-01
-1.527373e-01
-1.137853e-01
-1.522295e-01
4.640852e-02
2.109422e-02
2.264920e-02
1.145335e-02
3.050686e-02
1.115377e-02
1.211633e-01
-1.635710e-02
-8.050716e-02
-2.367431e-03
-7.668250e-02
-3.026266e-01
-1.317691e-01
-1.345823e-01
-4.955643e-01
3.348359e-01
1.648195e-01
-4.217841e-01
2.115136e-01
5.551177e-02
-2.905943e-02
-1.907556e-04
2.036293e-02
-1.585401e-02
-1.924455e-02
-1.046644e-03
-1.821953e-02
-1.305317e-02
2.773903e-02
5.724759e-02
7.425822e-02
4.280963e-02
-5.522189e-03
-4.918816e-02
9.708265e-02
1.539959e-02
-5.924292e-03
9.378140e-02
1.892593e-03
1.086913e-01
1.677770e-01
-5.506335e-02
-2.500727e-01
1.656961e-01
2.441932e-01
-3.969917e-01
3.034664e-01
-3.504325e-04
4.629309e-02
1.723967e-01
-3.523872e-02
1.701777e-03
4.117749e-02
5.243303e-02
-6.191495e-02
-1.375587e-02
-1.594919e-01
-1.570537e-01
-1.003620e-01
1.378254e-01
-1.326933e-01
-3.121724e-01
1.446584e-01
-2.879452e-02
-2.844085e-01
3.314130e-02
6.179610e-02
1.128982e-01
3.212581e-01
-2.014109e-01
1.142145e-02
1.121961e-01
-6.242494e-02
2.788944e-02
-1.749549e-02
4.214717e-02
-2.499060e-02
-6.380678e-02
3.577679e-02
-1.228108e-01
-8.870628e-02
9.034335e-02
-6.487361e-02
-9.497116e-02
-1.175945e-01
-3.817921e-02
5.433128e-02
9.645312e-02
-1.672909e-02
-3.665596e-02
1.826051e-01
-1.036061e-01
-1.112935e-01
-1.593081e-01
-1.504118e-01
6.093654e-02
2.085282e-01
-1.013331e-02
-1.062740e-02
2.620888e-01
6.829289e-02
-5.241992e-02
-6.877199e-03
9.886095e-02
2.192473e-02
6.400477e-02
6.791373e-02
6.081155e-03
3.962906e-02
7.437409e-03
-9.019459e-02
2.192168e-01
6.361388e-02
-1.195077e-01
1.326081e-01
8.425462e-02
2.718470e-02
-4.061755e-01
1.319008e-01
1.445416e-03
4.423528e-02
-3.332746e-03
-1.452260e-01
-4.749896e-02
4.693012e-02
-2.400027e-01
-8.599684e-02
9.497067e-02
-8.495783e-03
-2.716341e-03
4.818834e-02
2.894861e-02
1.016587e-01
8.628885e-02
-8.982018e-02
4.269893e-02
5.920534e-02
1.121644e-01
8.342444e-02
1.240081e-01
-6.329357e-02
-3.847986e-01
-1.826945e-02
1.155231e-01
-2.588186e-01
2.782637e-02
-5.689872e-02
-7.915718e-02
-1.010932e-01
-5.068563e-02
-1.099561e-02
-6.494734e-02
7.805958e-02
2.500050e-02
-2.813408e-02
-8.717087e-02
-7.147393e-02
1.089944e-01
-8.213640e-02
-1.670991e-02
1.718902e-01
-5.484631e-03
-8.353356e-02
-7.424990e-02
-1.197594e-02
1.162654e-02
-5.943283e-03
-4.472313e-02
-7.113763e-04
-1.062810e-02
-1.496241e-02
-1.844848e-04
-2.179581e-02
4.413756e-04
-3.420809e-02
-7.090073e-02
3.097364e-02
-4.752050e-02
-6.149092e-02
9.401777e-02
1.899436e-02
3.340751e-02
-2.068528e-01
1.338366e-01
3.554618e-01
-4.478457e-02
1.113572e-01
1.997683e-01
-2.836651e-01
-2.325969e-01
6.951859e-02
1.119875e-02
-1.664984e-02
2.066198e-02
1.600260e-02
-4.030597e-02
-3.846835e-02
1.029149e-02
-2.661334e-02
-3.466524e-02
3.544042e-02
4.615537e-02
3.246834e-02
1.935310e-02
6.561362e-02
-3.944405e-02
-2.281995e-02
-1.110942e-02
-3.320133e-02
-2.569715e-03
-1.587193e-01
-1.532190e-01
7.869490e-02
-4.612538e-02
-6.647486e-02
7.298487e-02
1.342772e-01
1.488420e-01
-1.560689e-01
-1.507372e-01
-6.796348e-03
-2.478048e-01
-2.105414e-01
1.071551e-01
-1.241871e-01
-1.250455e-01
5.870356e-02
1.243035e-01
-8.382675e-02
-1.194933e-01
1.332569e-01
-5.758106e-02
-8.586129e-02
5.831435e-02
-3.365979e-02
-5.597338e-03
7.608440e-03
9.552406e-03
1.126996e-02
4.568098e-02
9.637209e-02
7.563446e-02
1.157079e-01
3.435748e-02
-3.022275e-02
9.681391e-03
2.980903e-02
1.725713e-02
-2.676386e-02
-5.520425e-02
-1.086172e-01
-4.050446e-02
-1.300261e-01
-1.798340e-01
1.693120e-02
1.126351e-01
3.318845e-02
1.642833e-01
-4.339793e-03
-2.468234e-01
-1.417054e-01
-4.618752e-02
3.380924e-02
-5.968538e-02
-8.621915e-02
-8.625688e-02
-4.045663e-02
-1.304058e-01
-9.655461e-02
-2.214842e-02
-2.957978e-02
-4.830249e-03
-8.306869e-03
-1.926337e-02
-2.861965e-02
1.330165e-02
-1.644900e-02
-1.825875e-02
-3.741967e-02
-6.121948e-02
-5.854537e-02
-1.327821e-02
3.784926e-02
1.704984e-02
2.310566e-02
-6.817626e-02
-8.205432e-02
-1.275796e-02
3.771834e-02
8.495203e-02
2.000612e-03
-2.236894e-03
-4.063210e-03
-2.228215e-03
-2.295495e-03
-1.353089e-03
-1.117463e-03
-3.624105e-03
2.174666e-03
2.787495e-03
-6.032218e-04
-1.031286e-03
-1.890813e-03
-1.056838e-03
-2.359406e-03
-4.206726e-04
1.148313e-04
5.668247e-04
-2.236828e-03
1.301857e-03
-3.281986e-03
3.253552e-03
9.606578e-04
3.214878e-03
1.502445e-03
1.002310e-03
2.518845e-03
3.220012e-03
-4.263535e-04
-1.342682e-03
1.620098e-03
9.523272e-04
-2.348047e-04
-1.144370e-03
-8.209196e-04
-7.744549e-04
1.165061e-03
-1.344073e-03
2.284949e-04
-2.852122e-03
1.288137e-03
1.189243e-04
2.945278e-03
-1.450304e-03
1.990370e-03
2.095046e-03
-1.888374e-03
-6.657145e-04
-1.857550e-03
2.215270e-03
-7.373157e-04
1.001193e-04
-1.376948e-04
-1.949979e-03
-2.489448e-03
1.922850e-03
-5.379425e-04
1.169734e-03
-2.330654e-03
-2.029125e-03
3.425886e-03
-2.421978e-03
-1.915078e-03
1.463713e-03
1.382582e-03
6.493511e-04
-1.858655e-03
1.066920e-04
-3.853813e-03
1.340284e-03
1.299465e-04
-7.552086e-04
3.961556e-04
-7.053409e-04
-1.467686e-03
3.079665e-04
-8.518835e-04
-1.071633e-03
4.406775e-04
3.845467e-04
2.378893e-03
3.815625e-04
7.692020e-04
-1.406368e-03
1.718298e-04
5.465841e-04
-1.395605e-03
5.392153e-03
3.589864e-04
2.665318e-03
-1.545910e-03
4.044396e-03
-3.145389e-03
-2.161087e-03
2.617048e-05
-2.337454e-03
1.215953e-03
5.714760e-04
-3.472803e-04
-2.203018e-03
-1.147899e-03
-9.480239e-04
-8.500367e-04
6.858363e-04
-1.157666e-03
-2.060615e-03
-4.197181e-05
-9.808971e-04
1.056626e-03
6.616394e-04
1.809856e-05
2.359849e-03
3.107014e-04
3.345401e-04
3.178176e-03
5.858557e-04
-1.568764e-03
-1.244578e-03
-3.282341e-04
-4.322145e-03
1.410572e-03
-2.012864e-03
8.206037e-04
-2.473718e-04
-7.629817e-04
-2.696659e-04
-5.516413e-04
1.759532e-03
1.128882e-03
8.697928e-04
-6.548114e-05
2.980208e-03
1.441768e-03
-1.496473e-03
-1.337259e-03
-6.769666e-04
-8.793297e-04
7.019130e-04
-2.426608e-03
-2.197799e-04
1.402512e-03
-1.625788e-04
-1.222719e-03
2.455115e-05
