-5.088622e-02
-7.220113e-02
-8.220381e-02
-2.088159e-02
-1.765514e-02
-2.378110e-02
-2.991749e-02
4.199613e-02
-2.812919e-02
-6.832217e-02
-2.442832e-03
1.283841e-02
-1.445159e-03
4.216785e-02
1.374269e-02
-2.107426e-03
-1.853599e-02
-7.474073e-02
3.025261e-02
1.432291e-01
9.402397e-02
-4.184914e-02
4.312859e-02
3.408949e-02
-4.380658e-03
-3.941160e-02
-3.525038e-02
6.560978e-02
-5.922651e-03
5.022777e-02
2.950014e-02
-5.308278e-02
-5.206583e-02
-1.177765e-02
-7.349262e-02
1.167805e-02
-2.284496e-03
-5.445632e-03
2.125711e-02
-3.335544e-02
-4.776730e-02
-3.332431e-02
-8.730180e-02
-1.092429e-01
-4.071770e-03
-7.252721e-02
-8.939794e-02
-8.090143e-02
-5.823601e-02
-8.976474e-02
-1.017337e-01
-1.342864e-02
-8.027920e-02
-9.267507e-02
-1.046348e-01
-1.525235e-01
-1.444798e-01
-1.070808e-01
-2.108451e-01
-1.862660e-01
-5.882258e-02
-1.269859e-01
-1.498165e-01
5.436699e-02
5.677940e-03
-1.701783e-02
-6.390448e-02
-1.416986e-01
-1.054384e-01
-2.016450e-02
-5.451360e-02
-6.849486e-02
-9.103818e-04
-2.110602e-03
-2.241210e-04
1.937304e-04
-9.307145e-04
8.961599e-05
1.207260e-03
-1.290341e-04
2.637744e-03
7.002017e-04
4.498901e-04
3.050021e-03
-3.777992e-03
1.786713e-03
1.759557e-03
-1.089251e-03
-2.298957e-03
-2.427623e-03
-7.163867e-02
-6.335203e-02
4.061572e-02
-1.161395e-01
-1.076538e-01
-4.612913e-02
-8.707183e-02
-7.167150e-02
1.819479e-02
2.626133e-02
2.028289e-02
1.381826e-02
-3.185619e-02
1.265279e-02
-3.739987e-02
-6.244353e-02
8.589921e-02
2.148785e-02
-1.514309e-02
-3.105075e-02
-2.402944e-02
-5.688969e-03
1.836361e-03
5.581900e-02
2.560659e-02
6.853115e-03
4.154661e-02
1.918887e-02
-2.813313e-03
-2.897099e-02
7.359241e-03
3.289195e-03
-2.900260e-02
-2.023366e-02
1.598172e-02
-3.095119e-02
-2.854253e-02
8.590216e-02
1.306362e-02
-7.028904e-02
-2.833969e-02
-1.803376e-02
-2.535695e-02
4.230935e-02
-4.990626e-02
4.833884e-04
-2.712261e-04
-1.146799e-03
4.325616e-04
5.879992e-04
-1.784329e-03
8.896394e-04
-2.888304e-03
3.115671e-05
-4.787210e-02
-6.217938e-02
-1.325841e-02
-4.292616e-02
-9.226158e-02
-4.924955e-02
1.404639e-02
-3.845197e-02
1.508409e-02
4.068577e-02
-1.284673e-01
-1.913203e-02
-6.488996e-02
-1.474716e-01
1.121221e-01
3.489711e-02
-1.114941e-01
1.451833e-01
4.853170e-02
-7.954896e-02
-1.044726e-02
4.323278e-03
-8.096685e-02
-3.026873e-02
5.852332e-02
2.940584e-02
5.635564e-02
5.989740e-04
-4.947654e-02
-6.284153e-02
-1.248291e-01
-5.570689e-02
-6.749721e-02
-8.834335e-02
-8.380857e-02
-4.571800e-02
-6.621077e-03
3.769483e-02
6.799974e-02
1.905775e-02
2.741140e-02
1.206018e-02
-4.980474e-02
-8.317034e-02
-7.399639e-02
8.545879e-04
-1.122044e-02
-8.448966e-03
3.071813e-02
5.315117e-03
1.175120e-03
3.571412e-02
-1.346893e-02
8.759841e-03
-1.603080e-02
-8.033370e-02
-1.365336e-01
-9.317271e-03
-5.986967e-02
-1.123120e-01
8.671423e-03
1.523597e-02
-2.517824e-02
-3.376213e-02
-4.013716e-02
-3.758819e-02
-1.224340e-01
-9.440964e-02
-4.025515e-02
-9.715149e-02
-3.137104e-02
-1.006441e-02
2.881848e-03
4.216809e-03
3.921273e-04
1.131993e-03
-6.965798e-04
6.107641e-04
4.317893e-03
2.185693e-03
1.744789e-03
-2.395988e-04
-3.170010e-03
1.126820e-03
3.474964e-05
1.476234e-03
1.144947e-03
2.333572e-03
-2.532116e-03
1.294970e-04
-8.986653e-02
-4.702201e-02
-6.108714e-02
-8.366406e-02
-7.625605e-02
-4.762370e-02
5.962155e-02
4.484461e-02
2.841906e-02
1.165987e-01
-7.853746e-02
4.837139e-02
5.424093e-02
-1.419187e-01
-4.938263e-02
1.322629e-01
-9.303088e-02
4.843896e-02
-9.782626e-03
2.152011e-02
3.554774e-02
2.077294e-02
1.258129e-02
2.616871e-02
2.927349e-02
2.244830e-02
3.538737e-02
5.470277e-02
7.535808e-02
9.507081e-02
-6.550134e-02
-9.286503e-02
-5.130820e-02
-8.041865e-02
-1.195698e-01
-8.460978e-02
-3.319400e-02
-2.406320e-02
-6.760892e-02
-1.717895e-01
9.589303e-03
-1.711535e-02
-5.200560e-02
9.573190e-02
9.939396e-02
-2.091662e-03
1.440414e-03
-2.494020e-03
-1.060057e-03
-3.625277e-04
6.061685e-04
-2.146750e-03
-7.103495e-04
1.148476e-03
-9.153648e-02
-7.243435e-02
-1.684863e-02
-8.920737e-02
-1.090150e-01
-9.565630e-02
-1.909894e-01
-1.813699e-01
-8.776335e-02
5.647579e-02
1.086261e-02
-2.695503e-02
-4.421317e-02
1.161149e-02
1.772547e-02
-3.414541e-03
4.948806e-02
4.584236e-02
1.620109e-01
1.362884e-01
6.671996e-02
6.334275e-02
6.871292e-02
1.030131e-01
2.174783e-02
1.667811e-02
2.966793e-02
-8.612682e-02
-4.552945e-02
-1.964004e-01
-1.486498e-01
-3.662775e-02
-7.827965e-02
-1.115840e-01
-1.839277e-01
-1.034141e-01
1.841474e-02
2.496986e-02
6.663229e-02
1.015210e-01
9.474760e-02
8.439754e-02
3.511485e-02
9.787809e-03
4.054432e-02
6.754888e-02
8.328228e-02
2.869089e-02
8.883923e-02
7.999745e-02
6.452180e-02
5.239003e-02
5.733484e-02
-5.106287e-02
9.868002e-02
8.977500e-02
9.958657e-02
9.685142e-02
9.153754e-02
9.717564e-02
4.765493e-02
4.649012e-02
2.442963e-02
-9.085530e-02
-3.684764e-02
-2.288495e-03
-2.110908e-02
4.828865e-03
-3.048356e-02
-1.691439e-02
-4.136545e-02
-5.460268e-02
8.909621e-04
6.781544e-04
3.886635e-05
-7.455844e-04
1.057564e-04
-1.419257e-03
-2.143282e-03
-6.808139e-04
3.080465e-03
4.504005e-04
3.365637e-03
5.563345e-04
-2.763888e-04
5.390156e-04
6.798175e-04
9.267465e-04
-5.616056e-04
-3.401037e-04
-7.076009e-03
-1.928720e-02
-7.025167e-02
8.642890e-02
5.173430e-02
3.687670e-03
4.365167e-02
5.894279e-02
3.426797e-02
3.492187e-02
1.277153e-01
3.995730e-02
-4.989997e-02
-5.722116e-02
-7.068060e-02
-3.671912e-02
-3.485126e-02
1.675472e-02
9.809230e-02
8.876540e-02
1.177043e-01
8.364800e-02
7.449611e-02
8.842102e-02
1.337836e-02
3.355674e-02
3.844500e-02
-1.432080e-03
-3.000378e-02
-1.409324e-02
4.811191e-02
5.193648e-02
5.048073e-02
7.633855e-02
1.134607e-01
1.395063e-01
7.806681e-02
-8.463804e-02
-2.746492e-02
-7.332151e-02
-7.914881e-02
6.602301e-02
-5.420212e-03
3.684534e-02
1.118251e-01
-2.487836e-03
1.387322e-04
1.655908e-03
-9.503178e-05
-8.297852e-04
2.393932e-03
1.182109e-03
-7.117196e-04
1.871673e-03
1.034154e-01
3.744585e-02
1.072173e-02
-3.829981e-03
-4.287610e-02
-1.483696e-03
-5.859112e-02
7.502704e-02
2.326987e-02
-8.740562e-02
-1.146853e-01
-1.263149e-01
-1.751070e-02
1.489877e-01
1.649019e-01
6.736912e-02
8.883046e-02
5.970633e-02
-4.966395e-02
-1.677893e-01
-8.751766e-02
1.062611e-02
-4.497523e-02
-4.079648e-02
1.275730e-02
2.905205e-02
-2.209119e-03
3.288684e-02
-5.426024e-03
-5.497261e-03
-3.094052e-03
9.511796e-02
-4.039695e-03
6.814033e-03
3.959306e-02
2.770206e-02
1.718774e-02
3.042154e-02
3.525764e-02
1.742583e-03
1.602958e-02
-1.520726e-02
-9.167880e-02
-3.829724e-02
5.583230e-02
2.506892e-02
4.657638e-02
5.061508e-03
-4.973589e-02
-9.134140e-03
-4.823127e-02
-7.511529e-02
-6.360455e-02
-7.956103e-02
-4.965065e-03
-4.857969e-02
-4.371180e-02
4.370132e-02
1.475262e-02
-3.539250e-02
1.214952e-01
1.215562e-01
9.352106e-02
-1.247595e-02
2.412814e-02
-2.560522e-02
3.485350e-02
4.015738e-02
-3.433644e-02
3.180298e-02
8.432160e-02
3.969073e-02
-2.005574e-03
3.214115e-03
8.749305e-04
-2.154407e-05
-4.501721e-04
2.487274e-03
-5.606472e-04
3.887096e-04
-1.155106e-03
6.307459e-04
3.237626e-03
-1.148668e-03
-1.336567e-03
1.214194e-03
2.008193e-03
1.415752e-04
-1.652794e-04
-2.362321e-03
1.160693e-01
1.281477e-01
-2.337174e-02
8.910832e-02
1.531053e-01
9.978754e-03
2.050501e-02
6.689522e-02
-8.901816e-02
5.816383e-02
-5.384155e-02
3.710679e-02
-4.463173e-02
-1.355161e-01
4.041758e-02
8.793354e-03
1.407009e-03
9.085964e-02
-5.259703e-02
-8.855871e-03
-2.638777e-02
-1.111729e-01
-9.536460e-02
-7.142974e-02
-4.074001e-02
-8.481803e-03
2.655020e-03
3.197980e-02
5.463276e-02
2.787786e-02
3.351803e-02
2.727026e-02
-5.548500e-03
3.846339e-02
-4.148541e-03
-2.848474e-02
1.303112e-02
-1.261159e-01
-8.479723e-02
9.791946e-02
1.051170e-01
7.201190e-02
9.398057e-02
-2.008590e-02
4.142291e-02
1.364762e-03
-6.059580e-04
2.685877e-04
4.656492e-03
-1.243466e-03
7.138982e-04
-1.735815e-03
-9.705637e-04
2.921772e-03
1.076473e-01
-1.200837e-01
1.470597e-01
-1.380672e-01
3.889213e-02
8.211487e-02
-1.227777e-01
-6.183155e-02
-6.725596e-02
-4.336470e-02
-5.937488e-03
6.513333e-02
-5.087588e-02
1.234069e-01
-2.975816e-02
1.040265e-02
-2.489677e-01
9.451831e-02
-1.733661e-02
-6.220327e-02
-5.618334e-02
-6.158276e-02
-4.646258e-02
-7.073644e-02
-1.349633e-01
-1.523079e-01
-1.483922e-01
-1.479310e-01
-2.260212e-01
-2.218446e-02
-1.549439e-01
-1.304103e-01
-2.010012e-01
-1.821499e-01
-1.011903e-01
-2.351649e-02
-1.284711e-01
2.012790e-02
-1.869922e-02
8.446510e-02
-9.060078e-02
1.107953e-01
-9.459493e-02
1.287946e-01
-2.078169e-02
-6.652962e-02
-1.119729e-02
-5.433568e-02
-3.006846e-02
-6.184494e-02
-7.088719e-02
-4.070123e-02
-3.322889e-02
-6.534883e-02
-4.187199e-02
-8.019205e-02
-1.245193e-02
-6.609685e-02
-1.357536e-01
-2.583886e-02
-2.668175e-02
-6.212793e-02
-8.604342e-03
1.774236e-01
1.540286e-01
5.430491e-02
5.339289e-02
-7.620683e-02
5.648423e-02
3.547819e-02
9.374915e-02
9.970316e-02
-3.262956e-04
2.253958e-03
-1.946833e-03
1.443164e-03
6.678273e-04
2.338607e-03
-2.934628e-04
-4.219909e-03
1.765371e-03
-1.169102e-03
-3.274245e-04
-5.938950e-04
1.000862e-03
1.809295e-03
7.179519e-04
-1.078702e-04
-3.797812e-05
1.386611e-03
2.328194e-02
-5.201047e-02
1.469753e-02
2.871150e-02
5.017087e-02
-8.178664e-02
-3.138668e-02
-7.239064e-02
-2.566410e-02
1.373791e-01
-1.902284e-01
3.860407e-02
1.111726e-01
-3.442397e-01
2.348880e-01
7.176717e-02
-5.638113e-02
6.204821e-03
-9.883620e-02
-1.032612e-01
-1.282222e-01
-3.356229e-02
3.865151e-03
-1.281495e-02
4.355731e-02
8.125597e-02
8.080132e-02
-4.667249e-02
-4.313315e-02
-4.428865e-02
-6.151756e-02
-1.290674e-01
-1.769725e-01
1.411571e-01
2.725631e-02
-7.248043e-02
-3.650124e-02
-2.452991e-01
8.822568e-02
2.642860e-02
2.124049e-01
-1.226678e-01
4.214825e-02
-2.131532e-01
1.171075e-01
8.527747e-05
-3.990355e-04
-1.844820e-04
-5.579249e-04
2.103925e-03
-2.887651e-04
-8.047115e-04
-1.559236e-04
1.783777e-05
2.978799e-02
-6.380127e-03
-6.859405e-02
-4.460908e-02
-6.673051e-02
-7.979543e-02
9.096475e-03
-2.312452e-03
9.017131e-03
4.282619e-03
-4.486952e-02
-6.193688e-02
1.459570e-02
1.922487e-02
5.822837e-02
1.667387e-02
1.537287e-02
2.640713e-03
1.465986e-02
-3.390382e-03
-1.531141e-02
-4.373279e-02
-3.748550e-02
-2.739638e-02
-9.810840e-02
-7.116568e-02
-7.256941e-02
-2.060609e-02
3.440602e-03
2.026637e-02
-3.844037e-02
-2.678476e-02
-8.217055e-03
-6.924675e-02
-4.907387e-02
-5.066351e-02
6.506423e-03
9.411990e-03
1.710053e-03
5.561382e-02
3.895869e-02
-1.163496e-02
2.895349e-02
4.391984e-02
3.953718e-02
1.114946e-03
1.218250e-03
-3.378405e-03
7.911095e-03
4.445413e-03
-1.515151e-02
2.153593e-02
-7.505466e-03
-2.371582e-02
-3.797484e-02
-1.592201e-02
-4.481677e-02
-4.475205e-02
-9.064004e-03
-1.526985e-02
-1.996257e-02
-6.459135e-04
-4.452567e-04
7.327255e-02
5.004840e-02
7.101621e-02
3.378188e-02
2.064169e-02
3.524310e-02
-1.374824e-02
-6.582556e-02
-7.375904e-02
-5.495130e-04
-1.996022e-03
-5.936658e-03
-9.431115e-04
2.111701e-03
-4.884602e-04
-8.507235e-04
-1.800022e-03
2.376712e-03
1.420479e-03
-3.207176e-03
-1.283039e-03
1.603898e-03
-2.180615e-03
-1.344467e-03
-2.554118e-03
-1.235670e-03
3.933571e-04
1.295344e-02
2.681378e-02
-7.553895e-03
-1.504364e-02
-4.980523e-02
-4.842582e-02
-3.615626e-02
-6.375086e-02
-6.877875e-02
2.323606e-02
-7.685662e-03
-1.630450e-03
3.811418e-02
-7.119714e-03
3.036395e-02
-1.392472e-02
-1.437271e-02
4.352696e-02
-1.054200e-02
-1.044957e-02
-1.308974e-02
-3.128720e-02
-1.818657e-02
-1.475146e-02
9.551203e-03
1.256254e-02
8.012621e-03
2.132358e-03
3.587328e-02
4.265434e-02
4.839220e-03
3.822590e-02
4.052825e-02
2.842356e-02
5.368707e-02
5.122720e-02
2.889636e-02
-3.001182e-02
-5.523809e-02
6.977186e-02
3.383520e-02
5.078390e-02
8.377914e-02
3.593377e-02
-8.851142e-02
1.088141e-03
1.130002e-03
-1.805876e-03
-3.888888e-04
-1.267662e-03
1.575001e-03
1.833078e-04
-7.311150e-04
3.186879e-03
-5.112092e-03
-1.579467e-01
-7.659623e-02
-7.839415e-02
-3.141278e-03
-2.114961e-02
-1.555410e-02
-7.808637e-02
-8.857422e-02
-4.202366e-02
-2.340761e-03
7.242533e-02
4.786643e-02
-8.236978e-03
-1.792766e-01
-5.470916e-02
1.296175e-03
7.198691e-02
-1.392649e-01
-1.025055e-01
4.795367e-02
-1.263072e-01
-6.166236e-02
-4.753063e-02
-9.338377e-03
1.313352e-02
4.780439e-02
-1.532909e-01
-9.553625e-02
6.242147e-02
3.040459e-02
8.320756e-02
-7.782216e-03
2.593898e-03
7.782637e-02
2.879342e-02
2.691767e-02
4.097659e-02
-1.205898e-01
-3.318187e-02
9.040390e-03
-2.416576e-02
-9.778078e-02
-7.345339e-02
-1.609587e-01
1.819261e-02
-2.316176e-02
-8.627549e-03
-1.713914e-02
-1.421024e-02
-7.786771e-03
-3.156499e-02
-3.470344e-02
3.998814e-03
3.938243e-02
-1.956693e-03
-6.059188e-02
2.722461e-02
2.629038e-02
-7.449708e-02
9.038153e-02
4.964010e-02
-7.991182e-02
1.407551e-01
1.475552e-02
8.696562e-03
3.138179e-02
1.139797e-02
5.190175e-02
1.302692e-01
1.180674e-01
1.384500e-01
-1.240596e-03
-1.017019e-03
1.038747e-03
-1.907885e-03
-1.385312e-03
-2.144558e-03
5.789124e-04
7.962273e-05
-8.181677e-04
-1.141907e-03
7.141763e-04
8.814503e-04
-3.287936e-03
6.942647e-04
4.666271e-04
-2.307210e-04
-2.164260e-03
-1.314690e-03
-1.116382e-03
3.983631e-02
2.612902e-02
1.591766e-01
4.546683e-02
1.527114e-01
1.839268e-01
1.032576e-01
2.277427e-02
-5.299766e-02
-1.162930e-01
8.577012e-02
1.393837e-02
-8.507252e-02
1.007581e-01
6.089381e-02
-8.731463e-02
-1.333229e-03
-2.407163e-02
-2.113933e-02
-1.194693e-02
-1.308918e-02
5.664332e-04
1.582461e-02
-4.644995e-04
-2.998462e-02
-4.560722e-02
-1.177864e-02
-1.313561e-02
-2.847541e-02
-2.816208e-02
-1.198485e-01
-1.027057e-01
-6.005107e-02
-1.175884e-01
-8.114334e-02
-1.348695e-01
3.625962e-02
1.745116e-01
5.208113e-02
4.563136e-02
-2.051605e-01
-6.081448e-02
1.213457e-02
2.576268e-02
8.081179e-04
2.221472e-03
-5.523601e-04
1.124659e-03
8.439724e-04
3.042665e-04
-2.339242e-03
-1.818956e-03
1.889027e-03
-1.605382e-03
1.794529e-02
1.412534e-02
2.279916e-02
-5.546290e-02
5.038350e-02
-7.698540e-02
-2.820200e-02
3.892218e-02
-6.543305e-02
6.116201e-03
1.921241e-02
1.315515e-02
4.276005e-02
-6.095015e-02
2.785148e-02
1.239912e-01
1.509433e-02
4.748453e-03
9.547359e-03
1.124277e-02
5.661002e-03
-1.616984e-02
3.612100e-03
-1.571209e-02
-1.960448e-02
2.666372e-03
-2.243684e-02
3.967899e-03
4.982952e-02
2.293453e-02
-1.064544e-02
-5.306583e-03
4.879137e-04
4.257466e-02
1.023575e-02
5.132468e-02
4.756571e-02
3.463783e-02
8.868913e-03
4.012983e-02
-3.859540e-03
3.622697e-02
3.400022e-02
5.272890e-02
4.844484e-02
4.434279e-02
2.001815e-02
2.944796e-02
3.912200e-02
1.007531e-02
1.858111e-02
2.630504e-02
-3.053037e-03
-5.898567e-03
2.307102e-02
3.013107e-02
-3.039934e-02
-2.518506e-02
-3.520037e-02
1.552357e-02
2.675729e-02
2.115322e-02
4.564160e-02
7.364336e-02
-1.553493e-03
5.074364e-02
6.226118e-02
-4.048298e-02
3.970902e-02
-8.212528e-02
-8.470925e-02
1.215663e-03
-6.075804e-04
-3.599516e-03
1.359560e-03
-1.049928e-03
-2.636869e-03
9.895085e-04
3.054301e-03
1.349755e-04
7.012450e-04
2.980946e-03
1.254700e-03
-1.195404e-03
1.894833e-03
-9.457755e-04
-1.764908e-03
-1.357766e-04
-1.747707e-03
-3.957340e-02
-4.523014e-02
-1.166162e-02
-5.223789e-02
-3.932394e-02
-4.723326e-02
-3.073339e-02
-2.347178e-02
-3.374865e-02
1.335767e-02
-2.221106e-02
-2.789699e-02
1.927126e-02
-5.356156e-02
1.492703e-02
6.751870e-02
-5.453913e-03
1.036077e-01
-1.174396e-02
-7.748815e-03
-5.690710e-03
-1.799326e-02
-2.149442e-02
-5.284489e-03
6.106185e-03
1.426945e-02
2.631717e-02
2.482904e-02
3.765277e-03
1.899324e-02
2.520831e-03
-2.906298e-03
1.186651e-02
-3.812119e-02
-3.388652e-02
-3.814937e-03
-1.135943e-01
-5.528585e-02
5.321804e-02
1.625391e-02
-7.120191e-02
-6.936235e-02
8.894873e-02
8.176266e-02
9.078570e-02
-9.142527e-05
-3.177944e-04
8.652131e-04
1.354896e-03
-1.768833e-03
7.267130e-04
-2.009585e-03
1.051891e-03
1.605826e-03
5.728914e-02
3.655880e-02
-1.687600e-02
-4.539422e-03
-2.865246e-02
1.426490e-02
2.600221e-02
6.608856e-02
6.553049e-02
9.855751e-03
-7.463456e-02
-5.954062e-02
2.175897e-02
-3.693239e-02
-4.206360e-03
7.249105e-02
3.042287e-02
3.916774e-02
-9.966660e-03
-2.925999e-02
-5.850188e-02
4.882712e-02
-3.027936e-02
-2.238622e-02
9.169175e-02
2.142020e-02
-2.509004e-02
-9.464265e-02
-1.087076e-01
-1.084656e-01
-3.356847e-02
-1.745766e-01
-1.247358e-01
4.402209e-02
-1.374276e-01
-1.965031e-01
-2.294026e-02
-3.030083e-03
-3.343498e-02
2.241987e-02
-8.047703e-02
-9.484701e-02
-5.611889e-03
-4.975937e-02
-3.958227e-02
-1.908425e-02
-6.111580e-02
-2.588273e-02
1.444552e-02
-5.383501e-02
-1.996556e-02
-3.870966e-03
-4.730543e-02
-2.329949e-02
3.982823e-02
-1.880988e-02
-7.820202e-02
6.563073e-02
1.185310e-02
-3.554020e-02
6.384384e-02
1.656743e-02
-3.740173e-02
2.634566e-02
1.499542e-02
-8.881913e-03
3.463888e-02
1.215768e-02
-5.802223e-02
8.862885e-02
8.427194e-02
-2.314228e-02
-8.653852e-04
2.471185e-03
-1.703507e-03
-8.183110e-05
1.461888e-03
-2.609037e-03
-3.101774e-03
2.405604e-03
2.688752e-04
1.878543e-03
-8.367900e-04
-6.481262e-04
8.628470e-04
8.977696e-04
-2.738135e-03
-1.081890e-03
-6.647552e-05
-1.262538e-03
-3.988707e-02
-7.394814e-02
-1.316029e-02
2.245563e-02
-7.790839e-02
-1.826593e-02
-2.060490e-02
-2.590654e-02
-3.015824e-02
7.625706e-02
8.486917e-02
2.267138e-02
-8.880401e-02
-2.647383e-02
-6.777103e-02
-1.674659e-02
7.858603e-02
9.989750e-02
-3.291334e-02
5.004781e-03
7.928514e-02
-3.516004e-02
-2.762939e-02
4.132975e-02
-1.503514e-02
1.796989e-02
8.683336e-02
-1.404449e-02
-4.420315e-02
-1.556229e-02
-2.706705e-02
-2.709722e-02
-9.003770e-03
2.865962e-03
9.211564e-03
4.653799e-02
-4.679460e-02
-3.130921e-02
-6.696378e-02
-3.698600e-02
-5.109213e-02
-3.396418e-02
4.323415e-02
8.519492e-02
-3.540250e-02
1.375912e-03
1.778494e-03
-9.680977e-04
5.459632e-03
2.378420e-03
-5.658893e-03
7.982677e-04
2.124620e-03
-1.877809e-04
-8.820185e-03
-1.511959e-03
6.445114e-02
-2.236646e-02
8.432402e-02
2.660165e-02
5.450268e-02
1.486822e-03
-2.388407e-02
-3.976754e-02
2.671486e-02
6.325145e-03
4.825705e-02
3.441574e-02
-1.502476e-02
-4.378289e-02
-6.280303e-02
3.659359e-02
2.402519e-02
2.664594e-02
3.907460e-02
2.995934e-02
6.333091e-02
3.848903e-02
-1.560191e-02
7.328791e-03
6.845989e-03
2.495750e-02
-3.598928e-02
-2.415340e-04
-2.115648e-02
8.565132e-02
-3.883606e-02
-5.062906e-02
-3.404243e-02
4.408341e-02
8.587043e-02
5.000249e-02
2.240769e-02
-2.628706e-02
-1.163265e-03
6.057804e-02
2.749853e-02
7.542392e-02
4.546181e-02
3.316880e-02
-6.959153e-03
-1.333249e-02
-1.349669e-02
-1.152693e-02
-4.136036e-02
-3.517320e-02
-3.784044e-02
-3.309164e-02
2.333567e-02
1.728688e-02
2.633601e-02
9.670759e-03
4.981720e-02
3.407472e-02
-8.808775e-03
7.100074e-03
3.318616e-02
2.864729e-02
3.203122e-02
-2.240689e-02
2.047573e-02
9.133887e-04
1.143206e-02
1.047961e-02
5.168490e-02
-1.133181e-02
5.976156e-03
-5.471191e-04
-1.520304e-04
1.393453e-03
1.054409e-03
1.014433e-03
2.596495e-03
2.094873e-03
9.296008e-05
-6.374054e-04
4.607243e-04
-5.994773e-04
1.022679e-03
2.561394e-04
3.528263e-04
2.099763e-03
2.167432e-03
7.756304e-04
5.848733e-02
2.248067e-02
-2.570163e-02
-3.427626e-02
1.117896e-02
-3.954210e-03
9.205922e-03
-4.023012e-02
-3.271999e-02
-2.860843e-02
-4.186945e-02
9.139241e-03
7.800635e-03
6.194860e-03
6.786385e-02
-2.193833e-02
-3.907385e-02
-6.436284e-02
1.001390e-02
1.448687e-03
-1.166630e-02
7.378882e-03
-8.131543e-03
6.013410e-03
-1.602165e-02
-2.630446e-02
-2.499818e-02
-1.059189e-03
-3.646911e-03
8.537937e-03
5.618931e-03
7.633051e-03
1.306911e-02
-3.171991e-02
-9.555497e-03
-8.084636e-04
-6.864090e-02
-1.013819e-02
3.199022e-02
5.800700e-02
1.628779e-01
-6.334873e-02
-4.799105e-02
-9.141646e-02
3.020808e-02
-2.881422e-04
5.086721e-04
-1.546663e-03
8.265680e-04
5.005646e-04
-1.147275e-03
-6.656643e-04
-1.450618e-03
1.142834e-03
7.487506e-02
-4.775584e-02
-1.230680e-01
-5.976038e-02
-1.032986e-01
-1.303216e-01
4.128719e-03
-1.213293e-01
-9.461264e-02
-1.070674e-01
2.411191e-02
4.151493e-02
-9.301748e-02
4.590799e-02
5.602263e-02
-5.200257e-02
1.021845e-01
4.833437e-02
-8.508161e-03
-3.236660e-03
-2.660845e-02
-2.058773e-02
1.911789e-02
-1.386732e-02
-8.613198e-02
9.374756e-03
-6.039558e-03
4.085986e-02
2.463752e-01
1.109822e-01
1.804509e-01
1.811330e-01
1.010296e-01
4.674482e-02
2.296918e-01
1.624845e-01
1.343261e-02
-2.378694e-02
-1.660576e-02
1.280231e-01
-2.390169e-02
-3.953492e-02
3.624330e-02
-1.114928e-01
-1.504553e-01
-6.474323e-02
-3.022718e-04
4.932259e-02
6.085371e-02
1.199369e-01
1.308755e-01
-2.747355e-02
5.351027e-02
5.842174e-02
2.232932e-02
1.342538e-02
5.260080e-02
7.870732e-02
4.365053e-02
2.041365e-02
7.436576e-02
4.170026e-02
2.610019e-02
-1.129681e-01
-1.620317e-01
-9.233602e-02
-9.682145e-03
-1.751451e-01
-1.476672e-01
-1.128569e-01
-1.139596e-01
-1.515168e-01
1.122692e-03
9.406297e-04
1.379604e-03
-5.040078e-03
6.186959e-05
4.972945e-04
-3.674031e-04
8.669415e-04
2.945744e-03
2.235448e-03
9.061297e-04
1.867095e-03
-5.505622e-04
3.184940e-04
1.450759e-03
3.687111e-04
1.821493e-04
3.304530e-03
1.060172e-01
1.627681e-01
1.113739e-01
-6.799502e-02
1.000879e-01
1.219090e-01
-4.081409e-02
7.897740e-02
1.102738e-01
-4.218759e-03
-2.995631e-02
-3.700786e-02
3.221481e-02
-7.489070e-02
-1.092698e-02
4.209821e-02
1.544039e-02
1.863602e-02
6.729218e-02
-7.508558e-03
8.119186e-03
-8.833006e-03
-8.531444e-02
-6.832968e-02
1.464229e-02
-6.363325e-02
-6.188626e-02
1.299162e-01
1.303931e-01
7.170955e-02
1.326951e-02
-1.274556e-02
-3.638870e-02
-5.601940e-02
-7.270664e-02
-8.961129e-02
-8.136899e-02
2.339967e-02
2.903247e-02
-6.392515e-02
-5.149811e-02
2.370813e-02
8.880225e-02
3.517474e-02
3.878270e-02
-2.405572e-03
-1.977541e-03
8.469142e-04
2.159697e-04
4.161261e-04
8.409729e-04
1.087929e-03
4.304186e-03
3.616760e-04
2.211082e-02
-3.999475e-02
6.177384e-03
3.160811e-02
-1.188409e-02
2.539826e-02
-2.365112e-02
-7.641064e-02
3.645021e-02
5.058268e-02
3.583687e-02
1.370730e-02
1.118980e-02
-5.805410e-03
-7.188557e-02
-7.904934e-02
-6.388309e-02
-7.714057e-02
7.260910e-02
8.235472e-02
4.481442e-02
5.834783e-02
5.386329e-02
4.688055e-02
-2.773610e-02
-3.054611e-02
-1.535654e-02
-1.248250e-02
3.031599e-02
1.782037e-02
-3.257716e-02
3.560780e-02
2.550050e-02
-1.160630e-01
-6.932584e-02
-8.669971e-03
-6.077442e-02
-4.319473e-02
-4.494827e-02
-3.538620e-02
-1.230390e-02
4.378191e-03
3.702555e-02
-1.019766e-02
-2.742805e-02
-5.831749e-03
-1.496347e-02
-7.341533e-03
2.914465e-03
-6.372519e-04
8.933054e-03
3.239287e-02
2.655414e-02
2.047495e-02
5.159698e-02
5.099218e-02
4.182453e-02
-1.053814e-02
3.142245e-03
-1.962194e-02
-5.665668e-02
-4.385241e-02
-4.556971e-02
-1.680184e-02
1.499903e-02
5.764968e-02
-8.195157e-03
4.570222e-02
7.990057e-02
8.870382e-03
9.251423e-03
-1.095785e-03
2.306655e-03
1.557911e-03
7.224698e-05
1.346871e-03
3.511442e-04
-2.712889e-04
1.125575e-03
-9.114654e-04
-2.441756e-03
1.869867e-03
-1.015624e-03
-1.801205e-03
-1.055549e-03
-2.778138e-04
3.030684e-03
-1.213644e-03
1.295434e-03
1.627170e-03
1.402868e-02
-2.176848e-03
2.631287e-02
-4.170747e-02
-2.318962e-02
-1.875198e-02
-5.117904e-02
-9.143354e-02
-8.763938e-02
-6.822605e-03
1.047140e-02
-6.385773e-02
8.536592e-02
4.945515e-03
-1.524005e-03
1.472841e-02
1.155125e-03
2.063151e-02
-1.849437e-03
1.805575e-03
-6.170131e-03
1.920572e-02
2.691085e-02
2.200950e-02
-1.379550e-03
2.142062e-03
2.942507e-03
-3.019945e-03
-1.420982e-02
-4.359035e-03
7.703768e-02
8.426815e-02
6.717351e-02
6.781595e-02
1.129183e-01
8.185026e-02
6.215137e-02
4.238840e-02
-3.693223e-02
7.352187e-02
4.778330e-02
-1.155517e-01
-1.312206e-01
-8.288828e-02
-8.966288e-02
-2.798920e-03
1.250909e-03
3.932371e-04
3.833539e-04
2.119469e-03
3.044031e-03
3.855414e-04
2.066293e-03
-6.449383e-04
1.136198e-01
1.398708e-01
1.374341e-01
5.666617e-02
2.720655e-01
2.236985e-01
1.262165e-01
2.716166e-01
2.221216e-02
-2.151306e-01
1.919645e-01
-1.569686e-02
9.516655e-02
1.570829e-01
7.490085e-02
4.250134e-02
-3.012680e-01
4.084072e-03
-7.195874e-02
-3.153346e-02
3.239001e-02
-4.269971e-02
9.416970e-02
9.267009e-02
-2.597070e-02
1.618169e-01
3.708489e-02
9.453331e-02
-3.008624e-03
-6.950173e-02
-1.646009e-02
1.807552e-02
-1.689257e-02
8.741103e-02
-8.523598e-02
-3.829811e-02
4.159794e-02
4.264176e-04
9.445240e-02
-7.541406e-03
-1.864839e-02
8.410083e-02
2.324937e-02
2.652698e-01
1.506447e-01
4.248161e-02
9.622687e-02
9.339174e-02
-8.459923e-02
4.506163e-02
-1.107762e-02
7.483183e-02
8.071684e-03
1.508251e-01
-6.316886e-02
-1.177017e-01
-1.341404e-01
-7.489143e-02
5.291816e-02
1.613852e-03
5.077908e-02
1.053694e-01
1.038573e-01
1.147349e-01
9.769812e-02
5.962849e-02
2.106886e-01
1.070384e-01
8.485658e-02
-7.090796e-03
1.367580e-01
1.264429e-01
3.995865e-04
-2.193022e-03
6.135110e-05
2.296330e-03
3.326491e-05
2.089944e-03
1.673904e-03
7.562524e-04
7.592376e-05
2.493857e-03
-3.273134e-04
-4.726649e-03
-3.425789e-04
1.980381e-03
-3.232181e-04
-1.929658e-03
2.424862e-03
7.992520e-04
8.188393e-02
3.622885e-02
-2.869104e-02
-1.203779e-01
-9.139088e-02
-8.683620e-02
-2.253193e-02
-1.953516e-01
-4.939500e-02
-1.334238e-02
-3.243813e-01
-8.635302e-02
1.053143e-01
1.242417e-01
2.439185e-01
-2.163191e-01
2.301379e-01
-1.502084e-01
9.381083e-02
6.105093e-02
1.153527e-02
9.368367e-02
2.172090e-02
-5.974143e-02
-6.873882e-02
-1.051827e-01
-1.057259e-01
8.803213e-02
9.799130e-02
1.481019e-01
7.515133e-03
3.463621e-02
1.013264e-01
-1.670791e-01
-1.445832e-01
-4.849125e-02
1.823793e-02
-2.602760e-01
-1.116006e-02
1.021576e-01
2.741270e-01
2.315544e-01
2.998013e-01
-8.432428e-01
3.311989e-01
-9.652685e-04
9.747724e-04
1.227763e-03
-3.474195e-03
-2.386564e-03
-3.665606e-03
-4.582462e-04
-1.114964e-03
-2.099235e-03
-4.067230e-02
3.245931e-03
2.687278e-02
-1.457499e-02
-3.945757e-02
6.902741e-03
4.848450e-02
1.828194e-02
-3.800033e-02
-5.786390e-02
-1.357454e-01
-7.944968e-02
8.792579e-02
1.274022e-01
9.176783e-02
5.630366e-03
-9.399649e-02
-5.402281e-02
-4.322604e-02
-8.353136e-02
-5.314638e-02
-1.998949e-02
-5.360239e-02
-2.268699e-02
1.001773e-02
-3.016518e-02
-6.089450e-03
5.616433e-03
-7.914165e-02
-1.623261e-02
2.782217e-02
3.081819e-02
1.507013e-02
-8.216644e-03
-1.098053e-01
-5.830919e-02
-1.176269e-02
-2.216113e-02
-6.004352e-02
-1.389939e-01
-1.697778e-01
-1.570159e-01
-9.303050e-02
-1.026388e-01
-8.549941e-02
7.862389e-03
3.135803e-02
1.992378e-02
3.353132e-02
3.669156e-02
4.581649e-02
-6.784757e-02
-4.609639e-02
5.478071e-04
-1.436753e-02
-4.731649e-02
-8.377412e-02
8.523129e-04
-2.603667e-02
-2.320556e-02
6.031696e-02
-2.257968e-02
-1.295800e-02
-3.164371e-02
-6.599169e-02
-6.102714e-02
-9.870991e-02
-8.378424e-02
-8.827838e-02
-2.364530e-02
5.013297e-03
6.348588e-02
2.427060e-03
4.126592e-04
1.066221e-04
-1.055218e-03
-2.645990e-03
1.396132e-03
-7.431919e-04
2.458492e-03
-1.280190e-03
-5.435452e-03
-6.164251e-04
8.195959e-04
1.154652e-03
-1.066051e-03
-9.314229e-04
2.183932e-03
-2.725358e-03
-8.747691e-04
3.217850e-03
3.092291e-02
8.192586e-03
-4.739122e-02
-5.331622e-02
-3.248419e-02
3.941359e-03
4.862730e-02
5.075260e-02
3.227979e-03
-4.128576e-02
9.648447e-03
8.760510e-03
-5.980021e-03
4.071609e-02
3.849534e-02
-2.124959e-02
-9.189310e-02
-3.516929e-02
-4.398506e-02
-2.282136e-02
-3.332095e-02
-6.086448e-02
-3.421110e-02
-4.049413e-02
-6.437930e-02
-6.557120e-02
-1.183970e-02
-5.313669e-02
-4.963512e-02
4.570201e-02
-2.262951e-02
-3.819473e-02
-7.517013e-03
-8.268449e-02
-7.912221e-02
-7.931678e-02
-9.938132e-02
-8.170747e-03
9.501527e-02
1.642101e-01
1.343581e-01
-7.647322e-02
-1.712738e-01
-3.970377e-02
-3.318703e-03
1.781396e-03
-1.160414e-03
4.767517e-04
2.806464e-03
9.791480e-04
1.782600e-03
1.303471e-03
-9.163115e-04
-8.262098e-03
-2.185037e-03
-1.189982e-04
-7.144849e-02
5.186260e-02
-2.920064e-02
8.894480e-02
-4.759924e-02
3.986854e-02
3.341736e-02
7.050133e-02
2.229865e-02
2.857221e-02
-1.429733e-01
9.259366e-02
-1.325447e-02
8.702119e-02
4.530720e-02
3.058666e-03
3.765623e-02
-7.372864e-02
-1.996712e-02
4.961377e-02
-3.252571e-03
8.498036e-03
2.916770e-02
7.387047e-02
1.423313e-02
3.474525e-02
6.914020e-02
2.228760e-01
-5.521848e-02
1.091801e-01
1.628159e-01
1.071793e-01
6.384243e-02
3.452058e-02
-4.911392e-02
3.153604e-02
7.503979e-02
3.885740e-02
2.566490e-02
7.301981e-02
3.438915e-02
3.696633e-02
-7.153509e-04
-5.727085e-02
-2.016091e-02
2.282521e-02
-7.117046e-02
-5.871578e-02
-6.176441e-03
-4.949419e-02
-3.750869e-02
4.744804e-02
1.972300e-02
-7.172587e-02
8.937109e-02
6.865801e-02
1.539364e-02
3.440258e-02
9.971476e-02
9.114016e-02
-9.192976e-02
-1.449383e-01
-3.437739e-02
-9.311941e-02
-1.029739e-01
-4.825082e-02
-2.594117e-03
-2.346119e-02
-6.572003e-02
2.391663e-03
-3.666779e-04
-1.901722e-03
6.585339e-04
2.651143e-03
-9.658298e-04
-1.662743e-03
-1.876636e-04
-1.026525e-03
-9.450716e-04
-2.052742e-03
2.244468e-03
-1.215005e-03
-3.421349e-03
-1.309061e-03
-2.968678e-03
1.839709e-03
-2.184590e-03
6.303534e-02
-3.432909e-03
2.032453e-02
7.942657e-02
-3.365648e-02
6.049862e-02
1.010598e-01
1.113528e-01
6.692276e-02
3.598179e-02
1.727522e-01
9.258401e-03
-1.539723e-01
1.594569e-01
-1.516018e-01
-1.803178e-02
5.949686e-02
-6.494549e-02
5.704143e-02
-6.700241e-03
-2.246845e-02
7.403047e-02
3.828258e-02
2.878293e-02
-2.580319e-02
-4.267278e-02
-5.481683e-02
6.246223e-02
3.773642e-02
2.507179e-02
-5.541014e-02
-6.033855e-02
-3.509305e-02
-5.349493e-02
-7.632296e-02
-5.793286e-02
9.369085e-03
8.628668e-02
3.734329e-03
4.443649e-02
-1.999969e-01
1.346572e-01
6.887819e-02
-1.260747e-02
-1.475171e-02
3.515904e-03
1.552680e-03
1.041450e-03
1.742504e-03
-4.549470e-03
9.600323e-04
1.157297e-04
-6.769469e-04
2.269563e-03
1.833781e-02
-2.375561e-02
-3.243951e-02
-5.900358e-02
-4.558029e-02
-8.724736e-03
-1.234409e-02
-4.146514e-02
-8.760699e-02
-4.398109e-02
-7.634147e-02
-8.116281e-02
-1.861991e-02
1.153671e-01
1.053078e-01
-8.514777e-02
-5.194965e-02
2.149251e-02
-4.405526e-02
-4.703040e-02
-6.404023e-02
2.422210e-02
3.256933e-02
3.511230e-02
4.010485e-03
3.558413e-02
5.469198e-03
1.219085e-01
-3.607100e-02
-7.772498e-02
1.290015e-01
2.873263e-01
1.118646e-01
-2.109257e-01
-3.148381e-02
4.020801e-02
4.390997e-02
3.413921e-03
3.537021e-02
-7.753696e-02
-1.129717e-01
-9.553137e-02
1.275927e-02
-2.162828e-02
-6.893867e-02
7.866787e-03
-3.194974e-03
1.390480e-02
-6.699113e-02
3.917482e-02
2.199848e-02
-6.948531e-02
-5.192321e-02
-4.611510e-02
-4.797921e-02
-3.046358e-02
-8.404856e-03
-2.362129e-02
4.002026e-02
3.023405e-02
-1.023650e-01
-6.746984e-02
-6.151493e-02
-2.449904e-02
1.338971e-02
8.392719e-02
9.007120e-03
2.086430e-02
-5.226359e-02
-6.345376e-02
-1.054347e-01
-5.403541e-02
2.412095e-03
-1.450624e-03
-9.630318e-04
-3.248334e-04
7.575750e-05
-3.676071e-03
-4.313465e-03
4.637364e-04
-1.727138e-03
1.372978e-04
4.009211e-03
-2.294702e-03
-1.087246e-03
-1.289689e-03
-3.198674e-03
-6.283256e-04
-2.672763e-03
2.297548e-03
1.467798e-01
8.463793e-02
-9.735801e-02
3.509457e-02
1.894154e-01
-6.160863e-02
6.606726e-02
1.384914e-02
-5.164256e-02
-5.712804e-02
-5.929198e-02
4.560949e-03
6.260911e-02
-1.412946e-01
-1.715202e-03
4.463799e-02
5.149318e-02
6.916693e-02
-2.717739e-02
1.443998e-02
6.150132e-02
-6.713375e-02
-3.243477e-02
-1.501910e-03
4.675422e-02
3.749365e-02
3.478034e-02
7.620212e-02
1.073765e-01
7.991357e-02
-1.468130e-02
1.096660e-02
-1.173162e-02
-3.879391e-02
-2.435197e-02
-1.280101e-02
7.353418e-02
-2.673743e-01
-7.493401e-02
1.427326e-01
1.910189e-01
1.996055e-02
-1.425434e-01
-1.568408e-01
1.581901e-01
1.873783e-03
-1.430537e-03
1.058694e-03
1.090566e-03
2.221362e-03
2.102744e-03
-2.108115e-03
1.341366e-03
1.904158e-03
