4.788698e-02
-2.537682e-03
-1.003735e-01
2.943195e-02
-1.795632e-02
-1.426681e-01
-1.205071e-02
-1.003220e-01
-5.720771e-02
-4.147591e-02
-7.979427e-02
-1.025059e-01
2.189877e-02
7.080091e-03
-7.804954e-02
-7.618520e-02
-8.723143e-02
-1.463425e-01
5.952484e-02
8.954109e-02
-2.391515e-02
1.626523e-01
1.267300e-01
-1.057822e-01
6.922405e-02
-4.529144e-02
-1.170461e-01
-1.861944e-01
-8.435678e-02
9.643913e-02
-1.577127e-01
4.665499e-02
2.331233e-01
5.973346e-02
2.309466e-01
1.870078e-01
1.640830e-01
-1.298241e-02
-1.810358e-01
9.090269e-02
-3.061462e-03
-7.697964e-02
-7.016943e-02
7.305885e-03
6.793266e-02
-4.400557e-02
1.412988e-02
5.639339e-02
-3.720118e-02
5.225915e-02
1.198813e-01
-9.805585e-03
1.120292e-01
1.265281e-01
-1.229698e-01
-2.039719e-02
1.353374e-01
-1.793998e-01
-1.044588e-01
2.606759e-01
-9.437708e-02
5.821805e-02
2.012098e-01
-9.576778e-02
-6.752107e-03
8.948024e-02
4.107351e-02
1.003047e-01
4.964817e-02
8.211374e-02
-1.066302e-02
-1.406761e-01
6.604828e-02
-6.341189e-02
-5.182974e-02
1.389275e-01
-3.247257e-02
-1.901032e-02
9.861942e-02
-6.959488e-02
-1.531697e-02
6.717587e-02
6.886514e-02
1.347909e-01
1.540534e-01
6.315536e-02
1.934415e-02
1.425550e-01
-4.671860e-02
-9.389111e-02
-9.075563e-02
-9.461612e-02
2.976098e-02
-9.152963e-02
-1.031967e-01
-9.310537e-02
2.209873e-02
-9.862088e-02
-1.138125e-01
5.290176e-02
1.022469e-02
2.627537e-02
-3.590347e-02
-3.566468e-02
-4.308461e-03
-1.452374e-01
-1.168143e-01
-8.553226e-03
1.516018e-01
1.206491e-01
-1.376034e-01
-2.238682e-02
-1.173881e-02
-9.605219e-03
-1.472687e-01
-2.211392e-02
8.165291e-02
-7.946261e-03
2.161237e-02
3.332957e-02
-1.329431e-01
-1.427850e-02
4.535565e-02
-7.958126e-02
9.533826e-02
1.320351e-01
-1.105882e-01
-6.542249e-02
-1.268531e-01
-2.888455e-02
9.100420e-03
-8.926831e-02
5.836343e-02
-2.504819e-02
-9.262532e-02
-4.136408e-02
-2.155270e-01
-1.330497e-02
-2.093759e-01
-6.755622e-02
2.236971e-01
-2.012556e-01
1.549046e-01
2.254076e-01
6.453620e-02
5.139604e-02
4.500957e-02
-4.212003e-02
-8.060344e-02
-7.383853e-03
-4.886965e-02
-7.736938e-02
1.711009e-02
-6.930844e-02
-6.096896e-02
4.820159e-02
-8.557959e-03
-5.219331e-02
1.781473e-02
3.337551e-03
-8.261845e-02
-1.495932e-01
2.205482e-02
9.248743e-02
4.151327e-03
1.288098e-01
1.111218e-01
-9.703749e-02
5.203489e-02
-1.000131e-01
-2.148763e-01
-1.693947e-01
-2.242272e-01
-2.875932e-02
-1.788660e-01
-1.347717e-02
2.139091e-01
8.286755e-02
2.152956e-01
1.769973e-01
-7.739816e-02
-1.786638e-01
-5.989515e-02
-1.481570e-01
-1.926543e-01
2.619583e-01
3.561890e-02
2.407638e-01
3.399526e-01
-4.259016e-02
-6.215362e-03
5.074949e-02
-6.742674e-02
-1.754890e-02
-4.822571e-02
-3.832353e-02
-8.218959e-02
-9.099977e-02
2.093344e-01
6.419899e-02
-9.475799e-02
3.849294e-02
-1.146000e-01
-1.038189e-01
-1.107075e-01
-9.669914e-02
1.385668e-01
-2.077235e-02
3.513483e-02
8.074483e-02
-4.795241e-02
-1.574949e-03
3.036848e-02
-1.475648e-01
-6.808782e-02
-5.440320e-02
-5.509452e-03
3.885920e-02
6.504293e-02
-2.424839e-02
6.312710e-03
9.568945e-02
-7.552362e-02
-2.583311e-02
9.911253e-02
2.516874e-02
2.085144e-02
9.383718e-06
1.165463e-01
4.980236e-02
-5.043464e-02
4.486437e-02
-5.808155e-02
-1.147480e-01
1.964258e-01
8.511527e-02
-8.917364e-02
3.052368e-02
-3.927359e-02
-1.922330e-01
-8.719279e-02
-1.593472e-01
-1.940296e-01
8.746331e-02
-8.884604e-03
-1.393628e-01
3.058981e-02
-4.010906e-02
-1.377306e-01
-8.073125e-02
-1.285202e-01
-5.460779e-02
1.425608e-02
7.891363e-03
-2.196975e-03
-9.460361e-03
-5.540565e-02
7.121163e-02
-6.857371e-02
7.625232e-03
-1.268227e-02
2.727947e-02
-8.528792e-02
-1.301141e-01
6.890853e-02
5.817935e-02
-6.956711e-02
3.212783e-02
1.985925e-02
-2.123177e-02
1.742039e-01
2.016204e-01
3.221883e-02
1.656119e-01
9.078294e-02
-2.956071e-02
-7.400573e-03
-1.175371e-01
-1.386898e-01
1.709432e-01
4.651500e-02
-9.847985e-02
1.310756e-01
-8.669288e-02
-1.706968e-01
2.985621e-02
-1.116658e-01
-8.971907e-02
-8.696163e-02
-1.203950e-02
-1.333850e-02
-1.124660e-01
-6.837421e-02
-5.949359e-02
-1.347155e-01
-5.850245e-02
-9.580980e-02
1.898665e-01
1.509105e-01
1.833037e-01
1.278417e-01
1.355717e-01
1.930383e-01
1.023591e-01
1.275319e-01
2.415003e-01
-1.444230e-02
1.435885e-01
2.393656e-01
-1.450555e-02
6.520087e-02
1.946860e-01
5.344189e-02
1.784366e-01
2.295996e-01
-1.647596e-02
-2.133567e-02
-1.092607e-01
3.010575e-02
6.381111e-02
-2.479867e-02
-3.042960e-02
-2.497856e-02
-4.776198e-02
-6.216174e-02
-6.512371e-02
-1.186069e-01
-6.183804e-02
5.223478e-02
-3.843614e-02
-2.064053e-02
1.712673e-02
-3.751401e-02
-1.979169e-02
-1.947022e-02
-2.424928e-02
-3.618373e-02
-2.856220e-02
-2.407805e-02
5.421787e-02
3.409948e-02
1.117172e-02
6.467646e-02
-4.184014e-03
-1.325072e-01
3.802757e-02
4.642384e-02
-1.573826e-01
4.229660e-02
-5.337527e-02
-1.882188e-01
5.173114e-02
3.352097e-03
-3.934431e-02
2.182421e-02
-1.403125e-02
-3.412564e-02
-2.095438e-03
-5.674165e-02
-6.341155e-02
-1.303364e-01
-3.874145e-02
-5.222092e-03
-7.880595e-02
-5.183330e-02
-1.843300e-02
-2.425404e-02
1.170916e-02
6.228441e-02
-9.251383e-02
-4.302933e-02
-7.706656e-02
-1.078639e-01
-1.780997e-02
-6.605031e-02
-1.304432e-01
-7.422411e-02
-1.439682e-01
-1.774220e-01
-1.023583e-01
-1.112007e-01
-7.577445e-02
1.134084e-02
-2.868795e-02
-1.113238e-01
-1.043840e-01
-9.968584e-02
-9.687666e-02
-2.893877e-02
7.595395e-02
-1.323694e-02
-2.629605e-02
1.063899e-01
6.936567e-02
6.729358e-02
9.505287e-02
-2.403776e-02
-9.568073e-02
-1.179688e-01
-2.903375e-03
1.740755e-02
-9.007600e-02
-1.387218e-01
-1.121559e-01
-1.313598e-01
1.255555e-01
1.551150e-01
1.790799e-01
8.118901e-02
6.622817e-02
1.394428e-01
9.061413e-02
1.027737e-01
9.907927e-02
-5.005934e-02
-1.335539e-01
-7.372810e-02
-4.898731e-02
-7.297216e-02
-6.477423e-02
-7.684087e-02
-1.006153e-01
-6.760170e-02
-7.472449e-02
-1.336254e-01
-1.287101e-01
-5.221476e-02
-4.943877e-03
-1.410278e-01
-6.334912e-02
-9.528737e-02
-8.624479e-02
7.675543e-02
7.318857e-02
1.066306e-01
5.017857e-03
3.403487e-02
3.958489e-02
-1.494742e-01
-2.016333e-01
-9.248277e-02
-8.698758e-02
-9.687390e-02
-7.716005e-02
7.818311e-02
4.625773e-02
6.844046e-02
1.520957e-01
1.139194e-01
1.178332e-01
1.312502e-01
1.783538e-01
1.832955e-01
2.756609e-02
1.150291e-01
5.261072e-02
-7.761667e-02
-1.287702e-01
-1.714795e-01
-1.284051e-01
-1.323365e-01
-4.730499e-02
-1.039634e-01
-9.639662e-02
-1.212098e-03
3.394014e-02
1.987824e-01
1.498507e-01
7.206320e-02
3.895824e-02
5.221778e-03
5.754446e-02
6.009851e-03
-1.214444e-01
3.287896e-02
4.233439e-02
-5.499138e-02
1.009356e-01
1.134727e-01
8.076751e-02
6.520309e-02
6.610341e-02
6.303560e-02
-3.496872e-02
3.805381e-02
4.633799e-02
-9.791339e-02
-1.641304e-01
-2.147956e-01
8.365951e-02
-3.700648e-02
1.259831e-01
2.581124e-01
3.164138e-01
3.169101e-01
2.556447e-02
-5.190512e-02
-3.859598e-02
-6.325643e-03
8.626736e-03
-2.767791e-02
-6.989010e-03
4.982031e-02
1.598774e-03
-6.102304e-02
-8.782433e-02
-4.004687e-02
-7.076342e-02
-3.958061e-02
-9.685466e-02
-3.489326e-02
-8.851710e-02
-4.653490e-02
4.923987e-02
4.347408e-02
6.176315e-02
-7.049187e-02
-4.134167e-02
-3.248008e-02
-9.448217e-02
-1.642107e-01
-7.565308e-02
-2.397634e-02
1.649453e-02
8.579304e-03
-7.092310e-02
-1.968866e-03
1.168420e-01
-1.992485e-01
-1.145732e-01
1.390284e-02
1.133666e-01
1.643642e-01
1.598107e-01
8.007283e-02
6.760705e-02
1.372409e-01
-1.699960e-01
-1.610404e-01
-9.807617e-02
4.879192e-02
2.195305e-02
-3.723519e-02
1.899278e-01
-8.673644e-02
-1.263648e-01
1.139322e-01
1.002817e-01
-1.053291e-02
4.108094e-02
-1.474435e-02
-3.354751e-02
5.743459e-03
-4.911160e-02
-2.302412e-02
2.737761e-02
6.496062e-02
-4.156787e-02
-1.068490e-01
-7.015169e-02
-1.945619e-02
-1.064403e-01
2.225115e-02
4.433766e-02
7.024349e-03
-3.644134e-02
-7.460128e-03
-1.152721e-02
-2.724497e-02
-1.123516e-01
-1.545770e-01
-5.661684e-02
6.745140e-02
4.629173e-02
1.681297e-01
2.345570e-01
-4.690390e-02
-2.675053e-02
-4.402087e-02
-1.083855e-02
2.803572e-02
1.134455e-03
-1.403174e-02
3.567777e-04
-9.609877e-03
9.215982e-02
1.217829e-01
1.540574e-01
-6.490856e-02
3.799915e-02
-5.107583e-03
-1.106066e-01
-1.492908e-01
-2.102498e-01
-9.873255e-02
-3.208217e-02
1.796415e-02
-3.496208e-02
-3.165216e-02
-9.170280e-02
3.749020e-02
1.407694e-02
-5.783389e-02
4.680827e-02
-2.287567e-02
-6.741440e-02
1.258735e-01
-6.817082e-02
-9.295882e-02
2.343073e-01
1.928421e-01
1.229031e-01
-4.928441e-02
1.045426e-02
3.487776e-02
-2.578961e-02
1.636277e-01
7.853913e-02
3.270751e-02
-4.935646e-02
2.846101e-03
6.414089e-02
3.280012e-02
-2.337031e-02
8.969621e-02
2.652658e-02
-6.259917e-02
1.097110e-01
1.030539e-01
-3.170724e-02
8.795560e-02
8.692103e-02
-1.154450e-02
8.235051e-02
2.726677e-02
1.569449e-01
-1.811731e-01
-5.948125e-02
9.764363e-02
6.624461e-02
2.141934e-02
-7.302953e-02
3.338176e-02
6.940595e-02
6.096964e-02
-6.916380e-02
4.261648e-02
1.525213e-01
-3.498793e-03
-1.460333e-03
-4.540153e-04
-1.155423e-01
-2.632784e-02
-1.167463e-01
-1.403984e-01
-1.704396e-01
-1.637813e-01
-1.029999e-01
-3.979373e-02
-4.596777e-02
-6.016226e-02
-5.186053e-03
-2.446742e-03
-2.596229e-02
1.017291e-02
2.538787e-02
3.176237e-02
-1.237628e-02
-1.047460e-01
8.762956e-02
2.258383e-02
-1.053361e-01
2.926179e-02
3.928890e-02
-3.546217e-02
-1.081770e-01
-5.522235e-02
-9.003352e-02
3.417121e-02
1.035073e-01
4.871742e-02
1.055095e-01
1.591438e-01
1.758531e-01
8.695437e-03
1.338895e-01
9.230767e-02
-1.364287e-01
5.957182e-02
1.031925e-01
-1.330773e-01
-1.200206e-01
-4.394323e-02
-1.142549e-01
-1.141540e-01
-5.489273e-02
4.588470e-02
-1.226773e-02
7.844416e-03
1.012127e-01
1.514791e-01
9.918310e-02
6.551104e-02
4.994542e-02
1.002809e-02
4.252121e-02
2.588074e-02
-7.702589e-03
-6.462384e-02
-5.315972e-02
-1.768469e-01
-2.777963e-03
-1.163850e-01
-1.124948e-01
2.627717e-01
3.026556e-02
-1.319972e-01
3.321719e-01
3.550578e-01
1.583751e-01
8.772282e-03
7.688131e-02
7.616971e-02
-1.621890e-02
-1.515803e-02
4.412240e-02
8.569418e-03
6.794038e-02
5.638648e-02
2.633715e-02
6.926816e-02
3.915859e-02
5.186526e-02
5.934015e-02
9.500671e-02
5.406463e-02
2.870123e-02
1.573690e-02
-9.828783e-02
-1.190374e-02
2.910341e-02
-1.717497e-01
-2.013692e-01
-1.199763e-01
-1.151692e-01
-1.419232e-01
-1.610641e-01
-1.992497e-01
-1.540822e-01
-1.993127e-01
-1.698100e-01
-1.179790e-01
-2.716866e-01
-2.344247e-01
-3.252621e-01
-3.424020e-01
-1.010811e-01
-5.391935e-02
3.405398e-02
-1.858484e-01
-1.225153e-01
-2.581132e-02
-1.180567e-01
-1.606793e-01
-4.902799e-02
1.381013e-02
-9.426889e-03
-3.770937e-02
-3.925144e-02
-4.851827e-02
-8.157195e-02
-3.216777e-02
-2.152627e-02
-5.761368e-02
5.343847e-02
-6.878719e-02
-1.082424e-01
1.515664e-01
-9.733438e-02
-9.139822e-02
1.594047e-01
2.504853e-02
-7.434666e-02
-7.321569e-02
-3.883886e-02
-9.496867e-02
-5.661950e-02
-5.191066e-02
-1.076937e-01
-1.590588e-01
-2.117161e-01
-2.020868e-01
5.383622e-02
5.356786e-02
5.316738e-02
-3.931473e-02
-7.431709e-02
1.566169e-02
-1.111223e-01
-9.646570e-02
-2.724196e-02
1.203780e-02
-1.101577e-02
4.871038e-02
-3.810995e-02
-3.184570e-02
-2.214935e-02
-6.728101e-02
-8.886792e-02
-8.870873e-02
7.391846e-02
-1.541405e-02
-5.655684e-02
1.470785e-01
-8.367195e-02
-3.570605e-02
1.725875e-01
1.243990e-01
9.388942e-03
7.578448e-02
1.277648e-01
1.452081e-01
7.737666e-02
8.186183e-02
1.358783e-01
6.758997e-02
7.879552e-02
6.347649e-02
8.198813e-03
3.346669e-03
6.541355e-02
-4.269753e-02
-1.018131e-01
1.832152e-01
-9.315154e-02
8.609113e-03
2.267175e-02
-9.836828e-03
-5.125394e-04
-9.176650e-03
7.185637e-02
8.953459e-02
6.218480e-02
-9.413327e-03
1.241293e-03
-1.267988e-02
-1.687137e-02
-8.297025e-02
-9.692936e-02
1.991080e-02
-6.436247e-02
-4.403473e-02
1.164371e-02
-2.286976e-02
-2.434702e-02
1.213752e-02
5.417212e-02
-5.660507e-02
7.814312e-02
7.036720e-02
6.660121e-03
6.570046e-02
4.145164e-02
-6.233532e-02
-5.516496e-03
-1.172993e-01
-3.068343e-01
1.297639e-01
5.379802e-02
-1.608212e-01
9.200484e-02
7.559858e-02
-5.153964e-02
5.490627e-02
-2.081232e-02
-3.257629e-02
7.030967e-02
-5.508099e-03
-2.697054e-02
4.544865e-02
-1.027144e-02
-1.005824e-02
3.132931e-02
-8.740891e-02
-7.869945e-02
6.885278e-02
3.615267e-02
-9.334528e-02
8.886556e-02
-2.177236e-02
-1.003795e-01
4.922784e-02
5.860231e-02
1.417561e-01
-3.302461e-02
-5.649602e-02
8.833580e-02
-9.872559e-02
-1.595018e-01
-4.359043e-02
2.181106e-02
-8.892591e-02
-1.232150e-01
7.630854e-03
-3.089937e-02
-2.978447e-02
-1.661401e-02
-6.963828e-02
-4.842430e-03
1.292550e-01
1.370740e-01
8.223712e-03
8.382995e-02
9.785468e-02
3.546767e-02
4.917027e-02
1.051454e-01
8.489047e-02
-4.726471e-02
9.773935e-02
1.845503e-01
-7.266458e-02
-4.228198e-02
5.534848e-02
-3.677976e-03
-9.952807e-02
-1.375410e-01
-6.983973e-02
7.446267e-04
2.070466e-01
-8.965659e-02
-7.510044e-02
1.328929e-01
-3.415304e-02
-1.611117e-01
-6.925858e-02
1.086858e-02
-5.294411e-02
-1.200438e-01
6.721864e-02
4.312969e-02
-2.779146e-02
9.093506e-02
8.431902e-02
6.410078e-02
-4.550910e-02
-1.020522e-01
5.070800e-02
1.711851e-02
-5.143037e-02
1.519970e-02
7.497591e-02
-1.625811e-02
2.794225e-02
-2.541392e-02
-5.836160e-02
-4.824494e-02
2.768286e-02
-1.035778e-01
-9.362753e-02
1.491919e-01
4.060870e-02
1.429227e-02
1.498560e-02
-5.989400e-02
-6.136357e-02
5.472267e-02
6.782971e-02
-2.000324e-02
4.157489e-02
9.818517e-02
6.584976e-02
-7.833321e-02
5.585615e-03
4.080397e-02
-9.544729e-02
5.351110e-02
1.118135e-01
-1.851225e-01
-1.436660e-01
6.613423e-02
-6.081060e-02
2.721218e-02
7.621464e-02
-4.456227e-02
3.663572e-02
1.132583e-01
-6.410787e-02
3.115476e-03
2.773918e-03
-7.804083e-02
-1.051629e-01
-1.117389e-01
-7.690807e-03
-7.643330e-02
-9.749284e-02
9.468012e-02
9.101545e-03
-1.020139e-01
-5.137659e-02
2.579879e-01
2.467010e-01
-1.390628e-01
-8.512050e-02
3.009368e-01
-6.984718e-02
-1.130723e-01
1.261771e-01
4.284956e-02
-5.781191e-02
-4.868242e-02
7.768302e-02
-1.274940e-02
3.435428e-02
3.949833e-02
-4.836545e-02
3.482177e-02
9.619723e-02
1.225987e-01
3.786016e-02
7.421873e-02
3.772958e-02
-5.406962e-02
-1.296489e-01
-1.847443e-01
-1.851363e-01
-5.313501e-02
-1.580529e-01
-1.533944e-01
-7.527370e-02
-1.473911e-01
-1.214187e-01
3.642253e-03
-6.932846e-02
-4.491444e-02
8.086291e-03
6.524183e-02
1.957428e-01
-3.190564e-02
1.161848e-02
1.572134e-01
1.831190e-02
8.794831e-02
2.170404e-01
-5.109941e-02
-4.259158e-02
-4.784947e-02
-9.579544e-02
5.599188e-03
3.769564e-02
-1.310420e-02
-5.997452e-02
8.303770e-03
-3.426431e-02
-4.995267e-02
-7.524718e-02
-6.572379e-02
-6.330959e-02
-8.067627e-02
-1.452553e-02
-1.013466e-02
7.624081e-03
-1.500691e-01
-1.072127e-01
-1.465920e-01
-1.936620e-01
-4.891103e-03
-2.328811e-01
-2.837680e-01
-2.501284e-01
-2.939988e-01
-5.665661e-02
-4.060826e-02
3.943708e-02
-5.485405e-02
-3.628088e-02
-2.195782e-02
-1.229934e-02
-8.629686e-02
-1.069177e-01
4.526367e-02
-1.607849e-02
-5.484537e-03
4.560283e-02
6.364405e-03
4.962294e-02
2.165192e-02
-4.740470e-02
6.304782e-03
1.466342e-01
5.991061e-02
6.475914e-02
1.614140e-01
1.055698e-01
1.412592e-01
1.482473e-01
1.194474e-01
1.206562e-01
-3.786492e-02
1.217904e-02
1.796927e-02
2.853990e-02
4.906941e-02
1.661975e-02
8.687243e-03
5.507574e-02
1.868722e-02
-1.665602e-01
-1.194985e-01
-7.020973e-02
-1.227250e-01
-6.434098e-02
-4.121745e-02
-5.273686e-02
-2.920340e-02
1.388258e-02
4.297907e-02
1.094847e-01
1.044195e-01
1.020697e-01
1.166688e-01
1.092459e-01
2.467509e-02
2.423078e-03
2.506736e-02
7.052906e-02
9.993637e-02
8.652111e-02
1.461619e-01
9.226806e-02
5.360374e-02
1.976673e-01
1.231182e-01
1.691457e-02
-5.530206e-02
-8.761100e-02
-9.987528e-02
4.435104e-02
-7.731374e-02
-5.294356e-02
1.301639e-02
-6.234003e-02
-1.016838e-01
9.114121e-04
1.870618e-02
4.306942e-02
-2.369050e-02
-7.417892e-02
-1.673292e-02
3.982296e-03
4.353837e-02
-8.384454e-02
1.462477e-02
9.194425e-02
5.020386e-02
1.277185e-02
6.014373e-02
6.167870e-02
4.599446e-02
9.267246e-02
9.067710e-02
6.243924e-02
4.404628e-02
-7.376347e-02
1.400966e-01
1.083613e-01
-7.062382e-02
1.605594e-01
1.623281e-01
-4.977467e-02
5.822295e-02
6.684509e-02
1.157375e-01
2.398486e-03
2.783577e-02
1.672373e-01
2.650500e-02
6.133759e-02
1.098278e-01
-2.119064e-02
3.817117e-02
-4.115232e-02
-6.438611e-02
2.109034e-02
-4.763995e-02
-1.442323e-01
-1.063235e-01
-1.776537e-01
1.880287e-02
-1.469764e-02
6.357953e-02
-2.849880e-03
-1.097225e-01
-1.030401e-02
9.621584e-03
-2.575843e-02
-7.671428e-02
5.048837e-02
4.061859e-02
2.173320e-02
2.826509e-02
-1.552468e-02
-1.007279e-02
-6.228830e-02
-7.866431e-02
-6.498720e-02
-1.325108e-01
-1.374206e-01
-8.852715e-02
-3.649614e-02
-6.059123e-03
-1.428078e-01
8.832732e-02
7.600019e-02
-7.970962e-02
-1.883696e-01
-1.400458e-01
-1.764209e-01
-1.489279e-01
-1.290425e-01
-1.365708e-01
-1.255219e-01
-1.578273e-01
-2.148231e-01
-6.451064e-02
2.038708e-02
-5.128036e-02
-3.612300e-02
4.473544e-02
5.752889e-03
8.152895e-02
1.303899e-01
8.992627e-02
-2.273732e-02
-6.621199e-02
-4.685534e-02
-6.825896e-02
-7.832868e-02
-4.893676e-02
-7.488344e-02
-7.072598e-02
-4.454780e-02
-9.254435e-02
-9.417304e-02
-1.752766e-02
-2.909104e-02
-3.044449e-02
6.418990e-02
2.498357e-02
1.409040e-01
1.819713e-01
8.750384e-02
1.131670e-01
1.434153e-01
-6.288963e-03
4.059826e-02
1.306288e-01
-1.214671e-01
-1.592412e-02
7.958730e-02
1.044690e-01
9.868017e-03
-4.161311e-02
8.659054e-02
1.116001e-01
-4.884358e-02
9.384985e-03
-4.656612e-02
-1.021221e-01
1.631368e-02
5.071812e-02
3.967963e-02
2.961334e-02
4.960169e-02
8.493343e-02
-1.020514e-01
-1.367171e-01
-4.158645e-02
2.477808e-02
2.644522e-02
-4.362004e-03
9.674722e-02
1.453314e-01
1.000739e-01
3.860242e-02
7.178759e-03
6.391325e-03
2.455584e-02
8.506563e-02
1.007537e-01
2.481456e-02
9.861436e-02
2.122121e-01
-1.158182e-02
3.418684e-02
9.518232e-02
-1.376718e-01
-1.339729e-02
-1.075499e-01
-2.501252e-02
5.036444e-02
-1.546466e-02
3.152912e-02
6.768633e-02
4.527706e-02
1.584943e-01
1.322717e-01
1.238674e-01
-5.098040e-02
-3.937960e-02
-1.093371e-01
-2.352266e-01
-2.454972e-01
-2.193260e-01
1.449579e-02
1.767240e-02
9.453562e-02
-4.448564e-02
-5.668137e-02
8.657406e-02
4.120674e-02
9.654488e-02
1.654475e-01
9.444667e-02
1.728032e-01
1.784104e-01
1.486241e-02
7.737206e-02
1.175959e-01
-1.184819e-01
-8.546671e-02
1.282145e-02
-3.146727e-02
2.030167e-02
6.292105e-02
-1.020298e-01
4.525781e-02
8.562903e-02
-1.877045e-02
2.150494e-02
2.511215e-02
-4.276705e-02
2.953515e-02
3.782628e-02
3.567523e-02
6.355377e-02
7.872455e-02
1.402482e-01
1.399729e-01
1.079806e-01
1.315798e-01
1.840265e-01
8.879198e-02
-1.184682e-02
1.230362e-01
-9.714751e-02
-1.544756e-01
-2.123263e-01
-3.234974e-01
2.832977e-02
2.922074e-02
-2.542358e-02
4.727181e-02
4.279123e-02
2.723300e-02
2.871417e-02
-2.893615e-02
-4.276097e-02
7.773553e-02
7.697015e-02
7.107522e-02
-3.200632e-02
1.757638e-02
1.869834e-02
-6.561079e-02
-3.253194e-02
-1.127375e-02
7.817095e-02
6.874335e-02
1.036851e-01
4.697320e-02
2.046333e-02
3.326599e-02
5.108349e-02
6.619658e-02
4.595991e-02
-8.162746e-02
-2.714685e-02
-3.419083e-02
-6.739203e-02
-3.729767e-02
-1.149744e-01
-3.689703e-02
-2.552940e-02
-7.557739e-02
-2.610290e-01
-1.761006e-01
-1.011948e-01
-1.063597e-01
-1.166916e-01
2.562793e-02
2.359053e-01
2.611438e-01
2.966517e-01
-7.161596e-02
-3.943055e-02
-1.672674e-02
4.052484e-02
8.839715e-02
6.651864e-02
-5.185402e-02
-4.084666e-02
-5.983823e-02
-1.317030e-01
-8.953208e-02
-1.011811e-01
2.484698e-02
4.342799e-02
3.263336e-02
1.799539e-01
1.934567e-01
1.320958e-01
1.201887e-01
4.453026e-02
4.687020e-02
9.450322e-02
2.066277e-02
5.106105e-02
-1.041065e-01
-7.046742e-02
-5.459381e-02
-6.097672e-02
-3.823048e-02
-4.085818e-02
7.333425e-02
8.962128e-02
4.732997e-02
-1.473268e-02
-1.488557e-02
-4.728707e-02
7.172498e-03
-1.833695e-01
-2.671249e-01
-2.285788e-03
-1.087192e-01
-2.357351e-01
1.016817e-01
1.471801e-02
-9.407964e-02
3.338346e-02
-1.346875e-02
1.438199e-02
-2.913298e-02
8.436905e-03
-2.391641e-02
-4.949779e-02
-1.658413e-02
-5.055703e-02
1.006688e-01
6.028347e-02
1.494673e-02
-1.923276e-02
-5.959596e-02
1.425074e-02
-3.086731e-03
2.208552e-02
5.721110e-02
-3.954393e-01
-3.651168e-01
-3.216134e-01
-3.154395e-01
-2.169671e-01
-2.285580e-01
-2.453329e-01
-1.827950e-01
-8.151867e-02
-3.952409e-02
-6.026319e-02
-9.331325e-02
1.647662e-03
1.841145e-02
-9.478682e-02
2.103782e-02
-2.820319e-02
-4.172584e-02
1.079302e-02
8.051915e-02
9.434067e-02
3.085781e-02
9.236053e-02
1.215017e-01
-3.993975e-02
2.707279e-02
4.383533e-02
4.205845e-02
6.756949e-02
1.056846e-01
8.854192e-02
-7.791078e-02
5.935584e-02
-8.253205e-03
-3.005764e-02
-2.692875e-02
-2.987780e-02
-6.126900e-02
-1.045548e-01
8.102931e-02
3.009048e-02
9.019563e-02
9.407077e-02
1.240314e-01
2.421276e-01
1.378774e-03
-4.728321e-02
4.844491e-02
-1.974866e-02
-5.176597e-02
-3.173362e-02
-5.407780e-03
6.205707e-03
1.868955e-02
4.614896e-02
1.438144e-02
1.139963e-02
3.905680e-02
2.395079e-02
3.952074e-02
7.796089e-02
1.498662e-02
3.531637e-03
9.530480e-02
1.046348e-02
8.162531e-02
5.664156e-02
-1.044191e-01
8.036765e-02
-7.473753e-02
-1.117853e-01
-2.125655e-02
5.154382e-02
-1.684553e-02
-4.760991e-02
-8.942347e-03
-5.844294e-02
2.247932e-02
-1.236853e-02
2.716041e-03
6.238691e-02
9.954628e-02
3.562743e-01
3.256396e-01
4.200407e-02
-8.994276e-02
-5.797286e-04
-9.593609e-02
-1.715174e-01
-2.314417e-01
1.844884e-02
3.845427e-02
6.285816e-02
-1.652314e-02
-4.115615e-02
2.367002e-02
-2.306367e-02
-8.112651e-02
-5.480526e-02
4.248077e-02
6.365771e-02
1.474677e-01
4.246915e-02
-3.057365e-02
9.376291e-02
-6.907376e-02
-7.209526e-02
-3.399624e-02
-4.494835e-02
-3.725959e-02
-5.320258e-02
-9.808743e-04
-3.051371e-02
-1.061193e-01
-3.340569e-02
-3.548516e-02
-1.119417e-01
-2.558014e-01
-6.727735e-02
9.876993e-02
-2.360950e-01
-1.211500e-02
6.454215e-02
-9.157094e-02
5.654158e-02
7.357393e-02
-1.592748e-01
-1.123886e-01
3.410770e-02
-1.132196e-01
-1.119471e-01
1.469731e-01
-1.956062e-02
1.586784e-02
2.064191e-01
-2.447782e-02
-9.609003e-02
-1.794574e-01
-5.288643e-02
-3.768546e-02
-1.507827e-01
-3.359416e-02
-1.083288e-01
-1.111277e-01
1.355215e-01
1.654229e-01
1.831851e-01
1.658857e-01
8.947374e-04
1.062650e-01
1.291926e-01
5.365039e-02
-1.357541e-03
-7.019896e-02
-1.802321e-01
-1.197581e-01
1.008296e-01
-6.345341e-02
-2.373744e-02
6.659768e-02
6.238231e-02
1.014693e-01
-5.294924e-02
-4.727214e-02
-1.260119e-01
-7.244652e-02
-1.101953e-01
-1.089796e-01
-1.291498e-01
-9.197409e-02
-9.262136e-02
1.205078e-01
3.269682e-02
8.256764e-02
1.614968e-01
-4.535787e-02
1.669482e-01
1.414550e-02
1.243372e-01
1.012329e-01
2.981266e-02
-4.326459e-03
-1.048163e-01
3.380995e-02
-2.618365e-02
-1.763086e-01
-2.416902e-02
-4.614260e-02
-1.113566e-01
-2.842799e-01
-1.956113e-01
4.151657e-02
-2.088656e-01
-3.430628e-02
2.010066e-01
-1.223451e-01
3.388017e-02
2.639828e-01
-1.529252e-01
-7.469992e-02
-1.381841e-02
-1.642709e-01
-6.537735e-02
-2.087469e-02
-9.455445e-02
-3.514193e-02
-2.102343e-02
-1.147076e-01
-5.490603e-02
6.883837e-02
-1.547534e-01
-6.859589e-02
8.886424e-02
-1.546343e-01
-1.552046e-01
-3.841570e-02
1.997201e-02
-8.960566e-03
-1.573856e-01
3.078671e-02
1.145231e-01
-1.015281e-01
-2.416453e-02
1.456001e-02
-1.228014e-01
1.827516e-01
2.197383e-02
-1.770174e-01
7.535070e-02
5.165959e-02
-1.282198e-01
2.645394e-02
8.506785e-02
-1.049429e-01
2.135463e-01
9.112637e-02
-1.169615e-01
2.063616e-01
7.179405e-02
-1.389000e-01
1.068737e-01
-1.644303e-02
-2.164365e-01
6.113137e-02
4.231938e-02
5.864175e-02
-1.213360e-01
8.133996e-02
3.159652e-02
-4.668926e-02
-1.163785e-01
-4.109848e-02
4.310754e-03
1.541125e-01
8.948638e-02
7.496537e-02
8.893637e-02
4.833525e-02
1.115026e-01
9.324807e-02
-1.344038e-01
6.551263e-02
5.703827e-02
-9.697645e-03
3.520380e-02
4.138599e-02
1.582204e-02
6.543122e-03
3.431440e-02
3.902457e-02
-1.204366e-02
9.152718e-02
2.062020e-01
-7.726377e-02
1.725478e-02
1.753720e-01
-8.297933e-02
-3.439400e-02
8.282810e-02
8.779486e-02
3.566159e-02
7.317354e-03
4.371646e-02
-3.449572e-02
-1.777499e-02
4.730814e-02
5.010200e-02
-9.068458e-03
7.585938e-02
1.078216e-02
-6.249796e-02
7.880158e-02
3.598785e-02
-2.914027e-02
1.453776e-01
7.651518e-02
1.746948e-02
6.054080e-03
7.514486e-02
9.002271e-02
-1.016295e-01
-1.017222e-01
5.109399e-02
-9.299197e-02
-1.158816e-01
-3.519268e-02
-1.155567e-02
-4.994887e-02
-5.758853e-02
-1.148877e-02
-1.338971e-02
-2.641264e-02
5.350408e-02
4.574444e-02
5.797017e-03
1.815923e-02
9.677975e-02
5.576991e-02
1.916638e-02
1.451455e-01
8.873866e-02
3.069268e-02
1.070133e-01
1.029244e-01
-1.161395e-01
-1.039589e-01
-9.433831e-02
-1.312031e-02
-7.402797e-02
-7.964358e-02
1.163282e-01
-6.300626e-05
-4.587287e-02
-5.322937e-02
1.417865e-01
2.969796e-01
-1.309561e-01
-1.221805e-02
2.415656e-01
-1.645477e-01
-7.379036e-02
1.376526e-01
-1.467546e-02
2.671784e-02
3.705181e-02
2.095265e-02
2.054833e-02
9.270897e-02
3.252736e-02
4.948834e-02
1.257724e-01
1.087276e-01
2.346009e-02
-1.345694e-03
1.502467e-01
1.589430e-02
6.789637e-02
9.449345e-02
1.807901e-01
1.534351e-01
8.503373e-02
1.738380e-02
-5.561781e-02
6.056837e-02
-1.121086e-02
-1.074220e-01
8.308424e-02
3.930246e-02
-4.347004e-02
-6.551687e-02
-1.626466e-01
-1.393761e-01
1.981395e-02
2.683732e-02
-1.643558e-01
1.231321e-01
-9.030028e-02
-1.419867e-01
-4.158867e-02
-2.186456e-01
-3.034524e-01
4.358509e-02
-9.613156e-02
-2.780123e-01
1.633895e-01
-3.141689e-02
-2.032595e-01
7.988021e-02
3.529530e-02
-2.624073e-02
9.225857e-02
2.646848e-02
2.675148e-02
1.015805e-01
1.259097e-01
1.549101e-01
2.475999e-02
2.958687e-02
-6.878033e-02
-2.352680e-02
1.196345e-02
-1.741150e-02
7.936887e-03
5.774389e-02
5.000269e-02
-1.529309e-01
8.517381e-02
2.019722e-01
-1.962735e-01
5.572699e-02
1.089468e-01
-1.383693e-01
2.285366e-02
4.395369e-02
-1.741039e-01
-1.153597e-01
-7.715318e-02
-1.119279e-01
-7.408915e-02
2.263482e-02
-6.468828e-02
1.022524e-03
-5.694553e-02
4.167173e-02
4.017225e-03
-3.500175e-02
5.638620e-02
8.875434e-02
-2.850665e-02
6.026034e-02
7.177680e-02
-6.849210e-02
-1.459885e-01
-2.595492e-03
1.141357e-01
-1.899339e-01
-1.293301e-02
1.650954e-01
-2.810650e-01
-1.890284e-02
2.301656e-01
-2.708190e-02
-1.809933e-02
4.388133e-02
-7.973490e-03
-1.374121e-01
8.448967e-02
-5.577023e-02
-6.514446e-02
1.177084e-01
-7.964917e-02
-4.553463e-02
1.994933e-03
-1.001082e-01
-4.058601e-02
1.626276e-02
-9.950258e-02
-2.698279e-02
5.148364e-03
1.175295e-01
-1.202295e-01
-1.891232e-01
2.856286e-01
-2.094469e-01
-1.939528e-01
2.694818e-01
-1.109709e-01
-1.979022e-01
8.155216e-02
-1.459742e-02
-7.224315e-02
6.335802e-02
1.304902e-02
-1.129450e-01
-6.054190e-02
-8.126533e-02
-9.367947e-02
-2.811924e-02
-2.306446e-02
-5.807688e-02
6.833071e-02
3.606576e-03
-1.136784e-01
1.694619e-01
1.058575e-01
-1.516388e-02
7.111529e-02
1.624513e-02
-2.478917e-03
2.751862e-02
1.851021e-02
-9.979143e-03
5.034210e-02
1.213739e-01
4.633826e-02
-2.215338e-03
3.266831e-02
7.253701e-02
-2.164477e-02
-4.126891e-02
-3.056234e-03
-1.701736e-01
-9.795192e-02
-7.987303e-02
6.326032e-02
-7.379317e-02
-1.041955e-01
3.031996e-02
-3.466460e-02
-1.671646e-01
-3.660712e-02
-1.876419e-01
-2.008765e-01
3.124380e-02
2.471920e-02
-1.604421e-01
5.926525e-02
3.321441e-02
-1.544222e-01
2.341297e-02
-3.718579e-02
-1.009458e-01
-2.387918e-02
2.909758e-02
4.071518e-02
-6.802304e-02
1.323696e-02
4.243190e-02
-8.215554e-02
-1.973797e-03
6.193236e-02
1.636799e-01
1.017304e-01
-6.672809e-02
1.566944e-01
2.009111e-01
-2.063558e-02
6.220965e-02
1.099777e-01
-1.599270e-02
-1.744190e-01
-4.206934e-02
2.066980e-02
-1.356303e-01
-4.797668e-02
9.432176e-02
-1.369284e-01
-8.015669e-02
9.292591e-02
3.197151e-02
3.074875e-02
-2.767566e-02
1.368464e-02
7.365783e-02
-6.450830e-02
-3.181693e-02
-2.081057e-02
-1.212328e-01
4.747991e-02
8.502903e-03
1.969991e-02
7.866777e-02
-4.672610e-02
2.675010e-02
4.234378e-02
-1.056225e-02
3.268964e-02
-4.153579e-03
-5.379794e-02
-5.955328e-02
-2.752512e-03
8.619353e-03
-6.274892e-02
-6.416652e-02
-7.472501e-02
-6.402566e-02
-2.920566e-02
8.235510e-03
1.815278e-02
2.658537e-02
-2.393478e-03
4.985976e-02
8.989859e-02
1.202687e-01
1.095242e-01
3.215221e-02
-2.825682e-02
-1.563583e-01
9.331214e-02
1.141953e-01
-7.150657e-02
-6.875294e-04
3.706459e-02
-2.344641e-02
-6.558360e-02
-3.054804e-03
5.105687e-02
-4.998207e-02
-5.877361e-02
3.633444e-02
-6.875522e-02
-2.576920e-02
-2.137088e-04
-1.871667e-02
1.140835e-01
5.712922e-02
-8.368853e-02
-4.073162e-03
1.321127e-01
-1.066970e-01
1.815282e-02
7.308245e-02
8.567273e-02
8.241526e-02
5.657349e-02
1.249268e-01
7.324611e-02
1.856773e-03
1.584847e-01
1.454520e-01
7.009098e-02
-3.348420e-02
-9.890784e-02
-1.157177e-01
9.189957e-02
-1.360077e-02
-1.208957e-01
1.517137e-01
4.329691e-02
-8.007579e-02
-7.424010e-02
-6.274541e-02
-1.096479e-02
-7.563471e-02
-5.053627e-02
6.818246e-03
-1.265719e-02
3.980152e-02
1.065590e-01
-9.243952e-02
-8.972103e-03
3.776247e-02
-1.039867e-01
-7.047608e-02
7.360102e-02
-5.235108e-02
-7.211921e-02
1.414491e-02
-8.311746e-02
-9.446195e-02
-1.058095e-01
-9.955493e-02
-2.768371e-02
-1.013506e-01
-9.781624e-02
-7.071166e-02
-8.785239e-02
6.381772e-02
1.127813e-01
2.924841e-02
2.481239e-03
6.562240e-02
-4.712128e-02
-4.280890e-02
-2.269283e-02
-2.453574e-02
-7.046648e-02
2.938472e-03
2.228378e-02
-9.835278e-02
-3.208141e-03
-8.826868e-03
-1.131433e-01
-6.258747e-02
-4.294543e-02
3.784738e-02
7.272871e-02
3.940643e-02
4.330121e-02
3.310400e-02
2.390166e-02
2.357644e-02
2.998692e-02
-5.996425e-03
-2.096190e-02
1.105502e-02
4.742669e-02
-6.902263e-02
-3.170900e-03
4.857622e-02
-5.101534e-02
5.498625e-02
8.933596e-02
6.813965e-03
3.818849e-03
2.804403e-03
-1.165617e-02
-3.231947e-02
-3.056834e-03
-1.290363e-02
-4.590328e-02
1.972441e-02
-4.108926e-02
-5.505839e-02
-5.512036e-03
-9.681690e-02
-5.911060e-02
-3.620054e-03
1.337656e-01
1.280371e-01
5.252649e-02
4.082562e-02
-3.285670e-02
-6.974404e-02
7.673559e-02
-4.595513e-02
-1.553476e-01
-1.611721e-02
-1.484060e-01
-1.454193e-01
3.473519e-03
4.397290e-02
6.185052e-02
1.687513e-01
1.797858e-01
2.052106e-01
3.042633e-01
2.621245e-01
1.725937e-01
1.083718e-02
3.477744e-02
-1.445663e-02
-5.052089e-02
-2.638301e-02
6.576901e-02
4.123176e-02
8.700927e-02
1.426450e-02
-1.257831e-02
-3.211066e-02
1.451022e-02
-6.226581e-02
-3.352191e-02
-8.875721e-03
-1.506920e-02
-3.973788e-02
-4.044526e-02
-1.266481e-01
-1.711843e-01
-1.210852e-01
-2.186692e-01
-7.432380e-02
3.320870e-02
-1.153998e-01
2.401760e-02
2.073707e-01
-1.563306e-01
-4.373485e-02
5.491066e-02
8.277085e-04
2.453824e-02
1.174299e-01
7.951643e-02
8.122988e-02
1.180548e-01
1.167260e-01
1.280303e-01
7.926123e-02
9.789171e-02
8.735574e-02
8.226307e-02
5.969516e-02
1.402170e-01
5.133022e-02
3.828980e-02
9.862760e-03
-9.032802e-02
1.127750e-01
3.360717e-02
-1.607627e-01
-4.404372e-02
-1.336715e-01
-1.953895e-01
-4.662892e-02
-7.423494e-02
-1.454304e-01
-1.240342e-01
-4.632325e-02
-1.322037e-01
-1.615176e-01
-8.694395e-02
3.356833e-02
2.889951e-02
3.161431e-02
4.091686e-02
4.323215e-02
2.007554e-02
-1.079423e-03
-4.009529e-02
-9.128721e-02
-7.212643e-02
-1.586272e-01
2.439868e-02
1.280251e-01
-2.557737e-02
1.094963e-01
3.126221e-01
6.888305e-02
2.559055e-01
4.924086e-02
-1.438937e-01
-2.157609e-01
-1.302295e-01
-4.281776e-02
-2.465010e-02
6.055153e-02
1.806463e-02
-1.678550e-03
1.658368e-01
-8.870783e-02
-9.727463e-02
-1.645543e-01
-7.972457e-02
-5.461822e-02
-6.932848e-02
-9.091607e-02
-6.858838e-02
-3.382928e-02
-1.114364e-01
-1.405284e-01
-1.895508e-01
-2.391356e-01
-2.165950e-01
-2.858663e-01
-9.828106e-02
-2.410186e-01
-4.005474e-02
-4.099454e-03
7.780732e-02
1.932758e-02
2.461917e-01
3.109515e-01
2.147851e-01
2.729634e-01
3.319964e-01
1.971175e-01
-6.173823e-03
3.167359e-03
-2.455917e-02
-3.172905e-02
-4.824897e-02
-5.484215e-02
-2.607874e-02
-2.836358e-02
2.998127e-02
-8.284083e-02
-2.691584e-02
4.370354e-02
-5.281440e-02
1.339701e-02
1.002798e-01
-1.205134e-01
-8.470852e-03
-3.870253e-03
2.112439e-03
8.398384e-02
1.379320e-02
-1.074731e-02
7.163680e-02
2.080046e-02
-1.935015e-02
2.121113e-02
5.532826e-03
-4.855349e-02
-5.040243e-02
-5.721293e-02
-6.197388e-02
-3.318777e-03
-1.125159e-01
-1.116402e-01
-1.027765e-01
-1.068719e-01
1.218246e-02
8.223676e-03
1.428944e-02
5.457631e-02
8.682949e-03
2.593732e-02
4.408786e-02
6.376973e-02
2.939973e-02
1.339020e-01
5.423528e-02
-7.995797e-03
9.400877e-02
8.239492e-02
-8.826116e-03
5.281380e-02
4.788627e-02
-1.462301e-02
7.947776e-02
1.029580e-01
6.015788e-02
1.574315e-01
2.201979e-01
2.172772e-01
2.201560e-01
3.338246e-01
3.016384e-01
-6.173893e-02
-1.857072e-02
-1.442108e-02
-4.061673e-03
4.034618e-02
4.500998e-02
1.188308e-02
3.827688e-02
4.595980e-02
1.064328e-01
1.126890e-01
1.160500e-01
7.029043e-02
5.761459e-02
7.387374e-02
5.165511e-02
2.667630e-02
3.277694e-02
-4.882721e-02
-3.167344e-02
3.410868e-02
-2.389852e-02
9.732185e-03
1.691367e-02
-4.883500e-02
-4.650583e-02
-6.390228e-02
-1.078531e-01
-5.196969e-02
-9.184703e-04
-1.156736e-01
-5.930636e-02
-1.268142e-02
-8.043783e-02
-3.018859e-02
-7.364582e-02
4.008490e-02
5.276428e-02
-1.075630e-02
-3.262332e-02
-1.699543e-02
5.924942e-02
-3.666866e-02
-5.201962e-02
5.259489e-02
-9.996318e-02
-7.892644e-02
-4.483029e-02
-3.411878e-02
2.587853e-02
4.292192e-02
-6.116149e-02
-2.772327e-02
1.738565e-02
7.813390e-02
1.178401e-01
9.534146e-02
2.568733e-02
6.146949e-02
6.558834e-02
7.544344e-04
-8.005720e-03
6.966925e-02
-7.537666e-03
8.341955e-02
2.560284e-02
3.063909e-02
1.231164e-01
3.183946e-02
5.507343e-02
4.115792e-02
-1.647729e-02
-1.030438e-01
-1.096320e-01
-6.915326e-02
5.526289e-02
8.180008e-02
1.331478e-01
5.343629e-02
6.482967e-02
8.070204e-02
-2.086078e-01
-1.959134e-01
-1.108305e-01
-4.516766e-02
-7.514186e-03
-2.834764e-02
5.628677e-02
9.073068e-02
1.437391e-01
-5.946679e-02
-1.908670e-02
-2.179726e-02
-9.108559e-02
-1.000099e-01
-6.153557e-02
-1.887466e-01
-2.091828e-01
-1.807638e-01
-8.021595e-02
-9.172352e-02
-1.621830e-01
1.261524e-01
3.266173e-02
1.103273e-02
2.561516e-01
2.358611e-01
2.507909e-01
-8.651275e-02
-1.578099e-01
-8.700327e-02
-3.801932e-03
-1.918419e-02
-8.865200e-02
9.957503e-02
6.794921e-02
-7.661270e-02
1.352676e-01
1.208632e-01
1.188027e-01
3.917199e-02
3.828346e-03
3.762594e-02
-7.748739e-02
-1.052069e-01
-3.004727e-02
-4.674326e-02
-1.038186e-01
-1.323341e-01
-1.335920e-01
-7.741337e-03
-1.208527e-01
-8.335175e-02
-1.329297e-01
-8.920532e-02
3.666278e-02
6.490587e-02
-1.169816e-02
-6.048167e-03
-3.819322e-02
-6.923135e-02
-1.311133e-02
1.068913e-02
3.282715e-02
-1.040321e-01
-1.252847e-01
-1.584067e-01
-6.057383e-02
-4.495744e-02
-1.621588e-01
-3.166306e-02
-1.402263e-01
-1.857128e-01
-4.937585e-02
2.733172e-02
4.132664e-02
-1.388446e-02
-4.573768e-03
4.658961e-02
-6.818426e-02
-1.160716e-01
-4.432489e-02
2.450472e-02
1.017411e-01
3.578706e-02
5.255820e-03
1.702137e-02
1.697952e-01
-9.440266e-02
1.091731e-01
1.946965e-01
1.039158e-01
2.203005e-01
2.623363e-01
-3.368890e-02
6.037717e-02
2.201025e-01
-2.097321e-01
-6.295505e-02
-1.139166e-02
-4.223271e-02
-7.496484e-02
-7.743634e-02
6.983106e-02
-5.837358e-02
-1.175582e-01
1.407393e-01
3.039338e-02
1.433476e-02
3.463606e-02
1.516370e-01
1.444879e-01
7.717931e-02
6.641463e-02
1.839584e-01
1.713720e-02
1.539092e-01
1.399423e-01
-1.593095e-02
3.181940e-02
6.680731e-02
5.860792e-03
-6.220262e-02
2.180357e-02
2.248650e-02
2.596930e-03
5.161650e-02
-2.916376e-02
-5.682798e-02
-4.348032e-02
6.807861e-02
1.133274e-02
2.607982e-02
-5.178997e-03
7.658569e-02
5.238933e-02
1.059041e-02
2.327338e-02
5.041588e-02
9.281125e-04
2.135565e-02
6.611032e-02
5.607444e-02
6.850205e-02
9.063344e-02
3.874386e-02
-5.808834e-02
-2.626784e-02
1.107021e-01
-1.053839e-01
4.514252e-02
4.600326e-02
4.658357e-02
6.202148e-02
-1.994438e-01
-1.872120e-01
-1.447715e-01
-2.323894e-01
-1.305860e-01
-2.091260e-01
-1.169578e-01
-1.632364e-01
-1.499403e-01
8.414904e-03
1.131081e-02
1.479495e-02
1.322233e-02
6.921820e-02
7.881542e-02
-4.670022e-03
6.312688e-02
1.132000e-01
7.009753e-03
-1.810806e-02
-4.654405e-02
-1.974352e-02
-1.397072e-01
-8.226135e-02
-6.349337e-02
-2.634140e-02
1.949745e-02
-1.747955e-01
-1.547783e-01
-9.732752e-02
-1.680747e-01
-2.259653e-01
-1.413298e-01
-9.006837e-02
-1.160604e-01
-1.045194e-01
1.718601e-02
9.734776e-02
1.380637e-02
-2.880315e-02
-5.935098e-03
-5.466446e-03
-3.128635e-02
1.513904e-02
1.867658e-02
-1.574541e-02
-1.218525e-03
5.080146e-03
-1.018029e-01
-6.782895e-02
-7.215820e-02
-1.541024e-01
-1.359584e-01
-6.438652e-02
2.046882e-01
2.836426e-02
-6.948299e-02
1.830323e-01
-1.235281e-01
-9.547606e-02
7.207888e-02
-4.314152e-02
-8.566458e-02
1.428599e-01
1.127486e-01
1.236105e-01
1.385053e-01
9.857230e-02
1.214077e-01
8.100954e-02
7.507230e-02
9.515103e-02
-9.397280e-02
5.138000e-02
2.154129e-01
-6.392012e-02
-4.235101e-02
2.076280e-01
5.499765e-03
1.726846e-02
1.356035e-01
4.449200e-02
9.011522e-02
-5.221710e-03
-6.392699e-02
1.004160e-01
-1.201881e-01
-1.037133e-01
-7.791620e-02
-1.768664e-01
-1.852183e-02
-1.462960e-01
-8.822620e-02
-5.179733e-02
1.080408e-02
-5.858479e-02
2.973916e-02
9.879594e-02
1.925251e-01
-3.509014e-01
-2.781253e-01
-2.459017e-01
-2.894695e-01
-8.907599e-02
-2.677620e-01
-2.592105e-01
-2.251212e-01
-2.458926e-01
-1.653912e-01
-1.394802e-01
-7.143968e-02
-6.945124e-02
5.658758e-03
-2.993378e-02
-7.687765e-02
-2.537890e-02
-6.958918e-02
-4.668030e-02
3.658485e-02
2.957695e-02
-1.366143e-01
-3.870517e-02
5.217609e-02
-1.671455e-02
7.651837e-02
1.486426e-01
-1.227991e-01
2.872345e-02
1.018344e-01
-1.593295e-01
-4.870154e-02
-2.166794e-02
-1.363666e-01
-5.982657e-02
-1.345503e-01
1.909549e-01
-3.788549e-03
-1.731959e-01
-1.502818e-01
-1.142009e-01
-2.354193e-01
-2.744901e-01
-2.292494e-01
-1.249990e-01
-5.021846e-02
1.128163e-02
2.400739e-02
-3.658541e-02
-4.866236e-03
2.883217e-02
3.130923e-02
9.702354e-02
4.775234e-02
1.375310e-02
-5.144266e-02
-1.036189e-01
2.439592e-02
-3.406205e-02
-8.161371e-02
5.859942e-02
1.772414e-02
3.335820e-02
-2.426944e-02
1.836643e-02
-1.175559e-02
3.039752e-02
4.570053e-03
6.674896e-02
5.149055e-02
1.396451e-01
1.874502e-01
7.271444e-03
4.772110e-02
4.980466e-02
-4.537351e-02
5.718422e-02
4.915752e-02
9.132738e-02
1.092804e-01
9.293157e-02
1.097080e-01
1.172110e-01
-4.733175e-02
-8.307417e-02
-1.642822e-02
-1.876473e-01
-2.424912e-01
-2.415646e-01
-2.041786e-01
-1.210267e-01
-1.725368e-02
5.054991e-03
4.268822e-02
4.412462e-02
1.106657e-01
1.482461e-01
1.205721e-01
1.243864e-01
-3.232249e-02
4.587502e-02
-5.262642e-03
1.371792e-02
8.087633e-02
9.103359e-02
1.037293e-01
1.408291e-01
1.460688e-01
-2.675000e-01
-1.132658e-01
-1.200441e-01
-1.251586e-01
-1.455711e-02
-2.228828e-02
-1.943358e-04
6.724110e-02
1.292989e-02
-6.007669e-02
-5.284417e-02
-2.246264e-02
-9.516682e-02
-4.380045e-02
-1.132543e-01
-1.863716e-01
-2.210641e-01
-1.736962e-01
-1.431269e-01
-2.707505e-02
2.148469e-01
-2.233928e-02
4.730876e-03
2.737778e-01
1.184532e-01
2.285922e-01
2.738779e-01
-2.599842e-03
-4.419496e-02
-1.141304e-01
8.763638e-02
-4.457089e-02
-3.437395e-02
1.155459e-01
2.209894e-01
1.067470e-01
-1.476731e-01
-5.390781e-02
3.654360e-02
1.718821e-02
5.647415e-04
5.673251e-02
5.907940e-02
9.955537e-02
1.149374e-01
6.597462e-02
-8.877254e-03
-1.262186e-01
1.437092e-02
-5.501606e-02
-1.329616e-01
-7.100175e-02
-1.346571e-01
-1.588663e-01
6.330246e-02
2.184767e-02
-7.778815e-02
-1.211017e-01
-1.861991e-01
-2.615112e-01
-6.009569e-02
-2.472888e-01
-2.002363e-01
-1.068007e-04
1.337183e-03
2.943435e-04
-6.819315e-04
-1.129406e-03
-1.676295e-03
1.345967e-03
1.289557e-03
-3.938402e-03
1.709037e-03
1.401085e-03
2.156077e-04
2.231347e-04
-1.572364e-03
2.002035e-03
1.459197e-03
1.955445e-03
2.477542e-03
3.247586e-04
-5.157196e-04
-7.254657e-04
-3.050254e-04
2.567280e-03
2.494536e-03
-7.354236e-04
-3.278685e-03
-7.968089e-04
-2.067348e-03
-2.456127e-03
-4.760902e-04
-5.399846e-04
1.823025e-03
1.751573e-03
-6.684667e-04
-2.698868e-03
5.304111e-04
1.064963e-04
-1.598838e-03
1.949275e-04
-3.311887e-04
1.250534e-03
-5.132790e-03
1.018884e-03
-1.990190e-05
-9.944909e-04
4.318648e-03
1.990316e-03
2.870580e-03
-1.329253e-03
-4.167046e-03
1.062935e-04
2.274709e-03
-1.637444e-03
-1.297111e-03
-8.517443e-04
-2.736970e-03
1.432260e-03
-1.789786e-03
-2.639835e-03
1.523244e-03
2.150813e-03
-1.054938e-03
-9.102640e-04
-1.966384e-03
4.877046e-04
5.052579e-04
-5.525146e-04
-1.221866e-03
8.532497e-04
1.806497e-03
-3.614577e-03
4.924531e-05
2.110617e-03
-7.612258e-04
-1.022050e-03
-1.572945e-03
1.746043e-03
-1.246733e-03
1.109583e-04
1.421191e-03
-1.078889e-04
7.001737e-04
-2.275301e-04
-3.729457e-04
-1.181259e-03
-9.174877e-04
6.599036e-04
3.758941e-03
2.313814e-03
-3.332646e-05
-1.113556e-03
1.799108e-04
1.733315e-03
-4.173771e-03
-1.709353e-03
2.036029e-03
-3.091893e-04
3.362010e-03
-8.432813e-04
-3.797407e-03
-2.052608e-03
1.787540e-03
-4.046546e-04
-2.097065e-04
-1.470392e-03
-1.071720e-03
2.516132e-04
1.016038e-03
-3.462564e-03
4.768648e-04
-2.816105e-03
-3.560918e-03
2.844336e-03
9.940232e-04
-8.186632e-04
-1.025800e-03
2.441298e-03
1.157906e-03
6.048013e-04
1.836414e-03
1.386011e-04
1.084801e-03
1.716565e-05
-5.728528e-04
-4.689545e-03
1.521802e-03
-1.259127e-03
2.997371e-03
1.835681e-03
2.156274e-03
-2.053088e-03
-3.615586e-04
-5.373142e-04
1.453493e-03
4.778812e-04
1.625765e-03
3.135814e-03
-8.859081e-04
4.371068e-04
8.701563e-04
4.656838e-04
-1.941071e-04
2.213809e-04
2.685393e-03
1.891720e-02
-1.627647e-02
-4.405101e-02
2.203328e-01
1.189332e-01
2.648763e-02
2.046348e-01
4.749828e-02
-6.184217e-02
-6.966981e-02
1.204263e-02
1.717549e-01
-4.349256e-02
-4.567176e-03
1.954832e-01
-4.983137e-03
7.806601e-02
1.497907e-01
2.414674e-02
-2.504419e-03
-7.103887e-02
4.316824e-02
3.412804e-02
-7.378142e-02
1.958911e-02
9.263384e-03
-1.366264e-02
-2.332668e-02
-6.193436e-03
2.676192e-02
-4.061932e-02
-2.791613e-02
1.629377e-02
-1.112840e-01
-6.733108e-02
9.299340e-02
-7.843047e-02
-1.148506e-01
-1.524034e-01
4.856944e-02
4.937904e-02
-8.019035e-02
-7.735574e-03
8.572205e-03
3.962469e-02
1.909500e-02
8.697562e-03
2.061452e-03
9.617413e-02
6.010043e-02
6.933141e-02
5.735748e-02
6.328953e-02
6.490155e-02
-3.149066e-02
4.537519e-02
1.036999e-01
-1.066452e-01
4.386901e-02
5.584095e-02
-2.568057e-01
-1.144732e-01
-2.669227e-02
1.486907e-01
3.375045e-02
-8.597016e-02
1.453496e-01
9.850518e-02
3.097947e-02
9.102669e-02
6.882195e-02
4.748441e-02
-1.126832e-01
-1.469468e-01
-7.754966e-02
-1.423384e-02
-1.460683e-03
6.195721e-02
6.448092e-02
9.104654e-02
1.344164e-01
4.799720e-02
9.483310e-02
4.746193e-02
5.036918e-02
4.867417e-02
6.294734e-02
6.314104e-02
4.244826e-02
3.199472e-03
3.087591e-02
9.316400e-02
2.044703e-01
-1.134524e-02
-5.512997e-02
6.235427e-02
-1.968944e-02
-1.063059e-01
-7.844897e-02
2.045091e-02
-1.261558e-02
-2.418894e-01
1.115007e-01
6.642438e-02
-1.570351e-01
1.333154e-01
1.007617e-01
-9.761338e-02
2.847172e-02
7.063231e-02
6.811405e-02
2.038993e-02
6.559648e-02
1.018654e-01
4.693181e-03
9.701256e-02
1.447109e-01
1.916298e-01
1.264639e-01
2.305532e-02
1.218225e-01
4.894260e-02
2.185093e-02
2.602518e-02
-4.166271e-02
-4.192001e-02
-6.286608e-02
3.619404e-02
1.863214e-01
-1.509486e-01
-2.174200e-01
1.643250e-01
-8.428579e-02
-1.570648e-01
3.760710e-02
-6.579489e-02
9.627182e-03
9.310118e-02
9.116414e-02
4.433926e-02
5.833535e-03
2.226903e-02
-8.340415e-02
-6.464285e-02
-5.094665e-02
1.708725e-02
4.432625e-02
-4.078121e-02
1.012023e-03
-2.946668e-02
2.433551e-02
4.487248e-02
-2.065268e-02
4.942719e-02
-2.757749e-02
1.055653e-02
6.030041e-02
-1.387112e-02
-1.780434e-02
1.641585e-01
7.729054e-03
1.123487e-01
-1.553784e-01
-5.116231e-02
-5.168486e-02
-3.535212e-02
-4.667125e-02
-3.170336e-03
8.125157e-03
3.004059e-02
-4.971061e-02
1.260728e-01
6.246417e-03
-8.787626e-03
1.007868e-01
-1.488244e-02
3.187039e-02
1.335772e-01
2.224157e-02
6.579702e-02
-1.144685e-01
-1.058798e-01
-6.347569e-02
-1.867621e-02
-7.082001e-02
-2.766508e-02
4.285753e-02
1.231491e-01
1.347988e-01
2.510144e-01
3.867070e-01
3.095056e-01
4.359655e-01
5.867128e-01
4.030385e-01
3.519474e-01
4.223937e-01
3.729558e-01
1.915698e-02
-1.780057e-02
-5.654631e-02
-3.468560e-02
-5.622055e-02
-1.715146e-02
5.491565e-03
8.418875e-03
-3.676691e-02
3.174104e-03
3.774147e-02
-8.637097e-02
-1.286749e-01
-1.493839e-01
-1.842586e-01
-2.553007e-01
-2.194847e-01
-1.575622e-01
4.152234e-02
1.298359e-02
-6.736069e-02
-1.826835e-02
-9.903201e-03
-7.222347e-02
-5.048870e-02
-8.530691e-02
-2.977811e-02
-1.472111e-02
-2.749175e-03
-7.835388e-02
-9.008068e-02
-7.997137e-02
-1.552613e-01
-1.124250e-01
-1.113554e-01
-1.401760e-01
4.971400e-02
2.452816e-02
1.054741e-02
-3.067070e-02
-4.018763e-03
3.437232e-02
-6.984504e-02
-3.686448e-02
-1.135988e-02
-2.392017e-02
-1.518423e-02
-3.209765e-02
-3.288131e-02
-1.641714e-03
-1.374933e-02
-6.463782e-02
-4.312733e-02
-2.217745e-02
1.285237e-01
6.670110e-02
2.694702e-02
7.654510e-02
-5.102613e-02
-1.119742e-01
6.783458e-02
5.367205e-03
-9.624948e-02
1.799162e-02
-1.494308e-02
-5.169706e-02
-3.132131e-02
-5.968802e-02
-1.838805e-02
-4.596284e-02
1.217911e-03
-4.076171e-02
-3.891926e-03
3.439258e-02
9.204555e-02
-1.334968e-02
-1.872602e-02
5.770003e-02
-7.795656e-02
2.205259e-02
1.043970e-01
5.616419e-02
9.220254e-03
-8.738308e-02
-5.192410e-03
-1.384365e-01
-5.746438e-02
-5.740803e-02
-1.130952e-01
-6.388050e-02
3.898259e-03
2.977622e-02
6.940142e-02
-6.535563e-02
-2.361978e-02
9.396414e-03
-2.700052e-02
3.656565e-02
5.832186e-02
-1.218190e-02
-1.196764e-02
6.258526e-02
-8.914214e-02
-7.895865e-02
1.853145e-02
-1.271190e-01
-3.719348e-02
2.559393e-02
-9.835675e-02
5.021026e-02
6.012394e-02
-5.238366e-02
9.850459e-02
9.353856e-02
-4.906335e-02
8.986066e-02
1.060365e-01
-3.459006e-02
-4.046973e-02
-3.387064e-02
-3.092534e-03
3.544120e-02
-2.212978e-02
-1.278717e-02
2.015272e-02
-4.382664e-02
-3.110745e-03
4.623649e-02
-7.021773e-03
8.646765e-02
-5.695666e-02
9.659616e-02
1.121798e-01
1.381310e-01
7.724651e-02
-6.430406e-02
-2.145585e-02
-1.403923e-02
-5.998106e-02
-5.264292e-03
-2.000455e-02
-6.577330e-02
-3.686562e-02
-3.881953e-02
8.010357e-02
7.547077e-03
-5.406605e-02
4.069210e-03
-2.239804e-02
-4.616003e-02
8.966021e-03
-3.663044e-02
-6.024296e-02
-2.260833e-02
-9.163406e-02
-1.401511e-01
-7.441671e-02
-4.842893e-02
-1.917600e-02
-8.093221e-02
-5.501234e-02
3.526359e-02
4.717897e-02
1.133166e-01
2.161779e-01
6.590661e-02
-4.684977e-03
2.210840e-01
8.416392e-02
1.320807e-01
2.403284e-01
-3.924013e-02
2.019311e-02
5.579784e-02
6.445259e-03
4.004758e-02
5.649936e-02
4.732879e-02
5.542296e-02
7.000305e-02
2.646492e-03
-4.000281e-02
8.019707e-02
2.274961e-02
-9.895070e-03
2.259468e-02
-2.435040e-02
-5.267461e-02
-4.416404e-02
-5.969783e-02
-4.745318e-02
-6.956074e-02
-2.158766e-02
1.242412e-03
-7.295820e-02
-2.045035e-02
-4.514106e-02
-8.038922e-02
1.077074e-01
2.052252e-02
-5.130042e-02
1.418215e-01
9.977053e-02
-2.614942e-02
1.002207e-01
8.874446e-02
3.262981e-02
-2.153589e-01
-3.221126e-01
-4.071356e-01
-2.387765e-01
-2.332832e-01
-3.739955e-01
-2.860336e-01
-3.335050e-01
-3.006378e-01
-2.418939e-04
2.468866e-02
6.154336e-02
1.109885e-02
6.507050e-02
8.510133e-02
-5.225185e-03
-2.745799e-02
-5.738201e-03
3.981320e-03
-1.454133e-01
-1.190820e-01
-5.188804e-02
-8.990992e-02
-1.567724e-01
-1.146964e-01
-1.370320e-01
-1.247316e-01
-1.086760e-02
6.283135e-02
5.914593e-02
-6.049179e-02
1.520331e-02
1.659899e-02
1.011874e-02
6.227119e-02
7.150969e-02
8.415736e-02
2.545814e-02
3.043488e-02
1.963749e-01
7.493699e-02
1.193129e-01
9.007310e-02
5.113883e-02
8.006711e-02
5.214997e-03
-3.127358e-02
-2.882631e-02
-6.389675e-02
-5.008323e-02
-1.096928e-01
-5.267030e-02
-9.299139e-02
-8.127458e-02
-5.204039e-02
9.344660e-02
2.738738e-01
-2.423799e-02
4.327450e-02
2.482891e-01
-7.719790e-02
-3.293246e-02
6.201624e-02
-1.737824e-02
-9.820402e-02
-1.058145e-01
-1.358251e-01
1.244495e-01
-4.377768e-02
-7.782236e-02
-4.323008e-02
-3.602813e-02
-1.508534e-02
-7.458212e-02
-5.028876e-02
2.009629e-02
-4.791279e-02
-4.830720e-02
7.596273e-02
6.996112e-02
3.637176e-02
8.113099e-02
1.085708e-01
-1.854484e-02
1.603156e-01
6.598954e-02
-2.272348e-02
4.560552e-02
-1.083659e-02
-2.109815e-01
-2.907672e-02
4.408513e-02
2.578856e-02
-7.303903e-02
-9.731928e-03
-7.313733e-02
-1.981547e-01
-2.135098e-01
-2.111664e-01
1.401865e-01
3.819023e-02
3.887756e-02
6.727807e-03
1.454825e-02
-1.171190e-02
-1.665821e-01
-1.118850e-01
-6.132056e-02
-3.115440e-02
7.242216e-02
1.621414e-01
-6.553381e-02
5.141975e-02
1.068910e-01
-1.701278e-01
-9.403053e-02
-2.598437e-02
-4.061427e-02
-1.081145e-01
-7.859063e-03
-5.446713e-02
-1.294084e-01
-1.586507e-01
2.743151e-02
-1.203986e-01
-1.424172e-01
-4.581591e-02
-3.127775e-02
-2.686259e-02
-1.167970e-01
-1.511391e-02
-9.615861e-02
-5.664604e-02
-8.626438e-04
-2.285929e-02
-1.339154e-01
-1.628772e-01
-2.015401e-01
3.357906e-02
2.794987e-02
1.117336e-01
7.947168e-02
1.931129e-01
1.902401e-01
-7.400967e-02
-9.168527e-02
-9.730492e-02
2.216118e-02
-1.989386e-02
-9.128066e-02
1.542443e-01
1.110116e-01
2.879901e-02
-1.419221e-01
-1.299048e-01
-1.114373e-01
-2.923111e-02
-3.859296e-02
-6.519016e-02
-3.290343e-02
3.150347e-02
-2.066750e-02
-1.564212e-01
6.974628e-02
7.168441e-02
7.615051e-02
1.296293e-01
1.269894e-01
2.023813e-01
2.717452e-01
1.787618e-02
-3.924651e-02
-2.334227e-02
5.551739e-02
-1.037132e-01
-5.428739e-02
1.292616e-02
-9.584321e-02
-3.305963e-02
2.365021e-02
5.691777e-02
-5.112347e-02
-7.850488e-02
7.644537e-02
-1.381762e-01
-1.072755e-01
-4.093759e-02
-1.156225e-01
-1.613779e-01
-2.012509e-02
7.712147e-02
1.991113e-01
-1.094487e-01
4.068210e-02
8.679756e-02
-1.100451e-01
-7.703696e-02
-3.200955e-02
4.842311e-03
3.741359e-02
9.985658e-02
3.839620e-03
5.263788e-03
6.988312e-02
3.403555e-03
3.904071e-02
7.933944e-03
1.401109e-01
9.128679e-02
5.001092e-03
1.596138e-01
-4.434272e-02
-1.950010e-01
7.933889e-02
-7.227309e-02
-1.205597e-01
-1.594167e-02
-1.748418e-02
-1.331373e-02
-2.469534e-02
-1.302321e-02
-1.593971e-02
1.275001e-02
1.226992e-02
-9.796869e-04
2.488474e-01
5.692964e-02
-6.240538e-02
3.206333e-01
-4.817030e-02
3.932583e-02
2.809343e-01
1.666698e-01
1.325880e-01
-2.328603e-01
-9.372853e-02
-4.128222e-02
-2.473132e-01
-1.162572e-02
3.415820e-02
-3.047727e-01
-3.923122e-02
1.203001e-01
2.504598e-01
8.155169e-02
5.093125e-02
2.310989e-01
-1.057132e-02
-2.162920e-02
1.364666e-01
1.143317e-03
1.637016e-03
2.503653e-02
-3.809271e-03
-1.009218e-02
-3.404149e-02
5.695070e-03
-7.726631e-02
1.753829e-02
-4.113699e-02
-1.009573e-01
-1.234560e-01
-9.025104e-02
-2.636251e-02
-1.537671e-01
-6.514372e-02
-2.395320e-02
-2.278995e-02
-2.193867e-02
-1.137452e-02
-2.333814e-02
-9.685030e-02
-4.363050e-02
-9.584580e-02
-3.833563e-02
-7.261264e-02
-1.632587e-01
-2.250145e-01
-1.433767e-01
-1.125002e-01
-4.504754e-02
-4.368844e-02
-7.882420e-02
-5.463968e-02
6.905724e-02
-1.121116e-01
5.313514e-02
8.635915e-02
-1.123541e-01
-2.080972e-02
8.948225e-02
-9.133995e-02
5.177993e-02
1.271727e-01
-3.587451e-02
7.774761e-02
1.596894e-01
-6.099564e-02
1.976648e-02
-5.526539e-03
-5.479296e-02
8.857563e-02
-1.774647e-02
2.162294e-02
6.465358e-02
5.950953e-03
-2.372867e-02
-1.292939e-01
-1.427356e-01
-9.169114e-02
-1.807958e-01
-1.060297e-01
-2.480669e-02
-3.630525e-03
9.308485e-03
3.768708e-02
3.700239e-02
-2.305202e-02
6.389174e-02
3.582451e-02
2.408872e-02
-6.410712e-03
2.217260e-02
3.247411e-02
-2.126172e-01
-1.846934e-01
-1.922165e-01
-2.686533e-01
-1.368937e-01
-2.575285e-01
-2.371719e-01
-2.020476e-01
-2.562249e-01
-9.162077e-02
-6.979812e-03
5.023777e-02
-4.726225e-02
-3.550982e-02
8.430158e-02
5.236426e-02
8.871133e-02
1.128638e-01
-2.161070e-02
-5.450798e-02
-6.025087e-02
-5.992990e-02
-1.401474e-02
-3.412817e-02
-3.968308e-02
-9.296261e-03
-4.206420e-02
6.491289e-02
1.979014e-02
1.707538e-04
2.973270e-02
-7.324638e-02
-5.914243e-02
-4.582209e-02
-7.933708e-02
-1.070767e-01
-2.389224e-02
-1.206173e-03
-4.514492e-02
1.193638e-02
1.558698e-03
-1.924841e-02
-5.993012e-02
-4.749322e-02
-1.555695e-02
6.959292e-02
2.032349e-02
5.139194e-02
7.789551e-02
7.283136e-02
-1.816016e-03
7.912879e-02
8.614967e-03
3.949096e-02
-2.502757e-02
-1.443040e-02
1.119150e-02
-2.794067e-02
-3.899799e-02
-3.410406e-02
-6.583156e-02
-9.106632e-02
-1.176237e-01
-2.024239e-03
3.219167e-02
1.826815e-02
5.808990e-03
8.840830e-03
-1.395238e-02
-2.093232e-02
-6.406197e-02
-1.239683e-01
-1.650375e-01
-1.424953e-01
-1.701666e-01
-5.397383e-03
2.259544e-02
2.568310e-02
1.213322e-01
1.224072e-01
9.828727e-02
-9.281483e-02
-7.848762e-02
-1.059136e-01
3.225500e-02
1.935598e-02
1.304751e-01
5.489284e-02
2.420177e-01
2.346887e-01
4.090415e-02
4.397225e-02
5.699378e-02
3.621804e-02
-3.006407e-02
1.052258e-01
6.889287e-02
1.190041e-01
1.925651e-01
2.005744e-01
1.290067e-03
-1.098605e-01
4.252482e-02
-1.038835e-01
-3.053565e-01
2.776518e-02
-2.867625e-01
-3.531021e-01
-3.355208e-02
-2.475037e-02
6.780425e-02
3.123126e-02
-6.838624e-03
8.158004e-02
5.793205e-02
4.228953e-02
6.863122e-02
-1.339658e-02
1.547550e-02
2.095315e-02
2.988706e-02
7.886174e-02
4.059914e-02
2.020947e-02
3.267372e-02
3.409651e-02
-6.379791e-02
-6.421416e-03
7.164342e-02
-6.026804e-03
5.985080e-02
1.764515e-01
5.138810e-02
1.357694e-01
1.415443e-01
-2.458167e-02
2.981570e-02
-8.418445e-03
-5.464378e-02
2.675757e-03
1.667705e-02
-8.549225e-02
-6.096192e-03
-6.100003e-03
1.956069e-02
-3.737214e-02
-9.605288e-02
1.311700e-01
3.974194e-02
-1.469607e-01
1.968136e-01
6.593926e-02
-1.388828e-01
2.970066e-02
9.806517e-02
4.613247e-02
2.541811e-02
-4.161551e-03
3.012948e-02
6.383495e-03
8.140054e-02
9.981895e-02
-8.754927e-02
-8.032616e-02
-1.253082e-01
2.876366e-02
1.034622e-02
-6.027417e-02
7.788231e-02
5.748672e-02
3.829072e-02
-5.659631e-02
5.298692e-02
4.965063e-02
-6.261162e-02
5.808524e-02
8.756489e-02
-8.025968e-02
3.127892e-02
8.128946e-02
1.646046e-02
4.868855e-02
4.460793e-02
-2.276652e-02
2.099218e-03
2.654443e-02
-6.328174e-02
-4.755265e-02
-6.064701e-03
-3.038139e-02
1.729938e-02
-1.783398e-02
2.627579e-02
8.704268e-02
3.448994e-04
1.029661e-02
1.156887e-02
-9.979536e-02
-9.248323e-02
-5.050775e-02
-1.194452e-01
-1.021778e-01
-6.373186e-02
-5.012589e-02
-1.210046e-01
-5.290172e-02
-1.937379e-02
2.732417e-02
-6.060409e-02
-8.624698e-02
5.724930e-02
-1.548501e-02
-1.911957e-02
1.175313e-01
1.216244e-01
5.429438e-02
1.279135e-01
8.131248e-02
3.294585e-02
7.601274e-02
4.161890e-02
7.907961e-02
5.234227e-02
9.210702e-02
1.260820e-01
1.087134e-01
7.297198e-02
6.567520e-02
1.852126e-01
9.169479e-02
8.285450e-02
1.469998e-01
1.233954e-01
5.263045e-02
-2.416021e-02
1.172584e-01
1.053658e-01
-9.002452e-02
6.000256e-02
1.157396e-01
-1.522375e-01
2.739305e-02
1.104529e-01
-2.391533e-01
-2.777475e-01
-1.554129e-01
-2.923180e-01
-1.285716e-01
-1.889819e-01
-1.188980e-01
-1.503197e-01
-1.505743e-01
-7.692786e-02
3.215624e-04
1.253359e-01
-1.166112e-01
-2.083127e-02
8.051533e-02
-1.346903e-01
-1.475854e-01
-7.835974e-02
-1.072628e-01
-7.351244e-02
-7.031118e-02
1.296528e-02
2.005295e-02
-6.865145e-02
-1.291876e-02
-8.448844e-02
-1.258368e-01
4.469413e-02
1.349389e-01
6.346352e-02
1.659944e-01
9.916606e-02
1.114327e-01
1.300954e-01
1.382145e-01
6.045990e-02
7.266764e-02
3.568852e-02
-3.109019e-03
4.488625e-02
1.093579e-03
8.187846e-03
2.533841e-02
1.891718e-02
1.575449e-02
-8.384100e-02
-1.374259e-01
-1.018463e-01
-4.709582e-02
-8.744658e-02
-3.288383e-02
1.144255e-01
1.425805e-01
1.780773e-01
1.164550e-01
8.027211e-02
1.136234e-01
3.478727e-02
7.043846e-03
-6.766792e-03
5.806668e-02
1.858197e-02
-1.539199e-02
2.606778e-01
2.586677e-01
2.513931e-01
1.542081e-01
1.650096e-01
1.827496e-01
6.507017e-02
5.625084e-02
4.755767e-02
-6.248875e-02
-6.356771e-02
6.173111e-03
-4.715905e-02
-2.759710e-02
4.902316e-02
-3.846468e-02
3.188635e-02
1.302213e-01
-4.205523e-02
-9.314892e-02
-8.571261e-02
-4.487868e-02
-5.344221e-02
-5.151076e-02
-3.320445e-02
-2.359603e-02
-1.161140e-02
-1.192419e-01
-1.042368e-01
-4.518844e-02
-1.021765e-01
-1.688853e-02
-1.244747e-02
-8.049338e-03
3.074411e-02
7.440737e-02
-6.507876e-02
-2.347769e-02
-2.365263e-03
-5.748386e-02
-2.190176e-02
-3.031986e-02
1.401018e-02
2.351345e-02
3.079472e-02
2.495849e-02
5.810603e-02
9.742750e-03
-1.212669e-02
6.782100e-02
4.476909e-03
-3.532986e-02
3.333811e-02
7.213055e-02
-7.782635e-02
-9.927665e-02
-1.622983e-01
-1.476617e-02
-5.531256e-02
-1.682634e-01
-6.596999e-03
-9.859950e-02
-1.343096e-01
1.907104e-02
4.135678e-02
2.398700e-02
1.837548e-02
-6.366714e-04
-2.425271e-02
1.060281e-02
1.219567e-02
-4.225063e-02
1.977604e-02
2.923167e-02
4.404034e-02
1.450447e-02
2.024251e-02
4.488042e-02
-3.603599e-02
-6.471229e-02
-4.938097e-02
-5.795968e-02
-9.807023e-02
-2.375029e-02
6.064748e-03
7.833537e-02
1.355955e-01
-2.394445e-02
2.130076e-02
1.089498e-01
-7.230196e-02
-1.170163e-01
-8.974043e-02
4.868146e-02
3.717320e-02
2.455368e-02
-7.190146e-04
4.972192e-02
2.910657e-02
-2.092605e-02
-2.965889e-02
-2.644184e-02
1.413370e-02
3.555357e-02
-2.173133e-02
1.236160e-02
6.887869e-03
-2.120184e-02
-3.589980e-03
-2.493989e-03
3.793979e-02
1.274845e-02
3.555781e-02
4.779699e-02
4.567531e-02
6.171133e-02
7.756610e-02
-4.777953e-02
3.352264e-02
-2.655813e-02
-1.640648e-02
5.413149e-02
1.362684e-02
1.242006e-02
6.154074e-02
-4.534806e-02
4.913107e-02
-5.613470e-04
1.720024e-01
1.146501e-01
7.315086e-02
2.003564e-01
-1.495594e-02
-5.235349e-03
5.461246e-02
3.061579e-02
5.451987e-02
1.418800e-02
6.667244e-02
8.427629e-02
1.988368e-02
1.423206e-01
1.485947e-01
8.079174e-02
-2.627856e-02
1.022588e-02
1.695925e-02
-3.064704e-02
3.746111e-02
2.669630e-02
-6.294430e-02
-1.171217e-03
-7.871132e-03
2.345754e-02
3.738024e-02
-6.023512e-02
1.302544e-02
1.990250e-02
2.248823e-02
1.443487e-02
4.069925e-02
5.585934e-03
2.668562e-03
1.569027e-02
5.917338e-02
7.565732e-02
4.386444e-02
6.703370e-02
5.421065e-02
3.651708e-02
4.775843e-02
-2.375398e-02
2.038790e-02
6.871039e-02
-1.964279e-02
3.734314e-02
1.417621e-01
-1.067831e-01
-8.816023e-02
7.186715e-02
-3.590018e-02
-1.450237e-03
-6.529123e-02
-6.631536e-02
1.249614e-02
-1.837744e-03
-9.333950e-02
2.880359e-02
6.670327e-02
1.721613e-01
1.309786e-01
-3.913434e-02
1.787205e-01
1.099163e-01
6.411886e-03
2.431053e-01
1.791397e-01
3.072907e-02
1.119632e-01
1.514614e-01
1.507034e-02
1.602860e-01
1.919950e-01
6.038507e-02
1.353126e-01
1.850076e-01
4.057270e-02
-1.766512e-01
-1.441779e-01
-7.330346e-02
-1.572037e-01
-1.391259e-01
-1.216327e-01
-1.484933e-01
-1.606539e-01
-5.935134e-02
1.070956e-02
3.993051e-02
-1.078099e-01
3.394017e-02
2.345016e-02
-1.211213e-01
3.690427e-02
6.876015e-02
-9.574863e-02
-1.974448e-01
-2.842233e-01
-1.583646e-01
-2.292811e-01
-1.115179e-01
-7.659189e-02
-1.797603e-01
-1.393489e-01
5.554449e-02
4.782671e-02
4.013967e-02
1.042014e-01
6.901422e-02
8.310676e-02
9.069332e-02
-1.111731e-02
-4.873117e-02
-1.751441e-02
-9.717003e-02
-7.489013e-02
2.695618e-02
-8.488812e-02
5.546546e-04
9.202171e-02
-2.327448e-02
4.931340e-02
1.289951e-01
-7.493870e-02
1.237788e-02
-6.966368e-02
-8.960780e-02
-4.692809e-02
-2.115665e-02
-8.306240e-02
-9.271514e-02
-4.686487e-02
3.109014e-01
1.377634e-01
1.691557e-02
1.671612e-01
-4.740689e-02
-1.329893e-01
7.141916e-02
-1.254768e-01
-1.626314e-01
-2.269010e-02
3.534487e-02
7.542030e-02
4.982480e-04
-5.476379e-02
4.866254e-02
-1.203352e-01
-1.671442e-01
-8.642855e-02
-1.513920e-01
-2.156638e-01
-1.839446e-01
-2.119422e-01
-2.430092e-01
-3.174860e-01
-1.165931e-01
-1.860608e-01
-1.636094e-01
-1.005354e-01
-1.344671e-01
-1.062233e-01
-7.131650e-02
-1.035837e-01
-2.973856e-02
-5.112746e-02
5.504868e-03
1.230246e-01
4.684569e-02
5.632652e-03
-5.125557e-02
3.868089e-02
-2.161484e-01
-2.755333e-03
-3.450490e-02
1.723626e-02
7.094353e-02
-3.532597e-03
9.194511e-04
1.365030e-02
-6.239402e-02
-1.197751e-01
-7.629725e-02
-1.256679e-01
-1.318938e-01
-7.211422e-02
-1.014861e-01
1.781171e-02
6.443889e-02
-4.142537e-02
-2.786822e-02
1.782247e-01
-1.254898e-01
2.586583e-02
1.193074e-01
-1.665756e-01
-2.542908e-01
-2.701757e-01
-2.320164e-01
-2.349742e-01
-3.328940e-01
-2.430785e-01
-2.659270e-01
-2.626416e-01
-8.219016e-02
-7.607482e-02
-9.407810e-02
-7.254370e-02
-9.397459e-02
-7.186872e-02
-1.398036e-01
-1.275722e-01
-2.837412e-02
-1.245713e-01
-2.285356e-01
-1.530014e-01
-1.492628e-01
-1.656319e-01
-2.336759e-01
-3.774082e-02
-1.520523e-01
-1.568799e-01
-8.937809e-02
2.937728e-02
1.767792e-01
-6.564689e-02
-1.315150e-01
1.142274e-01
3.136382e-02
-7.985051e-02
-1.205035e-01
-3.098130e-03
-6.739784e-02
-8.697487e-02
-7.553362e-02
1.544738e-02
-1.210062e-01
-6.938726e-02
-7.714327e-02
-1.635618e-01
1.030318e-01
-5.658351e-02
-1.350525e-01
-7.935429e-04
-1.022257e-01
-1.160385e-01
-5.821861e-02
5.182962e-03
-5.485538e-02
1.059470e-01
8.982446e-02
5.176409e-02
5.679504e-02
1.540414e-01
5.562076e-02
-2.249616e-02
1.134635e-01
4.111771e-02
-7.535660e-02
-1.085173e-01
-2.626282e-02
-1.903660e-02
-1.514463e-01
-9.277418e-03
-5.599368e-02
-1.301759e-01
-1.086807e-01
-6.469232e-02
-4.680387e-02
1.449108e-01
-3.507378e-02
-4.276972e-03
8.526544e-02
-6.907646e-02
3.905934e-02
4.282138e-02
-9.591196e-02
1.580525e-02
9.920265e-02
-8.732408e-03
7.031785e-02
2.081252e-01
1.334295e-01
2.017182e-01
2.482928e-01
4.234389e-02
-4.472316e-02
-1.282379e-01
4.027195e-02
-2.899995e-02
-1.370752e-01
-7.982747e-02
-1.078945e-01
-1.293575e-01
-6.878202e-02
-1.703348e-01
-1.704746e-01
-1.953859e-01
-2.765816e-01
-2.066003e-01
-1.269354e-01
-1.515657e-01
-1.172957e-01
-1.905042e-01
-1.981635e-01
-1.662373e-01
-1.657023e-01
-3.710154e-02
-7.842474e-02
-1.102522e-01
-2.890702e-02
7.471094e-03
-2.142187e-02
-9.505697e-02
-1.545007e-01
-1.215711e-02
-1.658702e-01
1.418173e-05
1.530841e-03
3.644751e-02
1.109676e-01
-4.241632e-02
-5.407264e-02
-6.222833e-02
-9.969909e-02
-4.951449e-02
-7.724936e-02
-5.619386e-02
-8.685638e-02
-1.079703e-01
8.341941e-02
9.603602e-03
-5.249298e-02
-1.615097e-02
4.576927e-03
-1.837669e-01
-1.486281e-01
-2.594372e-01
-2.460792e-01
3.085226e-02
1.197080e-02
-2.376860e-02
9.728729e-03
-6.400637e-02
-3.258608e-02
-1.148505e-02
-2.434092e-02
-4.288911e-02
6.762408e-03
-1.636643e-02
-9.105598e-02
6.120123e-02
-6.566216e-02
-8.573891e-03
1.203802e-01
1.028815e-01
6.027501e-02
1.126788e-02
5.848103e-02
5.801923e-02
5.465471e-03
5.606943e-02
5.314771e-02
-7.503527e-02
-3.231197e-02
-4.484428e-02
-6.694418e-02
-5.569001e-02
6.111761e-04
-1.484601e-01
-4.370970e-02
-9.416357e-02
-1.787997e-01
-1.830612e-01
-1.165306e-01
6.244290e-02
5.928297e-02
3.832176e-02
-1.499065e-02
-1.177843e-01
1.114835e-02
-2.475312e-02
3.290103e-02
6.420715e-02
5.097333e-02
1.622023e-01
6.187847e-02
1.299636e-01
-1.011190e-01
-5.775038e-02
8.064248e-02
7.917025e-02
-3.290243e-02
4.568214e-02
1.001638e-01
1.017874e-01
3.220131e-02
3.938925e-02
6.166676e-02
2.652870e-04
8.414870e-03
-5.778593e-03
-1.339461e-02
-2.922850e-02
-1.119528e-01
-3.568580e-02
2.406971e-02
-1.494822e-01
-1.110999e-01
-1.364076e-01
-2.565289e-01
-1.210194e-01
-2.604163e-01
-1.958198e-01
-2.417606e-01
-2.264972e-01
-2.711833e-01
-1.751958e-01
-2.743967e-01
-1.229113e-01
