-5.569731e-02
6.977898e-02
6.906180e-03
4.569044e-02
2.659250e-02
-3.954531e-02
3.965188e-02
2.784211e-03
-2.497493e-02
2.122353e-02
4.049611e-02
-2.188959e-02
-5.711520e-02
3.908284e-02
2.291658e-02
-1.973077e-04
-4.962242e-02
7.509567e-03
7.648638e-02
7.939039e-02
-1.041262e-01
-2.563056e-02
4.293441e-02
5.253294e-02
-5.757119e-02
-2.072004e-02
-1.628384e-02
-1.571270e-02
1.256886e-02
-1.256852e-02
1.544533e-02
-2.053863e-02
-1.432682e-02
1.001181e-02
2.829057e-02
-2.061698e-03
-3.807705e-02
9.056436e-04
1.458590e-02
1.830799e-02
-2.123246e-02
2.768792e-02
-1.582351e-02
2.853211e-02
-1.660785e-02
2.880900e-02
-2.589625e-02
-2.466923e-02
7.273427e-03
4.108610e-02
3.662712e-02
2.354904e-02
2.698532e-02
2.127249e-02
-1.309750e-02
-3.261691e-02
1.865145e-02
-2.233342e-02
1.322891e-02
-1.454429e-02
1.132669e-02
1.439665e-02
-2.964909e-02
-2.292558e-02
5.954457e-02
1.809428e-02
-6.292567e-02
-2.125563e-02
3.712296e-02
4.322872e-02
-9.372882e-02
-2.042121e-02
-1.778283e-02
-1.262657e-02
2.094425e-02
-3.528217e-03
6.538067e-03
1.242908e-02
1.973134e-02
-5.896751e-03
-1.264220e-02
3.920014e-02
2.804938e-02
-8.254176e-03
3.482575e-02
-1.079764e-02
-5.041380e-03
2.123111e-02
-5.035782e-03
9.807118e-03
4.881358e-02
-3.948784e-02
-4.050503e-03
-4.646068e-03
3.478764e-02
-1.261140e-02
-1.677535e-02
1.276547e-02
1.339858e-02
4.113574e-02
4.175351e-02
4.285065e-03
3.065865e-02
2.757433e-02
2.955081e-02
-6.011470e-03
3.507952e-02
-9.051812e-03
-4.456823e-03
1.008364e-02
8.623452e-03
-3.119486e-03
1.982374e-02
-9.727278e-04
-2.392656e-02
4.123874e-03
-1.370932e-02
1.027106e-02
3.208468e-02
9.138970e-03
1.038315e-02
6.614363e-03
4.085151e-02
1.963857e-02
1.095053e-02
2.321031e-02
-5.642683e-03
4.632207e-02
1.303538e-02
2.397984e-02
-3.194140e-02
2.425215e-03
3.863950e-02
-6.085673e-02
4.219326e-02
1.823928e-02
2.016046e-02
1.621888e-02
1.911112e-02
-1.685138e-03
1.390329e-02
-5.963577e-03
-1.129070e-02
-6.414383e-03
-2.516948e-02
-6.804349e-02
7.134518e-02
-8.970041e-02
1.526153e-02
7.791892e-02
4.252368e-02
3.570420e-02
-2.854479e-02
3.699834e-02
-8.572442e-03
-2.393046e-02
-9.993849e-03
7.024244e-02
2.606422e-02
8.549738e-02
-9.056866e-03
6.709000e-02
-1.157195e-01
-1.241829e-01
-7.484043e-02
-1.038144e-01
-7.178725e-02
-1.108144e-01
-7.068991e-02
-8.831706e-02
-7.382528e-02
-5.962129e-02
-9.028851e-02
-1.094755e-01
-4.364503e-02
-1.452887e-03
-5.176611e-03
-2.181262e-01
-3.559322e-02
1.282798e-02
-1.511881e-02
-9.951385e-03
2.668102e-02
-7.026111e-02
-1.987779e-01
-1.220349e-01
-2.163311e-03
-1.220135e-01
-1.130981e-01
6.656208e-02
-2.383694e-02
-4.945550e-02
3.018932e-02
-8.978445e-02
-6.252785e-02
-9.567910e-04
1.224652e-02
-1.977361e-02
-6.872500e-02
-6.308444e-02
-7.858957e-02
6.729094e-02
-9.410026e-02
-2.698649e-02
-3.713045e-02
-9.747466e-02
-8.225661e-03
-1.081351e-01
7.583455e-02
2.714503e-02
-1.650789e-02
1.002707e-01
2.359169e-01
-2.899564e-02
4.235815e-02
1.848372e-01
8.624746e-03
9.975379e-02
9.925076e-02
1.333758e-01
1.295485e-01
1.660100e-01
-1.815244e-02
7.776488e-02
8.553090e-02
-1.337087e-01
-1.974337e-01
-1.194795e-01
-6.003364e-03
-1.067513e-01
-1.323106e-01
-1.903148e-02
-9.138905e-02
-8.204597e-02
-5.098573e-02
-8.374503e-02
-5.395851e-02
4.511241e-02
-1.984918e-02
-6.743641e-02
1.711755e-02
-3.471477e-02
-1.863416e-02
-1.356188e-02
-1.617596e-02
4.613443e-02
-1.234240e-02
-3.387406e-02
-4.712677e-02
2.127934e-02
-2.978848e-02
1.647803e-02
1.908421e-04
-2.466625e-03
-2.652651e-02
-2.983774e-02
-7.988129e-03
-1.588773e-02
-1.144379e-01
-7.785080e-02
-4.036850e-02
-1.234871e-01
-1.387806e-01
-7.281227e-02
-5.372883e-02
-4.125930e-02
-2.420341e-02
-5.798138e-03
7.148735e-03
6.421671e-02
9.588012e-02
1.716175e-01
9.819438e-02
1.641992e-01
3.124723e-01
1.870034e-01
1.346311e-01
3.311394e-01
2.133494e-01
1.370683e-02
-5.676819e-02
3.770081e-03
2.354509e-02
-1.854065e-02
2.737981e-02
-1.937392e-02
-1.775319e-03
-7.665395e-03
-4.604580e-02
-1.189876e-01
-1.655667e-01
-2.182298e-01
-1.937561e-01
-9.278660e-02
-1.260336e-01
-8.037999e-02
-4.134915e-02
-2.378823e-02
-2.286969e-02
-1.900247e-02
-2.853470e-03
-8.625637e-02
-8.970246e-02
-9.169129e-02
-3.849202e-02
-6.097914e-02
-2.725072e-01
-1.787051e-01
-9.028330e-02
-1.331099e-01
-2.681819e-01
-3.013126e-01
-8.706021e-02
-1.655696e-01
-2.707607e-01
-4.547078e-02
6.752264e-03
9.165061e-02
-8.947281e-02
9.295097e-03
1.711500e-02
-8.095368e-03
4.788920e-02
7.274640e-02
-1.174895e-01
-7.877840e-02
-1.234070e-01
-1.337606e-01
-2.068586e-01
-1.222196e-01
-8.185535e-02
-1.692087e-01
-1.225836e-01
-3.842673e-02
-2.213085e-02
1.320191e-03
-8.642067e-02
-2.924440e-02
-7.080733e-02
-2.729047e-02
-2.419314e-02
2.505007e-02
-1.097947e-02
-5.774921e-04
5.063685e-02
-6.361205e-02
3.658760e-02
-6.213040e-02
-4.321174e-02
5.684592e-02
8.431866e-02
-2.314541e-02
-1.133918e-01
-3.911045e-02
4.003864e-02
-1.042867e-01
-1.119498e-01
-5.790696e-02
-6.097052e-02
-9.508228e-02
-2.643011e-02
-1.228974e-02
1.495937e-02
-7.354808e-02
-6.199433e-03
4.805761e-02
7.862493e-02
1.110808e-01
1.283918e-01
-3.241400e-02
-3.764461e-02
1.419481e-02
-1.394842e-01
-7.360636e-02
-9.119692e-02
-6.876359e-02
-1.007692e-01
-8.361237e-02
5.527783e-02
4.932307e-02
-9.910188e-03
1.905117e-01
7.862934e-02
-2.271835e-02
1.374085e-01
8.413032e-02
2.554950e-02
-1.613059e-01
-1.073704e-01
-4.448248e-02
-1.841198e-02
2.243316e-02
7.037258e-03
-3.468882e-03
9.119221e-02
5.979791e-02
2.550274e-02
5.082901e-02
1.232031e-01
1.284450e-01
3.213282e-02
9.173235e-02
1.220599e-01
1.117391e-01
8.983997e-02
1.101533e-01
1.961971e-02
2.904980e-02
3.480934e-02
-2.241337e-02
-8.130720e-02
4.230113e-02
-3.184282e-02
-9.788486e-02
-4.291316e-02
-1.169975e-01
3.410698e-02
-2.668462e-01
-2.212698e-01
-1.444951e-01
-1.047067e-01
-1.857315e-01
-1.171144e-01
-3.573325e-02
4.024685e-02
-4.332782e-02
6.194770e-02
-7.333094e-02
-5.878093e-02
6.783301e-02
1.175965e-02
-2.083312e-03
7.706958e-02
1.217355e-01
-2.575171e-02
9.474207e-02
4.576187e-02
-6.334776e-02
-6.214110e-02
2.205002e-02
1.333535e-01
-7.527013e-02
-2.767991e-02
6.491185e-02
4.896663e-02
-3.798502e-02
1.643428e-02
1.008489e-01
4.790243e-02
-8.798844e-03
-1.288952e-01
6.669506e-02
7.017272e-02
-7.622454e-02
-1.114639e-02
8.053946e-02
8.070698e-02
3.047312e-02
-3.061596e-02
6.807827e-02
5.561133e-02
-2.304737e-02
2.827722e-02
1.697937e-02
6.659355e-04
3.219756e-02
4.189718e-02
-8.311141e-03
-8.652710e-03
-9.589036e-03
-2.830167e-02
1.075601e-01
1.578128e-01
2.072372e-02
-5.925538e-02
-3.069123e-02
-8.935779e-02
-3.529856e-02
-6.178126e-02
-7.193081e-02
4.349063e-03
-7.345579e-03
-2.820950e-02
1.638717e-01
1.386645e-01
5.671836e-02
5.398031e-02
3.881261e-02
-4.099067e-02
1.753109e-02
-4.944533e-02
-4.060262e-02
5.000758e-03
-2.017169e-03
-6.397869e-03
-7.290186e-02
-3.840622e-02
3.578233e-02
9.960277e-02
-1.484132e-02
-5.411851e-02
9.612376e-02
6.455389e-02
-7.845088e-02
7.992839e-02
4.197584e-02
1.987433e-02
4.809093e-02
8.638715e-02
-1.422170e-02
-1.161355e-02
8.721544e-02
-1.039724e-02
9.477609e-02
5.452562e-03
-5.944447e-02
3.780919e-02
-1.907003e-02
2.796990e-02
-4.964896e-03
3.468003e-02
2.487187e-02
-1.616414e-02
-2.592713e-02
-5.114129e-03
-5.271183e-02
2.266122e-02
-2.045314e-02
4.464737e-02
8.852012e-03
-1.660513e-02
4.636183e-02
3.088108e-02
-1.253837e-02
4.120458e-02
5.705541e-03
-2.315562e-02
8.807006e-02
7.760818e-02
-3.316845e-02
-2.034649e-02
-4.427141e-02
-1.001419e-01
-1.240203e-02
-5.718708e-04
-6.663501e-02
5.491369e-02
2.937806e-02
1.117812e-02
3.406533e-03
6.442725e-03
1.410061e-02
2.220858e-02
-1.026292e-02
1.793618e-02
-1.366048e-02
3.319355e-02
9.269125e-03
7.477676e-03
-5.510679e-02
1.286414e-02
-8.998901e-03
-3.555947e-02
-1.506633e-02
-5.580495e-02
2.542187e-02
-5.987466e-03
-5.541212e-02
-5.068120e-02
-4.038566e-02
9.288906e-04
-3.268964e-02
-5.275330e-02
4.984618e-02
3.190292e-02
-1.645678e-02
5.300152e-02
-6.134884e-03
-7.962376e-02
-1.029040e-01
1.029721e-01
1.272801e-01
-1.966429e-01
3.061500e-02
1.176179e-01
-1.269606e-01
-1.139710e-01
-7.826307e-02
-1.351181e-01
-1.565249e-01
-6.194966e-02
-7.026828e-02
-2.238642e-02
-5.186496e-02
-1.799351e-01
-1.763615e-01
-3.324312e-02
-1.785244e-01
-3.444896e-01
-8.550508e-02
-1.745450e-02
-2.042228e-01
-1.401024e-01
-2.755056e-02
6.745263e-03
7.983195e-02
5.241662e-02
3.019258e-02
5.362846e-02
4.071476e-02
5.701486e-03
5.424843e-02
-2.226662e-02
-3.162787e-02
-1.263417e-01
-3.582351e-02
-2.046143e-01
-6.143276e-02
3.482008e-02
-1.915736e-03
-8.497038e-02
8.222769e-02
-1.379237e-01
-3.771333e-02
1.358061e-01
4.005004e-02
-9.371763e-02
5.313684e-02
-7.388913e-02
-4.262962e-02
1.902940e-01
5.998432e-02
6.012810e-02
9.056094e-02
1.195377e-01
6.498814e-02
8.206288e-02
4.864560e-02
8.279221e-02
-3.280933e-02
-5.778222e-02
-9.823281e-02
-5.483754e-02
-1.929292e-01
-7.514766e-02
-3.809327e-02
-1.092978e-01
-9.569754e-02
1.122380e-01
1.055718e-01
-6.462163e-02
4.408801e-02
8.348569e-02
-4.267705e-02
-8.211274e-02
2.398725e-02
-5.663517e-02
1.263637e-01
1.286102e-02
7.416454e-02
1.810752e-02
3.705510e-03
2.084287e-01
3.255405e-02
1.103295e-01
1.345053e-01
-1.112362e-01
-1.554702e-01
9.813568e-03
-3.421099e-02
-8.026671e-02
-7.199986e-02
-9.532619e-02
-5.638665e-02
-7.242759e-02
3.576201e-02
4.347184e-02
2.038842e-01
1.239397e-02
1.167833e-01
1.439571e-01
4.502324e-02
5.404762e-02
1.285739e-01
1.912218e-03
3.158580e-02
1.028339e-01
8.749431e-02
3.311782e-02
3.798024e-02
1.343454e-01
4.082146e-02
3.565188e-02
-4.890894e-03
4.558171e-02
5.149225e-02
4.796906e-02
-2.226290e-02
1.952732e-01
8.575427e-03
3.482312e-02
1.686857e-01
-1.331185e-01
-2.110870e-01
-8.247469e-02
-7.526598e-02
-4.877704e-02
-2.052075e-01
-5.726055e-02
-1.143981e-01
-9.935997e-02
-7.603245e-02
-3.641394e-03
-6.178350e-02
-1.557926e-01
-1.961377e-03
-6.841083e-02
-1.729854e-01
-1.634576e-01
-8.064989e-02
5.727706e-02
4.392995e-02
-5.496798e-02
4.620011e-02
-3.810200e-02
1.397742e-03
1.044516e-02
7.253062e-03
3.189939e-02
-3.477280e-03
-1.843660e-02
2.377756e-02
9.366819e-03
-1.758878e-02
-3.345225e-02
3.559853e-03
-6.798120e-03
7.395761e-03
-2.143422e-03
3.831124e-02
3.751894e-02
2.955010e-02
-2.582688e-02
-5.120269e-02
2.119313e-03
4.292500e-02
-2.387110e-02
1.479131e-02
4.332552e-03
6.821318e-03
3.936559e-03
5.270396e-03
1.727502e-02
2.166872e-02
2.433638e-02
3.256767e-02
2.329031e-02
-2.169696e-03
2.723385e-02
1.118239e-02
-5.869542e-03
-3.481779e-02
1.729371e-02
-7.146859e-03
4.066105e-03
1.370155e-02
1.870976e-02
3.339802e-02
-2.735722e-02
-5.981086e-02
-3.879864e-02
3.534496e-02
6.390703e-02
4.104726e-02
9.099144e-03
1.784573e-02
1.404016e-02
-1.609433e-02
4.706854e-03
7.984550e-03
-4.232636e-02
-2.229097e-02
6.601705e-03
-3.377925e-02
-4.105987e-02
3.592716e-02
-6.274683e-02
-1.233413e-02
-1.445716e-02
-1.602296e-02
2.014129e-03
-4.011223e-03
-1.827184e-02
1.515479e-02
-1.601519e-02
-3.068018e-02
-1.343945e-02
-2.517755e-02
-4.642389e-02
-2.083445e-02
3.624852e-03
2.565041e-02
-4.095668e-03
1.535910e-02
-4.010292e-03
-4.860539e-03
1.912401e-02
-5.299078e-03
-4.562201e-03
1.952167e-02
2.444201e-02
3.066991e-02
-1.076948e-02
-3.414705e-02
-4.221676e-02
-3.436160e-02
1.188410e-02
1.172921e-03
-6.000706e-03
2.694692e-02
1.678386e-02
2.215710e-02
5.611771e-03
-6.404458e-03
-1.161249e-02
1.155496e-02
1.360341e-02
-6.958903e-03
9.610063e-03
2.050821e-02
2.018785e-02
-1.407660e-02
-8.660451e-03
4.315616e-04
5.811582e-03
-2.704278e-02
-2.092069e-03
-2.652384e-02
-2.536246e-02
3.057430e-03
-1.181249e-02
1.878790e-02
2.792214e-03
-7.317483e-03
1.251331e-02
2.729902e-03
4.993364e-03
-2.070982e-02
2.280462e-03
-2.281865e-03
1.462645e-02
1.247062e-02
-2.321508e-02
-2.531214e-03
-1.006085e-02
3.308959e-02
-2.567422e-02
-1.451913e-02
1.118172e-02
-4.592530e-02
-6.970349e-02
1.455952e-02
-1.170009e-02
-2.860525e-02
-2.071823e-02
1.895503e-02
-8.499982e-03
3.411857e-02
1.483551e-01
3.911850e-02
1.529056e-02
2.276991e-02
4.380546e-02
-6.036821e-02
1.056836e-01
7.675823e-02
1.073484e-03
1.467446e-01
2.155479e-02
1.325608e-01
7.486651e-02
-7.351296e-02
2.137025e-02
-2.240570e-03
8.409544e-02
-9.399607e-02
1.129250e-01
7.524224e-02
8.024450e-02
4.908149e-02
6.459223e-02
-1.171825e-02
3.512584e-03
3.527416e-03
9.246136e-02
1.180653e-01
-2.349737e-03
5.262404e-02
1.959858e-01
-8.386470e-02
5.742513e-02
9.993801e-02
-7.800729e-02
4.799931e-02
2.187220e-02
-3.445612e-02
5.938916e-02
1.146281e-03
-6.195552e-02
-3.470280e-02
-3.479051e-02
-3.538051e-03
9.495588e-02
7.703499e-02
5.357765e-02
8.801190e-02
7.410140e-02
-3.327265e-02
6.092453e-02
-1.022245e-04
5.086147e-02
2.252235e-02
-4.868501e-03
9.150353e-02
-3.987281e-02
-7.011700e-03
2.185780e-02
-1.037578e-01
1.391968e-01
1.705075e-01
1.079463e-01
1.805320e-01
2.665572e-01
3.397813e-01
1.041332e-01
-3.748881e-02
1.252834e-01
-1.143057e-02
-8.371389e-03
1.870430e-01
5.371305e-02
2.474549e-02
9.802892e-02
4.263053e-02
4.158662e-03
6.129029e-03
3.476971e-02
-2.041512e-02
1.070078e-02
3.963243e-02
8.497599e-02
2.899288e-02
4.249346e-02
6.728649e-03
-1.532733e-02
7.126924e-02
4.821868e-02
2.861119e-02
1.235200e-02
1.665771e-01
4.044921e-03
-2.862430e-02
-8.571683e-02
6.851425e-02
-4.985645e-02
-1.014563e-01
7.141747e-02
5.032556e-03
-3.841930e-02
-1.042944e-02
-5.659888e-02
2.910045e-02
-3.083682e-02
1.668325e-01
9.613466e-02
2.538472e-03
-1.293975e-03
1.534928e-01
3.098876e-02
5.576739e-02
2.997715e-02
2.158772e-02
5.138737e-02
2.053243e-02
8.377942e-02
1.349902e-01
2.065170e-01
1.234950e-01
7.830147e-02
1.237154e-01
-5.199218e-02
-6.972975e-02
1.111898e-01
1.088972e-02
1.801640e-02
-7.570851e-03
3.743787e-03
8.393515e-02
-1.481849e-01
3.410855e-02
6.514769e-02
7.655645e-02
9.079715e-02
1.509585e-01
5.494337e-02
6.864988e-02
1.086224e-01
4.772865e-02
1.361960e-01
8.442091e-02
-5.301406e-02
7.534601e-02
4.986154e-02
-5.550149e-02
-8.136286e-02
-3.411836e-02
-2.742328e-02
-8.991201e-02
1.909002e-02
5.338857e-02
-8.975697e-02
-5.258913e-02
-3.454604e-02
-5.443368e-02
-6.047292e-02
-4.671219e-02
-9.522257e-02
5.954346e-02
8.309598e-02
-1.109313e-01
-6.931860e-02
1.614171e-03
-2.404285e-02
-1.168675e-01
-2.742537e-02
2.088074e-02
3.230186e-02
2.363059e-02
2.774447e-02
7.599638e-03
3.404965e-02
5.572141e-02
2.416030e-02
9.132301e-03
-8.870853e-04
6.919371e-02
1.626807e-01
-3.128674e-02
1.803258e-01
1.244899e-01
1.479331e-02
5.358982e-02
1.101595e-01
-5.451414e-02
5.139043e-02
6.452716e-02
-8.272374e-02
3.367003e-02
4.852351e-02
-1.452140e-01
-6.774378e-02
-9.836925e-02
7.752360e-02
-2.135592e-02
-3.476099e-02
7.437752e-02
-7.411710e-03
-1.483359e-02
5.223333e-02
-2.294405e-02
-2.148206e-02
-9.218141e-02
-9.627489e-02
-5.531779e-02
-2.606183e-02
-1.368213e-01
-5.415750e-02
1.364114e-01
-1.059904e-01
-1.033424e-01
9.895954e-02
5.746916e-02
-3.513532e-02
7.293660e-02
4.360606e-02
-2.145331e-02
-1.936058e-02
-2.079215e-03
-1.802251e-02
-1.336885e-02
1.070039e-02
-1.596045e-02
2.164678e-02
-3.531151e-02
1.834529e-03
-1.668473e-02
-1.649083e-02
-1.279975e-03
-4.433198e-02
2.902891e-02
-9.593346e-03
-1.225154e-01
-6.935427e-02
-4.125330e-02
-7.880015e-02
-3.728626e-02
-1.063125e-01
-3.882651e-03
5.466883e-03
-7.065451e-02
5.850911e-02
1.000418e-01
-3.624417e-02
5.277502e-02
-3.106628e-02
-8.343521e-02
-5.276184e-02
1.331958e-02
-2.309505e-02
-7.767954e-02
-7.168650e-02
-8.343284e-02
-6.688181e-02
-1.124121e-01
-1.370635e-01
-1.042837e-03
-3.668161e-02
-3.368401e-04
-3.119820e-02
-9.658469e-02
-4.101378e-02
-2.702959e-02
-1.101041e-01
-9.270582e-02
9.337568e-02
6.012545e-02
8.406489e-02
1.116756e-01
-6.346946e-03
1.188706e-01
8.952525e-02
4.625443e-02
-3.246466e-02
8.036834e-02
1.088734e-01
4.007288e-02
5.423179e-02
4.626376e-02
-2.270678e-02
1.117953e-01
1.497817e-01
6.584881e-02
5.252107e-02
7.293925e-03
1.962690e-02
4.464436e-02
-2.379061e-02
-1.861948e-02
1.165935e-01
-2.963018e-02
-7.605182e-02
-2.578254e-03
-1.359495e-01
-1.279358e-01
8.443568e-03
-1.220854e-01
-1.534750e-01
2.506265e-02
-9.820827e-03
-9.410971e-02
-1.172659e-01
-3.156827e-01
-2.526498e-01
-1.374170e-01
-2.933437e-01
-2.771157e-01
-8.846869e-02
-1.886763e-01
-2.500482e-01
-8.469391e-02
-4.405033e-02
-6.393066e-02
-1.742698e-02
-4.117930e-02
-6.315450e-02
3.432008e-02
1.595219e-03
1.892688e-02
-2.802173e-02
-1.153008e-01
-6.783602e-02
-9.723392e-02
-2.424999e-01
-2.469057e-01
-6.032621e-02
-1.399448e-01
-1.041820e-01
9.123881e-03
-1.032343e-01
-1.093047e-01
-6.234382e-02
-7.804408e-02
2.647835e-02
-1.965776e-04
-6.599083e-02
-2.372849e-02
3.390220e-02
1.799759e-03
-8.434064e-03
3.544660e-03
1.223994e-02
-2.815392e-02
3.099272e-03
-4.840833e-02
-2.048363e-04
-7.255406e-02
-2.038965e-01
-1.530337e-01
-1.003325e-01
-1.811487e-01
-2.057378e-01
2.987698e-03
-6.644379e-02
-1.088719e-01
4.715970e-03
9.231403e-02
4.935753e-03
2.734810e-02
2.555371e-02
3.961683e-02
-1.781307e-03
1.916190e-02
-1.258226e-02
7.197182e-02
6.767811e-02
5.860757e-02
1.433131e-01
7.133069e-02
1.233568e-02
1.269054e-01
2.637203e-02
-7.423928e-02
-7.912055e-02
-1.965130e-01
-2.125745e-01
-1.363788e-01
-1.630602e-01
-9.099917e-02
-2.004451e-02
-6.371183e-02
-1.141055e-01
-1.734784e-02
7.965304e-02
6.566785e-02
3.639650e-02
8.511366e-02
9.575933e-02
-1.660850e-02
9.730677e-02
8.021726e-02
-1.008685e-01
-1.884118e-01
-1.800419e-01
-9.161179e-02
-1.571723e-01
-1.452202e-01
-3.778491e-02
-1.590632e-01
-2.870546e-02
1.032107e-01
6.048249e-02
1.112610e-01
3.681090e-02
5.991761e-02
4.268915e-02
7.986914e-02
1.335885e-01
1.180982e-01
-6.126318e-02
2.613624e-03
-1.118824e-01
-2.587505e-02
-7.606748e-02
-6.480177e-02
5.339516e-02
2.577440e-02
7.521775e-03
-1.843196e-02
-9.542398e-02
-4.580799e-02
7.071151e-02
-6.626931e-02
-7.337269e-02
8.419178e-02
-3.122403e-02
-9.506720e-02
-3.609998e-02
-5.057568e-02
-7.848763e-02
9.231014e-05
-6.225296e-02
-1.934990e-02
2.117562e-02
-1.773741e-02
3.355781e-02
3.680529e-02
4.907106e-02
-5.088066e-02
1.304248e-02
4.630074e-02
4.983669e-02
-1.813692e-02
2.892642e-02
-3.794241e-03
6.721196e-02
-5.207786e-02
-5.373458e-02
4.211568e-02
1.122514e-01
-4.205837e-03
-6.603754e-02
-5.658761e-03
3.905493e-02
-2.309546e-02
1.529363e-02
-6.903555e-03
2.849785e-03
-1.447100e-02
-4.481458e-03
9.890089e-04
7.785460e-03
3.068289e-03
3.793670e-02
2.261251e-02
2.810875e-02
-3.023379e-02
-7.359145e-02
-5.898380e-02
5.748251e-02
-5.295017e-03
-2.644422e-02
-8.221957e-03
-6.631916e-02
-6.320911e-02
-8.096267e-03
-1.969430e-02
-5.259890e-02
3.098929e-02
3.080940e-02
2.016113e-02
-5.134717e-02
1.588912e-02
6.240438e-03
-3.999781e-02
2.566844e-02
-1.041084e-02
-7.123947e-03
4.321502e-02
-2.614510e-02
-1.784538e-02
3.016269e-02
-2.250588e-03
-4.805524e-02
2.283395e-02
3.982496e-02
-1.971867e-02
-4.748791e-02
9.876642e-03
-2.050574e-02
-9.549300e-03
2.955116e-02
-2.000508e-02
1.436363e-03
3.468018e-02
1.321285e-02
4.280857e-03
1.980603e-02
1.558900e-02
2.686040e-03
-4.188072e-03
2.009084e-02
1.530239e-03
1.407275e-02
3.454570e-02
8.806214e-03
5.080649e-02
-1.616654e-02
-6.830078e-02
-3.488134e-02
7.408741e-02
1.879067e-02
-5.654183e-02
1.792422e-02
6.519923e-02
4.983678e-02
1.181747e-02
-1.008477e-02
9.394424e-03
-1.618544e-02
-1.550302e-02
1.283980e-03
-6.692110e-02
-5.081928e-02
-2.157753e-02
3.545864e-02
-2.354806e-03
7.260439e-03
6.379890e-02
1.774493e-02
2.037080e-02
-7.549397e-03
1.445898e-02
3.553413e-02
3.779181e-02
5.185355e-02
5.921563e-02
-1.827580e-02
2.056223e-02
3.941253e-02
5.195297e-03
3.251193e-02
2.798676e-02
-3.601076e-02
3.368828e-02
-7.134646e-03
4.280185e-02
-1.857278e-02
-1.283866e-02
-4.888386e-02
-5.090054e-02
1.365796e-03
2.401859e-02
4.221661e-02
2.576867e-02
1.826898e-02
4.218652e-02
4.348541e-02
3.664804e-02
2.578102e-02
5.819848e-02
-1.480609e-01
-2.511667e-01
-2.288829e-01
-1.872867e-01
-3.549578e-01
-2.607381e-01
-1.766244e-01
-2.540835e-01
-2.866486e-01
2.707838e-02
3.641179e-03
8.112034e-02
5.753924e-02
2.567838e-02
1.839253e-01
-5.106900e-02
4.967492e-02
2.962398e-02
9.377216e-02
1.547031e-01
1.196158e-01
3.423287e-02
2.438519e-01
1.926839e-01
1.941970e-03
1.777095e-01
2.000064e-01
1.396683e-01
1.537816e-01
1.637611e-01
2.072352e-01
1.542906e-01
1.675033e-01
1.394209e-01
2.244835e-01
2.072142e-01
7.943206e-02
-8.166030e-02
-1.064737e-01
6.098765e-02
-7.941559e-02
-8.623059e-02
-1.011152e-01
-1.434634e-01
-1.439193e-04
-1.141553e-02
-1.400128e-01
-1.047938e-01
-7.777631e-02
-2.238225e-01
-1.343927e-01
1.016395e-01
-7.704571e-02
5.454366e-03
-9.946179e-02
-1.644986e-01
-1.527601e-01
-7.124503e-02
-1.605397e-01
-1.124992e-01
2.096448e-02
5.542258e-03
-8.749679e-02
1.067358e-02
2.089549e-02
5.479240e-02
-5.927075e-03
3.628305e-02
1.176124e-01
-5.758068e-02
9.496608e-02
1.115478e-01
-1.113036e-01
-6.514698e-02
-7.505819e-02
-5.692822e-02
-7.430352e-02
-1.269829e-01
-1.353427e-02
-7.133961e-02
-1.482125e-01
3.808426e-02
-6.888866e-02
-6.166882e-02
1.082984e-02
-2.521761e-02
-6.379960e-02
-2.176855e-02
-7.716367e-02
-1.605145e-01
2.235135e-02
3.109518e-02
-5.099528e-03
-3.638632e-02
3.104842e-02
1.143809e-01
-3.302551e-02
-3.367738e-03
7.606750e-02
-9.643053e-02
-2.078408e-01
-1.537158e-01
-1.625437e-01
-1.498140e-01
-1.259864e-01
-5.519463e-02
-1.988172e-01
-1.767311e-01
5.586671e-02
1.018461e-01
8.795582e-02
-2.821553e-02
1.705343e-01
1.609841e-01
-6.878839e-02
5.425605e-02
1.333570e-01
1.130386e-01
1.635802e-01
5.884596e-02
8.811899e-02
1.501977e-01
6.301944e-02
1.161132e-02
1.016522e-01
1.190728e-01
-2.150692e-02
1.081060e-01
1.049937e-01
8.919612e-02
1.943919e-01
2.205595e-01
8.924838e-02
2.154360e-01
1.868890e-01
4.289070e-02
1.093380e-01
8.337390e-02
-4.119731e-02
1.667459e-01
1.125491e-01
6.030514e-03
7.819211e-02
1.388581e-01
-7.846787e-02
-1.671360e-01
6.271737e-03
-6.897745e-02
-9.129456e-02
-9.791794e-03
-4.525961e-02
-1.154254e-01
-5.127845e-02
2.066889e-03
-2.445711e-02
-5.975341e-02
-7.404905e-02
-1.426435e-01
-1.101589e-01
-5.206129e-02
-9.634242e-02
-4.477323e-02
7.714205e-02
-1.409282e-02
7.401083e-03
-7.707987e-02
-6.135538e-02
-1.009656e-01
-5.536048e-02
-5.662359e-02
-7.418454e-02
-5.382365e-02
-7.168354e-02
-3.272102e-02
-4.427652e-02
-8.503363e-02
-3.357815e-02
-4.326925e-02
-6.800857e-02
-3.395574e-02
1.595973e-01
1.557044e-01
9.793235e-02
9.403234e-02
1.756870e-01
1.755605e-01
1.790226e-01
7.253470e-02
2.339096e-02
4.046430e-02
9.547953e-02
6.519452e-02
2.064928e-02
5.473447e-02
6.696929e-03
8.157866e-02
2.631783e-02
1.449061e-02
-1.144798e-01
-9.747452e-02
-8.413791e-02
-1.296486e-01
-8.138855e-02
-6.371938e-02
-9.011970e-02
-7.583042e-02
3.280523e-02
-1.036739e-01
-8.417331e-02
-1.056675e-01
-1.680709e-01
-2.129818e-01
-2.193981e-01
-2.046537e-01
-2.550618e-01
-8.662451e-02
-4.085739e-02
-1.139716e-01
-7.446808e-02
-1.116464e-01
-1.104886e-01
-5.383771e-02
-1.654055e-02
-8.216647e-02
-5.911702e-02
1.849976e-02
-1.759448e-02
-2.654401e-02
5.443219e-02
-4.834764e-02
5.608500e-04
-1.474162e-02
2.253891e-03
3.805360e-03
-2.813869e-02
-2.252859e-02
-4.171339e-02
-5.117274e-02
-4.589223e-02
-1.191711e-01
1.473246e-02
-4.453272e-02
-3.920997e-02
-6.269848e-02
-5.450645e-02
6.606138e-03
5.247482e-04
4.304946e-02
-2.617321e-02
5.748571e-02
8.711046e-03
-5.324483e-02
-6.378943e-02
-1.184176e-01
-9.615733e-02
-1.138084e-02
-8.148903e-02
-1.129460e-01
-5.415639e-02
-1.190574e-01
-1.499690e-01
6.365938e-02
2.362183e-02
8.429188e-02
-3.798699e-03
4.989677e-02
1.828171e-02
-4.097668e-03
-1.131606e-03
3.788656e-02
-9.264128e-03
-4.013497e-02
-4.938183e-02
-6.859230e-02
-1.285833e-01
-1.030512e-01
-9.268381e-02
-1.462264e-01
-1.601135e-01
1.898644e-02
6.428687e-02
1.272463e-01
4.227693e-03
-4.054570e-02
2.464948e-02
-1.174793e-01
-1.019530e-01
-3.564134e-02
2.076169e-02
-1.008920e-01
-7.856502e-02
6.459443e-03
3.441600e-01
3.095161e-01
2.200916e-01
4.109592e-01
3.389925e-01
-1.655779e-02
-1.065235e-01
-1.006699e-01
7.190590e-02
2.410933e-02
-4.649934e-02
-8.326530e-02
3.844396e-02
1.735410e-02
-5.010290e-02
-7.553301e-02
8.749451e-02
2.471646e-01
-2.066359e-01
-4.597330e-02
1.256021e-01
9.967978e-02
-4.053689e-02
5.119754e-03
4.406732e-02
-1.348078e-01
9.463825e-02
-4.954823e-02
-7.171370e-02
9.463999e-02
1.334078e-02
-4.896326e-03
-9.714068e-02
-7.538755e-03
-1.033241e-01
1.169439e-01
-1.689072e-01
3.278702e-02
-1.678869e-01
8.340702e-02
8.295607e-03
1.515030e-01
7.972997e-02
5.374250e-02
-1.281659e-01
1.105841e-01
-1.240719e-01
-4.942510e-02
-1.298129e-02
1.428235e-02
6.884994e-02
4.047308e-02
-4.628573e-02
1.720389e-01
1.821927e-01
6.327955e-02
1.398510e-01
2.311822e-01
1.434146e-01
-8.944272e-02
-2.050295e-01
-1.828631e-01
1.842094e-01
-1.382939e-01
-2.103309e-01
-3.998296e-02
-5.931550e-02
-1.328690e-01
-3.634880e-02
-9.557544e-02
-1.953576e-02
-8.927722e-02
6.463811e-02
9.123587e-02
-1.310268e-01
4.089386e-02
9.677581e-02
-1.565053e-02
-1.307194e-01
9.448160e-02
-2.719009e-03
1.311186e-01
2.042160e-01
5.924914e-02
2.410690e-01
1.658686e-01
-1.280417e-02
8.430888e-02
6.679955e-02
-8.882611e-02
-1.067182e-01
-5.652521e-02
8.519210e-02
1.086533e-01
-7.886178e-02
2.610617e-01
1.949271e-01
1.199222e-01
9.847412e-02
2.757567e-01
7.023877e-02
1.479245e-02
4.242823e-02
1.458751e-01
-1.178885e-01
7.587083e-02
4.010843e-02
-1.476585e-02
-3.639697e-02
-6.786562e-02
-5.882766e-02
-7.622747e-02
-7.143596e-02
3.961714e-03
-8.004041e-02
6.852285e-02
6.882561e-02
-1.464592e-01
8.559544e-02
-3.218215e-02
1.430114e-01
-7.918832e-04
1.389666e-01
7.529926e-03
-6.490909e-02
1.441755e-01
2.139994e-01
2.971333e-02
1.304065e-01
5.697864e-02
5.864568e-02
-2.633273e-02
7.046151e-02
-7.330210e-02
-1.104132e-03
-2.510789e-02
-6.479308e-02
-1.947463e-02
-6.330004e-02
-2.495653e-02
-1.591713e-01
-1.027458e-01
-1.173828e-01
-9.055956e-02
-8.705018e-02
-9.017562e-02
-4.732453e-02
-1.478163e-01
-1.744732e-01
-8.664067e-02
-3.921866e-02
-2.386096e-02
-2.470488e-02
-3.146310e-02
5.334596e-03
1.001719e-02
-6.478783e-02
-7.439909e-02
7.413328e-02
1.052981e-01
3.891153e-02
-2.646240e-02
6.333797e-02
1.065244e-02
6.886191e-02
7.155439e-02
-6.719417e-02
-8.999179e-02
-9.108664e-02
2.765297e-02
-2.670460e-02
-4.361279e-02
-9.381495e-04
5.866374e-02
-6.425175e-02
-4.479668e-02
1.591646e-01
3.252741e-01
2.385122e-01
9.193660e-02
6.721378e-02
9.822212e-02
1.537423e-01
3.258106e-01
2.425540e-01
1.694198e-01
2.393176e-01
2.511244e-01
2.535287e-01
3.230194e-01
4.168952e-01
1.361440e-01
3.335616e-01
3.226117e-01
-1.565402e-02
-8.895431e-02
-1.137823e-01
-4.315124e-02
-1.345692e-01
-5.219415e-02
-3.624859e-02
-1.101769e-01
-2.224867e-02
-9.883922e-02
-1.227028e-01
-1.027926e-01
-3.593197e-03
-1.625180e-02
-5.448826e-02
2.441044e-03
-1.884102e-02
1.717092e-02
-3.557199e-02
3.186627e-02
-2.810009e-02
-1.583245e-03
-4.759787e-03
-3.884604e-03
1.810721e-02
2.862211e-02
-2.390645e-02
-1.907111e-02
-4.260107e-02
-1.189779e-01
-7.805905e-02
-5.975710e-02
-7.831316e-02
-9.239899e-02
-1.678984e-01
-1.263865e-01
-6.739879e-02
-4.248470e-02
-9.288799e-03
1.986875e-02
1.308529e-01
2.988199e-01
3.329059e-02
1.197469e-01
6.425941e-02
2.021846e-02
3.705041e-02
-1.931988e-02
-1.604980e-02
8.175182e-02
4.147071e-02
-2.579119e-02
7.098230e-02
4.245392e-02
7.994159e-02
6.518404e-02
-3.012688e-02
8.264928e-02
9.887251e-02
-2.447308e-02
3.083820e-02
-1.201524e-02
-6.875831e-02
-6.918883e-02
-6.420556e-02
-7.902497e-03
-3.360663e-02
-5.299853e-02
1.280035e-02
-3.633544e-02
-1.164545e-01
-8.262888e-02
-9.514051e-02
-7.649028e-02
-3.641472e-02
-6.732536e-02
-1.805477e-01
-8.411735e-02
-7.581732e-02
-1.268411e-01
-1.110770e-01
-8.908537e-03
-5.627589e-02
3.948102e-02
-6.010997e-04
-2.408177e-03
5.304473e-02
1.188049e-02
2.076421e-02
8.458872e-02
-7.703710e-02
-1.736989e-02
1.238063e-01
1.014878e-01
9.763810e-02
8.561163e-02
3.361209e-02
5.824855e-02
-2.852961e-02
3.117349e-02
1.077728e-01
-7.344405e-03
1.415272e-01
5.721975e-02
1.126798e-01
4.083712e-02
6.584661e-03
1.038182e-01
5.376792e-03
6.152063e-02
2.759802e-02
7.504831e-02
8.301330e-02
8.778957e-02
4.454137e-02
6.691644e-02
9.243062e-02
-3.126887e-02
4.701238e-02
8.601690e-03
-8.852936e-02
-4.387064e-02
3.205543e-03
-1.350841e-02
-1.146351e-01
2.219999e-02
2.743149e-02
-5.660670e-02
-4.841023e-02
2.411731e-02
-2.143968e-02
1.364133e-02
-3.293260e-02
-1.113002e-02
-4.810463e-02
6.231798e-02
1.023107e-01
-5.868375e-04
1.261855e-02
-5.721386e-02
-8.851123e-02
3.741615e-04
-7.699621e-02
1.325663e-02
5.065493e-02
7.424960e-02
4.653512e-02
9.970614e-02
1.461998e-01
1.799344e-01
9.583963e-02
9.848299e-02
1.407526e-01
4.017928e-02
-7.596267e-02
4.817257e-02
2.661913e-02
4.935544e-02
1.036396e-01
-7.226742e-02
5.953846e-02
1.763465e-01
-1.300637e-01
-7.539607e-02
3.209748e-02
-1.416187e-01
-5.914598e-02
7.257740e-02
-9.503329e-02
-4.863663e-02
7.541162e-02
8.120573e-03
9.275783e-02
5.582107e-02
7.665400e-02
1.214585e-01
1.065327e-02
3.235605e-02
-3.683308e-02
1.788628e-02
8.710685e-02
2.947657e-02
-8.340260e-02
1.204656e-01
1.782457e-01
5.555313e-02
6.154500e-02
1.106492e-01
1.423147e-01
2.434466e-02
-6.514574e-02
-8.210377e-02
-1.196341e-02
-6.415457e-02
-5.558850e-02
-2.189549e-02
-2.782118e-02
-6.209397e-02
-1.570391e-02
-2.698794e-02
1.034023e-02
-2.018252e-02
3.865418e-02
1.037939e-01
3.413188e-02
3.093361e-02
9.364302e-02
4.921396e-02
-2.849465e-02
-1.318483e-02
-2.165150e-03
1.685752e-02
-8.461881e-02
-4.951499e-02
-3.506184e-03
-7.828923e-02
-1.288010e-01
6.996427e-02
-6.008943e-02
7.531128e-03
-2.877556e-03
3.813468e-02
-1.822612e-01
-2.104816e-01
4.813870e-02
6.909790e-02
-7.309174e-03
-4.663751e-02
1.151390e-01
2.490048e-02
3.221138e-02
4.754934e-02
4.270107e-02
3.696228e-02
-2.036881e-02
3.545356e-02
8.522521e-02
-5.434494e-02
-2.210756e-01
-3.491980e-02
-4.762163e-03
3.602277e-02
-1.123521e-01
-1.052806e-01
1.698172e-01
9.542336e-02
1.797958e-01
5.874330e-02
5.575221e-02
-3.256827e-03
1.094610e-01
-1.132602e-01
-4.723558e-02
3.698266e-01
6.746258e-02
1.207190e-01
2.476796e-02
1.481873e-01
-1.614225e-02
1.147006e-01
-7.031163e-02
-9.884243e-02
7.193203e-02
-2.191365e-02
7.860523e-02
-7.000394e-02
3.524670e-02
1.633808e-01
1.038696e-02
3.080112e-02
-1.387192e-01
-4.109074e-02
6.225836e-05
-1.419611e-01
-3.958183e-02
7.498655e-02
-1.678522e-02
-1.309252e-01
-1.395301e-01
5.774504e-02
-1.231659e-02
-1.662323e-02
2.175897e-02
9.413201e-02
5.342607e-02
-1.307293e-01
-1.267389e-03
-2.414891e-02
-2.267051e-02
-1.157554e-01
5.750859e-02
-5.357926e-02
-7.103062e-02
-4.082900e-02
5.459438e-02
-3.634167e-03
2.071066e-02
-6.033116e-02
4.319906e-02
2.514897e-01
4.059406e-02
2.077390e-01
5.297865e-02
3.317624e-02
1.199058e-01
-1.116076e-01
5.041498e-02
5.179276e-02
-1.215873e-02
-2.139487e-02
5.452677e-02
-2.862897e-02
-2.544434e-02
-3.194514e-02
-4.291325e-02
3.822055e-02
-1.547515e-02
-2.125074e-02
-1.069200e-01
-1.268768e-01
1.966657e-02
2.378742e-02
-4.314889e-02
-2.867278e-03
1.011388e-01
2.061564e-02
6.735967e-02
8.816364e-02
2.576167e-01
1.239234e-01
1.093735e-01
6.372942e-02
-1.826356e-01
1.933207e-02
-8.614003e-02
-1.364840e-01
3.227895e-02
-1.469696e-01
-9.467439e-03
1.620794e-02
1.230819e-02
-4.489281e-02
6.446301e-03
1.973232e-02
5.187060e-04
1.770455e-01
1.981050e-01
2.210917e-03
1.257379e-01
1.815704e-01
-2.010108e-02
-9.414665e-02
9.607632e-02
8.092864e-02
-5.025861e-02
5.704059e-02
1.067525e-01
-1.406430e-02
1.985201e-02
-6.697106e-02
-7.676189e-02
-3.689433e-02
8.754162e-02
-5.315829e-02
-8.057059e-02
1.524607e-02
-7.997578e-02
-8.689535e-02
-7.591540e-02
3.557101e-02
1.609610e-01
-9.095637e-02
8.251831e-02
3.241095e-01
1.305750e-02
9.527776e-02
6.795077e-03
9.377497e-03
