-5.066518e-02
-1.367210e-01
-1.540426e-01
-4.740175e-02
-7.905015e-02
-1.440612e-01
-3.909661e-02
-4.659546e-02
-5.052476e-02
-2.824466e-02
-2.533709e-02
-4.738740e-02
-4.071141e-02
-9.155003e-02
-7.704992e-02
-4.143815e-02
-9.583437e-02
-8.233543e-02
-1.944281e-03
2.677969e-05
5.310677e-04
4.286631e-04
-1.533650e-03
-8.580735e-04
3.235977e-04
-2.042024e-03
3.557410e-03
1.112911e-02
-5.400274e-02
-8.545457e-03
-6.366447e-03
-7.479431e-02
-5.607758e-02
3.136782e-02
-5.454248e-02
-7.750835e-02
2.468736e-02
-1.123796e-02
-2.115959e-02
1.799470e-02
4.128448e-02
2.377231e-02
4.410228e-02
-6.327511e-03
1.142858e-02
-3.309486e-02
-1.209243e-01
-3.107807e-02
9.181190e-03
-9.661639e-02
-3.096260e-02
-1.216756e-02
-1.679438e-01
-9.457987e-02
5.775253e-02
2.468074e-02
-1.291175e-02
-8.393955e-02
2.477612e-02
-2.506343e-02
1.870211e-02
7.142655e-02
-4.195488e-02
3.815695e-02
2.985213e-04
-1.068268e-01
3.748131e-02
6.888750e-02
-7.446066e-02
6.394026e-02
1.508700e-01
-2.229073e-02
3.234437e-03
-7.417610e-02
6.860916e-02
7.587111e-03
7.946992e-03
9.994419e-02
-7.678205e-03
-7.643747e-02
-5.288994e-03
-1.780370e-04
2.885004e-03
-1.364683e-03
1.444652e-03
-1.676965e-03
2.521372e-04
8.537588e-05
-2.094729e-03
-1.167063e-03
3.086822e-02
-1.041406e-02
-2.633732e-02
-4.815457e-02
-1.153553e-01
-1.532070e-01
2.201358e-02
-2.800460e-02
-4.677270e-02
-7.445230e-02
-2.377411e-03
1.359588e-01
-8.180230e-02
-5.198096e-02
9.890824e-02
-5.706014e-02
-1.786978e-02
1.109967e-01
-2.753731e-02
-6.409124e-02
-1.026787e-02
-2.588947e-02
-9.002881e-02
-1.367382e-01
1.390884e-02
-8.697988e-02
-1.411195e-01
-6.743215e-02
1.077513e-02
-6.296092e-02
-1.313024e-02
5.396752e-02
3.962447e-03
-1.258822e-02
3.390588e-02
-1.106284e-02
-3.424487e-02
-2.172238e-02
3.463843e-02
-1.234975e-01
-1.526313e-01
-7.365572e-02
-9.090477e-02
-1.735107e-01
-7.831976e-02
1.017776e-03
7.179347e-04
-4.324276e-05
1.469069e-03
6.316317e-03
-2.864203e-04
-1.906280e-03
-4.314025e-06
-6.489071e-05
-1.915748e-01
-1.291086e-01
-4.552384e-02
-1.817299e-01
-2.801014e-02
-8.230814e-02
-2.799050e-02
2.112984e-02
2.042422e-02
-3.692164e-03
1.727030e-01
9.777763e-02
1.615402e-02
1.543064e-01
3.173589e-02
-4.272674e-02
1.677715e-01
5.572052e-02
-1.356803e-03
-1.910794e-04
-8.482558e-04
-3.743913e-03
1.975391e-04
3.585221e-04
-2.052034e-03
-1.182720e-03
2.311155e-04
-4.251376e-03
-1.108135e-01
-9.425260e-03
5.616856e-02
-1.138894e-01
-7.475641e-02
-9.769417e-02
-1.438338e-01
-1.610279e-02
5.689700e-02
-5.669242e-02
1.346213e-02
-1.001027e-01
-7.900254e-02
-3.677239e-02
-4.356047e-02
9.481823e-02
1.019233e-01
-9.050347e-03
-1.357562e-01
-4.796867e-03
4.997874e-02
-5.870984e-02
1.603696e-01
1.088321e-01
-8.291127e-04
1.347684e-01
1.441117e-03
1.469843e-02
-1.493613e-01
1.308717e-01
1.226237e-02
-2.273011e-01
9.474557e-02
1.686114e-01
-1.696132e-01
2.729244e-02
-8.755178e-02
-2.020365e-02
1.647690e-01
-2.331619e-01
-1.042818e-02
2.613816e-02
-3.052522e-02
-1.466255e-01
-6.314734e-02
-1.705175e-01
-1.151125e-01
-3.212966e-02
-2.197672e-01
-8.491361e-02
-9.067209e-03
-1.908916e-01
-1.172646e-01
-4.083710e-03
1.629073e-03
1.289835e-03
-2.751676e-03
1.167013e-03
-1.711947e-03
1.303929e-04
8.489704e-04
-3.194742e-03
1.355839e-01
8.246715e-03
9.507298e-02
7.031601e-02
-4.294093e-02
-2.250060e-02
-4.729167e-02
-1.061972e-01
-7.239267e-02
8.998521e-02
9.448348e-03
6.803835e-02
2.198504e-02
-3.814019e-02
-8.914420e-03
2.271647e-02
-1.716022e-02
3.421518e-03
5.507276e-02
-4.930841e-03
-7.635072e-02
1.855604e-02
-2.130424e-03
6.918810e-02
2.006805e-02
-1.269755e-02
4.471767e-02
-2.820627e-02
5.161429e-03
-2.039426e-02
-5.737521e-02
-5.717544e-03
2.551057e-02
-3.728921e-02
-1.195865e-03
2.044724e-02
1.974372e-02
1.191563e-01
-8.891486e-02
3.405394e-02
8.510955e-02
-9.942498e-02
9.482437e-02
1.342185e-01
-3.613062e-02
-1.098739e-04
6.286633e-04
2.384743e-03
-1.039548e-03
2.754930e-03
1.023926e-03
-2.250852e-04
-1.413597e-03
1.466184e-03
3.510394e-02
4.471758e-02
-1.647103e-02
3.709910e-03
8.012905e-03
-4.173546e-02
-3.061816e-02
-6.560669e-04
2.570784e-02
-3.391355e-02
6.331130e-02
9.135160e-03
-3.735764e-02
7.343920e-02
2.458667e-02
-3.474044e-02
6.470402e-02
6.307501e-02
-2.063014e-03
-1.091025e-03
1.363861e-03
1.262875e-03
-2.710453e-03
1.640361e-03
-1.109030e-03
6.989745e-05
1.579451e-03
-8.004609e-03
2.546373e-02
6.444262e-02
5.315372e-02
4.062988e-02
-2.411631e-02
1.494812e-01
4.104612e-02
1.243650e-02
-1.154940e-02
1.945708e-02
-4.688614e-02
-3.452993e-02
5.259428e-02
8.023667e-03
3.388097e-02
1.361647e-01
8.270904e-02
-1.088914e-03
3.753059e-02
8.490226e-02
3.596459e-02
5.491212e-02
1.436362e-01
2.447229e-02
6.976434e-02
1.533296e-01
-1.494311e-01
-1.539831e-01
-3.916717e-02
-7.358660e-02
9.942206e-03
1.463883e-01
-9.244479e-02
6.589872e-02
1.153454e-01
-1.308038e-01
-7.289741e-02
8.272205e-02
-4.506998e-02
2.622316e-02
-1.875339e-02
-4.753708e-02
2.026835e-02
-4.331103e-02
-1.179562e-01
-5.680012e-02
-1.539754e-02
-5.961232e-02
-1.550277e-02
5.995324e-02
5.122589e-02
8.726247e-02
1.124776e-01
-7.061479e-04
-7.149382e-04
-1.508198e-04
1.210532e-03
2.884485e-03
-1.565310e-04
-1.679191e-03
-2.118620e-03
3.600534e-03
-1.657420e-02
2.520655e-02
2.993700e-02
8.814858e-02
4.650710e-02
5.808774e-03
-6.980500e-02
2.615603e-02
9.418416e-02
7.357621e-02
5.762065e-02
5.788869e-02
-3.744399e-03
-4.742603e-02
-4.564737e-03
-3.090284e-02
-3.552285e-02
-2.372393e-02
-7.988109e-02
-1.783452e-02
1.727131e-02
-7.770824e-02
-1.896856e-02
4.283984e-02
-1.277138e-01
-6.212390e-02
5.265358e-02
8.919849e-02
4.115568e-02
5.262560e-02
8.292396e-02
-4.812571e-04
-1.158464e-02
1.760689e-02
-1.598582e-02
5.297184e-03
3.465198e-02
5.749795e-02
-3.263403e-03
7.190461e-02
1.107820e-01
2.214891e-02
8.654344e-02
1.265196e-01
7.532240e-02
-1.215880e-03
-2.156702e-03
-4.746370e-04
-3.012899e-04
4.319508e-04
2.888153e-03
-2.394553e-03
-2.810022e-03
2.207137e-03
8.764829e-02
8.734080e-02
-4.653224e-02
5.030221e-02
-3.373595e-02
-6.784894e-02
9.248875e-03
5.796700e-03
1.715586e-02
-9.281716e-02
-7.670678e-02
-8.753455e-02
-1.659223e-02
7.472372e-04
-2.230796e-03
1.186945e-01
8.110265e-02
5.916455e-02
-1.514791e-03
1.156920e-04
-6.557998e-04
-2.479498e-03
1.691520e-04
7.890383e-04
1.463262e-03
1.048391e-03
-1.709794e-03
1.031289e-01
-3.849282e-02
-5.719643e-02
4.734152e-02
4.241983e-02
-1.472560e-02
1.236567e-01
1.807682e-02
1.265063e-02
-9.708440e-02
-2.066512e-01
-1.554827e-01
-6.106642e-02
-4.216542e-02
3.665728e-02
1.019947e-01
1.487146e-01
1.093776e-01
8.291835e-02
-2.907645e-01
-1.565944e-01
4.921954e-02
-2.195940e-01
-1.158917e-01
-2.023209e-02
-2.526145e-01
-1.668359e-01
-1.092902e-02
2.208401e-02
2.867075e-02
1.201922e-01
7.854328e-02
-1.907967e-01
9.265947e-03
-6.886392e-02
-1.476909e-01
2.375420e-02
1.387424e-01
6.395472e-02
1.871364e-01
-9.783938e-03
1.341229e-02
-8.647157e-02
-1.761024e-01
2.347236e-02
3.929432e-02
-1.308218e-02
-2.704983e-02
7.865732e-02
-9.013133e-05
-4.690203e-02
-7.231534e-02
-1.582870e-01
-1.286498e-01
2.478487e-04
2.496503e-03
1.893017e-03
-1.332252e-03
-1.969995e-03
-6.807545e-05
-6.938678e-04
1.000921e-03
-1.315286e-03
4.067536e-02
-6.996246e-02
-1.833686e-01
1.214986e-03
-1.009866e-01
-1.535153e-01
-2.196935e-02
1.334900e-02
-3.154076e-02
5.096347e-02
-4.921981e-03
4.480972e-02
-6.145237e-02
-1.980520e-03
6.954761e-02
-9.473217e-02
-7.039167e-02
-1.510247e-02
-4.132817e-02
-1.241436e-01
-6.173616e-02
8.329471e-02
6.036448e-02
5.584239e-02
5.452478e-02
5.316370e-02
2.095128e-02
-9.764482e-02
-1.140138e-01
-8.382235e-02
-1.497890e-01
-1.980679e-01
-6.442758e-02
1.134350e-01
1.500495e-01
8.395558e-02
3.212918e-02
3.623965e-02
2.576443e-02
4.625003e-02
5.617845e-02
-2.087245e-02
6.337618e-02
5.184318e-02
-4.587684e-02
1.035618e-03
1.732440e-03
3.574970e-03
2.168967e-03
1.778380e-03
1.200759e-03
-3.641701e-04
-1.153904e-03
1.131028e-03
-6.732375e-02
2.011789e-02
5.998783e-02
-1.326337e-02
4.722474e-02
-2.774570e-02
-4.918853e-02
8.730920e-02
-1.321491e-03
1.100620e-01
5.390070e-02
-1.091241e-02
4.429676e-03
6.104967e-02
-5.557796e-02
5.558888e-02
6.458459e-02
1.183690e-02
-6.885235e-04
7.638754e-04
9.729287e-04
3.382826e-04
-8.618965e-04
-2.747945e-03
9.425378e-04
-6.482175e-04
-1.508184e-03
-8.078467e-03
-1.280418e-01
4.979132e-02
-1.359185e-01
-1.704091e-01
1.002382e-01
-8.750635e-03
-1.792893e-01
-6.934894e-02
2.091309e-02
-8.534110e-02
1.258940e-02
-2.071638e-02
7.774684e-02
6.904239e-02
1.932091e-02
7.154083e-02
-7.882298e-02
5.795922e-02
-2.448226e-01
5.589301e-02
6.014278e-02
-1.241472e-01
2.322826e-02
8.881024e-02
-2.089161e-01
1.766787e-02
1.372879e-01
6.329471e-02
-1.661578e-01
2.758578e-01
-6.316084e-02
-4.199647e-01
-6.850450e-02
1.328115e-01
-9.430309e-03
-2.280767e-02
1.722122e-01
-1.681581e-02
1.334105e-01
-2.940428e-01
2.888201e-01
-1.182586e-01
7.586618e-03
8.714369e-02
-1.968315e-02
-3.047635e-02
6.780469e-02
8.037228e-02
-9.812389e-02
5.026760e-02
3.873928e-02
-9.932253e-02
6.337757e-02
-4.874280e-04
-3.013925e-04
6.593380e-04
2.906218e-03
2.332945e-03
-1.206001e-03
2.430709e-03
1.779312e-03
3.864739e-04
8.746302e-02
6.496318e-02
1.219285e-01
-2.223782e-03
-1.322835e-02
-6.527197e-02
-3.909784e-02
-1.186846e-01
-2.276644e-02
-9.307224e-02
2.078485e-02
1.561656e-01
-3.068067e-03
1.001182e-01
1.026980e-01
6.613209e-02
2.869058e-02
2.315343e-02
3.760682e-02
-8.923444e-02
-7.068470e-02
1.062958e-01
-2.133039e-02
-5.434060e-02
-1.510260e-02
-1.332767e-01
-1.499017e-01
-1.029087e-01
-3.389215e-02
-1.018785e-01
-3.832271e-02
5.177074e-02
-5.097802e-02
2.433631e-01
9.387226e-02
1.147027e-01
9.153606e-02
4.014599e-02
7.377753e-02
6.332295e-02
1.649809e-02
-5.316715e-02
-3.916297e-02
4.390004e-02
1.914940e-02
-1.102307e-03
-2.021687e-04
-1.339399e-03
1.087023e-04
4.840834e-04
3.664982e-04
2.398166e-03
1.469201e-03
2.741248e-03
2.016889e-02
-2.180771e-02
-2.288655e-02
2.809176e-02
-3.078340e-02
-1.205383e-02
2.732706e-02
-3.333381e-02
1.528287e-02
1.981753e-02
1.952829e-02
4.489175e-02
1.502813e-02
-1.957935e-02
2.546381e-02
3.917942e-02
1.031440e-03
-4.282719e-02
5.259926e-04
-5.701201e-04
-4.679691e-04
1.314400e-03
-8.942268e-04
3.429024e-03
3.235958e-04
2.331600e-03
-4.919814e-05
-7.159331e-02
-4.056903e-02
-6.226093e-02
8.550086e-03
-7.735928e-03
1.249027e-02
7.196620e-02
2.611417e-03
-2.585629e-02
6.769897e-03
2.477656e-02
7.390147e-02
-2.182955e-02
-1.158605e-01
-6.797659e-02
-9.108108e-03
-3.390720e-02
-5.984139e-02
-4.382638e-02
-3.068159e-02
-2.213503e-02
-2.632685e-02
-2.661449e-02
-2.904878e-02
-1.095665e-02
-2.646843e-02
-7.663660e-02
-1.441895e-01
-4.160057e-02
4.424640e-02
-1.419266e-01
-4.568980e-02
7.354980e-03
-1.841779e-01
-9.352746e-02
2.804510e-02
-4.357010e-02
2.805649e-03
-6.625003e-02
-8.279826e-03
8.315535e-02
-5.744736e-02
-6.673259e-02
-6.303920e-02
1.465149e-02
-5.594998e-02
-2.503917e-02
-1.685856e-02
-4.567832e-02
4.274593e-05
-2.661142e-02
-3.584111e-02
-3.391297e-02
-2.933328e-02
1.192392e-03
2.591640e-03
1.685460e-03
1.969945e-03
-1.907297e-03
-6.739122e-04
3.568382e-04
-1.548473e-04
-1.742044e-03
-8.374231e-02
-7.824863e-02
-7.158913e-02
-3.658589e-02
-4.220244e-02
-7.305741e-02
-9.839431e-02
-3.804234e-02
-4.933400e-02
-3.525250e-02
-1.854298e-02
-1.284712e-02
-3.607281e-02
4.934844e-03
4.305423e-02
-2.372725e-02
-3.937825e-02
1.745499e-02
1.015411e-02
1.953154e-02
1.145866e-01
-4.697059e-02
-3.518665e-02
6.526871e-02
-4.911919e-02
-6.680597e-02
-3.477869e-03
-2.364356e-02
-2.915427e-02
4.660153e-03
-5.784531e-02
-7.556898e-02
-8.506200e-03
-2.682578e-02
-9.501738e-03
-1.702493e-02
1.061761e-02
-1.694437e-02
1.312305e-03
1.044320e-02
-4.446959e-02
-3.570270e-02
4.000176e-02
-4.187032e-02
-5.637506e-02
-8.880302e-04
1.227826e-03
1.306272e-03
-1.164168e-04
-1.113074e-03
-3.159425e-03
5.795767e-05
1.278685e-03
3.431298e-04
7.131018e-02
-2.342184e-02
-1.421417e-01
-3.743783e-02
-7.535137e-02
-1.669764e-01
3.595529e-02
9.437473e-03
-2.373686e-01
2.211843e-02
-1.120727e-02
-1.079381e-01
7.869232e-02
8.941057e-02
-1.763568e-01
1.369493e-01
1.132955e-01
-1.254563e-01
-2.130626e-03
3.507412e-04
-9.375181e-04
-4.774095e-04
2.025415e-03
-2.922383e-03
1.026935e-03
-2.754404e-04
-7.834204e-04
7.786746e-02
-4.221012e-02
1.314544e-01
-5.461475e-04
-3.724620e-02
1.466976e-01
-8.784021e-02
-3.794824e-02
-1.731957e-02
-1.389960e-01
-7.819074e-02
4.619374e-02
6.200445e-02
-1.125409e-01
-1.675252e-01
1.339874e-01
6.845652e-02
-2.059777e-01
-3.540174e-01
-3.110988e-01
1.868425e-02
-1.611107e-01
-2.549869e-01
-3.073680e-03
-9.469930e-02
-3.452783e-01
-6.569808e-02
6.457960e-02
3.968353e-03
8.370457e-02
1.049642e-01
-5.828357e-01
-1.767036e-01
1.100091e-01
-1.059327e-01
-5.334086e-02
-4.615410e-02
-4.304375e-02
-7.689347e-03
-8.062936e-02
-3.064134e-01
1.671121e-01
1.953531e-02
-1.256597e-01
6.996629e-02
1.645525e-02
1.399636e-02
4.074520e-02
9.606712e-02
2.528669e-02
-4.724733e-02
-3.879324e-03
1.468180e-02
-2.657549e-02
-2.830496e-03
1.304164e-03
-9.943498e-05
-2.999148e-03
-1.189716e-03
-8.427575e-04
-2.963039e-04
-1.786722e-03
2.910998e-03
-4.505798e-02
1.267633e-02
7.119254e-02
3.980281e-02
-2.414267e-02
6.300235e-02
9.871210e-02
4.057496e-02
-8.926827e-02
-4.596207e-02
-4.313098e-02
3.804520e-02
4.687277e-02
9.213793e-02
1.439446e-01
-4.661698e-02
8.625197e-02
8.414011e-02
-4.834308e-02
-1.811719e-01
-4.763724e-02
1.767378e-01
9.480537e-02
3.033485e-02
1.082401e-01
7.305700e-02
8.799317e-02
7.153849e-02
8.729529e-02
2.785678e-02
-2.874741e-02
-2.871729e-02
-5.547058e-02
-1.003137e-01
-1.793605e-01
-1.331911e-01
-9.229538e-02
-4.808594e-02
-3.949550e-02
8.194748e-02
8.101065e-02
-7.295450e-02
8.864734e-02
1.109935e-01
-1.836965e-02
1.150638e-03
-1.520021e-03
2.266431e-03
1.002751e-03
-1.541618e-03
3.043810e-03
-1.552366e-03
9.443607e-04
1.568854e-03
1.944709e-02
4.048789e-02
-5.089958e-03
1.489648e-02
1.762333e-02
-6.381822e-03
7.073622e-03
1.534482e-02
-9.778134e-03
-2.796225e-02
-1.341879e-02
-1.375487e-02
-3.652360e-02
-4.219428e-03
6.624260e-03
-1.721621e-02
7.587606e-03
1.235455e-02
3.564334e-03
-2.354442e-04
2.578348e-03
2.006105e-03
-6.810557e-04
8.823192e-04
-5.825560e-03
7.280646e-04
-2.942648e-03
-4.872408e-04
-1.503105e-03
3.042085e-02
-2.428328e-02
-9.549427e-03
4.146415e-02
-3.529252e-02
-3.232714e-02
3.415909e-02
-2.675380e-02
1.740193e-02
-1.407816e-04
-1.428594e-02
4.186627e-03
-6.955028e-03
-9.868924e-04
-1.604187e-02
-1.185068e-02
1.149533e-03
-8.469751e-02
9.865895e-02
-1.786516e-02
-7.627652e-02
1.091491e-01
-1.251253e-02
-4.519555e-02
1.351409e-01
-9.243012e-03
-1.072024e-03
-5.907942e-02
-5.951408e-03
-1.804076e-02
-1.978486e-02
-7.782268e-03
-5.420065e-02
1.591312e-02
1.888845e-02
2.314064e-02
-1.165036e-02
1.994449e-03
2.003241e-02
1.525525e-02
-2.020628e-02
6.075675e-03
3.263042e-02
3.344069e-03
5.904327e-03
6.433392e-03
7.724148e-03
2.128604e-03
2.161103e-02
-2.264553e-02
-1.961208e-02
1.356002e-02
-5.893257e-05
-3.880251e-03
-1.098915e-03
1.421418e-03
6.469710e-04
-3.378257e-03
-2.476171e-03
-1.802774e-03
8.677550e-05
-3.239893e-02
-2.476662e-02
-1.846578e-02
-5.541169e-03
2.365314e-02
1.054436e-02
-2.266141e-04
9.012153e-03
-2.348572e-02
-4.504999e-03
-2.027263e-02
-5.595894e-03
6.616215e-03
7.079271e-03
-2.200133e-03
3.080189e-02
3.048564e-02
-3.198871e-04
-2.516429e-02
-4.101424e-02
4.294099e-03
-3.200842e-02
-3.539321e-02
-9.835036e-03
-3.024244e-02
-1.337667e-02
7.188424e-03
1.252317e-03
9.929350e-03
5.259016e-03
-1.569733e-02
-1.746943e-02
1.790304e-03
-1.128554e-02
8.367931e-03
1.473802e-03
-4.113282e-02
-1.046543e-02
-9.214661e-05
-1.433983e-02
2.442119e-02
2.063382e-02
-2.101252e-02
2.829164e-02
4.957601e-03
3.265644e-03
-8.671029e-05
-1.776465e-04
7.764955e-04
-2.181976e-03
2.255333e-04
-3.024143e-03
-1.345617e-03
3.693413e-03
9.120419e-02
-2.017625e-02
-5.329823e-02
3.489179e-02
-2.211125e-02
-1.491662e-02
6.037326e-02
2.625421e-02
-5.541959e-02
3.750325e-02
-7.762313e-02
1.017272e-03
4.806567e-02
-7.706053e-03
2.384198e-02
6.818734e-02
4.000687e-02
6.686880e-02
1.843952e-03
-1.050832e-03
-1.768169e-03
-2.309741e-03
1.548238e-03
-7.031202e-04
4.687979e-04
2.746607e-03
-4.753632e-03
-8.669955e-02
-1.485243e-01
-1.009828e-01
-1.138915e-01
-1.386089e-01
-1.235661e-01
-5.954174e-02
-1.009340e-01
-1.576260e-01
-7.750783e-02
-1.315907e-01
-1.667230e-02
-4.690824e-02
-1.073783e-01
-9.797102e-02
-5.484581e-03
-7.161146e-02
4.166303e-03
-1.317431e-02
-3.813698e-02
-2.788134e-02
-2.252084e-02
-5.662831e-02
-2.934221e-02
-3.488612e-02
-7.583860e-02
-5.491657e-02
-4.371833e-02
2.618821e-02
-6.808455e-02
-1.571614e-02
1.143096e-02
2.504806e-03
-1.025298e-02
5.197430e-02
4.316228e-02
-2.672805e-02
-1.337609e-02
-3.799547e-04
-7.171363e-02
7.211859e-02
2.390411e-02
-2.167858e-02
3.342380e-02
4.703695e-02
-4.924547e-02
-1.465956e-01
-1.384187e-01
-1.841681e-01
-3.123953e-01
-2.114794e-01
-3.920681e-02
-2.058033e-01
-1.890216e-01
-8.699301e-04
-2.382614e-04
-2.659657e-03
-1.476125e-03
-1.413379e-03
1.392612e-03
-3.475280e-03
-2.064751e-03
1.606958e-03
-2.171671e-02
-1.727302e-01
-1.522519e-01
-1.020134e-01
-2.772674e-01
-2.648439e-01
-1.953974e-02
-1.736019e-01
-2.337211e-01
-3.370931e-02
2.514946e-02
1.488463e-02
5.489437e-02
-1.516224e-02
5.968130e-02
1.487065e-02
3.676178e-02
4.621650e-02
6.483092e-02
7.356442e-02
2.021928e-02
9.381668e-02
1.076791e-01
7.505072e-02
6.177036e-02
9.998061e-02
6.211243e-02
-3.436507e-02
5.275521e-03
3.376389e-03
-1.051764e-02
9.999961e-02
7.950724e-03
-1.118284e-01
2.190021e-02
-1.520982e-02
3.071874e-02
-2.404080e-02
-2.068440e-02
4.940140e-02
7.395010e-03
2.292358e-02
6.598550e-02
-5.372602e-03
-1.621222e-02
2.418299e-03
3.815263e-03
1.093034e-03
-1.696533e-04
2.410209e-04
-1.560667e-03
3.719260e-03
-1.758238e-03
2.701068e-03
-2.825715e-02
-1.740574e-02
-5.556846e-02
-2.957842e-02
-2.045128e-02
-2.680377e-02
-4.196664e-02
-4.089802e-02
-4.304946e-02
-5.376958e-02
-5.228053e-02
-2.937949e-02
-3.943176e-02
-1.794494e-02
2.066997e-04
1.583444e-02
6.316744e-02
6.669375e-02
-1.475631e-03
1.129564e-03
-4.415256e-03
-2.081519e-04
-1.982911e-03
2.374819e-03
7.620549e-04
-2.415469e-04
-1.442407e-03
9.421780e-03
-5.642569e-02
9.309727e-03
5.669948e-04
5.177437e-02
-2.126879e-02
-1.316264e-02
-5.233890e-02
1.109020e-02
-2.023242e-02
2.176837e-02
-3.579999e-02
-2.462971e-02
2.416967e-02
2.001262e-02
-1.784068e-02
-2.190645e-02
3.866541e-03
-4.426334e-02
-1.420191e-01
-1.240274e-01
-3.252363e-02
-1.507653e-01
-1.014528e-01
-3.536387e-04
-1.362105e-01
-1.191358e-01
3.851567e-02
1.146006e-01
4.821336e-02
4.555769e-02
1.070558e-01
5.847343e-02
6.316210e-02
9.340496e-03
7.860334e-02
6.508853e-02
4.001901e-02
-4.140406e-02
2.817926e-02
2.363680e-02
-5.733322e-02
3.710303e-02
5.590548e-02
2.491473e-02
4.399529e-02
-2.006505e-02
-4.590037e-02
5.101064e-02
-1.909188e-02
-3.341993e-02
4.214947e-02
-6.299651e-02
-8.206051e-02
-7.384457e-05
8.006109e-04
2.027251e-04
-1.514545e-03
1.251822e-03
-1.665552e-03
2.596491e-03
1.365407e-03
1.825074e-04
-1.340019e-02
-2.460242e-02
2.887422e-02
3.576570e-02
1.952318e-02
5.856854e-02
-3.572809e-02
-4.568369e-02
7.418643e-03
1.496204e-02
-8.650553e-03
-2.347643e-03
-1.446139e-02
-4.171740e-02
-2.714658e-02
3.365107e-02
-1.088873e-04
-1.933659e-03
-1.218871e-02
-5.694004e-02
-4.157092e-02
-7.900245e-03
-9.812578e-03
1.810306e-02
2.163103e-02
3.610469e-02
3.776792e-02
3.464081e-02
4.146228e-02
5.412146e-02
3.486447e-02
2.709451e-02
3.205533e-02
-4.784396e-02
3.097708e-02
-1.018658e-02
-8.369297e-02
-1.153288e-02
-1.551480e-02
-4.886573e-02
2.199883e-02
1.892559e-02
-3.906144e-02
1.596988e-02
-4.501543e-03
-3.486950e-03
-3.212373e-03
-8.337214e-04
1.217835e-03
1.033769e-04
3.626508e-03
7.964089e-05
1.910567e-03
6.304557e-04
-3.814419e-02
-4.861652e-02
-4.592887e-02
-8.048997e-02
-6.886479e-02
-1.653471e-02
-2.093600e-02
-6.251515e-02
-1.361114e-02
3.788177e-02
-5.747858e-02
3.692809e-03
6.614358e-03
-4.178882e-02
-1.211006e-02
-2.961541e-02
-5.951075e-02
-2.026173e-03
-6.020987e-04
-2.087095e-03
9.216209e-04
-6.330927e-04
-1.952595e-04
-3.728881e-05
-8.255395e-04
1.030690e-03
-1.832683e-04
5.095785e-02
-2.606896e-02
-5.136909e-02
1.195872e-01
4.759703e-02
3.362829e-02
1.128403e-02
1.226469e-01
1.623394e-01
5.997826e-03
-4.000372e-02
9.190746e-03
6.461877e-04
-7.242105e-03
1.546482e-02
-3.499971e-02
-3.318026e-03
5.743557e-02
-2.774302e-02
-3.209183e-02
1.393967e-01
1.795762e-02
-2.979929e-02
1.042638e-01
2.428732e-02
-4.112949e-02
3.591567e-02
-6.489307e-02
2.354120e-02
-1.208292e-03
-7.251754e-02
-1.034887e-01
-6.140618e-02
5.449749e-03
-1.779929e-04
-1.197471e-01
1.333331e-01
6.022666e-02
1.148239e-01
-8.913402e-03
-7.463709e-02
1.293045e-01
2.235515e-01
4.048452e-02
3.491159e-02
7.695081e-03
-6.798100e-02
2.850776e-02
2.984291e-02
3.350397e-02
5.900655e-02
-4.679783e-02
-1.125882e-01
1.932485e-02
-6.166357e-04
5.279476e-03
2.914496e-03
5.131911e-03
-3.201068e-03
-3.635092e-03
1.088769e-03
-7.540928e-04
1.284564e-03
-1.535518e-01
-1.315027e-01
-9.777792e-02
-2.226763e-02
-8.033380e-02
-2.435397e-02
1.735919e-02
4.315065e-02
-4.563601e-02
3.831581e-02
7.176882e-02
1.153882e-01
7.092588e-02
5.847282e-02
4.301830e-02
-3.139677e-02
4.694909e-02
7.222741e-02
-1.835792e-02
1.392614e-03
-1.195174e-02
-7.342127e-02
-8.780034e-02
-7.452455e-03
-3.126957e-02
-1.045528e-01
2.342482e-03
-2.666861e-02
-4.770848e-02
2.588818e-02
-5.448823e-02
-6.039060e-03
-2.700527e-02
1.547499e-02
-1.887275e-02
2.488616e-02
8.378453e-02
7.771218e-02
-1.125706e-02
7.991087e-02
1.261992e-01
6.353231e-03
9.884819e-02
1.036600e-01
4.737385e-02
2.051230e-03
9.340513e-04
4.836007e-03
-1.018036e-03
-1.231346e-04
-1.628038e-03
-1.652617e-03
-1.460217e-03
4.804633e-04
-1.558553e-02
-8.335266e-02
-6.253956e-02
-5.750746e-02
-9.180979e-02
-3.150625e-02
-6.151326e-02
-8.943854e-02
-9.746745e-02
8.100676e-03
-4.426244e-03
-3.308715e-02
3.449036e-02
-2.532369e-02
2.281721e-02
-3.444456e-02
-3.925523e-02
-7.953031e-02
5.794872e-04
1.371683e-03
1.616859e-04
4.372821e-04
1.616328e-03
3.699144e-03
1.424670e-03
7.848321e-04
2.832318e-04
1.296453e-02
1.921860e-02
2.535212e-02
1.452323e-02
3.004847e-02
-3.099561e-02
-3.160163e-02
-8.878660e-02
-4.130651e-02
4.489147e-02
2.424975e-02
2.229314e-02
8.736990e-02
7.029177e-02
4.086944e-03
7.576984e-02
3.147476e-02
-5.842641e-02
-7.852748e-02
-1.274382e-01
-7.721993e-02
-4.487423e-02
-8.592790e-02
-8.757411e-02
-1.020451e-01
-1.732536e-01
-1.497293e-01
-3.083701e-02
-1.400257e-01
-1.021203e-01
-1.416400e-01
-1.870543e-01
-1.658309e-01
-6.097107e-02
1.222549e-02
-3.707723e-02
6.566718e-02
3.884632e-02
3.814422e-02
-5.798902e-02
-5.381307e-02
2.264567e-02
1.038903e-03
1.006763e-01
4.711965e-02
9.457801e-02
7.496520e-02
5.224700e-03
5.935417e-02
8.213089e-04
6.038561e-02
5.117345e-02
6.758491e-02
1.484257e-01
-9.570508e-04
8.961416e-04
2.215755e-04
2.153019e-03
-2.225279e-03
4.553529e-04
-3.914001e-03
-5.620455e-04
9.960189e-04
2.334837e-02
7.657257e-02
9.420038e-02
1.096584e-01
1.543165e-01
1.489134e-01
6.802934e-02
4.044687e-02
2.527966e-02
1.969564e-02
7.575081e-02
6.460113e-02
5.083719e-02
3.237728e-02
6.723853e-02
7.074014e-02
5.064549e-02
1.113973e-01
-9.693981e-03
8.513792e-03
3.024817e-02
-4.216095e-02
-4.110974e-02
-7.002431e-03
-9.416029e-02
-1.094114e-01
-1.546160e-02
-9.323115e-02
-9.446123e-02
-8.860866e-02
-1.175475e-02
-2.685805e-02
-1.436271e-02
4.313182e-02
-2.554875e-02
-3.338013e-02
-4.107149e-04
-2.366702e-02
-4.109443e-02
2.187080e-02
-6.259726e-02
-3.937533e-02
-4.296756e-03
-6.172247e-02
-2.531898e-02
4.060696e-05
-3.833311e-03
3.655162e-03
-1.689730e-03
-1.601889e-04
-2.814471e-04
-1.315018e-03
-2.083018e-03
-7.240290e-04
5.873373e-02
-8.123842e-02
-1.207056e-02
2.699422e-03
1.337945e-01
1.050267e-01
-8.114635e-03
1.270669e-01
1.338214e-01
-4.889956e-02
-1.167726e-02
-1.248576e-01
-1.901528e-02
9.557615e-02
1.027376e-01
-1.104931e-01
-2.239432e-01
-7.687408e-02
-1.013008e-03
1.060298e-03
-4.177820e-05
-1.727999e-03
-2.778249e-04
-2.364330e-03
-1.763421e-03
1.692980e-03
-2.208223e-03
-1.874436e-01
9.442641e-02
-2.616525e-02
-1.166598e-01
-4.919988e-02
1.332398e-01
1.233491e-01
-7.996839e-02
-1.522332e-01
1.200446e-01
6.811598e-02
7.818853e-02
-1.074948e-01
1.223424e-01
1.422364e-01
2.389199e-02
-6.298990e-02
-2.490595e-01
9.681176e-02
8.363943e-02
-4.687436e-02
-4.100525e-02
-3.121178e-03
-2.268810e-02
4.811151e-02
-1.242346e-01
6.906611e-02
-6.694257e-02
-4.545222e-02
-1.317374e-02
8.223274e-02
1.434281e-01
-6.744953e-02
-3.365048e-01
7.309403e-02
2.385510e-01
-1.127269e-01
-9.022680e-02
1.422120e-02
2.667321e-01
-2.902559e-01
1.371293e-01
-4.430717e-01
2.663905e-01
-2.385605e-02
-4.733909e-03
6.739831e-04
-1.836425e-01
1.657019e-01
-8.420145e-02
1.151229e-01
-7.939546e-02
3.745224e-01
2.460604e-01
2.535312e-03
-2.522749e-03
1.227946e-03
4.072527e-04
-7.011490e-04
1.286125e-03
-1.396051e-03
1.598384e-03
-8.070776e-04
6.664429e-02
6.890883e-02
-4.223314e-02
-3.768374e-02
1.037158e-01
1.534213e-02
-1.013075e-01
-1.575203e-01
-5.199506e-03
-2.815274e-02
4.890640e-03
-3.365122e-02
1.427480e-01
1.252486e-01
-3.879350e-02
1.489057e-01
-4.793132e-02
-1.633762e-01
1.624539e-01
5.574943e-02
2.219696e-02
-1.095786e-02
1.703819e-01
4.944463e-02
-1.257357e-01
-1.882639e-03
2.808071e-02
1.805567e-02
1.036730e-01
-1.030019e-01
-1.008664e-01
-1.575820e-01
-1.700827e-02
2.576898e-01
2.152667e-01
5.195175e-02
8.745241e-02
2.308576e-03
-1.465959e-01
3.735879e-02
1.013044e-02
-6.995256e-02
-7.764457e-03
6.789624e-02
4.748858e-02
2.183928e-03
-9.596063e-04
2.457202e-04
-6.561527e-04
3.679204e-03
3.194209e-03
-8.486094e-04
-7.009123e-04
-9.916866e-04
3.932045e-02
3.348035e-02
-4.501995e-02
1.709678e-02
3.898376e-02
-2.697826e-02
4.300161e-02
1.185915e-02
2.904841e-02
6.012754e-02
7.280967e-02
9.232002e-02
-6.099156e-02
-9.367999e-02
-7.357627e-02
8.815639e-03
-4.119872e-02
-5.598320e-02
-5.391279e-04
-1.783499e-03
-4.445489e-04
-1.173112e-03
2.347229e-03
4.562221e-04
-1.796602e-03
-6.175461e-04
3.005280e-03
5.931054e-03
7.353617e-03
-1.698459e-02
6.610146e-02
1.845819e-02
6.788656e-02
4.131950e-02
9.757054e-02
9.987544e-02
-7.731173e-03
5.020164e-02
1.019273e-01
-6.284759e-02
-6.724761e-02
-5.858092e-02
-3.870744e-02
-3.370655e-02
-6.502061e-03
1.600063e-02
-1.644369e-01
-1.241292e-03
1.820754e-02
-1.502595e-01
-3.795151e-02
3.381868e-02
-1.300879e-01
-2.142673e-03
-1.310199e-01
-5.989459e-02
-8.139637e-02
-4.984016e-02
5.319966e-02
8.215944e-02
-3.082761e-02
-3.517066e-02
1.646365e-02
2.485821e-04
9.606814e-02
-1.381078e-01
-9.039989e-03
1.379863e-01
-4.560552e-02
7.130636e-02
6.109095e-02
-1.543471e-01
-7.258550e-02
-7.109832e-03
-1.277772e-02
-1.081863e-02
1.041440e-01
1.369344e-01
-3.310636e-02
-8.561896e-03
3.275792e-02
1.681056e-03
-1.325870e-03
1.807505e-04
-6.260404e-04
-9.603229e-04
1.049754e-03
-8.467913e-04
1.668683e-03
1.099927e-03
1.309125e-01
2.157992e-01
1.301186e-01
2.505326e-01
3.762332e-01
2.727948e-01
8.192108e-02
2.310218e-01
1.635661e-01
-7.499260e-02
-7.271639e-02
-1.461620e-03
4.764461e-02
9.717943e-02
1.138124e-01
1.294943e-02
2.741280e-02
5.982117e-02
1.500935e-02
2.205764e-02
5.409613e-02
-6.208943e-03
-8.191983e-02
1.722509e-02
2.052890e-03
-3.077818e-02
5.237122e-02
1.451574e-02
-8.947107e-02
3.123329e-03
2.935020e-02
-4.015654e-02
-2.344623e-02
-4.132214e-04
-1.299581e-02
2.178262e-03
-5.189785e-02
-1.457900e-03
-2.382884e-02
-5.120459e-02
-1.959715e-02
-1.187929e-02
-9.362215e-02
-8.031729e-02
-7.866038e-02
3.405140e-04
5.087356e-04
-4.363368e-03
-1.272663e-04
1.640848e-04
1.988615e-04
3.673616e-04
-1.977763e-03
9.481477e-04
6.734172e-02
-1.267069e-01
-8.079366e-02
-5.281723e-02
-7.989591e-02
3.986264e-03
-8.441529e-02
-9.265395e-02
4.501797e-02
1.022639e-01
3.925229e-02
7.598323e-02
-2.208201e-03
-7.914195e-02
-3.310430e-04
1.080222e-02
-6.505999e-02
8.467418e-04
1.383972e-03
-4.153993e-04
-1.881102e-03
-1.269539e-03
1.100018e-03
1.421027e-03
-3.493706e-04
-3.808793e-04
1.572753e-03
-8.126608e-03
1.435227e-02
-8.942109e-02
9.095439e-02
1.062233e-01
-8.717337e-02
1.572012e-01
1.197427e-01
1.470963e-02
4.921957e-02
-6.668922e-04
-2.005811e-02
4.606430e-03
1.817823e-03
5.002082e-02
2.032256e-02
-4.142851e-02
7.525510e-02
-1.803578e-01
3.629438e-02
-9.691036e-02
-1.521231e-01
-1.601734e-02
-9.106017e-02
-2.194502e-01
-5.810581e-02
-1.668967e-01
-7.686513e-02
1.744648e-01
1.568986e-01
-2.016754e-01
2.290070e-01
2.398921e-01
-1.324990e-01
6.500390e-02
1.229339e-01
8.794954e-02
-5.019134e-03
5.499614e-02
-7.979786e-02
1.535473e-01
-8.447358e-02
-8.393799e-02
1.045889e-01
-2.767096e-02
-3.281726e-02
-2.282328e-02
-7.730913e-02
-1.052818e-02
-2.456702e-02
-8.330982e-02
3.752375e-02
6.774252e-03
2.997599e-02
-9.047801e-04
1.934015e-04
4.216660e-03
-1.297870e-03
3.009391e-03
1.477106e-04
-7.423259e-04
6.860428e-04
1.329995e-03
2.534951e-02
-4.287796e-02
-5.424471e-02
8.321702e-02
-1.311136e-02
-9.326313e-02
-1.682620e-02
-7.517479e-02
1.970093e-02
1.138532e-02
9.299537e-03
-9.818016e-02
6.551152e-02
-1.213280e-02
-3.071203e-02
5.325643e-02
-8.163510e-02
-8.990515e-02
-3.707511e-02
1.810498e-02
4.994337e-02
-1.001490e-01
3.044633e-02
5.556088e-02
-1.311471e-01
-1.053695e-01
4.366244e-02
2.385370e-02
-2.631076e-03
-2.123655e-03
1.061247e-01
-1.048020e-02
-1.912242e-02
6.075314e-02
3.682075e-02
-1.876587e-02
4.475814e-02
1.045025e-01
8.319035e-02
1.505214e-02
7.460855e-02
3.143480e-02
-1.639532e-02
9.875953e-03
4.871326e-03
2.057497e-04
-1.135547e-03
-5.309250e-04
-2.803839e-03
-8.657538e-04
5.719201e-04
-1.300386e-03
7.512783e-04
-4.939704e-04
-2.747234e-02
-4.876535e-03
-9.321605e-02
-5.747987e-02
-6.732696e-02
-8.839276e-02
7.846485e-02
2.268125e-03
8.570476e-02
-5.423448e-02
2.877297e-02
-3.385770e-02
-1.509033e-02
7.626461e-02
4.746829e-02
-9.735300e-02
3.845588e-02
-1.613202e-02
9.924516e-04
-2.466106e-03
2.146484e-03
1.245225e-03
6.087532e-04
7.662011e-04
1.488003e-04
2.348020e-03
1.353006e-03
1.252978e-01
-5.048213e-02
3.324719e-02
-1.492518e-02
9.696072e-02
1.419836e-02
1.324779e-02
-9.473534e-02
-1.394698e-02
6.499342e-02
7.964418e-03
-8.375878e-02
-4.194031e-03
7.930328e-02
-5.590822e-02
-9.632935e-02
-7.867357e-03
-4.784834e-02
-1.951955e-02
-1.788108e-01
-3.337226e-02
5.124785e-02
-9.554271e-02
-3.925613e-02
2.692597e-02
-1.423820e-01
-5.911157e-02
-4.235281e-02
-2.283925e-01
-5.118813e-02
2.722363e-01
9.806620e-02
-4.307142e-02
1.353175e-01
2.288923e-01
2.223706e-01
-1.290261e-01
-6.182443e-02
6.313560e-02
1.434400e-01
-2.141645e-01
2.030156e-01
3.378918e-02
6.734054e-02
-1.122896e-01
4.653739e-02
1.176441e-02
-5.280274e-02
-1.673803e-01
-4.415410e-02
1.606394e-01
-7.357053e-02
-2.142098e-01
-7.221484e-02
1.219673e-03
5.208959e-04
-3.349880e-03
2.113377e-03
1.605965e-03
-8.806901e-04
2.142978e-03
4.323421e-04
-2.374786e-03
-2.613902e-02
7.431497e-02
6.355061e-02
5.640352e-02
7.424133e-02
-2.339897e-02
-6.762418e-02
3.541500e-02
7.652130e-02
1.877485e-03
-7.945832e-03
1.416352e-01
-2.162415e-02
5.703426e-02
-1.500190e-02
-6.548487e-02
-1.424168e-01
-1.138940e-01
-1.930714e-02
-1.485672e-02
-1.323788e-02
4.302500e-02
1.143990e-01
2.611003e-02
7.195421e-02
-8.030361e-02
-1.135908e-01
9.500046e-02
-5.522110e-02
-1.364123e-01
1.182382e-02
-9.929293e-02
-1.507472e-01
2.923020e-01
1.459955e-01
5.886838e-02
3.602044e-02
6.246523e-02
-3.906188e-02
5.738704e-02
4.224021e-02
-1.440259e-01
-4.135175e-03
3.916821e-02
-6.047173e-02
-2.135886e-05
-1.030108e-03
-7.616342e-04
-2.486953e-03
2.867452e-03
1.130711e-03
-1.772272e-03
1.110649e-03
-2.815787e-03
