-8.971057e-02
2.676025e-01
-1.504757e-02
-1.667287e-02
5.642828e-02
5.894300e-02
-1.270447e-01
-4.099072e-02
-4.607976e-02
1.425380e-02
-7.289699e-02
1.023323e-02
7.883552e-02
-2.143520e-01
-2.513603e-03
-6.510681e-03
-6.772410e-03
1.083815e-01
5.067838e-02
-1.445318e-01
-6.130066e-02
2.575528e-01
-1.849228e-01
-4.067580e-02
1.004494e-01
9.128392e-02
-3.862267e-02
-4.691077e-03
6.462432e-02
5.140133e-02
1.192810e-02
5.037447e-03
-2.289014e-01
6.695406e-02
8.783850e-02
-6.205564e-02
-4.196792e-02
4.351621e-02
6.360916e-02
8.137279e-02
4.614510e-02
-1.907333e-01
-3.419541e-02
8.166087e-02
-3.973450e-02
1.974487e-02
2.070274e-02
1.052189e-02
-4.515457e-03
9.529454e-02
-1.324322e-01
-1.595715e-02
8.504550e-02
-4.676990e-02
8.047202e-02
7.520504e-02
-3.336740e-03
-2.761912e-03
-1.013975e-01
3.531702e-02
-1.002138e-03
-9.341039e-02
-2.626811e-02
-4.386052e-02
-3.800132e-02
5.122648e-02
-6.929967e-02
-1.069694e-01
-3.693851e-02
-1.835246e-02
-3.783545e-02
-1.299499e-02
1.390727e-02
5.152000e-02
-5.307020e-02
1.213621e-02
-2.770306e-02
1.032187e-02
2.533294e-02
-2.241709e-02
6.352958e-02
2.228742e-02
1.228815e-02
-2.177043e-02
-1.310784e-01
-1.051096e-01
4.374627e-02
4.373467e-02
8.594324e-02
2.259317e-02
8.841424e-03
1.980809e-02
-8.884653e-02
-6.844915e-02
-8.872963e-02
-4.230061e-02
1.181971e-01
1.963131e-01
4.861402e-02
3.904269e-02
6.688925e-02
1.751835e-02
-7.092376e-02
-1.037989e-01
9.848146e-03
-1.751975e-02
5.299505e-02
-4.860453e-02
-2.745537e-02
1.482654e-02
-8.101380e-02
2.096530e-01
-3.461894e-02
-1.985496e-02
-4.856796e-02
1.017364e-01
-3.351106e-03
2.616908e-02
-5.160522e-02
-1.228151e-01
1.695182e-01
-1.273962e-01
-1.442506e-01
5.039254e-03
3.728343e-02
-1.965333e-02
-1.067981e-01
4.899621e-02
2.109876e-01
-5.753713e-02
-6.704372e-02
1.132297e-01
-1.014175e-01
4.039507e-02
5.902380e-03
-6.788683e-02
-2.115433e-01
4.284767e-02
-2.036383e-02
-8.842313e-02
-1.088296e-01
-2.103107e-02
2.623612e-02
3.492975e-02
-1.928313e-02
-2.304440e-02
2.713669e-02
1.014076e-01
1.876369e-01
4.047464e-02
4.826820e-02
1.369796e-01
6.534065e-02
-2.449272e-02
-4.944935e-02
7.555149e-02
5.151852e-02
-1.373244e-02
-3.998999e-02
-5.956899e-02
-2.745462e-02
-1.046658e-01
-1.066779e-01
5.447359e-03
2.111433e-02
-2.557054e-02
6.408507e-03
2.007202e-02
-9.158228e-02
-8.371688e-02
9.325714e-02
7.750618e-02
8.702444e-03
-4.736490e-02
1.454625e-01
2.568274e-02
-1.490441e-02
3.048430e-02
2.424902e-04
9.911836e-02
-1.055121e-02
8.448154e-02
-6.662431e-03
3.459064e-03
3.458317e-02
-1.001780e-01
-2.600663e-03
-6.624991e-02
3.398025e-02
1.574079e-02
3.917082e-02
-5.596982e-03
-1.368633e-01
6.482878e-02
4.082735e-02
-2.162278e-02
-4.459450e-02
2.939219e-02
-5.607355e-02
-2.532758e-02
5.686257e-02
-2.155138e-01
6.855234e-02
1.665025e-01
-3.459271e-02
4.100408e-02
1.917188e-02
-4.550992e-02
-1.336140e-02
5.543412e-02
-2.084562e-01
8.065995e-03
1.964261e-01
-9.695552e-02
6.135975e-02
3.295420e-02
-3.119315e-02
2.883599e-02
-2.913810e-02
-6.194516e-03
-2.079860e-02
9.453994e-03
2.219844e-02
6.735557e-02
4.253909e-02
2.821010e-02
-4.901632e-02
4.183488e-02
-4.446899e-02
-1.856557e-02
8.131919e-02
9.452911e-02
2.240796e-02
3.285381e-02
-4.225939e-02
-7.945728e-02
-4.341670e-02
3.748344e-03
1.033755e-02
9.466752e-02
3.993693e-02
-1.792341e-02
2.727202e-02
5.068849e-02
-4.950288e-02
-9.577335e-02
4.492164e-02
2.978343e-02
-1.011622e-02
6.699059e-03
7.537417e-02
-1.450230e-02
4.070680e-02
-3.926119e-02
-1.882798e-02
2.274943e-02
8.714223e-03
4.052223e-02
4.631495e-02
1.829422e-02
-2.721585e-02
-2.873757e-03
-9.056203e-02
-1.264302e-01
1.637419e-02
-1.395338e-02
-6.701580e-02
1.575122e-02
2.747818e-02
5.576072e-03
1.913270e-02
-1.099696e-01
1.062497e-02
-6.097390e-02
-8.044988e-02
-3.787506e-02
-4.339478e-02
-1.513205e-01
-2.732800e-02
-2.447752e-02
-5.735997e-02
2.720690e-02
6.879029e-02
6.747364e-02
-9.488810e-03
-1.772264e-02
-2.868024e-02
-4.279168e-02
-3.212832e-03
4.433342e-02
8.785268e-03
6.193455e-02
1.716780e-01
1.007965e-01
5.042150e-02
8.709048e-02
-2.927839e-03
-7.025009e-02
-4.521858e-02
-2.557030e-03
4.895953e-02
-8.566647e-02
-3.253525e-02
2.610659e-03
-3.246230e-02
5.676945e-02
9.440868e-02
1.568717e-01
3.191775e-02
8.216751e-02
-4.097570e-02
8.719983e-04
-2.256689e-03
-3.983925e-02
-7.920279e-02
-1.196908e-01
1.726284e-02
6.332825e-02
-9.086914e-02
-1.101111e-01
-4.195222e-02
-2.515132e-05
2.608611e-02
8.936842e-02
7.480772e-03
8.435198e-02
-8.418300e-03
-3.565518e-02
4.812602e-02
-1.029641e-02
-7.881369e-02
1.183238e-02
3.683516e-02
4.497996e-02
1.164015e-01
3.673289e-02
-4.521319e-02
9.918848e-02
-8.628809e-02
-8.633576e-02
-5.263473e-02
-3.056173e-02
6.171459e-02
1.542842e-01
-1.330780e-02
1.382875e-02
9.800896e-02
-1.354731e-01
-6.885704e-02
-5.191842e-02
-9.252017e-02
-6.920308e-02
-6.547788e-02
-1.519329e-01
-2.545543e-02
-1.884724e-01
2.332581e-01
1.215724e-01
1.737170e-01
1.379220e-01
-1.225454e-02
5.975663e-04
1.046115e-01
-1.407327e-02
-2.099814e-01
8.184265e-02
-6.653538e-02
-1.151407e-01
-6.205233e-02
2.587786e-02
1.594269e-01
-2.770684e-02
1.473927e-01
-3.518005e-02
7.592182e-02
-3.199865e-02
-1.998462e-02
-1.528608e-01
-1.669775e-02
-4.373175e-02
1.140336e-01
1.075035e-01
-6.606298e-02
-2.770568e-02
-3.750157e-02
-6.189544e-02
-1.365479e-02
3.191895e-02
-2.907378e-02
-6.097900e-02
9.425951e-02
-6.929344e-02
-4.175236e-02
-2.798259e-02
1.227898e-02
2.045369e-02
6.138294e-02
-5.206494e-02
-5.116079e-02
1.212616e-01
-5.262787e-02
-6.816912e-02
-2.468584e-02
-4.483088e-02
6.228862e-02
3.761295e-02
2.127588e-02
-2.520953e-02
-2.100816e-02
-1.368490e-01
-4.225297e-02
-5.139760e-02
6.604997e-02
1.119338e-01
8.227189e-02
1.175800e-02
2.351152e-02
-1.585639e-02
-9.756600e-02
-2.309098e-03
-1.358118e-03
2.990568e-02
3.448952e-02
4.975977e-02
1.566955e-02
-2.484484e-02
-9.075382e-03
-8.562738e-02
-4.223383e-02
-9.623414e-03
2.720700e-02
4.184129e-02
