-2.073559e-02
-3.591134e-02
2.219765e-02
-2.950542e-02
-7.520172e-02
6.605575e-03
-1.553692e-02
-3.327057e-02
2.081629e-03
-9.769562e-02
6.058442e-02
9.161245e-02
-1.109186e-01
9.117438e-03
4.197863e-02
-1.357002e-02
-1.404642e-02
1.226014e-02
-9.532212e-03
-5.802029e-02
-2.103363e-02
2.710931e-02
1.474004e-02
-2.607793e-02
2.367947e-02
5.018054e-02
-1.317128e-02
-4.935803e-02
2.239096e-03
4.106444e-02
7.015998e-03
-1.319626e-02
1.640485e-02
1.192270e-02
-1.787649e-02
3.721902e-02
1.697916e-02
4.662774e-02
-4.832936e-03
7.084759e-03
-2.127571e-02
2.984234e-02
2.977847e-02
7.624609e-03
-2.167753e-02
-4.342598e-02
1.341074e-02
2.349401e-02
-6.675998e-03
-4.037441e-02
2.056421e-02
2.180799e-02
-1.093647e-02
-2.364883e-03
-2.334453e-02
-1.834074e-02
5.679922e-03
-1.899630e-02
-1.169819e-02
3.807753e-02
1.091768e-02
5.425602e-03
3.087028e-03
-2.195595e-02
2.514522e-02
-5.341080e-02
3.233891e-02
3.862920e-02
-2.549033e-02
3.602428e-03
-3.018506e-02
-2.082551e-02
3.596160e-02
1.610975e-02
-1.739657e-04
7.057105e-03
1.628724e-02
-1.930015e-02
-1.051976e-02
-3.864389e-02
-1.138619e-02
-1.501984e-02
-3.583199e-02
2.217083e-02
-1.581698e-02
1.024075e-02
2.839646e-02
6.248416e-03
-2.031566e-02
3.089275e-02
-8.226549e-03
-8.169915e-03
1.956569e-02
-1.015296e-02
-1.848456e-02
-1.798330e-02
4.492493e-02
1.814565e-02
-2.207334e-02
2.684610e-02
-1.991717e-02
-1.638808e-03
1.585663e-02
-1.313064e-02
-5.541273e-03
4.066945e-03
-1.342705e-02
-3.917958e-03
-9.023545e-03
2.273701e-02
-1.911972e-02
-1.760559e-02
-7.445867e-03
3.361793e-02
-2.895823e-02
-4.175606e-02
1.116131e-02
1.691518e-02
-4.807720e-02
-3.873056e-02
1.099243e-01
-3.662950e-02
-8.055573e-02
-2.412152e-02
7.248000e-02
-3.314340e-03
-3.592335e-03
-2.803939e-02
4.199024e-03
1.215285e-02
-2.226311e-02
6.113342e-02
-1.796243e-02
8.423606e-05
2.740920e-03
-1.372595e-03
-2.263743e-02
-1.234192e-03
-5.844946e-03
-3.532905e-02
-1.297867e-02
7.769607e-03
-1.432951e-02
-1.516767e-02
-1.973749e-02
3.486076e-02
-4.437059e-02
2.632672e-02
1.138877e-03
-9.378846e-03
-4.112128e-02
-2.292114e-02
9.048872e-03
-4.099741e-02
1.809132e-02
-3.979598e-03
-9.288362e-03
-3.527388e-02
1.260603e-02
1.622939e-02
3.335628e-02
1.064521e-02
1.779592e-02
1.513569e-03
-3.252162e-02
-1.710743e-02
2.115897e-02
-2.309723e-02
-1.812125e-02
-1.825001e-02
1.480356e-02
-3.231952e-02
-5.132445e-03
-3.735666e-03
2.218879e-02
9.357109e-03
-1.708749e-02
-6.406097e-03
-3.080138e-02
1.473520e-02
-2.169234e-02
3.465260e-02
5.777679e-02
-4.073965e-02
-6.645022e-02
4.218781e-02
-1.033364e-01
8.722927e-03
2.333058e-02
2.834450e-03
3.858517e-02
-7.187779e-02
2.637007e-02
4.903922e-03
-1.211822e-02
2.051538e-02
2.633397e-02
-8.397301e-03
4.732068e-02
3.942278e-02
8.279451e-03
-2.114861e-02
3.318712e-02
1.560139e-02
-2.262723e-02
-2.973597e-02
9.457279e-04
3.036071e-02
-3.798996e-02
1.607943e-02
-4.891658e-02
-2.766868e-02
7.696917e-02
-1.369689e-02
-2.940956e-02
9.912441e-03
-2.406921e-02
-5.182449e-02
-1.757294e-02
7.673084e-03
-1.406993e-02
-1.127380e-02
2.499939e-02
3.540221e-02
7.907409e-03
-5.666059e-03
-3.184592e-02
-4.796491e-03
3.507067e-03
3.752268e-03
-2.454970e-02
-4.638745e-03
-3.046698e-02
-5.522649e-02
-2.527715e-02
-2.775613e-02
4.423865e-04
-4.103873e-02
-1.167057e-02
-1.645422e-02
-3.967509e-02
-1.851203e-02
-1.026145e-02
-2.965456e-02
-2.863060e-02
-2.463982e-02
-9.237114e-03
1.692942e-02
2.300304e-02
1.435852e-02
5.946447e-02
2.867016e-02
-1.576457e-02
1.784167e-02
-3.021516e-02
-5.131472e-02
-6.577789e-03
3.680006e-02
-2.552661e-02
-4.870382e-02
9.018717e-03
7.846231e-03
-4.859476e-02
6.657720e-03
-6.849367e-02
-7.701932e-02
-4.790508e-02
-6.030149e-02
-1.618195e-02
3.399525e-02
3.676837e-03
1.247103e-02
2.144800e-02
2.204713e-02
-4.688311e-02
1.492623e-02
1.862170e-02
3.867901e-02
-4.959450e-03
6.602546e-03
3.836917e-03
-3.688211e-03
3.684415e-02
3.934942e-02
1.303856e-02
3.054935e-02
1.837033e-02
-1.611743e-02
3.286193e-02
8.421363e-03
-9.390402e-03
1.641461e-02
-2.702649e-02
2.395198e-02
-3.103485e-02
8.488284e-05
-6.172088e-02
-1.164292e-02
1.972938e-02
6.575863e-03
-8.263367e-02
5.872929e-02
1.827567e-02
-6.963605e-03
-6.696721e-03
2.568227e-02
4.639435e-02
-2.798667e-03
1.722161e-02
5.348984e-02
-1.236371e-02
1.750692e-02
3.627054e-02
9.855583e-03
3.163434e-02
-2.287623e-02
-1.679086e-02
1.520816e-02
2.432721e-02
2.603945e-02
5.238055e-02
1.489866e-02
1.234978e-02
-4.293327e-02
3.327222e-02
-2.813249e-03
9.927456e-03
-1.482241e-03
-4.008782e-02
1.599658e-02
1.375359e-02
6.886917e-03
-4.827635e-03
-7.434231e-03
-1.829441e-02
-4.371329e-03
3.028256e-02
8.690345e-03
-2.325261e-03
1.258142e-02
2.144252e-02
1.034097e-01
6.039314e-03
-2.448539e-02
3.285138e-02
1.339213e-02
-2.017898e-02
-2.660580e-02
3.061306e-02
-7.659886e-03
8.727540e-03
2.332222e-02
-5.962985e-03
-3.971969e-02
3.406952e-03
-1.676317e-02
-2.302566e-02
-3.043506e-02
-2.701793e-02
-1.238286e-02
-4.417570e-02
2.054363e-02
1.738959e-02
2.081738e-02
2.086879e-02
1.274940e-02
4.169751e-02
-6.743351e-03
2.041523e-02
1.015272e-03
-2.269113e-03
-1.988528e-02
-4.261432e-03
-3.503672e-02
6.294157e-02
-1.930196e-02
-1.729599e-02
-1.143039e-02
-4.219520e-03
2.595671e-02
2.026602e-02
-1.831185e-02
-4.172439e-02
-8.842172e-03
7.806711e-03
-1.498028e-03
1.838774e-02
-1.273888e-02
-1.610416e-02
1.036165e-02
3.666333e-02
-1.693905e-02
-4.862529e-03
5.269375e-02
-1.846546e-03
-1.195093e-02
1.389249e-02
3.240147e-02
2.774545e-02
4.860430e-03
1.463299e-02
9.228713e-03
9.988849e-03
2.090571e-02
4.762401e-02
1.101035e-02
-3.130224e-02
-5.472009e-02
-2.308036e-02
-3.964431e-02
1.188103e-01
-3.970921e-02
4.666540e-02
7.053085e-02
1.775025e-02
4.985073e-04
4.422234e-04
7.903503e-03
-2.393050e-02
-1.903374e-02
-1.674621e-02
-2.577923e-02
-7.085713e-03
-1.602385e-02
1.781024e-02
2.848048e-02
2.866591e-02
-7.430240e-03
6.222400e-02
2.977592e-03
-4.316910e-03
3.542961e-04
-6.862433e-03
3.133340e-02
4.743130e-03
1.906714e-02
-2.316877e-02
-8.441156e-02
1.935035e-04
-4.163746e-02
1.654998e-02
3.492860e-02
-6.498198e-04
-3.576285e-02
-1.873883e-02
-7.615474e-02
2.052450e-03
-2.464760e-02
-4.549187e-03
1.289761e-02
2.683841e-02
7.546306e-02
1.307191e-02
3.420121e-02
1.886513e-02
9.901247e-03
5.168997e-02
-1.430257e-02
-4.343247e-02
-3.710758e-02
2.416846e-03
7.647125e-02
-1.962942e-03
4.121919e-02
-2.985948e-02
-8.260050e-03
3.191096e-03
-3.570101e-04
-2.682396e-03
-1.626731e-02
3.234165e-02
2.791545e-02
-2.186739e-03
-6.968935e-02
1.307514e-02
-4.296199e-02
1.378707e-03
-7.339120e-03
-1.721540e-02
1.380493e-02
-3.995770e-02
-4.521853e-02
5.597019e-02
-2.516231e-02
3.681029e-02
6.466063e-02
-2.769383e-02
1.849762e-02
-1.671670e-02
1.533717e-02
-3.243962e-02
2.076988e-02
-3.111518e-02
-1.641848e-02
1.732943e-02
9.899137e-03
-2.933336e-02
1.363820e-02
1.619434e-02
1.438660e-02
3.444255e-02
-5.772543e-02
-8.212781e-03
-3.151158e-03
3.008729e-02
9.365792e-03
-2.863981e-02
-4.628978e-03
-7.826082e-03
6.268503e-03
1.080540e-02
-1.469476e-02
4.424811e-03
1.834214e-02
-3.470998e-02
2.409362e-02
4.202097e-02
-8.419950e-03
-1.481136e-02
3.057974e-02
-1.406055e-02
2.002670e-02
-3.589150e-03
-3.008633e-02
-3.122654e-02
-5.884415e-02
-1.478662e-02
3.135325e-02
-1.850330e-02
2.895152e-02
3.460513e-02
-3.689845e-02
1.636442e-02
-2.351543e-02
7.639665e-03
-2.646809e-02
-3.462610e-02
-1.474003e-02
-3.109327e-02
2.503969e-02
2.868003e-02
-2.224183e-03
-5.120094e-02
1.309950e-02
-6.384324e-02
1.125951e-02
-2.995826e-02
-3.305766e-02
6.002611e-03
-8.050506e-03
2.353530e-02
-2.262449e-02
-2.049837e-02
4.759861e-02
-2.974464e-02
-8.980229e-03
-3.150837e-02
-6.385913e-03
3.846498e-02
4.126321e-02
-6.683960e-02
3.790087e-02
-5.047043e-03
-3.629965e-02
-3.664476e-02
-3.589732e-02
-2.453462e-02
-3.810880e-02
3.042308e-02
1.570369e-02
1.649183e-02
5.442226e-02
-2.379271e-02
7.618153e-03
1.632626e-02
2.573161e-02
1.726545e-02
7.794112e-03
-1.674592e-02
-3.208055e-02
-1.294134e-02
-3.726974e-02
3.144879e-03
-9.316531e-03
-4.981002e-02
-3.024402e-02
-3.482643e-03
1.895498e-02
-5.719268e-02
-6.465348e-02
-3.515289e-02
-1.117117e-02
-3.227654e-02
-6.834298e-02
3.011483e-02
5.320665e-02
-8.595834e-03
3.365716e-02
4.864323e-02
-2.166157e-02
3.498324e-03
1.762425e-02
-9.364075e-03
-2.937879e-02
2.532224e-03
1.835582e-02
2.143872e-02
2.292589e-02
3.482557e-02
1.665574e-03
-1.398799e-02
-2.519708e-02
3.733601e-02
9.027522e-03
-3.255755e-02
9.920484e-03
5.539507e-04
8.284269e-03
-2.636191e-02
-1.614491e-02
-3.796794e-03
8.065535e-03
-2.769665e-02
2.995655e-02
9.391476e-03
-2.745325e-02
3.987950e-02
-5.794583e-03
-3.007414e-02
-5.154518e-02
1.047052e-02
1.783983e-03
-6.286705e-03
2.370007e-02
-9.856945e-03
-4.251443e-03
1.155783e-02
-3.085535e-02
4.839245e-02
-5.130105e-02
-1.188703e-02
-6.346926e-02
8.136140e-03
4.345470e-02
-2.080403e-02
7.525591e-03
2.720341e-02
-1.745486e-02
2.479777e-02
2.403750e-02
1.939788e-02
4.306521e-02
5.067061e-02
-3.475924e-03
-5.043359e-03
2.434663e-02
-1.347615e-02
-4.166686e-02
-7.399681e-04
-1.986109e-02
-2.209315e-02
-1.878405e-02
-4.070818e-03
2.874190e-02
-3.117849e-02
-1.989612e-02
1.892143e-02
1.986843e-02
9.313642e-03
8.283636e-03
-7.078577e-03
-8.572712e-03
-2.766133e-02
4.706977e-02
3.435487e-03
2.718560e-02
-2.571720e-02
6.803287e-03
3.005932e-02
1.911562e-02
2.648982e-02
1.829301e-02
-2.239224e-02
-3.483222e-02
-3.018392e-03
2.339908e-02
-1.093715e-02
-1.358962e-02
-1.720707e-02
-3.676208e-03
-7.192092e-02
1.103391e-02
3.633195e-02
-2.499308e-02
-3.141963e-02
-1.444391e-02
-5.679233e-03
3.604146e-02
6.455922e-03
-9.246152e-03
5.623856e-02
-1.587862e-02
4.997239e-04
1.836121e-03
-1.321091e-02
1.408965e-02
-1.873098e-02
-3.442154e-02
2.801921e-02
-2.054487e-02
-3.079954e-02
-2.187017e-02
-4.917139e-03
-2.644359e-03
-7.418447e-03
1.287788e-02
2.713826e-02
-1.040864e-03
-1.213194e-02
-1.617332e-02
2.859228e-02
2.383340e-02
1.939848e-02
-1.744863e-02
1.232987e-02
2.616729e-02
4.974088e-02
-9.374344e-03
-2.832742e-02
-2.904998e-02
-2.847271e-02
-4.422768e-02
4.147243e-02
-4.634889e-03
-4.433440e-02
9.247742e-03
-3.352081e-03
-1.243790e-02
-2.573290e-02
2.712267e-02
-1.204013e-02
1.800364e-02
3.989968e-02
5.916890e-02
-8.967753e-03
7.525205e-03
-4.795733e-02
-7.094178e-02
-4.451647e-02
-3.215173e-02
-4.844555e-02
-2.476400e-02
1.591627e-02
-2.521600e-03
-2.816437e-02
2.340157e-03
1.577996e-02
-3.093889e-02
9.412669e-03
-7.546520e-03
1.191915e-03
-2.174133e-02
-1.651919e-02
3.900807e-02
2.034927e-02
-3.129668e-02
-4.186870e-02
-3.149133e-02
-3.195584e-02
-1.866529e-02
-1.763234e-02
-1.065174e-02
1.801944e-02
4.393870e-02
1.073968e-02
-7.708690e-03
-8.054296e-03
-5.742236e-03
2.491802e-03
-2.840571e-02
-1.024708e-02
1.370914e-02
2.352137e-02
-3.787634e-02
3.648390e-02
-1.102013e-02
-2.567967e-02
-3.401098e-03
8.843780e-03
-2.379533e-04
-7.463265e-03
3.238515e-02
1.098088e-02
-3.953673e-03
6.290575e-03
-3.785539e-02
8.802335e-03
-2.531737e-02
-5.131729e-02
-4.177292e-02
-5.276398e-02
-3.293344e-02
3.500035e-03
-1.531541e-03
-2.218897e-02
1.820346e-02
-2.768483e-02
6.666854e-03
1.805177e-02
-1.640208e-02
7.985137e-02
5.193481e-02
1.986447e-02
4.659608e-02
-7.460550e-03
8.357033e-03
-3.586411e-02
-6.876373e-03
3.995125e-03
-7.285741e-03
2.290504e-03
-1.392180e-02
-1.129879e-02
1.953098e-02
6.543130e-03
1.993644e-02
1.713731e-02
4.860391e-02
5.681269e-03
3.456561e-02
4.366419e-02
7.523686e-03
-3.481672e-02
2.071889e-02
-9.920524e-03
-2.379718e-02
-6.545119e-03
-2.560898e-02
-2.673024e-03
-2.037772e-02
-3.025137e-02
-5.937882e-03
-1.550776e-02
2.954923e-04
5.535481e-03
2.563824e-03
1.580276e-04
-1.748838e-02
-3.767792e-02
-4.489549e-03
3.455653e-02
-4.481445e-02
-8.034116e-03
4.155089e-02
-3.290214e-02
-2.910857e-02
-1.613331e-02
-2.342657e-02
1.630699e-02
-1.699180e-02
-3.525077e-02
-1.620014e-02
1.844573e-02
7.163694e-03
-2.655524e-02
-5.963609e-04
2.517559e-02
1.231112e-02
-7.649193e-02
-9.836648e-03
3.200615e-02
1.512077e-02
2.982439e-02
9.429258e-03
-1.737424e-02
-1.604392e-02
-7.085101e-02
-1.137812e-01
-7.147382e-03
-2.895763e-02
-3.935738e-02
3.888225e-02
1.092295e-02
3.818764e-02
1.849958e-02
-2.863849e-03
1.892431e-02
-2.086925e-05
3.864934e-02
9.843648e-03
-1.924034e-02
-3.875784e-02
6.142665e-03
5.667457e-02
-3.596422e-02
-1.277753e-02
-4.860006e-02
-1.701079e-02
2.409918e-02
5.947576e-02
2.602609e-03
3.115068e-02
1.594277e-02
-3.006888e-02
-6.585023e-02
-5.863927e-03
3.416193e-03
-5.460717e-03
-1.211451e-02
6.150318e-02
2.695543e-02
-2.604190e-03
-1.611431e-03
-2.615326e-02
-7.197961e-03
-2.324451e-02
6.695418e-03
-7.430100e-02
-4.147088e-03
2.344617e-02
1.529707e-02
-4.515874e-02
-4.560837e-02
5.325314e-02
-5.890140e-02
1.930425e-02
3.775449e-02
-7.660783e-02
-4.095037e-02
-3.001453e-02
-1.366672e-01
-1.007200e-01
-6.215031e-02
-7.937160e-02
-6.085421e-02
-5.591281e-02
-5.101157e-03
4.397976e-03
3.241530e-02
-6.728958e-02
-1.279194e-02
-9.596206e-03
-3.014938e-03
1.315111e-02
1.863722e-02
-2.971284e-03
-5.776749e-03
1.846758e-02
1.907537e-02
-9.764969e-03
-9.736680e-03
9.622095e-04
-2.451309e-02
-2.728600e-02
-2.199455e-02
4.047528e-03
1.087050e-03
-3.934899e-03
3.742146e-02
-1.339644e-03
1.038326e-02
3.125965e-02
2.837036e-05
-1.407265e-02
-2.434908e-02
-2.449805e-02
-6.869009e-03
7.455109e-04
1.145260e-02
-2.038275e-02
1.675697e-02
-1.653996e-02
3.443899e-02
2.856200e-02
2.351316e-03
-5.672797e-02
-6.834906e-02
-5.816557e-03
-3.016696e-02
-5.463231e-03
1.887547e-02
1.550848e-02
-4.155760e-03
-1.858350e-02
-2.879951e-02
1.010748e-02
-3.529522e-02
-2.688750e-02
3.369516e-02
2.493575e-02
-3.116946e-02
1.455030e-02
-4.110600e-02
-4.203270e-02
-2.923252e-02
9.056827e-03
-2.254106e-02
-4.085450e-02
-4.003360e-02
-1.018126e-02
1.739723e-02
-3.224801e-02
1.656850e-03
1.086775e-02
3.376712e-03
3.786232e-03
-1.318507e-03
-2.332523e-02
-6.046903e-03
-1.912380e-02
3.692452e-02
-2.484662e-02
2.698296e-02
-5.193777e-03
4.247140e-02
-3.808253e-02
4.886204e-02
2.308175e-02
-3.584527e-02
4.119090e-04
8.951201e-02
-3.274069e-04
-8.520064e-03
-2.712572e-02
-4.937832e-02
5.135207e-02
2.860736e-03
-3.513081e-02
-1.274840e-02
-2.314420e-02
3.439832e-02
1.419735e-02
2.549435e-02
2.936723e-02
3.104724e-02
-4.244310e-02
-4.632187e-02
-4.522586e-02
4.181436e-02
3.734138e-02
9.537318e-03
4.590299e-02
-5.875971e-03
-4.878918e-03
-3.123695e-02
-2.898268e-02
-1.294686e-02
-1.548743e-02
-2.179225e-03
-2.907102e-02
4.538712e-02
2.218303e-02
5.126256e-03
-3.450901e-02
-2.337834e-03
3.116230e-02
3.268931e-02
-4.591420e-02
2.127177e-02
-4.829280e-02
6.099928e-02
3.623283e-02
-2.363819e-02
2.216199e-02
-3.005798e-02
1.388098e-02
-7.454481e-03
-3.515276e-03
7.566455e-03
2.934523e-02
1.196121e-02
7.643777e-03
7.443405e-03
3.174242e-02
7.039764e-03
-3.646032e-03
1.239163e-02
1.092747e-02
7.771563e-04
-4.382044e-02
-2.298350e-02
-1.521901e-02
-9.810459e-03
2.024204e-02
1.623148e-02
3.434552e-02
-4.436169e-03
2.615598e-02
-1.429405e-02
2.170899e-02
-4.494982e-03
1.440367e-03
-4.036362e-02
-1.745868e-02
-1.437990e-02
-4.014524e-02
-3.889520e-02
-1.601950e-02
1.712589e-02
4.454811e-02
2.426677e-02
-8.737746e-03
-3.387400e-02
-1.280004e-02
-8.011258e-02
2.309634e-02
-1.633415e-02
-1.095429e-02
-3.626026e-02
3.511871e-02
-3.814489e-02
-2.230241e-02
-1.580236e-02
-2.487330e-03
-2.938540e-02
-1.258607e-02
-2.032550e-02
-4.058260e-02
5.873790e-02
4.474752e-02
-3.419652e-02
6.098816e-02
-4.626194e-02
-4.783188e-02
-5.863518e-02
3.739061e-03
-4.886537e-02
-4.129422e-03
-2.055890e-02
1.040733e-01
-1.214764e-02
-4.624690e-02
-1.100989e-03
2.570687e-02
2.271630e-03
-2.569972e-02
-3.865492e-03
-5.850584e-03
2.734358e-02
-1.735867e-03
-3.427111e-03
2.526560e-02
1.571635e-02
1.143577e-02
9.704273e-03
-1.919335e-02
-4.363566e-02
1.585687e-03
-1.447890e-02
-1.286667e-02
1.391520e-02
-1.862489e-02
-2.865492e-02
6.431573e-03
-2.909658e-02
-1.510123e-02
-6.940117e-02
4.777569e-04
1.790552e-03
7.368842e-02
3.656768e-02
-2.847971e-03
2.573901e-02
-8.160630e-03
-6.902279e-02
-7.044978e-03
5.534646e-02
-1.136111e-02
3.988063e-02
-1.875185e-02
1.355450e-02
1.615364e-02
-3.090824e-02
2.055527e-02
1.866989e-02
3.123888e-02
-3.193148e-02
-1.570483e-02
-1.254985e-02
-2.611231e-02
4.498143e-02
9.057122e-03
5.753677e-03
-1.984706e-02
-5.542910e-02
-3.331227e-02
-1.952385e-02
3.595516e-02
6.940626e-03
7.649690e-03
-5.933243e-02
1.049140e-02
-3.761997e-02
1.530709e-02
1.948163e-02
1.661683e-02
1.121452e-02
2.352568e-02
6.477817e-05
-3.705295e-04
1.877769e-02
1.048018e-02
-2.864518e-02
-1.635060e-02
-2.344382e-02
-7.141130e-02
2.749031e-02
-4.076927e-04
-1.474644e-02
-3.654066e-02
-5.404349e-02
5.079955e-02
3.002937e-03
4.104564e-02
-5.539146e-03
-5.559323e-02
1.828638e-02
-2.129345e-03
-6.038138e-02
3.551145e-02
-5.434980e-02
-2.260076e-02
2.761375e-03
-1.639658e-02
1.394638e-02
3.595231e-02
4.300734e-02
1.155495e-02
4.736779e-02
8.352455e-03
2.297167e-02
-8.769309e-03
1.539794e-02
1.453068e-02
1.425014e-02
-1.963549e-02
1.859678e-02
4.702416e-02
-1.598056e-02
-1.067664e-02
-1.302135e-02
2.636740e-02
5.519727e-02
7.537708e-04
-2.360972e-03
-2.379144e-03
-3.167352e-02
-5.197122e-02
3.972378e-03
-7.688031e-02
-3.950679e-02
1.972886e-02
6.974217e-03
-4.727684e-02
4.050542e-02
1.097073e-02
6.745721e-02
-2.499299e-02
3.174304e-02
5.974603e-03
-7.376722e-03
-6.088769e-03
-2.565587e-02
-6.232648e-02
-1.075357e-02
-9.296639e-03
-1.624163e-02
6.395274e-02
-1.860522e-02
-7.545287e-02
-3.899947e-03
4.619231e-03
1.626864e-01
-1.631788e-02
-1.959694e-02
3.127777e-02
-7.572158e-03
6.081640e-02
9.899968e-03
2.823598e-02
-5.966402e-03
-3.359304e-02
-1.078087e-02
2.617225e-02
-2.265505e-02
2.352828e-02
-2.821582e-02
9.772505e-03
-2.684204e-02
-4.714607e-02
3.627666e-02
4.647366e-02
-3.311404e-03
-1.680937e-02
1.258579e-02
2.997088e-02
1.081771e-02
1.395777e-02
-2.073387e-04
-2.891122e-03
-1.428351e-02
5.294992e-03
-1.117752e-02
-1.602875e-03
2.566118e-02
2.721232e-02
-4.723820e-02
-3.151322e-02
-3.780379e-02
-2.760004e-02
3.154238e-03
2.787754e-02
5.506211e-02
3.389897e-02
1.470128e-02
1.117572e-02
4.998964e-03
5.328730e-03
-3.704816e-02
-2.876234e-02
-3.894843e-02
3.743024e-02
2.355353e-02
3.255308e-02
7.882207e-02
6.902982e-02
5.352940e-02
3.095549e-02
-1.005233e-03
-2.533037e-02
-7.455997e-03
-1.963784e-02
2.700134e-02
-5.237836e-03
-6.434677e-02
-1.045711e-02
-1.987132e-02
2.094850e-02
-4.801719e-02
1.629953e-02
5.517919e-02
1.858921e-02
9.025298e-03
-4.852387e-02
-2.416650e-02
6.431001e-02
2.587070e-02
-9.618619e-03
2.282930e-02
9.875773e-03
2.511638e-02
-4.548887e-02
-4.283245e-02
-4.673855e-03
-1.427870e-02
-1.172726e-02
-9.452127e-03
4.435148e-02
6.695075e-03
-8.466493e-02
-1.017222e-02
5.788819e-03
3.837051e-02
2.918737e-02
-2.691358e-02
6.564783e-02
1.355565e-02
1.916629e-02
-1.520888e-02
-1.254791e-02
-2.183158e-02
3.698468e-02
-1.617698e-02
-8.146028e-03
1.461216e-02
7.125916e-04
-3.182987e-03
1.268399e-02
1.040480e-02
-6.927827e-03
2.764811e-02
2.901318e-02
-1.571513e-02
-4.452913e-02
3.008637e-03
1.593974e-02
-4.629194e-02
-2.972492e-02
-2.431385e-03
-8.358991e-03
-6.038464e-03
1.220667e-02
1.612147e-02
-6.058084e-03
2.524848e-02
2.859323e-02
4.461513e-02
1.877178e-02
-6.638665e-02
-6.340133e-02
-2.478893e-02
-2.802275e-02
3.020524e-03
-1.107514e-02
-1.900933e-02
-7.171206e-02
-3.644872e-02
-9.981407e-02
-5.356185e-02
-7.424194e-02
-9.989520e-03
2.432983e-02
-6.545205e-03
-1.315816e-03
6.593253e-02
-2.437326e-02
6.400590e-02
-3.255570e-02
-7.831783e-03
-1.864583e-02
-1.509252e-02
2.008666e-02
5.405379e-03
9.052826e-03
-1.701727e-02
-1.235845e-02
-1.752838e-03
-1.053668e-02
-1.352704e-02
3.153533e-02
1.122095e-02
-4.352491e-02
-8.797127e-03
1.095961e-03
-2.516967e-02
7.273984e-03
-2.067020e-02
-2.508274e-02
-3.594065e-03
1.203434e-02
-1.630371e-02
5.843377e-03
1.088442e-02
3.274647e-02
-4.258454e-02
2.000574e-02
-2.098354e-02
-2.740914e-02
-2.732182e-02
1.736545e-02
1.841915e-02
-9.536630e-03
-1.138994e-01
2.127937e-02
-4.891211e-02
-4.572247e-02
3.197280e-02
-1.141502e-02
-1.717680e-03
3.409198e-02
-7.196934e-03
6.779766e-03
-3.763096e-02
-5.687240e-02
5.754309e-02
2.231426e-02
-1.916404e-02
-7.535030e-03
3.782671e-02
4.876036e-03
-2.320896e-02
-2.644216e-02
1.317547e-02
1.025866e-02
3.824230e-02
-2.940092e-02
-7.833748e-03
1.553779e-02
-1.236049e-02
2.269961e-02
-4.852971e-02
-3.523450e-02
5.028330e-02
1.542170e-03
1.760201e-03
7.108491e-04
3.782181e-03
-3.985016e-02
-1.529637e-02
4.087013e-02
4.056341e-02
-2.516854e-02
-1.962010e-02
2.777879e-02
1.710183e-02
-3.275727e-02
2.844448e-02
-2.788264e-02
-9.941538e-03
1.637571e-02
-3.170781e-02
-5.920102e-02
-3.625613e-02
-3.620269e-03
-5.143699e-03
4.519718e-03
-5.074409e-02
-3.044382e-03
-4.624725e-02
-4.539242e-02
4.182720e-02
3.368078e-02
1.910598e-02
2.270516e-02
3.165269e-02
4.724203e-04
-5.410218e-02
3.556109e-02
6.012968e-03
9.828721e-03
6.692300e-03
-1.360577e-02
1.380815e-02
5.715737e-02
-1.291488e-02
-8.895345e-03
2.176400e-02
-3.619931e-03
-1.272335e-02
-4.103169e-03
2.733265e-02
-1.224700e-03
4.090022e-02
2.026074e-02
2.794463e-02
1.623516e-02
-2.328699e-02
-1.893773e-02
3.313389e-03
6.533151e-02
2.434654e-02
6.235965e-03
-1.938256e-02
-4.530784e-02
5.699955e-03
2.185359e-02
4.398321e-02
7.334200e-02
2.386433e-02
-4.036938e-02
-2.031551e-03
-4.495140e-02
-2.954532e-02
-3.936378e-02
8.449816e-05
4.599984e-02
4.516909e-03
-3.021152e-02
1.808713e-02
-4.070275e-02
9.914172e-02
-1.440475e-01
5.936859e-02
4.542726e-02
-3.181173e-02
-1.690005e-02
3.825481e-03
-1.795008e-03
-4.189461e-02
-5.477406e-02
-8.286379e-03
-1.703097e-02
-7.165960e-04
-3.606924e-02
-1.997501e-02
-3.339490e-02
-4.962130e-02
-3.020421e-02
-5.369661e-02
-7.359647e-04
-3.194029e-02
-2.352081e-02
-4.151239e-02
-1.644567e-04
8.466375e-03
4.602889e-02
-1.128635e-02
3.059384e-03
3.468599e-02
4.869439e-02
-3.220942e-03
6.153237e-02
2.573833e-03
-1.147019e-02
-4.776939e-02
6.985938e-03
-1.205204e-02
-2.533828e-02
-1.022799e-02
-3.237928e-03
-2.279060e-02
3.917405e-02
3.394948e-02
3.104792e-02
-2.565520e-03
5.386357e-02
1.161156e-02
1.376226e-02
-9.339483e-03
1.929952e-02
-3.825378e-02
-1.130285e-02
-1.305436e-02
-6.769323e-03
-1.124004e-02
2.863679e-02
2.363037e-02
3.381388e-03
1.168958e-02
4.445864e-03
-3.996155e-02
1.389580e-02
3.653574e-02
4.373758e-02
8.014308e-02
9.457454e-03
-4.013060e-04
5.214998e-02
9.306950e-04
-3.681627e-02
-3.666169e-02
-4.269233e-02
4.291571e-03
1.999338e-03
1.786215e-02
6.813446e-03
2.089527e-02
2.063310e-02
1.381874e-02
-3.343323e-03
-3.590223e-02
2.108043e-02
-1.259272e-02
-2.179551e-02
3.576315e-03
-7.316382e-03
-1.870973e-03
-7.898253e-04
2.417059e-02
-1.191947e-02
-3.179561e-02
1.684660e-02
1.396628e-02
-8.873895e-03
3.093261e-02
-8.363175e-03
1.141240e-02
1.768162e-02
-9.292966e-03
-5.457676e-03
-8.987546e-03
-1.059833e-03
-1.523018e-02
-7.802535e-03
-3.329001e-02
-2.820443e-02
1.297396e-03
3.502227e-02
-1.614222e-02
-2.847246e-02
1.812827e-02
-1.987585e-02
-1.765953e-02
3.989099e-02
-1.556925e-03
-1.013036e-02
-2.312690e-02
-3.649750e-02
-3.555073e-02
3.201950e-05
-2.415946e-02
1.718454e-02
2.002864e-02
-1.980194e-02
1.133235e-02
4.459645e-02
4.742604e-02
2.342778e-02
-1.839997e-02
4.149596e-03
-2.117215e-02
-6.536706e-02
-1.980471e-02
1.822616e-02
-2.655984e-04
3.167882e-02
2.330013e-02
2.462919e-02
2.222028e-03
-1.871895e-02
-4.808941e-02
2.521169e-02
4.439456e-02
4.536355e-02
4.963166e-02
1.026716e-02
-1.515324e-02
-1.186875e-02
-4.207923e-02
-7.770319e-02
2.688172e-02
8.587602e-03
1.927698e-02
1.086536e-02
-1.076507e-02
6.785461e-03
2.917728e-03
3.703288e-03
6.336467e-04
2.756561e-02
-2.919861e-03
-1.305509e-02
-5.813391e-03
-5.657530e-03
-1.929822e-02
-2.005038e-02
-2.278487e-02
-2.895427e-03
2.766543e-02
4.128560e-02
2.761234e-02
-1.000572e-03
-3.175668e-02
1.640074e-02
-2.488607e-02
-7.567926e-02
-5.769113e-02
4.579589e-03
-1.084959e-02
-8.533536e-02
2.707116e-02
8.594696e-02
2.845804e-02
2.242692e-02
-2.767097e-02
-1.330311e-02
-9.005506e-03
-5.246877e-02
-2.844123e-02
-9.404996e-04
-1.837351e-02
-2.448638e-02
1.506009e-02
4.117156e-02
5.793026e-02
-2.450625e-02
-4.305723e-03
-1.022853e-01
-2.025051e-03
-1.724502e-02
1.448264e-02
-2.940811e-03
2.881107e-02
3.242365e-02
4.756771e-02
2.620272e-02
-2.198213e-02
4.670112e-02
-1.023156e-02
-2.097074e-02
5.721439e-02
3.236273e-02
-5.437128e-02
-2.945652e-02
-6.981734e-02
-2.757170e-02
-2.428027e-02
-1.587227e-02
1.646674e-02
-1.309396e-02
-2.023300e-02
3.967804e-02
-4.209670e-02
-8.417496e-03
5.995185e-02
-3.300436e-02
-2.276306e-03
2.298514e-02
-1.034958e-02
-1.592089e-02
3.850549e-02
-7.509091e-03
-3.639710e-03
1.109929e-03
1.245292e-02
3.047359e-03
-1.402647e-02
1.138910e-02
-1.612991e-04
-3.694292e-03
2.193868e-02
-4.131070e-02
-2.260540e-02
-2.424008e-02
-1.856142e-02
-4.656233e-02
1.562862e-02
6.496463e-03
1.412757e-02
4.464785e-02
4.881999e-02
1.278789e-02
2.384664e-02
-1.624053e-02
-3.414154e-02
-5.497826e-02
-5.428099e-02
-1.008009e-02
-2.826439e-02
9.859540e-03
3.982296e-02
1.361684e-02
3.777850e-02
4.041274e-03
-6.903247e-03
4.427800e-02
-1.021809e-02
2.022174e-02
8.252453e-04
3.005453e-02
-1.340729e-02
-3.977603e-02
-5.390707e-03
3.436510e-02
5.472588e-03
-2.894118e-02
-1.241829e-02
2.289193e-02
1.090378e-02
-7.719765e-02
-8.308441e-03
1.892027e-02
-1.864026e-02
-3.291878e-04
2.301783e-02
-2.649784e-02
-8.289520e-02
-1.280570e-01
-8.294065e-02
-8.875643e-02
2.523438e-02
-6.135841e-02
1.124900e-01
7.268115e-02
2.626166e-02
-2.093872e-02
-2.343453e-03
2.523049e-02
-3.046299e-02
2.723040e-03
-4.122649e-02
-3.281178e-02
-6.309859e-03
2.124309e-02
2.026179e-02
3.684364e-02
-6.280019e-03
3.321163e-02
2.594156e-02
7.764191e-03
-1.503126e-02
4.255870e-03
7.648577e-04
-4.028647e-03
-7.436744e-02
-5.566333e-03
7.258381e-03
-2.609973e-02
1.532619e-02
8.747728e-02
-2.667149e-02
3.226848e-02
4.013102e-02
3.720885e-02
-6.993913e-02
-3.762609e-02
-2.941735e-02
4.058770e-02
-2.259080e-02
-1.284066e-02
-1.804552e-02
-2.773804e-02
-1.785387e-02
4.870460e-02
9.160006e-03
-1.335315e-02
2.544529e-02
2.094828e-02
-1.451026e-02
5.778234e-03
2.633607e-02
1.979342e-02
-1.797125e-02
-8.181022e-02
-5.349610e-02
1.044318e-03
2.546757e-02
3.464448e-02
1.156603e-02
4.286187e-02
-6.543581e-02
-4.104155e-02
-4.462839e-02
3.307990e-02
-4.958624e-03
1.469846e-02
5.714606e-03
-1.508956e-02
3.879410e-02
7.257319e-03
-5.486991e-02
-1.877804e-02
3.129561e-02
-2.400797e-02
-7.672444e-02
-1.934713e-02
4.098846e-03
5.757474e-03
1.495071e-02
-2.405268e-02
1.182010e-02
5.170571e-02
-9.255524e-03
2.189573e-02
-2.895171e-02
1.015182e-02
-2.951002e-03
-3.938595e-02
2.979515e-02
-8.347367e-03
-7.797658e-02
1.664523e-03
-4.202349e-03
-1.924763e-02
-3.300609e-03
-4.501925e-03
2.330182e-02
-1.135167e-02
3.835617e-03
-5.187574e-02
1.333941e-02
2.620736e-02
-2.291387e-03
-3.262002e-02
6.326752e-03
-5.272238e-03
-3.673002e-02
-1.319528e-03
-2.775185e-04
1.459088e-02
-1.534544e-02
1.233183e-02
-1.231195e-02
-3.392198e-02
2.885311e-02
-2.764937e-02
-1.015922e-02
-4.301856e-02
-5.141680e-02
-4.256850e-02
-4.552805e-02
2.582720e-02
-1.964499e-03
-1.672431e-02
1.098978e-02
2.162499e-02
3.813449e-02
2.024993e-02
3.637202e-02
-8.918080e-03
-3.288285e-02
-3.966378e-02
-3.875776e-02
2.065501e-02
2.213404e-02
-1.895303e-02
4.784243e-04
3.923783e-03
-2.349296e-02
-3.069153e-02
1.407148e-02
-1.685438e-03
5.029508e-02
-6.308678e-02
1.195026e-02
1.051960e-02
5.267633e-03
-1.905103e-02
3.572103e-02
1.874249e-02
-1.689186e-02
-1.109997e-02
1.159030e-02
2.040670e-02
4.258444e-02
-5.247441e-03
-4.462614e-02
1.232133e-02
1.828534e-02
1.488109e-02
3.556045e-02
3.309608e-02
-5.640394e-03
1.225562e-02
-3.099702e-03
8.105951e-03
-1.237221e-02
1.410623e-02
-4.068450e-03
2.281461e-02
3.306482e-02
-3.464186e-02
-2.264273e-02
6.525799e-05
1.744509e-02
-1.148362e-02
-2.170814e-02
-1.860704e-02
2.822284e-02
-1.642896e-02
8.337823e-03
-3.247847e-02
1.176396e-02
-5.906527e-02
4.150895e-02
1.516826e-03
-2.165750e-03
-1.070609e-02
1.181569e-02
1.508647e-02
1.735903e-02
-1.037992e-03
-3.011369e-02
1.704101e-02
-4.436198e-02
-6.402802e-02
3.489894e-02
1.193672e-02
3.021896e-02
6.606446e-02
-2.649602e-02
-2.224072e-02
-6.370057e-03
-3.797491e-02
6.180339e-03
2.448349e-02
-5.826899e-02
-5.627693e-02
2.995436e-02
-1.452692e-02
-4.318609e-02
-1.715151e-02
2.420521e-04
-5.764130e-03
-1.806650e-03
1.491090e-02
3.876051e-03
4.265809e-02
-2.570613e-03
-2.731774e-02
1.053039e-02
-1.578253e-02
-2.511060e-02
5.213935e-02
-1.058157e-02
-2.265896e-02
2.877891e-02
-1.788782e-02
-6.118475e-03
1.890377e-02
2.630820e-02
3.390452e-02
1.244823e-02
-2.276638e-02
2.058391e-02
9.202097e-03
-2.427111e-02
-3.385586e-02
-3.604887e-03
-2.417324e-02
-2.318662e-02
4.985672e-02
3.033538e-02
-1.501163e-02
3.055302e-02
1.327882e-02
-3.385847e-02
2.120528e-02
1.529261e-02
5.136101e-03
-1.058251e-02
-5.646468e-03
-1.596685e-02
-3.378282e-02
-3.488485e-03
-1.072246e-02
1.865483e-02
-1.339522e-03
-2.407668e-02
1.388611e-02
-1.953433e-02
-6.992760e-02
1.035159e-01
2.092004e-02
-2.553122e-03
1.234748e-02
-3.270875e-02
-1.653720e-02
3.418466e-02
-2.752884e-02
-2.471416e-02
4.778776e-03
-2.919761e-02
-4.729854e-03
5.183101e-03
7.816299e-03
-5.468846e-03
1.414624e-02
5.161301e-04
1.136756e-02
3.087560e-02
-3.519888e-03
1.530835e-02
1.138567e-02
3.448568e-02
-1.572215e-02
4.018810e-03
5.256806e-02
-2.273926e-02
2.656650e-02
2.185206e-02
-1.946953e-02
2.564665e-02
-6.410091e-03
-2.513795e-02
4.219107e-03
-8.219054e-03
-1.697838e-02
-4.245653e-03
1.934723e-02
-1.822014e-02
9.190567e-03
-5.202744e-03
-2.480351e-02
-3.044469e-02
-3.630350e-02
-6.368866e-02
-2.833101e-02
-1.431276e-02
-2.012489e-02
2.854912e-03
2.778050e-03
-2.212264e-03
3.000609e-02
-4.871858e-02
3.938558e-02
-1.284251e-02
3.991171e-02
2.394457e-02
-3.330833e-02
2.146965e-02
-1.174349e-03
-4.966084e-02
-1.844549e-02
1.408463e-02
-5.120139e-02
8.990502e-03
4.338849e-02
5.379581e-02
3.137611e-02
2.322860e-04
-2.789437e-04
-3.763904e-02
5.896768e-03
1.444699e-02
1.563263e-02
6.386712e-03
-2.636797e-02
6.036899e-02
-8.566470e-03
-2.105238e-02
-3.011035e-02
-2.372493e-02
1.295084e-02
5.384066e-02
2.702889e-02
3.555091e-02
-1.866294e-02
-5.628920e-03
4.812543e-02
-4.081430e-02
1.108653e-02
-1.652884e-03
4.821716e-02
-6.537663e-04
-2.483857e-02
-2.386196e-02
-3.729537e-02
-2.673255e-02
-4.527647e-03
5.163687e-03
-1.295806e-02
-1.373149e-02
2.251208e-03
-7.756106e-03
-5.722619e-02
-3.177603e-02
-3.596696e-02
-1.100266e-02
-1.326951e-02
-2.017413e-02
2.332427e-02
4.584003e-03
-1.461587e-02
2.402296e-03
-2.389517e-02
3.693564e-02
1.954054e-02
-5.962138e-02
2.688459e-02
-2.020547e-02
-3.977748e-02
8.042701e-03
2.407532e-02
2.862708e-02
2.977802e-02
-1.026816e-02
-1.066187e-02
1.235992e-02
3.612505e-02
4.336293e-02
-3.000263e-02
1.491648e-02
4.093025e-02
-2.041725e-02
-2.970118e-02
-1.627432e-02
-1.587601e-02
-5.309130e-02
-5.700394e-04
1.016258e-02
-4.040843e-02
-2.095709e-02
5.061304e-02
6.204262e-02
5.520728e-02
4.017723e-03
4.082607e-02
1.451186e-02
-2.530962e-03
9.921195e-03
2.708904e-02
-3.904347e-02
-2.669477e-02
4.516589e-03
-2.299605e-02
-6.308809e-02
-6.586645e-02
-4.437279e-02
-4.349401e-02
-4.434134e-02
8.953598e-04
-4.460279e-02
-4.532230e-02
-5.128692e-03
5.255333e-02
-3.087314e-02
-7.030278e-03
-1.788460e-02
3.388384e-02
6.247602e-02
-6.854411e-02
1.627085e-02
-3.609288e-03
-2.340308e-02
-1.185287e-02
1.831375e-02
2.599913e-02
-3.672546e-02
-1.086040e-02
-2.175980e-02
-1.895659e-02
-4.227249e-02
1.359161e-02
1.828895e-02
2.329639e-02
-2.436114e-02
1.207342e-02
2.609194e-02
-1.901784e-02
1.625315e-02
-2.214125e-02
7.817240e-03
-7.932526e-03
