-7.850819e-02
-3.794013e-02
-5.282407e-02
-5.251913e-02
-5.984256e-02
-4.043028e-02
-4.936832e-02
-1.655950e-02
-8.152498e-02
-8.243949e-02
-1.887253e-02
-6.473323e-02
-8.591358e-02
-6.629782e-02
-5.244897e-02
-5.092587e-02
-5.546032e-02
-8.845852e-02
-5.443557e-02
-5.746444e-02
-4.818758e-02
-9.365659e-02
-3.608994e-02
-6.908146e-02
-4.482615e-02
-3.117808e-02
-1.256284e-03
-2.749582e-02
-4.383541e-02
-7.327844e-02
-5.169401e-02
-7.024702e-02
-7.489614e-02
-9.099828e-02
-5.952662e-02
-4.314546e-02
-7.684939e-02
-1.974783e-02
-8.245630e-02
-1.938736e-02
-7.881340e-02
-1.649629e-02
-2.810888e-02
-5.738242e-02
-1.088937e-01
-5.145911e-02
-7.242308e-02
-3.860836e-02
-5.174650e-02
-4.678504e-02
-6.935047e-02
-7.159993e-02
-3.912810e-02
-6.299924e-02
-6.177292e-02
-2.956605e-02
-5.967370e-02
-1.225953e-02
-1.052880e-01
-5.771666e-02
-5.604754e-02
-4.038756e-02
-2.637433e-02
-7.078724e-02
