1.116906e-01
1.216064e-01
1.448965e-01
1.111273e-01
1.348055e-01
1.226261e-01
1.232414e-01
1.397780e-01
1.249891e-01
1.293628e-01
1.114970e-01
1.365286e-01
1.142291e-01
1.141655e-01
1.457870e-01
1.468188e-01
1.330180e-01
1.384505e-01
1.266673e-01
1.250508e-01
1.416487e-01
1.123009e-01
1.196626e-01
1.135805e-01
1.212621e-01
1.228913e-01
1.060109e-01
1.254964e-01
1.138432e-01
1.261620e-01
1.379694e-01
1.323958e-01
1.500214e-01
1.051347e-01
1.461451e-01
1.393067e-01
1.110140e-01
1.205458e-01
1.238700e-01
1.474649e-01
1.229329e-01
1.475054e-01
1.278537e-01
1.182106e-01
1.084298e-01
1.372823e-01
1.161834e-01
1.274869e-01
1.192219e-01
1.158200e-01
1.250174e-01
1.133179e-01
1.247309e-01
1.199520e-01
1.387344e-01
1.391175e-01
1.278409e-01
1.271144e-01
1.183273e-01
1.227472e-01
1.234791e-01
1.268699e-01
1.228967e-01
1.100173e-01
