-2.178073e-02
-2.520487e-02
-2.262498e-02
-7.162790e-03
-2.810515e-02
-1.739848e-03
-7.473861e-03
-1.901717e-02
-4.484246e-03
-1.570236e-02
-3.832953e-02
-2.499989e-02
1.401028e-03
-8.834676e-03
-2.817779e-03
6.361709e-03
5.067842e-03
-1.618093e-02
1.334741e-02
-2.039957e-03
-4.293736e-03
-9.785665e-03
-2.108797e-02
-2.620041e-02
4.826171e-04
1.754430e-02
-1.017176e-02
-1.202427e-02
1.336065e-02
6.921330e-04
-9.568547e-03
-5.691356e-03
8.321666e-03
1.253782e-02
-6.967767e-03
8.951185e-03
-7.808953e-03
-7.201597e-03
1.281704e-02
9.683861e-03
-1.170222e-02
-1.795336e-02
-1.290280e-02
-1.268283e-02
-5.264631e-03
-2.134584e-02
-3.243559e-03
1.540379e-02
-1.234642e-02
-3.938847e-02
-2.189476e-02
-3.534874e-02
-2.037483e-02
-2.318601e-02
-3.305199e-02
-1.873455e-02
2.666420e-03
-2.153177e-02
-2.496610e-02
-1.359741e-02
-2.637548e-03
-3.045151e-02
-2.201775e-02
-5.952813e-03
