2.992180e-04
2.723375e-04
4.373721e-04
3.325937e-04
3.183377e-04
2.635129e-04
3.384427e-04
2.948418e-04
2.968830e-04
3.559512e-04
4.456703e-04
3.320892e-04
2.752066e-04
2.526242e-04
3.348038e-04
2.850443e-04
3.431006e-04
2.956353e-04
2.778708e-04
4.555177e-04
3.057297e-04
2.864003e-04
5.411346e-04
3.492368e-04
2.515221e-04
3.472685e-04
3.530472e-04
2.367320e-04
2.597030e-04
2.896184e-04
3.823081e-04
2.959600e-04
2.499398e-04
2.563592e-04
3.645839e-04
3.846342e-04
3.292773e-04
2.299569e-04
3.903637e-04
2.496852e-04
2.723898e-04
2.579913e-04
2.529873e-04
3.744896e-04
2.798154e-04
3.249293e-04
2.599159e-04
2.980178e-04
3.892524e-04
4.340402e-04
4.377040e-04
3.360113e-04
2.868162e-04
2.099112e-04
3.526573e-04
4.428468e-04
4.093708e-04
2.965449e-04
3.933275e-04
3.245677e-04
2.728067e-04
3.468864e-04
3.410940e-04
2.799059e-04
