7.700721e-03
1.004113e-02
2.287618e-02
1.685085e-02
1.604816e-02
1.584594e-02
1.186706e-02
1.698303e-02
1.362326e-02
2.810785e-02
2.223076e-02
1.209642e-02
1.288614e-02
2.200830e-02
1.978924e-02
1.717036e-02
1.364508e-02
1.296297e-02
3.060849e-02
1.111657e-02
1.710664e-02
2.309364e-02
7.921167e-03
1.054739e-02
1.343206e-02
1.207316e-02
8.984665e-03
1.746069e-02
1.284803e-02
1.020399e-02
1.323707e-02
9.249662e-03
9.750440e-03
1.663019e-02
1.931594e-02
2.259381e-02
1.005536e-02
1.217631e-02
1.202922e-02
2.986064e-02
1.556923e-02
1.043797e-02
2.112671e-02
2.382934e-02
9.075361e-03
1.159507e-02
1.462536e-02
9.392165e-03
7.701787e-03
1.567663e-02
1.281871e-02
2.122869e-02
1.173447e-02
1.360631e-02
1.396883e-02
1.647906e-02
1.284603e-02
1.474296e-02
1.580679e-02
2.594773e-02
2.306175e-02
1.658645e-02
9.808945e-03
1.774436e-02
