2.091178e-03
-3.451674e-02
-1.881093e-02
-8.669023e-03
-2.403639e-02
-5.820254e-03
4.200085e-03
2.547316e-02
-5.973564e-03
4.362329e-02
4.211168e-02
6.740659e-03
5.033234e-02
9.600759e-03
1.284229e-02
8.023330e-03
7.293705e-03
-3.864995e-03
-1.899031e-03
2.971526e-02
2.579194e-02
1.302364e-02
-1.107215e-03
4.860361e-02
9.912752e-03
1.049028e-02
1.247363e-02
-8.248719e-03
-1.661586e-02
-3.293624e-02
-1.507665e-03
1.595199e-02
1.428606e-02
2.278698e-02
3.291069e-03
2.846444e-02
2.856742e-02
4.105248e-03
1.005001e-02
2.742089e-02
7.530852e-03
6.594185e-03
1.275355e-02
2.055902e-03
-3.137539e-03
2.745738e-02
5.590089e-02
1.298997e-02
4.244136e-02
-3.610022e-03
-1.684675e-02
-6.696350e-03
-4.799539e-03
-2.633449e-02
1.120368e-02
1.215181e-02
2.236633e-03
7.288102e-03
8.776426e-03
-4.473408e-03
2.389725e-03
3.725179e-02
-7.811375e-03
1.970894e-02
2.536723e-02
9.633620e-03
1.987582e-02
1.615224e-02
-4.704239e-03
2.789769e-02
2.369926e-02
2.599653e-02
-4.421754e-03
-2.420869e-03
-3.165420e-02
-4.856991e-03
-7.021706e-03
-9.473808e-03
8.698775e-03
-1.085940e-02
6.515025e-05
1.315197e-02
1.526214e-02
8.396321e-03
1.728040e-02
3.926086e-02
7.429587e-03
2.783556e-02
1.618470e-03
-8.952259e-03
-2.902278e-02
-1.014901e-02
-2.899146e-02
-6.927071e-03
5.775367e-03
-1.808755e-02
-9.305576e-03
-9.944282e-03
9.766459e-03
8.456520e-03
1.267362e-02
-1.487547e-02
2.679241e-02
7.011043e-03
-1.595588e-02
2.125643e-02
1.646715e-02
-1.529333e-02
2.908487e-02
2.696469e-02
5.877331e-03
2.637077e-02
2.386243e-02
-7.145202e-03
1.208855e-02
-1.949050e-02
-2.444258e-02
-7.314736e-03
3.085143e-03
6.722571e-03
-1.864357e-02
2.769347e-03
-4.377114e-03
-1.353515e-02
-1.448378e-02
-3.913574e-02
6.206267e-03
-1.093003e-02
8.186051e-03
-2.454504e-02
-3.476442e-02
-1.630572e-02
-2.594750e-02
-3.979970e-02
-3.251373e-02
-2.337609e-02
6.065001e-03
9.113485e-03
-1.087587e-03
-7.806094e-03
-1.423057e-02
-1.655698e-02
-8.410828e-03
-3.175815e-02
1.575816e-02
2.514055e-02
2.206024e-02
1.968558e-02
8.359785e-03
2.573510e-02
2.553721e-02
3.309694e-02
2.307066e-02
-2.516373e-02
-1.412117e-02
-2.312933e-02
-3.041037e-02
-8.775806e-03
-1.304402e-02
-1.628607e-02
-2.283307e-02
-1.282117e-02
-2.507627e-02
-1.596098e-02
-1.379539e-02
-2.909488e-02
1.026796e-02
-1.323272e-03
8.066704e-03
-9.697540e-04
2.144330e-02
-3.404420e-02
-4.596085e-03
1.971315e-02
-8.284779e-03
2.258635e-02
4.350225e-02
3.433527e-02
4.663755e-02
1.862547e-02
-3.056300e-02
-1.074616e-02
2.545458e-02
-1.947247e-03
-1.059085e-02
8.959745e-03
-2.405805e-02
-5.318942e-03
2.459937e-02
-1.855708e-02
-8.971685e-03
3.220123e-03
-1.484522e-02
-2.137716e-02
-6.006824e-04
-1.740889e-02
-3.452844e-02
-1.749302e-03
-1.290534e-02
-9.824634e-03
8.279450e-03
-1.973067e-02
-7.833702e-03
3.849749e-02
3.223531e-02
4.529398e-02
5.052193e-02
-2.866983e-02
1.814146e-03
2.188884e-02
-1.297702e-02
-1.093914e-03
8.529270e-03
-4.103567e-02
1.345757e-02
1.628600e-02
-7.549538e-03
2.112482e-02
-3.310409e-03
-1.517005e-02
1.473058e-02
4.897113e-02
1.611868e-02
1.205435e-02
4.065957e-02
-2.940066e-02
-8.241076e-03
-3.183078e-02
-2.111353e-02
-3.786355e-02
-2.953498e-02
-2.061254e-02
-4.797977e-02
-2.177234e-02
7.824955e-03
1.674732e-02
-7.391143e-03
2.882706e-02
1.998305e-02
5.094788e-03
2.062736e-02
3.191291e-02
1.067792e-02
1.166990e-02
1.368776e-02
1.432361e-02
1.868935e-03
2.972336e-02
1.060836e-02
1.437604e-02
2.394365e-02
8.511026e-03
1.670001e-04
3.976890e-03
2.517869e-02
1.175173e-02
3.324804e-02
-9.463007e-03
1.472664e-02
1.589437e-02
-3.131688e-02
-6.270132e-03
-7.311245e-03
-2.035756e-02
-6.375556e-03
9.800594e-03
-8.120857e-03
-1.550329e-03
4.459472e-03
2.442040e-02
3.793515e-02
1.509773e-02
-3.515818e-02
3.106777e-02
-6.835163e-03
-3.293848e-02
1.713134e-02
1.202141e-02
-3.310045e-02
3.209760e-02
1.256071e-02
2.164499e-02
2.111349e-02
-2.460042e-02
-1.057212e-02
-3.587282e-03
-9.071807e-03
-2.784362e-02
-1.047087e-02
3.249522e-03
-7.512000e-03
-1.415450e-02
5.417282e-04
-1.948509e-02
-5.809350e-04
2.014363e-02
-1.115902e-02
5.266712e-03
1.337916e-02
1.381168e-02
-4.684641e-03
3.999877e-02
1.321896e-02
2.411042e-02
1.594029e-03
-1.404195e-03
-1.836010e-02
1.614309e-02
1.132834e-02
-3.947071e-04
4.031384e-02
1.464504e-02
-1.484063e-02
3.819572e-02
2.220839e-02
-5.528153e-02
-1.551262e-02
-1.099671e-02
-3.542299e-02
-6.542551e-02
-5.270054e-02
-2.703653e-02
-3.394605e-02
-2.535144e-02
5.670867e-03
1.542432e-02
-1.194523e-02
2.069957e-02
-3.970338e-03
-2.673232e-02
-2.402067e-02
-2.936288e-02
-1.629594e-02
-1.173094e-02
-1.647963e-02
-1.393765e-02
-6.656054e-03
-2.098107e-03
3.190542e-03
1.138281e-02
-9.265535e-03
1.086295e-02
-3.250709e-02
9.690115e-03
-4.256843e-03
-4.313404e-02
-2.112561e-03
6.878925e-03
6.089588e-03
5.049771e-04
1.379842e-02
3.094696e-02
3.197775e-03
3.281586e-02
8.328562e-03
-1.856811e-03
-4.731131e-03
-4.329848e-02
4.904610e-03
3.084748e-03
2.667378e-02
8.546920e-03
-9.623657e-03
-8.349273e-03
7.930582e-03
-4.856477e-04
2.197284e-02
-1.171479e-03
2.426727e-03
-9.944730e-03
-5.052262e-03
-3.903313e-02
1.516882e-02
2.822438e-03
-5.935548e-05
3.118081e-02
3.557116e-02
2.371090e-02
-1.538309e-03
-8.574395e-03
9.646124e-03
1.140606e-03
3.461530e-02
1.473247e-04
1.508834e-02
-1.854792e-02
7.092565e-03
2.877691e-03
4.108829e-02
8.705617e-03
-9.127279e-03
-7.375085e-03
-5.483346e-03
-2.343176e-02
8.163335e-04
1.593027e-02
-2.181028e-02
-1.181212e-02
6.683563e-03
-1.998403e-02
-1.944349e-02
-1.629687e-02
-1.363761e-02
-2.855825e-03
4.872032e-03
3.688372e-03
4.668396e-03
-1.058531e-02
-1.976472e-02
-3.162349e-02
-8.202303e-03
-2.643813e-02
-1.294116e-03
-2.940404e-02
1.875256e-02
1.348662e-02
1.554554e-02
2.256219e-02
3.161643e-02
7.229906e-03
8.994602e-03
-8.460336e-03
1.924318e-02
-1.607817e-02
-3.585868e-03
-2.666336e-02
-4.756048e-02
-1.481054e-02
-6.749476e-02
-3.991576e-02
-3.005957e-02
-2.686119e-02
4.353646e-03
1.641774e-02
-3.387087e-03
-2.916509e-03
1.043962e-02
1.008394e-02
-2.868235e-02
7.125832e-03
2.012013e-02
1.548006e-02
1.607798e-02
-1.741738e-02
7.000866e-03
2.578615e-02
3.348980e-02
1.072084e-02
3.402582e-02
-7.777065e-03
-1.010299e-02
-2.115503e-04
-1.008469e-02
-2.360743e-03
1.462055e-02
-2.492678e-02
5.289578e-03
-2.345477e-03
2.990427e-02
-8.043002e-03
-6.292420e-03
2.831777e-02
-3.687543e-02
-1.938316e-02
6.336732e-03
-3.797510e-02
4.991098e-03
-1.823968e-03
-2.990164e-03
-1.198003e-03
-1.365306e-02
2.202968e-02
-2.422199e-02
-3.532404e-02
1.496872e-02
1.711862e-02
-4.720098e-02
-3.289091e-02
-3.086829e-02
-5.791174e-03
3.460730e-03
-1.876186e-02
-1.185009e-02
4.761759e-03
-1.528532e-02
7.519313e-03
-1.422238e-03
-2.243934e-02
-1.662628e-02
-6.768176e-03
-2.769603e-02
-6.001160e-03
-1.324773e-02
3.760702e-03
-2.668239e-02
2.417427e-03
-1.751711e-02
-2.201002e-02
1.252939e-02
2.758054e-02
-1.110034e-02
8.872414e-03
-3.830618e-03
3.631408e-03
1.077173e-02
1.562903e-02
1.181715e-02
1.620863e-02
2.001608e-02
3.644549e-02
3.373462e-02
2.935708e-02
2.957766e-02
-3.321322e-03
-1.246194e-02
-1.117496e-02
-3.523098e-02
-4.723017e-02
-8.665984e-03
-2.430961e-02
-2.359568e-02
-2.949500e-02
4.722998e-03
2.829588e-03
3.890010e-02
-1.821270e-03
4.140563e-03
2.629903e-02
-2.313543e-02
4.457481e-02
1.228352e-02
3.432031e-03
2.255818e-02
-1.113101e-03
7.323040e-03
2.471785e-02
3.889307e-02
-1.410566e-02
2.798886e-02
2.181511e-02
3.673796e-03
-2.838391e-02
-3.779797e-04
-1.974567e-02
-9.396422e-04
1.305016e-02
5.428026e-03
2.710427e-02
1.773510e-02
1.431763e-02
-1.047424e-02
-1.826000e-02
1.496359e-03
2.272077e-02
-3.038121e-03
3.034668e-03
2.601655e-02
-4.318965e-03
1.066774e-02
-3.313030e-02
-1.734983e-02
-3.387332e-04
1.947874e-02
-2.422768e-02
1.346575e-02
-1.072513e-02
6.749225e-04
-9.417886e-03
5.536799e-03
-3.043110e-03
2.184753e-03
3.525396e-02
2.140604e-02
3.723580e-02
4.143830e-02
2.216951e-02
4.549418e-02
2.029257e-02
-7.215762e-03
2.556735e-03
2.027737e-02
2.716989e-02
4.068331e-02
-3.789397e-02
-2.154705e-02
1.222650e-02
-1.887872e-03
3.183607e-02
-1.579903e-02
-5.033311e-03
-7.157100e-03
4.365668e-03
1.860537e-02
2.304621e-02
1.539386e-02
2.566411e-02
-7.549697e-04
2.134459e-02
-4.739542e-03
1.931316e-02
2.166481e-02
1.105529e-02
5.115513e-03
-4.388710e-02
4.253197e-03
6.109918e-03
1.851614e-03
6.859184e-03
-1.143616e-02
1.001120e-02
-9.627633e-04
-1.992162e-02
1.905519e-02
2.259970e-02
5.394073e-02
-4.776453e-02
-1.396275e-03
1.224923e-02
-4.166130e-05
9.597729e-03
2.154540e-02
-2.064696e-03
-3.031421e-02
-1.104043e-02
-4.909861e-02
1.141242e-02
1.215316e-02
-3.195228e-02
-3.873295e-02
2.302712e-03
-2.906909e-02
1.632898e-02
1.845446e-02
-1.630990e-02
-1.861874e-02
1.866129e-02
2.324023e-04
3.410119e-03
-2.206819e-02
-1.744915e-02
1.619251e-02
3.505254e-02
-2.017842e-02
3.395339e-03
2.644316e-02
5.517807e-03
2.602466e-02
5.192630e-02
1.367040e-02
1.568264e-02
-3.745500e-02
1.054532e-02
1.986587e-02
3.909989e-02
-3.957374e-03
5.266646e-03
-5.800495e-03
-1.156130e-02
7.797304e-03
-2.285975e-03
8.393859e-05
4.077742e-03
-6.831380e-03
7.958381e-04
1.302186e-02
2.067543e-03
4.738895e-03
5.286681e-03
2.244250e-02
-3.348505e-02
-1.238602e-03
2.426036e-02
3.611637e-02
3.004932e-03
-1.469344e-02
-1.435122e-02
-1.629367e-02
2.090866e-03
-4.095087e-02
4.469707e-03
-1.297728e-02
-3.494977e-03
4.629672e-03
2.248511e-02
2.919438e-02
-1.683513e-02
-4.419889e-02
3.191473e-02
9.664393e-04
-4.228614e-02
1.988677e-02
-4.470153e-02
-3.183480e-02
1.334574e-02
1.020038e-02
1.184250e-02
1.399104e-02
1.530898e-02
9.158674e-03
-8.686745e-03
2.473138e-02
4.145268e-02
7.520035e-03
-3.574604e-02
-3.060845e-02
-1.031522e-02
1.577762e-03
-1.650968e-02
-3.309195e-02
-2.175613e-02
-3.227953e-02
1.029810e-02
2.480335e-03
7.284201e-03
2.568178e-02
2.053338e-02
3.219088e-02
5.125084e-02
2.453585e-02
1.251046e-02
-2.699818e-03
-1.988152e-03
-7.174010e-03
-2.920402e-02
-9.257535e-03
7.152460e-03
1.088287e-03
4.427709e-03
-2.783959e-03
-2.643026e-02
3.150915e-02
-9.193501e-03
-1.291246e-02
-5.638252e-03
-9.407991e-03
4.927023e-03
-2.592757e-02
1.061545e-02
-1.844518e-02
-1.330910e-02
-2.690137e-02
-4.910661e-02
1.814111e-03
2.697698e-02
-5.182859e-02
-5.268292e-03
-4.392233e-02
1.060645e-02
4.054425e-03
1.753439e-02
4.075421e-02
4.854278e-02
1.995951e-02
3.632324e-02
3.048164e-02
4.059299e-02
3.763787e-03
-2.305282e-02
-5.788218e-03
1.176495e-03
2.139994e-03
6.966148e-03
6.702436e-03
1.456721e-02
1.723600e-02
1.825730e-02
5.141233e-03
2.599025e-02
-1.721122e-02
-1.968783e-02
-2.688416e-03
-4.923212e-03
3.912563e-02
2.852299e-02
-3.220149e-02
8.324080e-03
-2.047933e-02
1.553507e-02
7.633480e-03
-1.486212e-02
1.366964e-02
-2.717691e-03
-8.194732e-03
-8.398199e-03
-1.683109e-02
3.033297e-02
-3.235349e-03
1.416232e-02
3.268295e-03
-2.657593e-03
1.038923e-02
8.222965e-03
-1.164246e-02
-3.097016e-02
-2.686234e-02
-2.584573e-02
-3.311773e-02
-4.367176e-02
-2.708035e-02
-2.696147e-02
-3.455314e-02
1.086138e-02
-1.722448e-02
-1.531676e-02
-2.694075e-02
2.777203e-03
8.536690e-03
6.963235e-03
4.688883e-03
-1.304127e-02
-2.841459e-02
1.397480e-02
1.786180e-02
-3.880109e-03
6.697531e-03
-6.356338e-03
-8.763935e-03
-3.026832e-02
-1.281916e-02
-3.710213e-02
-3.001468e-02
-1.858590e-02
-4.966061e-02
-2.754065e-02
-1.763855e-02
-3.205865e-02
-5.252042e-02
-4.542747e-02
1.625944e-02
-8.036345e-03
-2.618881e-02
1.150417e-02
-1.736854e-02
1.101173e-02
-2.366343e-02
9.264505e-03
2.314940e-02
2.128662e-02
1.321650e-02
-2.407727e-02
-3.674356e-02
4.636740e-03
-1.201598e-02
-9.119278e-03
1.328224e-03
-2.613637e-02
-1.682369e-03
-3.277300e-02
-4.165846e-02
-1.227069e-02
3.621673e-03
-1.508923e-03
8.968213e-03
-8.575619e-03
-3.698331e-04
3.920459e-02
4.030724e-02
1.109696e-02
4.180636e-02
1.630039e-02
6.834831e-03
6.369050e-03
-8.233706e-03
1.460840e-02
-1.414566e-02
2.747377e-02
-1.015021e-02
1.001935e-03
-1.663509e-02
-1.075416e-03
-1.543563e-02
-1.069457e-02
-1.134007e-02
1.452544e-03
-6.170290e-03
-8.460087e-03
-2.422112e-02
-1.595281e-03
1.447493e-02
8.436965e-03
1.599222e-02
9.760652e-04
-9.769656e-03
1.481605e-02
-2.865283e-02
1.839800e-02
1.460064e-02
1.591668e-03
2.423169e-02
4.767660e-02
3.565953e-03
6.496485e-03
-9.968825e-03
-1.960401e-02
3.441123e-02
-1.242833e-02
9.494682e-03
4.731905e-02
1.991012e-02
2.464028e-02
1.558866e-02
3.108052e-02
4.891075e-02
2.991777e-03
7.186802e-03
4.620960e-02
-5.262985e-03
2.660903e-02
2.063890e-02
-1.862613e-02
3.015261e-02
-1.571610e-03
-1.142859e-02
1.430069e-02
1.914361e-02
-6.605942e-03
4.285838e-03
-9.014635e-04
-5.075198e-04
1.560569e-02
2.770454e-02
4.071505e-02
-7.681821e-03
1.528098e-03
1.641038e-02
-2.746112e-03
4.798992e-03
-1.506680e-02
-4.416431e-03
5.956002e-03
-1.850993e-02
-1.288443e-02
2.025235e-04
1.002490e-02
1.547233e-02
-2.199215e-02
-1.449421e-02
-2.649920e-03
-7.132602e-03
-1.337796e-03
-3.513151e-03
-9.066303e-03
-2.010840e-04
-1.616897e-02
-8.573753e-03
-1.386916e-02
-9.146230e-03
3.808426e-02
-1.673360e-02
-8.732114e-04
1.810000e-02
-2.365588e-02
1.118129e-02
3.346687e-04
2.893736e-03
2.270100e-02
-1.463879e-03
-1.306601e-02
-5.983845e-03
1.276330e-02
-9.604267e-03
1.210964e-02
-1.432640e-03
1.462050e-02
1.220298e-02
1.654428e-02
-1.368028e-03
1.921312e-02
4.760141e-02
1.997793e-02
1.534806e-02
4.077451e-02
-2.943248e-02
-2.841910e-02
-3.135487e-02
-2.808855e-02
-2.505151e-03
2.580469e-03
-3.782365e-02
-4.163433e-02
7.491233e-04
8.103621e-03
2.744554e-02
1.379812e-02
5.200793e-03
-1.610630e-02
-2.204185e-03
-2.572068e-02
-1.279805e-02
-3.335837e-02
-4.333183e-02
3.545413e-03
-7.564560e-03
-6.051795e-03
3.107256e-02
1.398593e-02
2.243791e-02
2.528763e-03
3.522090e-02
-2.961461e-02
-1.230358e-02
-7.539429e-03
8.173038e-03
-9.465670e-03
-5.274815e-03
1.402053e-02
3.330132e-02
2.434841e-02
1.824022e-02
2.561973e-03
-3.369361e-03
4.421098e-03
2.393331e-02
5.083318e-03
2.151506e-02
3.395330e-02
-2.341765e-02
2.846500e-03
-1.574495e-02
1.469620e-02
-1.515897e-02
3.966688e-03
-2.617199e-02
1.197001e-02
-1.207106e-03
-1.986707e-03
-1.622240e-02
-1.963233e-03
7.658595e-03
-2.340998e-02
2.987009e-02
-1.196003e-02
-6.419116e-03
1.105756e-02
-2.529309e-02
2.557175e-02
1.074204e-02
-2.033522e-02
3.080586e-02
2.453426e-02
-1.342116e-03
4.295003e-02
2.454137e-02
1.709117e-02
1.340992e-03
3.825493e-03
-3.803975e-02
1.436231e-02
4.773190e-04
-1.501484e-02
4.557854e-02
9.650224e-03
-1.005423e-02
-5.804841e-03
-6.651813e-04
-3.429200e-03
-2.476059e-02
-4.297652e-02
-1.077483e-02
-7.669317e-03
9.441728e-03
-1.162039e-02
-1.667608e-02
-3.443593e-02
-1.031235e-02
1.599341e-03
-1.552570e-02
-3.189241e-02
-2.368911e-02
2.054477e-03
-3.707489e-02
-2.631130e-02
1.651544e-02
-6.598721e-04
9.029239e-04
2.982365e-02
-9.290963e-03
5.703607e-03
-1.023235e-02
8.205545e-03
-2.700406e-03
-6.152907e-03
2.184668e-02
2.662872e-03
-5.549062e-03
6.726908e-03
-1.675241e-02
2.103067e-02
8.868576e-03
-2.882948e-02
-1.733949e-02
-2.407041e-02
-2.488830e-02
-3.537642e-02
-3.721341e-02
-3.529143e-02
-2.580068e-02
1.677343e-02
-1.417299e-02
-3.414463e-02
-3.615363e-03
3.673996e-02
-4.699558e-03
-1.386880e-02
-1.054593e-03
1.157491e-02
5.740707e-03
-2.743675e-02
2.176655e-02
2.911181e-02
7.384901e-03
2.240040e-02
2.132999e-02
-2.328184e-02
3.871244e-02
2.747924e-02
-3.107176e-02
-1.203669e-02
-3.222435e-03
-2.494141e-02
1.897114e-03
8.597808e-04
-1.110038e-02
-2.914467e-02
-2.433318e-02
-4.963319e-02
8.145626e-03
2.765863e-02
-8.622771e-03
2.709533e-02
1.511341e-02
-2.329881e-02
2.110220e-03
-1.143753e-02
9.387511e-03
-2.113153e-03
2.487582e-02
1.238826e-03
3.497352e-03
1.244327e-02
1.333295e-02
-3.477159e-03
1.774672e-02
7.530557e-03
2.325317e-02
1.721651e-02
1.327498e-02
-4.744496e-03
-1.646756e-02
2.537816e-02
1.927861e-02
-5.171380e-03
-2.413875e-02
-1.801239e-02
2.544539e-03
-3.870844e-02
-2.180791e-02
-3.941824e-03
-1.432608e-02
-2.752016e-02
-2.088193e-02
1.173251e-02
8.419170e-03
9.423923e-03
-1.038272e-02
-1.905017e-02
-1.218667e-02
-3.773191e-02
1.999966e-02
-3.209875e-04
-1.462728e-02
-3.080556e-02
-2.764759e-03
-3.500181e-03
2.003166e-02
1.589613e-02
-4.123833e-03
1.151527e-02
-1.776385e-03
-1.596343e-02
-7.372667e-03
-9.667242e-04
-2.658505e-02
8.763950e-03
-2.125234e-02
5.252153e-03
-2.350219e-03
-2.555466e-02
2.089736e-02
3.076317e-02
1.335143e-02
2.272853e-02
4.941126e-02
2.353549e-02
-6.488607e-03
1.375700e-02
6.541323e-03
-4.617911e-04
-1.960298e-02
-2.170489e-03
7.784795e-03
-2.312536e-03
-1.004754e-02
2.241485e-02
6.325249e-03
4.384980e-02
2.509201e-02
3.306408e-02
1.673094e-02
-9.989067e-04
3.103065e-02
2.435669e-02
-1.861764e-02
-7.559815e-04
6.415159e-03
2.360093e-02
2.307905e-02
1.093087e-02
-7.145630e-03
-7.109547e-03
1.747631e-02
-3.358421e-04
8.586245e-03
1.638598e-02
-1.488310e-02
-5.883375e-03
1.839204e-02
-1.750227e-02
1.267342e-03
9.654619e-03
-1.114835e-02
-1.513929e-02
-4.176031e-02
1.845739e-02
2.229202e-02
-4.447996e-03
2.798576e-02
1.896935e-02
9.358122e-03
-1.007871e-02
4.236939e-02
2.420259e-02
1.791610e-02
-1.248303e-02
-4.045264e-02
1.987505e-02
4.867290e-03
1.389978e-02
-4.128342e-03
4.272044e-02
3.738705e-02
6.793310e-03
-3.242644e-02
-7.431869e-03
1.907055e-02
-8.824174e-03
-1.588243e-02
2.439934e-02
2.658191e-02
2.368563e-02
1.055604e-02
-2.178930e-02
-1.003727e-02
1.956976e-02
2.947168e-02
-1.432000e-02
4.321451e-02
1.223023e-02
-1.729693e-03
8.029056e-03
-1.359042e-02
6.828247e-03
5.307545e-03
-1.113935e-02
8.642678e-03
1.869232e-02
2.069619e-03
2.365207e-03
1.812562e-03
-4.394270e-03
1.018984e-02
3.883650e-03
-1.498916e-02
1.608968e-03
1.502698e-02
1.225151e-03
1.520628e-03
-5.099935e-03
-2.438224e-02
-4.753769e-03
-1.987621e-02
-2.405061e-02
-2.754014e-02
-3.086362e-03
-3.647690e-02
-2.866314e-02
-1.193097e-02
-2.964175e-02
-3.133932e-03
-8.256462e-03
-1.054635e-02
2.641088e-03
2.716747e-02
1.592072e-02
2.699162e-02
1.009133e-02
1.797466e-02
2.491763e-02
-9.907797e-03
-1.728089e-02
-2.033206e-02
6.694866e-03
-1.830158e-02
-2.352312e-02
4.246921e-03
4.198576e-02
1.797417e-02
7.747566e-03
1.667780e-02
3.252959e-02
1.091166e-02
1.157425e-02
1.624027e-03
-3.808995e-02
2.603155e-03
-4.280158e-04
-1.963895e-02
2.004160e-02
2.770908e-03
-3.894657e-02
7.526889e-03
4.548687e-03
-1.732533e-02
-2.689398e-02
-4.474752e-02
1.680985e-03
-1.040837e-03
-1.277902e-02
-1.344672e-02
-3.637029e-03
-1.856472e-02
-1.438885e-03
-3.477226e-02
6.219827e-03
-5.751015e-02
-1.559498e-02
-5.956523e-03
-4.831905e-02
5.181852e-03
8.603878e-03
-8.898518e-03
2.136256e-02
-2.370797e-02
1.675706e-03
-1.143577e-02
3.681284e-03
-1.562956e-03
1.323151e-02
-3.059703e-02
2.476564e-02
2.272502e-02
-1.024289e-02
-8.950975e-03
-3.632626e-03
-1.414984e-02
-2.134815e-03
-5.897760e-03
-3.863814e-03
1.255785e-02
2.017462e-02
2.333622e-02
2.191535e-02
1.657536e-02
9.589618e-03
-3.984373e-04
1.725212e-02
2.616957e-04
1.819294e-03
2.127269e-03
4.409323e-02
-1.731429e-02
-6.014606e-03
-9.735110e-03
-2.419124e-02
3.008839e-03
9.014940e-03
-5.555558e-03
-1.234527e-02
1.932623e-02
1.870016e-02
-1.234369e-02
3.139455e-03
-1.466383e-04
2.249373e-03
2.084030e-02
-1.961849e-02
-3.259575e-02
-3.764586e-02
-3.988780e-02
-2.219816e-02
-6.587281e-03
-2.696267e-02
-1.066124e-02
7.858924e-03
-2.392417e-02
-1.755699e-02
4.544829e-03
-1.674386e-02
1.670256e-02
2.366867e-02
-2.602441e-02
-1.900956e-03
1.519246e-02
-7.708135e-03
4.956764e-03
1.918638e-02
-8.434261e-03
3.483847e-02
9.389757e-03
4.702524e-03
1.126893e-02
2.369675e-02
1.255500e-02
-1.246966e-02
3.172864e-03
-3.534210e-02
-2.319346e-02
-1.151921e-02
-6.227947e-02
-3.151276e-02
-2.534596e-02
-3.558364e-02
-3.754306e-02
-5.913629e-02
-4.475315e-02
-2.624481e-02
-4.113382e-02
-3.508504e-02
-2.427505e-02
1.053510e-02
-6.362294e-03
-1.718814e-02
-4.173425e-03
-1.338800e-02
-1.934886e-03
3.078175e-02
2.934971e-02
2.886179e-02
3.538253e-02
-1.114385e-02
-4.940637e-03
3.946970e-04
1.190525e-03
-1.472105e-02
-1.944663e-02
-1.509423e-03
-1.335096e-02
-6.481809e-03
-2.723578e-02
-5.144515e-02
-2.116977e-02
-5.496105e-03
-1.117571e-02
-1.555354e-02
-6.732432e-05
3.254716e-02
8.918188e-03
-7.721182e-03
2.713850e-02
2.673027e-02
1.825816e-02
3.336002e-02
1.088082e-02
5.670936e-03
3.833617e-02
7.284573e-03
-1.088013e-02
-1.350924e-02
3.402715e-02
-2.438257e-02
-5.029000e-02
6.538487e-03
-2.213191e-02
-6.126524e-03
3.887205e-03
-4.082240e-02
-1.000171e-02
1.967793e-02
2.828970e-02
-6.729116e-03
2.346603e-02
2.108279e-02
2.343367e-02
2.411301e-02
1.859797e-02
1.693754e-02
-8.691264e-03
1.506219e-02
1.709781e-02
-2.126884e-02
-8.947547e-04
-2.664243e-02
-3.861323e-02
2.436034e-02
2.196369e-02
-1.085497e-03
-1.827499e-03
-5.945600e-03
-1.521426e-02
5.722811e-02
-6.000503e-03
-1.550458e-02
-3.189223e-03
8.960626e-03
4.069868e-02
8.272603e-04
7.680493e-04
2.626765e-02
-4.128010e-03
4.078350e-02
1.495113e-02
-2.386705e-02
-7.077357e-03
-6.358914e-03
-2.773638e-02
-1.049240e-02
-2.988204e-02
-2.385845e-02
-2.772708e-02
-2.804402e-02
-1.844394e-02
-4.230056e-03
-6.793052e-04
-2.483417e-02
2.552018e-02
4.866226e-02
-1.674379e-02
2.838432e-02
2.207009e-02
-1.125310e-02
1.783065e-03
9.085974e-03
-3.617143e-04
-9.816387e-03
1.346373e-02
-4.879684e-03
-1.408589e-02
-2.620915e-02
1.153414e-02
3.738313e-02
1.286450e-02
3.648495e-02
1.009224e-02
2.412730e-02
9.385445e-03
1.149048e-02
2.324941e-02
2.486266e-02
2.131099e-02
7.093180e-03
9.073853e-03
1.005360e-02
1.076553e-03
1.671334e-02
-5.962784e-03
-8.799392e-03
-2.793621e-02
-1.804222e-02
-1.218497e-02
-2.136634e-03
1.432097e-03
1.442335e-02
1.121277e-02
3.306353e-02
3.234169e-02
-4.508729e-02
-5.118934e-02
-3.981259e-02
-5.291666e-02
-1.914074e-02
-3.602719e-02
-2.128108e-02
-2.622454e-02
-1.318606e-02
3.818557e-02
4.556073e-02
3.989668e-02
3.911323e-02
3.991459e-02
5.082538e-02
2.445484e-02
2.102609e-02
2.899003e-02
1.012463e-02
-2.148842e-02
-3.387754e-02
-2.944848e-03
-7.279910e-03
-2.338234e-02
3.127658e-02
9.235471e-03
2.054869e-03
1.948408e-03
-4.980302e-02
-4.082232e-02
-3.027152e-03
-1.344810e-02
-8.444124e-03
-2.503043e-04
-4.318899e-02
-4.969301e-02
-1.390098e-02
2.382343e-02
-1.314751e-04
-1.500618e-02
-2.407391e-02
7.538838e-03
-1.856434e-02
-2.985519e-02
-2.183074e-02
1.501744e-04
-9.289846e-03
-1.754379e-03
-5.498266e-03
-4.610473e-02
-7.249330e-03
1.498652e-02
7.830317e-03
-6.657617e-03
4.627258e-04
2.502636e-02
-2.491178e-03
4.735499e-02
5.498686e-02
-2.009743e-03
5.257937e-02
3.888831e-02
1.685991e-02
-2.217214e-02
-5.743624e-02
-2.285602e-02
-1.673662e-02
-3.056505e-04
-2.052633e-02
-8.604490e-03
3.653982e-03
-2.277753e-02
-1.727587e-02
-1.373655e-02
2.020813e-02
-4.651529e-03
-3.323864e-03
1.134244e-02
-1.388012e-02
2.295743e-02
4.172413e-02
-1.072579e-02
2.143442e-03
1.372719e-02
1.899174e-02
3.235884e-02
1.020831e-03
1.739227e-02
2.161528e-02
5.146036e-03
-4.953913e-03
-1.491491e-02
1.558975e-02
-1.244046e-03
-2.020538e-02
-2.432380e-02
-2.643404e-02
-8.665297e-03
-8.991580e-03
-3.820606e-03
9.470314e-03
1.027891e-02
1.038548e-02
1.600581e-02
4.753846e-03
-3.250889e-02
-3.030691e-02
-2.065142e-02
4.823808e-03
1.477231e-02
-5.030169e-03
-1.731071e-02
-7.593329e-03
-1.982331e-02
-3.813323e-02
-2.838321e-02
-1.973729e-02
-3.038417e-03
2.054278e-02
7.125359e-03
1.084562e-03
-7.674708e-03
8.700524e-03
-1.077206e-02
-3.667296e-02
-6.920764e-03
-4.787668e-02
5.226189e-04
-1.622186e-02
-1.235211e-02
-7.394725e-03
1.049553e-03
1.726338e-02
3.171580e-03
-2.378125e-03
-9.344822e-03
-7.306058e-03
-6.301010e-03
2.428353e-02
-2.619406e-02
-1.737306e-02
3.817768e-02
1.668713e-02
-7.117101e-03
1.808583e-02
1.796637e-02
1.522431e-02
1.058575e-02
2.536265e-02
3.948702e-02
8.163435e-03
3.618794e-03
1.276222e-02
-3.665270e-02
8.819460e-03
-1.810989e-02
-3.750907e-02
-1.601484e-02
-3.637855e-03
3.944702e-03
-6.937486e-03
7.820658e-03
1.049618e-03
-7.014499e-03
-1.615127e-02
-1.649185e-02
-3.698827e-02
-1.350839e-02
-5.370677e-03
-1.844187e-02
-1.316251e-02
2.276406e-02
2.346455e-02
1.677186e-02
2.834757e-02
1.754683e-02
1.199125e-02
2.062928e-02
1.337713e-02
-3.433026e-02
5.730401e-03
9.466683e-03
3.476249e-02
1.566247e-02
-5.292453e-03
3.451038e-02
8.808235e-03
3.804736e-02
-7.575245e-04
1.330262e-02
6.394605e-03
-1.856259e-02
5.154740e-03
-6.423507e-03
-5.379029e-02
-3.588973e-02
-6.404310e-03
-3.055058e-02
1.742673e-02
-1.192676e-02
-6.599071e-03
-7.241738e-03
-1.677111e-02
1.453723e-02
5.866847e-03
-7.033728e-03
-2.674133e-03
4.809818e-03
1.700670e-02
9.599861e-03
8.252368e-03
8.146490e-04
-1.615454e-02
1.065998e-02
-1.302206e-02
-6.184622e-03
-1.847960e-02
9.687407e-03
-5.609463e-03
-1.261053e-02
-1.768463e-02
-1.979688e-04
1.782535e-02
6.665102e-02
1.347658e-02
-1.268622e-02
-1.344739e-03
-2.601348e-02
-4.227273e-02
-1.644197e-02
-1.762273e-02
-3.192891e-02
-5.803957e-02
-1.085181e-02
-6.469991e-03
-8.884789e-03
6.354691e-03
1.890622e-03
1.498719e-02
-9.743422e-03
1.223668e-02
1.200855e-02
-6.761418e-04
8.037252e-03
1.957615e-03
-1.789919e-02
-8.597172e-03
-1.789354e-02
-1.389669e-02
-1.141073e-02
-9.163276e-03
-2.079333e-02
-4.148806e-03
-2.960500e-02
-5.497677e-03
2.696625e-02
-5.875037e-03
6.251771e-03
4.418798e-02
3.087089e-02
9.286365e-03
-1.515387e-02
-1.719639e-02
1.251314e-02
-4.429271e-02
-8.098044e-03
-3.469988e-02
-2.542649e-02
-4.312509e-02
-2.243675e-02
1.246956e-02
-2.361071e-03
1.023866e-02
1.388844e-02
-3.424437e-02
1.573267e-02
-1.258537e-02
-1.045020e-02
-3.264901e-03
2.487467e-02
1.813824e-02
4.484028e-04
2.993174e-02
3.184271e-02
3.257953e-02
1.138919e-03
2.993122e-02
1.197547e-03
-1.242431e-02
1.872738e-02
2.308011e-02
1.864138e-02
4.431678e-03
1.402191e-02
-4.440530e-04
-5.681964e-03
3.486382e-03
1.638878e-02
1.674496e-02
-1.465985e-02
-2.180972e-02
2.782498e-02
-1.860025e-02
1.182829e-02
1.255248e-02
-3.384384e-03
-5.208556e-03
1.760458e-03
-1.519129e-02
4.702636e-03
-5.814679e-03
1.176691e-02
3.035945e-02
6.588478e-02
4.108023e-02
2.193939e-03
-2.239905e-02
3.018836e-02
-2.692155e-02
1.248266e-02
6.649531e-03
1.123631e-02
6.550397e-03
2.209806e-02
5.364879e-03
-1.389709e-02
1.283558e-02
-1.469709e-02
1.254989e-02
-2.248325e-02
-1.657803e-03
-9.858514e-03
-3.728156e-02
-2.550540e-02
-8.103119e-03
-4.478067e-03
-1.179463e-02
-1.522193e-02
6.567675e-03
-3.269401e-02
-2.354395e-02
2.230700e-02
1.768290e-03
-9.779007e-03
8.440988e-03
-1.076646e-03
-1.555308e-02
6.099436e-03
1.372215e-02
-2.267579e-02
1.453545e-03
-3.171830e-02
1.244767e-02
1.964234e-02
-1.645882e-02
1.186384e-02
2.241305e-03
2.232772e-02
2.983565e-02
1.593035e-02
2.270440e-02
-1.111586e-02
-2.466657e-03
2.033924e-02
-1.473792e-02
-8.123122e-03
6.532521e-03
-7.451491e-03
2.500279e-02
-1.399599e-02
-1.136546e-02
-3.716724e-02
-1.371310e-02
-2.461817e-02
-6.681509e-02
3.610922e-03
-1.134235e-02
-2.885690e-03
-3.264293e-02
-1.524769e-02
6.391301e-03
8.428731e-03
1.335328e-02
-1.506391e-02
1.114306e-02
1.418640e-02
2.707876e-02
-1.384425e-02
7.572344e-03
6.876042e-03
-8.157992e-03
-8.617874e-03
2.767698e-03
-3.107140e-02
-6.263189e-03
-6.586369e-03
3.214375e-02
3.423475e-02
-3.223993e-03
-2.504371e-02
5.057143e-03
-3.668224e-02
-3.305949e-02
1.716622e-02
-1.857596e-02
-2.591707e-02
-3.858662e-02
-2.496403e-02
-2.622248e-02
-2.024053e-02
-3.111683e-02
-1.717217e-02
-1.158518e-02
-9.942364e-04
-9.012220e-03
-1.661876e-02
-2.411841e-02
-8.807273e-03
-8.805050e-03
-1.866624e-03
-1.885961e-02
5.548425e-03
-1.001589e-02
-9.607852e-03
-2.694532e-03
1.164227e-02
-4.057156e-02
-3.137007e-03
6.811335e-03
-7.602509e-03
-9.298194e-03
1.768854e-02
1.919850e-02
2.510400e-02
2.105178e-02
-1.200462e-04
1.572401e-02
-1.103680e-02
2.069721e-03
1.862000e-02
-2.426398e-02
-1.050996e-02
1.169970e-02
3.514146e-03
-1.129330e-02
2.401991e-03
-1.311038e-02
2.890861e-02
1.193643e-02
-4.669504e-03
-3.382415e-02
-1.114186e-02
9.450521e-03
1.152965e-02
8.910815e-03
6.338815e-03
2.373197e-02
3.030112e-02
-4.647638e-03
2.336799e-02
3.965420e-02
-1.455618e-02
-1.755925e-02
8.693361e-03
3.392746e-02
8.949949e-04
-1.763216e-03
1.620792e-02
1.016127e-02
2.375498e-02
2.800742e-02
-2.937161e-03
2.052973e-02
5.523054e-03
1.805059e-02
-9.574918e-03
1.195530e-02
-3.062252e-02
-3.588832e-02
-3.514273e-05
-2.098130e-02
-1.255462e-02
7.424511e-03
-1.400506e-02
-2.037961e-02
-3.819995e-02
1.853275e-02
1.984951e-02
1.015073e-02
2.170382e-02
3.830276e-02
5.089987e-02
3.091315e-02
2.738022e-02
5.354906e-02
1.581100e-02
3.781682e-02
1.225471e-02
4.089041e-02
2.355114e-02
2.576607e-02
4.584936e-02
8.207192e-03
-9.991024e-03
2.179338e-02
2.332218e-02
-4.937108e-03
5.779672e-03
1.274831e-02
3.876779e-03
1.495499e-02
6.304756e-03
-4.338941e-04
-9.057741e-03
1.166622e-02
2.374860e-02
-2.728007e-02
5.454155e-03
1.950806e-02
-8.705470e-03
7.008392e-03
-2.186506e-02
7.562584e-03
-3.666990e-03
-8.508280e-04
-1.937919e-02
8.877922e-03
7.035492e-03
-1.339145e-02
-2.190003e-02
3.972393e-03
1.697681e-02
1.819341e-04
1.120383e-02
-5.611932e-04
-4.783518e-03
2.215854e-02
-1.485896e-02
-1.067344e-03
1.835372e-02
1.410507e-02
2.282255e-02
-2.403756e-03
2.894154e-02
2.123372e-02
1.157807e-02
1.959843e-02
1.230481e-02
4.793469e-03
-6.093192e-03
-1.459596e-02
4.648918e-02
-3.138682e-02
3.735005e-02
3.724520e-02
-3.226132e-02
1.200002e-02
2.567480e-02
3.617811e-03
-4.482343e-03
-1.534465e-02
1.319566e-02
1.687121e-02
-5.021199e-03
1.288786e-02
-1.122526e-02
-1.839837e-03
-2.841783e-02
-2.320411e-02
-1.341894e-03
4.558207e-03
8.222853e-03
2.715352e-02
-1.908312e-02
-1.190141e-03
-6.377867e-03
-3.943163e-03
1.118683e-02
4.967622e-03
-6.040586e-03
1.694591e-02
-2.625895e-03
9.380784e-05
-1.466448e-02
-2.636842e-02
1.672106e-03
-2.290896e-02
-1.222812e-02
1.126351e-02
-1.814373e-02
1.589983e-02
-7.278909e-04
4.192773e-02
7.563840e-03
-1.641012e-02
5.925160e-03
3.807448e-03
7.649587e-03
5.739599e-03
3.772271e-02
-2.517440e-03
4.560282e-03
-7.934207e-03
-2.116357e-03
2.680482e-02
2.752212e-02
1.029101e-02
-2.961850e-02
1.672910e-02
-1.750367e-03
-1.313426e-02
-5.877472e-03
-1.929647e-02
-3.270706e-02
-2.104340e-02
4.190709e-03
6.583503e-03
-2.238891e-02
1.323925e-03
-1.449387e-02
-3.644222e-02
-1.579362e-02
-3.567313e-02
1.084685e-02
-1.578009e-02
-3.098159e-02
-1.728702e-02
-1.573407e-02
1.875028e-03
-1.399647e-02
-1.175351e-03
1.998546e-02
2.247398e-02
1.404384e-02
-3.862188e-03
3.612061e-02
4.153286e-02
5.448692e-02
1.790388e-02
-8.392516e-03
8.803956e-03
4.285267e-02
-1.575076e-02
2.393310e-02
1.691156e-02
-1.342228e-02
-1.297637e-02
2.005379e-02
-1.715953e-02
-9.812434e-03
-7.776321e-03
-3.289886e-02
-1.175486e-02
-1.609796e-02
-9.091201e-03
-3.227711e-02
-1.995355e-02
2.882838e-02
-2.616993e-02
5.534342e-03
2.761545e-02
-9.190526e-03
-4.243044e-03
1.459626e-02
4.361989e-02
4.845094e-03
1.381806e-02
-6.538003e-03
7.592721e-03
4.149843e-03
2.137051e-02
1.372565e-02
-8.347244e-03
-2.708983e-02
1.584044e-02
-4.724749e-04
2.223896e-02
2.672927e-02
-2.045289e-02
4.514513e-03
3.494354e-02
9.650939e-03
3.653271e-03
1.344105e-02
-1.933068e-02
-2.097644e-02
-1.899110e-02
-1.828940e-02
-1.274971e-02
-2.312397e-03
6.382958e-03
5.589911e-03
-1.344117e-02
1.920645e-02
-7.656550e-03
2.203329e-02
7.073723e-03
1.871441e-02
1.607868e-02
-5.936036e-03
2.459867e-02
1.444357e-02
3.839763e-03
4.572985e-02
2.825632e-02
-3.715064e-02
9.251283e-03
-8.304881e-03
-4.809225e-02
-1.323077e-02
1.088874e-02
3.679466e-02
-4.087199e-02
-5.580264e-02
3.383036e-02
-1.264489e-02
-3.368557e-02
-3.246923e-04
3.960652e-03
-1.890839e-02
3.872403e-03
-4.837579e-03
-1.716229e-02
2.485307e-02
1.053553e-03
-1.096449e-02
1.628775e-02
2.287670e-02
2.201206e-02
7.954651e-03
-3.431102e-03
-2.192344e-02
-7.587924e-03
1.239076e-03
-1.369638e-02
9.858509e-04
4.768762e-03
7.527309e-03
-1.215106e-02
4.289008e-03
-1.790416e-02
6.096909e-03
2.658472e-02
8.196844e-03
1.282156e-02
1.714998e-02
2.198232e-02
1.345536e-03
1.742084e-02
3.593847e-02
1.885506e-03
1.490153e-03
3.031145e-02
-2.758686e-02
-3.656873e-02
-2.811617e-02
7.814005e-03
-1.302511e-02
-2.336068e-02
-8.186229e-04
1.912470e-02
2.361125e-02
-2.544353e-03
-2.616252e-03
6.444741e-03
-8.330204e-03
-1.142481e-02
-1.762794e-02
-3.981562e-03
3.820566e-03
1.268655e-03
3.114734e-03
1.740417e-02
1.220430e-02
2.572950e-02
8.822896e-03
2.694453e-02
1.563814e-02
6.436951e-03
3.020092e-02
-1.191943e-02
1.784368e-02
2.191666e-02
2.668861e-04
2.624096e-02
1.083807e-02
2.718808e-02
3.836775e-03
9.586786e-03
3.028698e-02
2.206445e-02
-6.279937e-03
-4.207687e-03
-7.840585e-03
3.630571e-03
8.302894e-03
8.972148e-03
-2.202017e-02
-2.733749e-03
-1.859475e-02
-1.128604e-02
2.614871e-02
1.359387e-02
-4.211670e-03
2.445163e-03
-2.015420e-02
1.917929e-02
7.311719e-03
1.545713e-02
1.404249e-02
-1.870911e-02
-2.352574e-02
-1.265201e-02
4.211483e-03
1.354646e-02
-1.423561e-03
1.485269e-02
1.506849e-02
-1.383998e-03
6.229567e-03
3.396548e-03
2.267661e-03
9.978160e-03
-1.565583e-02
5.667370e-03
-9.988825e-04
1.653161e-03
5.163100e-03
-4.814478e-03
-2.018535e-02
-1.698788e-02
-4.352563e-02
-2.367259e-03
1.734892e-02
-1.235861e-03
3.546866e-03
2.377892e-02
-3.651923e-03
1.417513e-03
-1.745006e-02
6.230339e-04
-1.863321e-02
2.010076e-03
-8.966898e-03
-1.830482e-02
3.193045e-02
-7.843698e-03
-3.564659e-02
-3.148900e-02
-3.963178e-02
-3.072517e-02
-2.229793e-02
-1.153770e-02
-2.679780e-02
-2.415213e-02
5.633718e-02
5.016815e-02
3.284436e-02
9.443405e-03
3.332672e-02
6.018988e-02
-3.699310e-03
2.152115e-02
7.879386e-02
3.810766e-03
-1.390381e-02
1.625399e-03
1.472329e-02
-3.562632e-02
-2.677843e-02
1.244289e-02
-2.182092e-02
-1.725303e-02
-2.118035e-02
9.009629e-03
6.179832e-03
1.225746e-02
1.126963e-03
-1.877862e-02
1.197680e-02
-3.909630e-03
-3.233739e-02
7.232660e-03
-1.660121e-02
-8.249206e-03
9.679350e-03
-1.577567e-02
-1.313131e-02
-1.998843e-02
8.651772e-03
2.883489e-03
-3.827963e-02
-2.841890e-02
-1.013818e-02
-2.483225e-02
9.592402e-04
-2.393329e-02
-3.204241e-02
-1.461715e-02
-1.890056e-03
-1.198295e-02
1.312528e-02
-3.784128e-02
4.517165e-03
2.487252e-02
4.692341e-03
2.225823e-02
-2.755478e-03
9.450861e-03
-1.786834e-03
-2.894096e-02
-2.231386e-02
-1.691223e-02
4.582193e-03
-2.022461e-03
-4.798194e-03
2.453196e-03
-4.271278e-03
-4.049237e-03
1.036058e-02
2.889467e-02
1.339058e-02
1.308933e-03
-2.643361e-02
-2.644590e-02
-1.262925e-02
3.165846e-03
-1.860839e-02
-3.500518e-02
-1.837832e-02
-3.360816e-02
1.983389e-03
4.009888e-02
-1.519396e-02
2.255553e-02
2.366328e-02
-1.996809e-02
-3.106203e-02
-1.221024e-02
-5.692150e-03
-5.576187e-02
2.184723e-02
3.274866e-03
1.998131e-02
4.434725e-02
-3.067742e-02
-5.329313e-03
2.881558e-02
-9.278339e-03
2.450009e-02
5.641489e-03
2.914017e-03
-3.128914e-03
2.933574e-03
9.870806e-03
4.823967e-03
-5.241182e-04
1.955253e-02
-6.780207e-03
-9.088233e-03
-1.812552e-02
1.896306e-03
-6.817287e-03
7.717801e-03
-1.426486e-02
-4.275704e-02
1.069483e-03
1.643526e-02
-3.921450e-02
-1.484708e-02
-2.456102e-02
-1.574725e-02
7.932985e-03
1.539821e-02
-1.647209e-02
-6.332166e-03
-3.815085e-02
-1.579726e-02
-2.383225e-02
-1.598247e-02
-6.382160e-04
1.107055e-02
6.918442e-02
7.946939e-02
4.192960e-02
-3.686056e-03
2.187114e-03
3.869829e-02
1.194735e-02
-2.243763e-02
-2.182748e-02
9.071607e-03
2.479451e-02
4.395171e-03
2.056437e-02
1.117924e-02
5.975974e-03
1.343894e-02
6.861439e-03
-4.388288e-03
6.325618e-03
3.580259e-02
7.002621e-03
3.842260e-03
1.342147e-02
6.893730e-04
2.153553e-02
4.461900e-03
6.018729e-03
2.773021e-02
1.752304e-02
3.904792e-02
5.468093e-02
2.005483e-02
2.143229e-02
6.034185e-03
-2.010125e-02
-1.064077e-02
-2.302045e-02
1.060558e-03
1.119547e-03
5.424262e-02
-1.222062e-02
1.708950e-02
1.187376e-02
2.741844e-02
1.857820e-02
1.881141e-02
1.852116e-02
3.735911e-02
3.396388e-03
5.246645e-04
1.940237e-02
-2.398349e-03
7.350787e-03
1.699644e-02
2.988416e-02
-2.281286e-03
-1.507984e-02
-2.527773e-03
1.238104e-02
6.356050e-03
-2.148218e-02
2.078288e-02
-1.107367e-02
-3.902750e-02
-1.611724e-02
6.547111e-03
-4.031782e-02
-1.556070e-02
-5.405693e-03
-5.749127e-02
-1.826536e-02
5.860482e-03
3.079127e-02
1.701696e-02
-2.488748e-03
1.996629e-02
5.507644e-03
-3.806182e-02
6.353276e-03
1.314226e-02
-3.163393e-02
-7.994167e-03
-1.358257e-02
-4.868172e-02
-2.522715e-02
-2.440575e-02
-4.359970e-02
-4.322692e-02
8.746579e-04
1.980001e-02
1.586304e-02
1.306137e-03
1.060283e-02
4.264791e-02
9.260875e-03
-3.197325e-02
-9.073045e-03
8.030244e-03
-4.081025e-04
-2.595819e-02
-3.201226e-02
-3.376804e-03
-1.505792e-02
-2.659956e-02
-5.607566e-03
4.333539e-03
1.486654e-02
6.743352e-03
-1.161556e-02
-1.708098e-02
1.001940e-02
2.531540e-03
-3.318520e-02
7.080342e-03
-1.394454e-02
-9.305619e-03
1.407436e-02
1.647860e-02
3.530048e-02
2.048362e-02
1.087347e-02
2.452411e-02
3.176808e-06
1.336941e-02
1.876151e-02
-8.609621e-03
1.524785e-02
1.216039e-02
1.538508e-02
1.055167e-02
5.543565e-03
9.411179e-03
4.647301e-03
3.276781e-02
3.744515e-02
2.407550e-02
1.849862e-02
2.545146e-02
-5.030907e-03
1.194141e-02
1.751809e-02
1.985903e-02
3.716424e-03
2.652775e-02
3.430500e-02
1.994342e-02
3.581376e-02
4.447565e-02
2.810132e-02
2.389084e-02
2.023429e-02
2.554802e-03
-2.306912e-02
4.093915e-02
-2.745871e-03
2.499996e-03
-8.671270e-04
1.775523e-02
-2.685412e-02
-4.619492e-03
1.010376e-02
1.747493e-03
-5.413470e-03
1.826937e-03
9.971269e-04
1.098968e-02
-9.463895e-03
2.248167e-02
1.228920e-02
-1.905938e-02
1.625592e-02
-7.337572e-03
8.147813e-03
-1.268922e-02
2.908605e-03
-1.293801e-02
3.142513e-03
2.449697e-02
3.683246e-03
-5.662002e-03
-2.946258e-02
-3.938640e-02
-3.666735e-02
-1.245547e-02
-1.985304e-02
-3.957064e-02
-4.315647e-02
-2.810154e-02
-4.295480e-02
-1.692272e-02
-3.125346e-03
-1.747118e-02
-1.791101e-02
3.084315e-02
6.128732e-03
2.720543e-02
3.222975e-02
-5.006865e-03
-4.199872e-03
5.343557e-04
1.942217e-02
2.765019e-03
2.728149e-03
-1.320417e-02
2.435674e-03
9.309954e-04
-7.225417e-03
-7.760833e-03
-8.421372e-03
1.452344e-02
6.303929e-03
7.971731e-03
1.430297e-02
3.164776e-02
-2.544749e-04
1.355273e-02
-4.356097e-03
6.329595e-03
1.462909e-02
1.532153e-02
1.855339e-02
2.151790e-02
2.334604e-02
1.297117e-03
-5.658035e-03
9.334252e-03
3.743513e-03
9.051636e-03
-2.709019e-02
-2.025492e-02
1.590566e-02
-9.903543e-03
-5.624736e-03
-1.444940e-02
-6.981977e-03
-2.367957e-03
8.952518e-04
-2.845452e-03
-2.435889e-03
1.671156e-02
2.066140e-02
2.479104e-02
3.209578e-02
1.183778e-02
-1.586851e-02
3.955614e-02
2.062860e-02
1.592235e-02
-2.420787e-03
1.611277e-02
2.579249e-02
1.512175e-02
6.905140e-03
2.443114e-03
-1.336370e-02
-2.055372e-03
-7.441143e-03
-4.045285e-02
-5.577221e-04
1.705071e-02
-4.054442e-02
-2.146642e-02
-3.141567e-02
2.437792e-02
5.514602e-03
-2.283809e-02
9.442935e-03
-3.311559e-03
1.100400e-02
1.408265e-02
-4.841650e-03
1.429128e-02
-2.751148e-02
-2.242149e-02
-1.507526e-02
-2.125714e-02
-1.451275e-02
-2.765614e-02
-1.739147e-02
-4.961918e-03
-9.896599e-03
-2.173323e-02
-4.522955e-02
-2.373597e-02
-4.989197e-03
-1.188906e-02
-2.552091e-02
-1.184847e-02
5.311492e-03
1.261635e-02
-1.053343e-02
1.080767e-02
-9.709291e-03
2.189642e-02
7.880633e-03
1.812191e-03
-7.116505e-03
-1.809988e-02
7.937124e-03
1.372380e-02
3.551063e-02
2.785342e-02
4.258365e-03
2.824223e-02
2.657786e-02
3.580308e-02
2.635078e-02
1.508864e-02
6.166176e-02
2.243027e-02
1.130923e-02
5.521104e-02
6.406368e-03
-2.105349e-02
1.739869e-02
5.608854e-03
-7.802040e-03
-2.026531e-02
-9.420122e-03
-2.835498e-02
-3.472483e-02
-1.002384e-02
-5.610494e-02
-3.847358e-02
-2.080186e-02
-3.695626e-02
-9.918426e-03
-1.354209e-02
7.438830e-03
1.305156e-02
1.101142e-02
2.844552e-02
-6.876146e-03
2.561428e-02
-1.143605e-02
-8.702177e-04
-2.361949e-02
-1.889777e-02
-3.848101e-02
-2.246748e-02
-9.136872e-03
1.277454e-03
-1.163271e-02
1.479299e-03
-4.145316e-03
4.518061e-03
1.251303e-02
-8.588206e-04
1.351342e-02
2.868843e-02
-1.613992e-02
-4.065609e-02
-2.523053e-02
-1.888875e-02
-5.369832e-03
-9.037035e-03
1.437792e-02
3.808367e-02
8.663339e-03
6.909898e-03
1.868370e-02
2.151406e-02
-5.430424e-03
2.124803e-03
4.342765e-02
-2.827945e-02
6.224912e-03
5.858099e-03
-1.432596e-02
5.592107e-03
-1.475916e-02
-2.828945e-03
-2.240713e-02
-4.323188e-02
-2.424656e-02
-1.875768e-02
-3.645783e-02
-1.163216e-03
-1.433982e-02
-7.725230e-03
-2.783098e-02
-1.143395e-02
6.901399e-04
-2.738256e-02
-1.100529e-02
-5.657649e-03
2.310504e-04
-6.844828e-03
1.156976e-02
-1.407623e-02
2.542626e-02
1.866572e-02
9.940588e-04
-2.307928e-02
-3.317620e-02
-8.238832e-03
-1.567048e-02
-1.674904e-02
1.700829e-02
-4.992174e-03
-1.214593e-02
-2.072415e-02
-8.356060e-03
-3.745928e-02
-1.475705e-02
1.493457e-02
-1.437493e-02
1.326358e-02
-4.673243e-04
7.622106e-03
6.360848e-04
-7.145102e-03
-5.653753e-03
-8.071278e-03
1.600644e-03
-1.452134e-02
6.413451e-03
7.670918e-03
-1.121130e-02
1.484240e-02
-1.159443e-03
-1.537150e-03
1.497030e-02
3.047027e-02
1.788033e-02
-3.676555e-02
-4.823304e-03
-1.115165e-02
-9.397649e-03
-3.456826e-02
-2.080071e-02
5.646942e-03
-2.577211e-02
-4.646913e-03
3.000757e-02
2.664880e-02
1.183490e-02
3.715823e-02
9.053890e-03
-2.139654e-02
1.711244e-02
1.212586e-02
4.401431e-03
4.421031e-02
3.975629e-02
1.219634e-02
7.874483e-04
-7.546150e-03
-2.644708e-02
-1.452754e-02
1.498340e-02
-4.037932e-03
-1.625062e-02
-1.119833e-02
1.246870e-02
1.082372e-02
1.848922e-03
-2.537047e-02
-3.498432e-02
-9.939672e-03
-1.122477e-02
-8.161492e-03
-4.004229e-03
-1.584951e-02
1.722124e-02
8.374811e-03
-1.695465e-02
2.956888e-02
1.223694e-02
6.581344e-03
1.131649e-02
1.095704e-02
-1.806533e-02
2.791843e-02
-3.736622e-03
5.735284e-03
2.292287e-02
2.987149e-02
4.604304e-02
5.628963e-03
4.748983e-02
9.010895e-03
-2.251975e-03
-1.401313e-03
-8.480720e-03
1.708147e-03
-1.379033e-02
-1.826011e-04
-6.453962e-03
1.735211e-02
5.909725e-03
3.525253e-04
-6.480790e-03
8.243883e-03
-1.136957e-02
-1.158370e-02
-7.352398e-03
-5.793519e-02
-1.666956e-02
-2.161725e-02
-8.293082e-03
-1.913030e-02
-2.608753e-02
1.249638e-02
4.319774e-03
-5.964590e-04
1.791684e-02
-1.579797e-03
-1.589471e-02
1.135428e-02
4.668009e-03
6.683318e-03
-1.463157e-02
-1.149291e-02
-1.128094e-02
-1.687763e-02
-2.379159e-02
-8.228126e-03
-6.065613e-03
-1.018573e-02
1.623653e-02
9.633726e-03
8.190685e-04
2.227937e-02
-3.531426e-03
-1.689160e-02
-5.183710e-03
-9.495498e-03
5.433538e-03
-1.510391e-03
-1.398607e-02
-6.628059e-04
-3.234497e-03
-1.402671e-02
3.076465e-02
-3.239293e-03
3.667984e-03
-6.055044e-03
-2.971064e-04
1.915548e-02
9.882981e-03
1.301356e-02
3.477205e-02
-4.769466e-03
1.942079e-02
2.244456e-02
1.894702e-02
1.482535e-02
2.849445e-02
5.215532e-02
2.103667e-02
2.658276e-02
-7.844488e-03
3.125850e-03
4.499359e-03
-9.163581e-03
1.660926e-02
-3.835307e-02
-2.064320e-02
-9.952924e-03
-5.606937e-04
-1.324431e-02
-3.000025e-02
-9.616668e-03
-8.644923e-03
-2.440451e-02
-3.053626e-02
-2.385974e-02
-9.614567e-03
-2.356069e-02
-4.087490e-02
-3.203781e-02
-3.288424e-03
-1.690125e-02
4.228340e-04
1.353632e-02
1.681287e-03
-1.612723e-02
2.660626e-03
-7.694067e-03
-8.201830e-03
9.333115e-03
-2.842481e-02
-2.251719e-02
6.101546e-02
4.700205e-02
1.521236e-02
1.747943e-02
4.101118e-02
1.736254e-02
-2.514417e-02
-1.444239e-02
-1.315968e-03
-4.693329e-03
1.301589e-02
8.961513e-03
2.565369e-02
3.828363e-02
5.347994e-02
5.305867e-02
4.474517e-02
3.894589e-02
4.121688e-02
-5.934701e-03
6.016054e-03
2.042381e-02
2.558853e-03
-4.237768e-03
2.000686e-02
5.099283e-03
4.576625e-03
1.840012e-02
2.294765e-02
2.348275e-03
1.433119e-02
6.252441e-03
3.835742e-03
-1.896772e-03
9.458195e-03
2.348166e-03
-1.249176e-02
-2.647036e-02
-2.318682e-02
-1.531495e-02
-2.909546e-02
-2.289688e-02
2.142835e-02
3.912620e-03
-1.506226e-02
-4.034858e-03
-2.429241e-03
7.562099e-04
1.614306e-02
-1.992665e-02
9.174999e-03
1.919806e-02
1.783217e-02
-7.132958e-03
5.592539e-02
1.604751e-02
-3.594941e-02
-1.116791e-03
-1.953670e-02
-1.568071e-02
-3.943514e-02
-2.308398e-02
-4.256628e-02
3.950718e-03
1.916024e-02
-5.690723e-03
-4.268642e-03
9.701506e-03
1.293372e-02
-4.451860e-02
4.097546e-03
1.348424e-02
8.869654e-03
2.750000e-04
-1.570812e-02
7.762120e-04
2.088993e-03
-4.269414e-02
2.239459e-02
1.366418e-02
-1.464727e-02
-1.818779e-02
1.908819e-02
1.391265e-02
-6.248751e-03
-3.280489e-02
5.417938e-04
-6.496692e-03
-2.025546e-02
-1.268626e-02
-1.700932e-02
4.102543e-03
3.015383e-02
3.612756e-03
9.207937e-03
3.173356e-03
9.211740e-03
-7.903135e-03
1.636333e-02
8.423087e-03
6.258410e-03
1.869009e-02
-1.444766e-02
8.171041e-03
1.777338e-02
-2.824841e-02
-1.525218e-02
3.230200e-02
1.485594e-02
-1.660520e-02
-2.397706e-03
-2.626938e-02
-2.067444e-02
-1.877839e-02
4.191963e-03
-4.888077e-04
-2.023611e-02
5.899034e-02
1.964928e-02
1.942774e-03
3.947121e-02
1.515028e-02
2.771073e-02
-1.549400e-02
2.463697e-02
2.136937e-02
2.819801e-02
3.106836e-03
4.036499e-03
-2.497988e-02
7.263983e-03
3.547495e-02
-2.729499e-02
-1.660910e-02
-1.544455e-02
9.900075e-03
-2.180495e-03
-1.808566e-02
-1.990340e-02
-7.600423e-03
-1.027049e-02
9.876011e-03
-1.549858e-02
-2.408130e-02
-6.113695e-03
6.195954e-03
1.193215e-02
-3.220737e-02
-1.091626e-03
1.222100e-02
-1.941038e-02
1.435921e-02
2.035171e-02
1.002372e-02
-5.630050e-03
-4.146960e-02
6.582113e-02
-3.175013e-02
-2.373939e-02
7.998960e-02
4.687288e-02
3.511104e-02
5.557468e-03
-1.775206e-03
-1.332169e-03
1.606646e-02
-5.337673e-03
5.809762e-03
1.089065e-03
1.067441e-02
1.100441e-02
-4.480178e-04
8.841195e-04
-4.681407e-03
4.401478e-03
-4.004909e-02
-4.078079e-02
-3.756005e-02
-1.543745e-02
-5.709980e-03
-5.156919e-03
2.685567e-03
-1.340371e-02
-6.753040e-03
-3.450111e-02
-1.027546e-02
-2.722586e-02
-3.001482e-04
-1.890337e-02
3.254809e-03
5.822163e-03
-1.048298e-02
-1.429544e-02
-2.585332e-02
-3.076456e-02
2.458811e-03
-1.385234e-03
-1.300278e-02
-3.021610e-02
-3.288851e-02
-6.975173e-03
-2.785804e-02
-3.060952e-02
1.482969e-02
-9.978754e-03
1.564677e-03
-8.417113e-05
-2.618415e-02
-7.896840e-03
-1.928330e-02
-7.329331e-04
-1.983053e-02
-1.787272e-03
-5.824979e-02
-1.277416e-02
1.604409e-02
1.576628e-02
4.143578e-02
1.491059e-02
2.263337e-02
-8.693149e-03
-1.954453e-02
1.274329e-03
-2.873738e-04
-3.032959e-02
1.485331e-02
-2.669310e-03
-5.641304e-03
1.996176e-03
-1.842423e-03
4.572172e-03
3.273902e-03
2.280311e-02
4.475162e-02
-1.057223e-02
-4.953012e-03
1.044612e-02
-4.472181e-03
3.018476e-02
1.337989e-02
4.466978e-03
1.076414e-02
9.569395e-03
2.778799e-02
2.609179e-02
-4.216089e-03
1.894387e-02
-2.595912e-02
-3.370774e-04
7.632476e-03
-1.189652e-02
-3.229504e-02
6.269782e-03
4.051118e-02
2.118534e-02
4.758204e-02
2.631767e-02
3.119578e-02
2.895017e-02
2.329257e-02
-1.195666e-02
5.187525e-03
2.408584e-02
5.062120e-02
1.463798e-02
1.787414e-02
-6.921549e-03
-9.053204e-03
-2.650956e-02
-4.906608e-03
-4.020044e-02
6.688680e-03
-1.690291e-03
-6.798221e-03
-1.918406e-02
3.459561e-03
1.548166e-02
8.259942e-03
7.964870e-03
-6.448403e-04
-1.844928e-02
-9.158605e-03
-1.860284e-02
-3.481720e-02
-1.062833e-02
-1.874689e-02
2.333342e-03
-1.573304e-02
-1.608348e-02
-3.680091e-02
-4.018813e-02
-4.102300e-02
-6.043497e-02
-4.152605e-02
-3.587718e-02
-2.152436e-02
-1.038404e-02
1.089997e-02
2.464842e-02
3.045734e-02
2.693014e-02
-1.758739e-02
-6.630750e-03
-8.481393e-03
-2.994099e-02
-1.539220e-02
6.763798e-04
1.422495e-02
8.912946e-03
1.799414e-03
7.193883e-04
7.809391e-03
2.016559e-03
2.354396e-02
4.888091e-03
-5.230109e-02
-2.690612e-02
-8.328937e-03
-3.803364e-02
-1.179834e-02
3.653179e-02
-2.674094e-02
-2.086263e-02
2.271430e-02
-4.647452e-03
-3.011343e-03
7.269240e-04
-2.483595e-02
1.527980e-02
-2.867016e-02
-1.477361e-02
7.931857e-03
-4.178751e-02
2.182955e-02
3.660269e-03
8.758784e-03
2.795610e-02
1.354924e-02
3.349585e-02
-4.131167e-04
4.039483e-02
-2.137498e-02
-1.600815e-02
-1.537495e-03
-7.531143e-03
6.328203e-03
1.660756e-02
2.134453e-02
1.455996e-02
3.424453e-02
3.062388e-02
1.402614e-02
7.690276e-03
-2.497762e-03
7.764345e-03
1.271240e-02
-2.037559e-02
-3.206409e-03
-1.487400e-02
8.058180e-04
1.967167e-02
1.284458e-02
3.735873e-03
-6.095648e-03
4.953813e-03
2.764300e-03
-3.868413e-02
-3.105662e-02
-2.864910e-02
-1.132541e-02
-4.903655e-03
-3.302304e-02
-8.534594e-03
1.122549e-02
-1.716717e-02
8.588504e-03
2.417332e-04
1.757314e-03
1.482889e-02
-7.592532e-03
7.048158e-04
6.434185e-04
2.132376e-03
-1.148540e-02
1.173069e-02
-8.612856e-03
-3.402734e-02
6.577605e-03
3.342538e-02
1.276855e-02
2.147585e-02
2.992501e-02
8.146894e-03
-2.550831e-03
-2.861512e-03
-8.071068e-03
-1.003096e-02
-2.276753e-02
-2.549612e-02
-1.625326e-02
-8.901861e-03
-2.782763e-02
-2.586014e-02
-1.647125e-04
1.117725e-02
5.495638e-03
-1.061307e-02
4.525957e-03
-7.163125e-03
1.608378e-02
3.908214e-03
-1.086645e-02
2.886741e-02
-2.622873e-02
-3.815132e-02
-1.844732e-02
-3.736195e-02
-2.674769e-02
2.059014e-02
-1.446139e-02
9.467261e-03
-1.686676e-02
1.603619e-02
6.383958e-03
1.669490e-02
4.338522e-02
2.033767e-03
2.304986e-03
-5.817164e-03
-1.930940e-02
3.563700e-06
3.816732e-02
4.577411e-02
3.969171e-02
-5.119697e-03
1.232936e-02
7.067267e-03
-1.620261e-02
-8.485754e-03
2.475566e-02
-2.108380e-02
3.175180e-03
1.106094e-02
1.253329e-03
-2.096043e-03
1.359806e-05
2.001880e-03
-1.158826e-02
-2.002610e-02
9.228223e-04
-9.467510e-03
2.604760e-03
1.267095e-02
3.470237e-03
2.329533e-02
6.978870e-02
2.187149e-03
4.293538e-02
4.660341e-02
7.317837e-03
-7.944959e-03
-1.379602e-02
1.062780e-04
3.254232e-03
2.517506e-03
-6.127098e-03
-1.062847e-02
1.304085e-03
-2.313673e-02
-2.167738e-02
1.789062e-02
-1.327909e-02
-7.768227e-04
-2.887973e-02
-2.330310e-02
-1.823521e-02
-3.569547e-02
4.890852e-03
-1.707782e-02
-5.004735e-02
-4.722285e-03
-1.824902e-02
-1.147544e-02
-9.063333e-03
-3.320752e-02
-1.503744e-02
1.863307e-02
1.982354e-02
3.995865e-02
2.262517e-02
-1.421762e-02
-2.382446e-02
6.027294e-03
6.369611e-03
-1.299908e-02
-2.711786e-03
-1.247006e-02
-1.950187e-04
2.238973e-02
2.154306e-02
-1.806872e-02
1.369745e-02
9.476040e-03
-1.012486e-02
5.919698e-03
-1.196268e-02
1.427114e-03
-2.545546e-02
-3.289218e-03
-1.787310e-02
-1.135221e-02
-2.056012e-02
-4.161322e-02
1.880491e-02
2.987694e-02
2.242934e-02
4.552463e-02
2.568475e-02
3.918728e-02
1.396149e-02
3.607512e-02
-5.717039e-03
-9.802279e-03
-3.305899e-02
-3.962036e-02
-1.967048e-02
-4.114777e-03
-3.657352e-02
-8.358997e-03
-1.629060e-02
-2.873791e-02
-1.261053e-02
-4.174416e-04
1.611275e-02
-2.728749e-02
-1.955843e-03
1.494993e-02
2.525950e-02
1.585685e-02
3.531281e-03
5.400639e-03
3.093349e-02
-2.031841e-02
2.084280e-02
4.955739e-03
-3.459563e-02
-3.740500e-02
8.126156e-03
1.915536e-02
-1.714732e-02
-2.593810e-02
-1.012410e-03
-8.450960e-03
-1.201977e-02
-4.457994e-03
-3.444431e-02
-1.717482e-02
-4.315148e-02
2.640510e-02
-4.430211e-03
-4.168750e-02
1.825024e-03
-2.175770e-02
-4.603173e-02
1.279800e-02
-2.754297e-02
-5.474471e-02
-1.264076e-02
-3.533962e-03
-1.812667e-02
-1.946949e-02
-1.960241e-02
-9.072667e-03
-2.801831e-02
-2.384784e-02
2.325367e-02
-3.389331e-02
-2.230368e-02
-4.147496e-02
-4.819712e-02
-2.656467e-02
-6.013698e-03
-2.181296e-02
-2.251277e-02
-1.046995e-03
3.016051e-02
2.945523e-02
1.370323e-02
-2.343270e-02
2.005714e-02
1.294409e-02
-1.214655e-02
2.730525e-03
1.954016e-02
1.192891e-02
2.454069e-03
1.811778e-02
-5.794664e-03
-4.644039e-02
1.392073e-02
-2.249636e-02
1.056346e-03
2.738149e-02
-6.409685e-04
1.212607e-02
-3.638134e-02
3.125230e-04
1.671120e-02
2.416625e-02
-1.964218e-02
3.039915e-02
4.038119e-02
3.570352e-02
8.524982e-03
5.466244e-03
1.766503e-02
6.956431e-03
2.498953e-02
1.047880e-02
3.935990e-03
8.627586e-03
-5.024509e-03
-1.186785e-02
-2.588293e-02
-4.760734e-04
3.699573e-03
-1.836631e-02
-9.906686e-03
9.062603e-03
1.018458e-02
1.666300e-02
-3.007803e-02
-2.188333e-02
1.504092e-02
2.408119e-02
1.493153e-02
-4.757237e-03
4.920301e-02
2.832188e-02
4.816059e-02
3.122960e-02
1.685118e-02
5.317429e-02
4.412112e-02
4.030484e-02
6.780516e-03
1.661365e-02
-6.988237e-03
5.323058e-03
3.935881e-03
2.671875e-02
1.291688e-02
1.953610e-02
1.037789e-02
-2.260087e-02
2.147539e-02
9.334339e-03
2.328109e-02
-1.335101e-02
-1.947471e-02
2.686846e-02
1.117613e-02
-2.497603e-02
3.056289e-02
3.092745e-02
3.785566e-02
-2.000561e-02
-1.643977e-02
3.017538e-04
-1.493654e-03
-2.853451e-03
-3.589318e-02
6.915868e-03
7.990899e-03
-7.154374e-03
2.703464e-02
2.260936e-02
6.923444e-03
-2.660086e-02
-1.168074e-02
1.834260e-02
-1.978903e-03
-1.305496e-02
-3.512507e-02
1.866199e-02
-2.885879e-03
2.989743e-03
1.818036e-02
3.390191e-03
1.548430e-02
3.074355e-02
3.584026e-02
1.640924e-02
3.499500e-02
-1.451589e-02
2.347177e-02
2.222547e-02
4.827463e-02
3.789409e-02
1.645778e-02
4.393756e-02
2.822074e-02
-9.886537e-03
2.525001e-02
4.338286e-02
-8.320251e-03
-3.417555e-02
9.813474e-03
4.567691e-03
-1.902530e-02
-2.231362e-02
-1.006549e-02
7.050066e-03
5.914363e-04
-8.894855e-03
-2.895310e-02
1.472275e-02
-2.005997e-02
-3.347060e-03
3.013217e-02
-3.380109e-03
-3.270666e-03
1.083219e-02
-1.065054e-02
-3.350464e-03
3.619370e-02
-2.028001e-02
1.437136e-02
1.285396e-02
1.442560e-03
9.218503e-04
1.269562e-02
-1.853317e-02
-2.318190e-02
1.322289e-02
-5.129892e-02
-1.661478e-02
-5.626113e-03
3.493183e-02
4.929269e-02
-1.958978e-03
4.358365e-02
1.092951e-02
3.471770e-02
3.572625e-02
1.978441e-02
2.390501e-02
1.086624e-03
2.083394e-02
-8.021506e-03
-1.417282e-02
-1.954025e-03
-2.735023e-02
-1.008302e-02
-3.550692e-02
-2.046739e-02
1.677798e-02
4.816581e-03
-9.331439e-03
-7.655689e-03
7.138670e-03
4.844911e-03
-2.355933e-03
-1.187151e-03
-1.191098e-02
3.901850e-03
2.744950e-02
2.329815e-02
7.640593e-03
-9.152232e-03
-3.972067e-04
-1.012611e-02
2.746075e-03
-1.208374e-02
-2.033477e-02
1.465794e-02
2.640368e-02
4.659282e-03
-3.691235e-04
3.476584e-02
5.820739e-04
-1.488021e-02
2.195187e-02
2.006253e-02
1.239221e-03
-2.678709e-02
1.087188e-02
1.663197e-02
-4.014497e-03
2.360737e-02
-1.392555e-02
-2.942460e-03
2.627816e-02
-8.641795e-03
-2.226481e-02
-1.369534e-02
-2.431899e-02
-5.609627e-02
-2.526410e-02
-6.054717e-02
-1.058611e-02
7.611703e-03
1.740172e-02
5.838478e-03
1.776375e-02
6.366306e-03
-3.695550e-03
5.835658e-02
-1.690106e-02
4.354572e-03
-2.011703e-02
-1.115899e-04
1.602703e-03
8.688078e-03
1.310032e-02
1.567889e-03
2.152966e-02
-8.593673e-03
-3.618541e-02
1.346976e-02
-3.982873e-03
-2.831949e-02
-1.004804e-02
-5.880127e-03
-1.170863e-02
-2.721978e-02
-6.011446e-03
2.115096e-02
4.204692e-02
3.326041e-02
3.568606e-02
7.597308e-03
1.605527e-02
4.543523e-02
7.152941e-03
7.723436e-03
1.296794e-02
-5.180595e-03
-1.180859e-02
-1.269993e-02
-3.657903e-02
-2.485243e-02
1.752707e-02
2.461304e-03
-3.898296e-02
9.360054e-03
2.792255e-03
-4.209179e-02
-3.083355e-02
-3.615804e-02
-1.637180e-02
-2.622946e-02
-2.986209e-02
-2.964104e-03
1.343871e-03
-4.782471e-03
-2.471993e-03
-2.052333e-02
2.151845e-03
-4.731134e-03
4.886958e-03
3.099869e-02
5.311092e-02
2.489363e-02
2.981198e-03
4.333573e-02
-2.176671e-02
2.916600e-02
1.832873e-02
-1.166680e-02
2.050434e-02
1.307711e-03
-4.020644e-02
1.136473e-02
2.730623e-02
2.880281e-02
6.304744e-03
-2.073587e-02
2.353991e-02
-1.434114e-02
2.945661e-02
5.187864e-02
-1.578742e-02
-7.540887e-03
3.310610e-02
-6.099379e-03
-1.914113e-02
8.303218e-03
-2.689327e-02
4.097025e-05
3.916372e-02
8.422288e-03
-3.340214e-02
1.792473e-03
-3.533309e-02
2.875962e-03
6.649214e-03
-1.126870e-02
1.342088e-02
1.211641e-02
3.222009e-02
-1.956080e-03
-1.363720e-02
7.105107e-03
4.248335e-02
-7.792491e-03
3.442188e-02
1.911312e-02
4.902726e-03
2.109746e-04
1.777974e-02
3.582751e-02
-1.764893e-02
1.162582e-02
-1.190281e-02
5.291732e-03
2.657991e-02
1.447451e-02
-4.587877e-02
-5.703416e-03
-1.168798e-02
-2.101887e-02
1.850388e-03
-2.630774e-02
9.225588e-03
-1.059213e-02
2.435713e-02
2.224923e-02
2.134743e-02
-1.092098e-02
1.769613e-02
1.811939e-02
-5.669602e-03
1.399352e-02
2.403084e-02
1.931886e-02
-3.155183e-02
-3.708167e-02
-5.270886e-02
-1.017282e-02
1.128950e-02
-1.660416e-02
-4.507326e-03
-2.574872e-02
-2.114242e-02
-1.877653e-02
-1.838273e-02
-9.133651e-03
-2.473606e-03
-1.491978e-02
1.422195e-03
-1.096448e-02
5.610585e-03
-7.208174e-03
-1.434986e-02
1.944514e-02
9.595055e-03
-1.320381e-03
1.750229e-02
-8.662891e-03
3.830183e-02
-1.646189e-03
5.898844e-03
-1.890572e-02
2.442332e-02
8.601727e-03
1.629622e-02
3.495611e-02
-2.630322e-03
3.911932e-04
-8.725607e-03
-4.812812e-03
5.547835e-04
-3.892009e-02
-5.095494e-03
-1.489775e-02
-2.830396e-02
-1.098337e-02
-3.833822e-02
-1.435598e-02
-1.528220e-02
3.323062e-02
-7.534306e-03
1.548561e-02
1.490818e-02
1.791324e-02
-1.619383e-03
2.755729e-02
4.821364e-02
2.706992e-02
1.216531e-02
-3.388245e-03
-4.165806e-02
1.234411e-02
3.041894e-02
4.510535e-03
1.331733e-02
6.445390e-03
2.117598e-02
-5.535347e-03
-1.341589e-02
-2.335170e-02
1.121518e-02
-1.418934e-02
-8.370697e-03
-7.289898e-03
-2.295679e-02
-1.220128e-02
-1.860895e-02
-2.703925e-02
5.731542e-03
-1.857734e-02
-1.385631e-02
1.485793e-02
1.853922e-02
6.311832e-03
-2.087986e-02
-1.474964e-02
-1.590996e-02
1.024930e-02
-1.494573e-02
1.085496e-02
4.936760e-03
-3.151568e-02
-2.065382e-02
-3.303122e-03
-1.549021e-02
1.488681e-02
-2.222989e-02
8.721078e-04
-1.891783e-02
-1.147161e-05
-8.258285e-03
-2.407936e-03
7.877403e-04
1.504584e-02
2.773855e-02
2.526392e-02
1.718981e-02
3.130007e-02
3.520156e-02
-1.040543e-02
-2.255808e-03
-1.513002e-02
-1.926043e-02
-2.388500e-02
-3.512977e-02
-2.684883e-02
-2.099710e-02
-2.500208e-02
-3.529485e-02
-2.866518e-03
-2.476615e-02
1.222298e-03
-4.249027e-02
-2.749912e-02
-1.841865e-02
-1.650732e-02
9.075686e-03
1.917589e-03
1.559964e-02
4.110070e-02
-4.160934e-03
1.134888e-02
-1.484014e-03
-1.492204e-02
-2.533591e-02
-1.370860e-02
-1.066836e-02
-4.419208e-02
-4.352551e-02
-4.516331e-03
-2.802388e-02
-2.189738e-02
-3.303679e-02
-8.768152e-03
-4.313535e-04
-1.587743e-02
-3.586456e-02
-5.250701e-03
-6.228563e-03
-3.543776e-02
-6.592594e-03
3.262400e-03
-1.611715e-02
1.221943e-02
2.832802e-03
3.482695e-02
5.779641e-03
4.279575e-03
-1.418496e-02
1.872249e-02
8.209680e-03
3.137099e-02
4.457829e-03
2.723322e-02
-5.373867e-03
-6.052380e-03
2.119069e-03
-3.247767e-03
-9.559458e-03
-2.748351e-02
-2.075760e-02
1.112337e-02
-1.906843e-02
7.751320e-03
-3.843659e-02
4.651599e-03
-2.094979e-02
-7.426286e-03
-1.452776e-03
6.358566e-04
-3.593542e-02
1.548619e-02
6.827555e-03
2.585514e-03
-4.046497e-02
5.136664e-03
5.944460e-03
2.630034e-03
3.196410e-02
1.458773e-02
-1.475921e-02
1.288680e-02
2.852002e-02
2.740383e-02
-2.747410e-03
-1.271372e-02
-4.030483e-04
-9.622977e-03
1.271933e-02
1.261359e-02
4.238070e-04
3.486978e-02
-1.086562e-02
-1.674425e-03
-1.659286e-02
1.596775e-03
4.768152e-03
1.046774e-02
-1.229874e-02
-2.301769e-02
2.537764e-02
-2.222745e-02
-1.221815e-02
-2.954062e-02
-4.906207e-03
4.790529e-04
-1.580864e-02
1.927569e-02
-1.357903e-02
-1.958032e-02
-1.150046e-02
-6.220356e-03
-1.328231e-02
3.208943e-02
1.500831e-02
9.964130e-03
2.616713e-02
2.309269e-02
2.071103e-02
-8.696055e-03
-2.215083e-02
-3.990152e-02
-2.207485e-02
-7.673745e-03
-3.052289e-02
9.958187e-03
-2.708443e-02
-3.440095e-03
-2.362273e-02
-1.020784e-02
-1.676185e-03
1.477972e-02
-6.043883e-03
-2.981468e-02
7.457713e-03
2.183533e-02
-2.122853e-02
-8.497453e-04
8.950608e-03
4.264909e-03
-1.346956e-02
1.046555e-02
1.514162e-02
3.736374e-03
-2.049717e-02
-4.410139e-03
9.874188e-03
3.885812e-03
5.216630e-03
5.374325e-03
1.044824e-02
6.041962e-03
1.352005e-02
8.117323e-03
4.944315e-03
2.135419e-02
2.035607e-02
-1.529294e-03
1.660980e-02
1.095927e-02
2.120477e-02
-1.930711e-02
-2.727037e-03
-9.356145e-04
5.023446e-03
1.915673e-02
1.926483e-02
1.943484e-03
1.762945e-02
1.695200e-02
-6.479967e-03
-2.327696e-02
-3.083791e-02
1.121439e-02
1.372043e-02
3.012473e-02
6.825944e-03
1.829278e-02
-1.848811e-02
-3.746722e-03
-1.807613e-02
-3.261265e-04
1.060539e-02
1.239384e-02
3.559757e-03
-1.400502e-02
1.197610e-02
2.569319e-02
2.482683e-02
2.053359e-02
6.472528e-03
2.408728e-03
6.016972e-03
1.951354e-02
-3.579857e-02
-2.451178e-02
4.826818e-03
-2.117846e-02
-1.321988e-02
9.727084e-03
-1.553686e-04
-2.428477e-02
-7.399508e-03
-1.237047e-02
-8.608541e-03
-1.519921e-02
-1.125709e-02
-7.188502e-03
-2.434797e-02
2.812290e-02
4.274797e-02
1.378416e-02
1.411970e-02
-3.438360e-03
3.798950e-02
1.227562e-02
1.906713e-02
3.472061e-02
-1.678794e-02
4.588503e-03
2.460694e-02
4.202548e-03
3.171084e-03
-1.014275e-02
-1.156538e-03
-2.669315e-02
-3.597242e-04
-3.038464e-02
-2.419186e-02
-5.386573e-02
-5.932816e-02
-3.644952e-02
-3.975120e-02
-2.427263e-02
-2.987743e-02
-4.946724e-02
5.013483e-02
3.071318e-02
2.742543e-02
2.146910e-02
7.157070e-03
-1.402061e-03
2.707949e-03
-1.606311e-02
8.408443e-03
2.910864e-03
-5.485123e-03
-5.987139e-03
2.383117e-02
1.284601e-02
-1.623095e-02
1.506040e-02
4.265743e-02
2.001489e-02
-3.000181e-02
-3.839627e-02
-3.492853e-02
1.991204e-03
8.701276e-03
1.856004e-02
2.187210e-02
2.504356e-02
1.465488e-02
-4.887780e-03
-5.187115e-02
-4.136985e-02
-3.703593e-02
3.806932e-05
-3.598613e-02
-3.378234e-02
-7.361739e-03
-1.639572e-02
2.242987e-04
-1.174582e-02
-2.196491e-03
-8.529300e-03
1.436003e-02
-2.246283e-03
1.839746e-02
6.519285e-03
-1.270249e-02
-1.676445e-02
-9.470576e-03
-1.527016e-02
1.061359e-03
-2.267486e-03
-4.458737e-03
-3.184519e-02
2.960537e-03
5.696615e-03
1.076561e-02
4.227329e-03
-4.995197e-02
3.874365e-03
-2.038133e-02
2.083032e-03
-3.053670e-02
-1.360098e-02
-2.807165e-02
9.518978e-03
-7.921204e-03
5.003501e-03
-2.951530e-04
2.119209e-02
1.009399e-02
1.516522e-03
1.828422e-02
8.876130e-03
-3.359205e-03
-1.718248e-02
1.327648e-02
5.064872e-03
1.539778e-02
2.903009e-02
-1.010234e-02
5.501230e-03
1.790059e-02
-1.898851e-02
-2.173323e-02
-3.447376e-03
-3.483311e-02
-2.697662e-02
-4.261735e-02
-4.106658e-02
-1.588415e-02
-2.244608e-02
-6.658834e-03
-1.919759e-02
-2.844059e-02
-1.184354e-02
-3.026699e-02
-7.126441e-03
6.006931e-03
-1.695137e-02
-3.535980e-02
-2.951277e-02
-1.734118e-02
-4.565284e-02
-1.835906e-02
-3.999535e-02
-4.715116e-02
-1.273737e-02
-2.301147e-02
-2.225243e-02
2.386411e-02
2.624313e-03
8.537706e-03
1.716375e-02
-1.204113e-02
5.967357e-03
1.248595e-02
3.537828e-02
1.254167e-02
1.718285e-02
-3.097735e-03
1.832992e-02
-3.115328e-03
2.846343e-02
-3.000833e-02
-7.140236e-03
-6.539205e-03
-2.015200e-02
2.790373e-03
1.149735e-02
4.095321e-02
1.050984e-02
2.516887e-02
5.683724e-03
4.704224e-02
3.460997e-02
1.742381e-03
-2.091065e-02
-2.377554e-02
1.542419e-02
-2.941105e-02
-1.636900e-02
4.198372e-03
-3.415810e-02
-1.273515e-02
-5.367590e-03
-2.135410e-03
5.927205e-03
1.594040e-02
-2.795766e-03
-1.533015e-02
3.338839e-02
-6.932681e-03
-1.368901e-02
1.007185e-02
-8.612616e-04
1.779858e-03
-1.983074e-02
2.810897e-02
2.601230e-02
-9.645126e-03
2.386229e-02
1.553475e-02
3.159394e-03
-4.209634e-02
9.743389e-04
-1.176399e-02
-1.783733e-02
7.318038e-03
-4.000136e-03
1.273998e-02
-5.416283e-03
6.658172e-03
-1.048042e-02
-5.791728e-03
-4.502352e-03
1.380959e-02
1.367806e-03
2.470938e-02
1.595080e-02
2.279228e-02
1.390311e-02
1.686771e-02
1.335139e-02
-7.937202e-03
2.241872e-02
4.806137e-02
1.118377e-02
1.551718e-02
3.026706e-02
1.830029e-02
