-8.102790e-04
-1.297375e-01
-4.338041e-02
-1.213453e-01
2.937812e-02
8.855332e-02
-8.117379e-02
-1.212872e-01
-4.872970e-02
-5.324889e-03
-7.439804e-02
1.283345e-02
-7.342821e-03
-2.713917e-02
2.953022e-02
-5.971588e-02
2.349221e-02
-1.639680e-02
-7.448556e-02
-7.831208e-02
2.542902e-02
-1.097349e-01
-5.348773e-02
3.048980e-03
-1.125809e-01
-6.433073e-02
-1.349099e-01
-1.494052e-01
-4.910641e-02
4.645114e-02
-6.195640e-02
9.243983e-02
-9.583840e-03
8.845994e-03
7.567709e-03
-1.508809e-01
-9.024799e-02
-6.673752e-02
-9.806293e-02
-1.451243e-01
-7.038256e-02
-1.005072e-01
-1.283235e-01
-4.872774e-02
-5.369912e-02
9.352279e-02
-3.847487e-02
6.081488e-03
-1.501296e-02
1.643332e-02
-5.323772e-02
2.317655e-02
6.682730e-02
1.968230e-02
-2.916739e-02
-2.229794e-01
1.153676e-02
-8.259308e-02
-1.229567e-01
2.725604e-02
-6.665862e-02
-7.449762e-02
-1.760247e-01
-4.222185e-02
