-6.747453e-03
-2.814664e-02
-1.705565e-02
-6.776832e-02
-3.308764e-02
-3.292276e-02
-1.270942e-02
-8.824225e-03
-4.054648e-02
-4.092496e-02
-5.411959e-02
-1.106744e-02
-2.556619e-02
-6.198036e-03
-2.161778e-02
-2.895580e-02
-4.523949e-02
-1.432546e-02
-3.380962e-02
-6.330168e-02
-1.628649e-02
-1.137731e-02
-3.974593e-02
-1.258475e-03
-7.657648e-03
-2.089838e-02
-2.557346e-02
-3.229009e-02
-4.208423e-02
-2.018366e-02
-3.176068e-02
-8.570009e-03
-7.993480e-03
-1.156305e-02
-1.066118e-02
-2.975575e-02
-3.136363e-02
-3.446712e-02
-3.943805e-02
-1.108353e-02
-1.495868e-02
-1.096755e-02
-4.127805e-02
-3.013362e-02
-4.814009e-03
-3.185266e-02
-2.357521e-02
-2.366719e-02
-3.399596e-02
-1.816584e-02
-2.374900e-02
-2.142049e-02
-1.851125e-02
-2.904511e-02
-2.217437e-02
-2.882771e-02
-4.140551e-02
-2.249909e-02
-2.672360e-02
-5.834570e-02
-5.316757e-02
-2.511352e-02
-2.190647e-02
-5.331984e-02
