2.955543e-04
2.562103e-04
3.423502e-04
3.314462e-04
2.181922e-04
2.965861e-04
2.489468e-04
2.368299e-04
2.341372e-04
2.826023e-04
3.000896e-04
3.400829e-04
2.246464e-04
2.210206e-04
2.779271e-04
3.102070e-04
3.227518e-04
3.196751e-04
3.340654e-04
3.778096e-04
2.152573e-04
2.914069e-04
3.290480e-04
3.072042e-04
2.483753e-04
2.393546e-04
2.820849e-04
2.325676e-04
2.731640e-04
3.464109e-04
2.970598e-04
2.909465e-04
2.176049e-04
1.743650e-04
3.300999e-04
3.762397e-04
2.136719e-04
2.029570e-04
3.733432e-04
2.762796e-04
2.937330e-04
2.712837e-04
2.306022e-04
3.319158e-04
1.986373e-04
2.087853e-04
3.833588e-04
3.590674e-04
2.597873e-04
2.327415e-04
2.871172e-04
2.927093e-04
2.791600e-04
2.973212e-04
2.865309e-04
2.880369e-04
2.881343e-04
2.971188e-04
2.049639e-04
2.854495e-04
2.351041e-04
2.356562e-04
2.128323e-04
3.437796e-04
