-5.472887e-03
6.645457e-03
8.319401e-03
7.756546e-02
5.127483e-02
5.313209e-02
7.849985e-02
5.664747e-02
-6.104562e-03
4.989700e-02
-1.929322e-02
-3.274830e-02
1.677398e-02
-7.960350e-02
-2.667154e-02
8.478481e-02
-8.010739e-03
-1.628757e-02
-3.511981e-02
-4.826910e-02
-7.382184e-03
-2.405609e-02
-1.220148e-03
-6.375715e-03
-1.842726e-02
2.568265e-02
-9.381768e-04
1.334671e-02
-1.420252e-02
-1.930976e-02
4.400489e-02
-1.881245e-03
2.515102e-02
5.472376e-03
-4.554006e-02
2.714491e-02
-2.618599e-02
8.854034e-02
3.713218e-02
-9.886108e-03
2.250139e-02
2.188616e-02
-1.849559e-02
-6.519891e-02
9.595238e-03
4.097728e-02
-9.384371e-03
2.983578e-02
-3.993176e-02
-3.138039e-02
2.210722e-02
-8.136880e-02
-4.731717e-02
-2.187222e-02
-1.119799e-02
-3.308092e-02
-2.058394e-02
-3.221364e-02
-9.604891e-02
-2.948926e-02
1.864769e-02
-6.039491e-02
8.046430e-03
3.325101e-02
-1.183429e-02
-1.611916e-02
-1.865644e-03
1.545482e-02
1.311812e-02
1.490012e-02
-2.362273e-02
2.759702e-02
-3.596209e-02
8.774534e-04
-2.637899e-02
-2.563974e-02
-1.493525e-02
2.516647e-03
-1.137333e-02
2.110876e-02
-6.049868e-03
3.026593e-02
-1.103702e-02
1.477915e-02
1.903221e-02
-3.925624e-02
-5.360524e-02
6.812185e-03
-4.305433e-02
-1.543056e-02
2.906006e-02
1.281971e-03
3.856349e-02
3.916318e-02
-1.520819e-02
-1.969895e-02
-1.689773e-02
1.429947e-02
-6.116405e-02
-5.368920e-02
-7.315560e-02
-4.632212e-02
3.111329e-02
-1.921954e-02
-3.025367e-03
-1.612868e-02
2.488386e-03
3.346995e-02
-6.020629e-02
3.248603e-02
3.514935e-02
-6.412781e-03
1.030082e-02
1.443673e-02
2.592441e-02
9.479982e-03
2.412378e-02
-2.853578e-02
-3.056433e-02
3.853408e-02
-3.430246e-02
-4.700381e-02
1.102268e-02
-1.009754e-02
1.784161e-02
-6.890467e-03
-5.462024e-02
1.874468e-03
-4.570599e-02
1.954733e-02
5.999560e-02
-2.392290e-03
2.111697e-02
3.408562e-02
4.329310e-02
-5.248706e-02
-3.624032e-02
2.806066e-02
-5.775235e-03
-3.566226e-02
-7.141843e-03
7.881553e-03
1.555174e-03
9.951731e-04
1.598815e-02
2.100207e-02
1.221047e-02
-7.012919e-03
1.503510e-02
-8.261504e-03
-3.945035e-02
-4.564383e-02
1.305608e-02
-3.820322e-02
-2.317020e-03
-2.913828e-03
-2.223810e-03
3.901256e-03
3.218786e-02
-7.030343e-03
3.184322e-02
2.501441e-02
2.107983e-02
1.465117e-02
3.985390e-02
-1.396420e-02
4.050441e-02
4.111584e-02
-1.845046e-02
1.481423e-02
-2.579619e-02
2.922806e-03
3.063570e-02
1.794590e-02
1.106800e-02
1.258684e-02
-1.682222e-03
3.341843e-02
1.439412e-02
-9.702355e-03
8.526391e-03
-1.624264e-03
4.242899e-02
-1.368996e-02
-1.361075e-03
5.274943e-02
-1.222130e-02
3.875289e-02
2.509417e-02
-1.409191e-02
2.269788e-02
-2.055304e-02
7.602721e-03
2.240790e-02
2.233573e-03
1.303867e-02
6.344049e-02
-1.511415e-02
-1.845126e-02
2.889629e-02
2.185237e-03
1.441644e-02
-3.620578e-02
4.275832e-02
8.722228e-03
-2.102770e-02
3.578233e-02
-6.411167e-03
2.351489e-02
-1.510943e-03
4.336732e-02
-2.205082e-02
2.618742e-02
6.878006e-04
-2.555095e-02
-4.470143e-02
-6.152146e-03
-3.050466e-02
-2.531108e-02
8.226832e-03
2.103214e-02
-7.143585e-03
-3.052739e-02
3.071832e-02
1.960291e-02
5.932389e-04
-1.464667e-02
-1.339311e-02
-9.033150e-03
-1.514358e-02
-1.664844e-02
-6.195457e-03
1.832394e-02
1.016722e-02
2.410546e-02
-7.325615e-04
3.819164e-02
-3.366736e-02
3.340641e-02
-3.642956e-02
-5.732894e-02
4.213976e-02
3.549270e-02
1.203756e-02
-1.677622e-02
1.097830e-02
-1.598548e-02
-2.111071e-03
4.821343e-02
-1.939756e-02
3.285111e-02
-8.982656e-04
1.287426e-02
-2.267934e-03
2.630884e-02
-2.055321e-02
-3.929279e-02
-1.986784e-02
-3.407042e-02
-5.401417e-02
-1.356121e-03
1.837783e-02
5.380212e-03
3.572442e-03
5.068666e-02
1.234223e-02
-2.192910e-03
2.048228e-02
-6.265044e-03
1.281722e-02
-1.214535e-02
-1.115759e-02
-1.641895e-02
-1.179518e-02
2.581567e-02
-2.801752e-02
-2.958555e-02
-9.353844e-03
-1.948944e-02
-1.807157e-02
1.955065e-02
1.818106e-02
1.340312e-02
3.198235e-03
-2.148622e-02
-2.955985e-02
2.230804e-02
-2.952410e-02
-1.946013e-02
9.738028e-03
1.508150e-02
-2.722772e-02
-3.852384e-02
5.890967e-03
4.096190e-02
-1.627449e-02
1.272007e-02
4.153731e-02
3.906628e-02
-1.231630e-02
-1.842505e-02
3.410115e-02
-4.699099e-02
3.578295e-03
1.534060e-03
1.665300e-02
-3.392522e-02
1.224584e-02
2.924482e-02
4.330453e-02
-8.914939e-03
-3.294406e-03
5.042297e-02
-3.820795e-02
-1.263735e-02
-1.731926e-03
-1.271848e-02
-1.955253e-02
-3.555193e-03
-7.012907e-02
-4.299187e-02
1.431740e-03
-3.872862e-02
-8.417008e-03
1.580437e-02
1.868199e-02
-2.341230e-02
-4.193698e-03
3.976431e-03
3.693966e-02
-4.381733e-02
-3.242150e-03
1.162732e-02
-8.699005e-03
-2.606791e-02
-1.144648e-02
4.203112e-02
1.567801e-02
-2.044059e-03
9.882695e-03
8.351979e-02
2.779451e-02
1.360852e-02
-2.377051e-02
-5.922819e-03
-2.651709e-02
1.731182e-02
4.374706e-02
4.278842e-03
2.583283e-02
-1.514957e-02
2.266929e-02
1.338575e-03
-1.860363e-03
-2.218245e-02
1.604877e-02
-4.698049e-02
-5.711953e-02
5.631226e-02
6.362488e-03
-1.091997e-02
3.733088e-02
8.523326e-03
-3.026697e-02
6.086135e-03
1.984136e-02
3.781804e-02
-3.242136e-02
-2.905486e-02
1.293857e-02
-1.183796e-02
-1.386551e-02
-5.314520e-03
2.817331e-02
-2.798283e-02
1.435860e-02
-4.713578e-03
1.720159e-03
-6.047964e-03
-8.247363e-03
-9.367811e-03
-1.515524e-02
-2.850921e-02
3.632581e-02
6.567084e-02
-2.125942e-02
-4.440423e-02
2.308500e-02
-4.373996e-03
-8.445433e-03
1.661931e-02
3.094752e-03
1.503298e-02
-2.799746e-02
-1.439134e-02
4.855077e-02
-2.858878e-02
-1.792106e-02
2.132484e-02
-1.908016e-02
5.526004e-03
-3.504613e-02
3.292380e-02
3.157660e-02
-2.193024e-02
6.210104e-02
4.594630e-02
2.618057e-02
-9.022249e-02
-2.306882e-02
6.755088e-02
-6.410772e-02
-4.796515e-02
1.677167e-02
2.431428e-03
-1.857947e-02
3.080948e-02
-1.148611e-02
-1.143957e-02
-1.057740e-02
-2.360799e-02
2.799159e-02
4.204548e-02
-6.832693e-03
-2.815733e-03
2.571607e-02
9.840671e-03
-1.963069e-02
-3.258766e-02
3.814878e-02
-4.313613e-02
-1.572942e-02
1.771906e-02
4.282195e-03
3.178299e-02
1.252997e-02
-2.588852e-02
-1.831947e-02
-1.383086e-02
-2.955168e-02
9.536662e-04
1.815783e-02
3.003110e-02
-1.441717e-02
2.639434e-02
8.860755e-02
4.755039e-02
1.225418e-02
3.992293e-02
1.570030e-02
-1.404237e-03
5.379396e-03
-3.076131e-02
-4.507835e-02
-2.650754e-02
-6.076648e-02
-8.911830e-03
-1.531264e-02
-3.625377e-02
8.409415e-03
-8.282597e-03
-9.898015e-03
1.666857e-03
-3.184527e-02
-2.953163e-03
-2.158801e-02
1.271893e-02
-3.419988e-02
-1.686031e-02
-2.047026e-02
2.933601e-02
-8.861960e-02
-6.451234e-03
1.799962e-02
-3.815046e-03
3.590024e-04
2.612384e-02
6.646354e-04
-9.269366e-03
-3.255000e-02
6.919077e-03
-2.510876e-02
8.675887e-03
-5.984349e-03
-7.845024e-03
1.106558e-02
-8.330721e-03
8.371617e-03
-3.027506e-02
2.901280e-03
2.781040e-02
6.532307e-02
2.003953e-02
1.463247e-02
1.268668e-02
3.306559e-02
-1.549861e-02
-3.046097e-03
5.635605e-05
-2.217446e-02
-7.439445e-03
-1.412923e-02
-3.083848e-02
-3.019776e-02
-1.584448e-02
-3.810421e-02
-5.373936e-02
2.511064e-02
2.564099e-02
1.582480e-02
-1.681440e-02
-7.759526e-03
2.827132e-02
4.215681e-03
3.184951e-02
-1.464474e-02
-2.406203e-02
-4.395024e-02
-4.893202e-02
-2.790987e-02
-3.754426e-02
-6.707784e-03
-1.658076e-03
-6.042663e-03
-5.184156e-02
5.959915e-03
-2.828678e-02
-2.978334e-02
4.686800e-02
1.287322e-02
-1.922029e-02
2.343057e-02
1.733315e-02
1.734031e-02
1.076252e-02
-1.595297e-02
-1.343254e-02
2.410821e-02
-1.418560e-02
-1.255715e-02
-4.564707e-02
-5.072748e-03
-4.929053e-02
6.948217e-03
-3.913961e-02
-5.422663e-02
-1.369525e-02
-4.854226e-02
-3.412110e-02
9.060451e-03
1.458795e-02
-3.347937e-02
-1.429732e-02
1.793630e-02
2.107060e-02
1.786012e-02
9.397753e-03
9.961103e-04
-1.714828e-03
-3.374187e-02
-1.875975e-02
-1.679286e-02
-4.096975e-03
-1.801041e-02
-1.818113e-02
-2.850860e-02
-5.623442e-03
-1.205644e-02
-2.670147e-03
-1.875704e-02
-1.641436e-02
-2.337324e-02
-4.901410e-03
2.265730e-03
-1.264499e-02
-3.237889e-02
-1.382843e-03
-2.163483e-02
-1.891659e-02
3.199327e-02
-4.898987e-02
-4.690484e-05
-2.414013e-02
-2.273927e-02
-2.009099e-02
1.826537e-03
-1.247201e-02
-3.625285e-03
-1.686720e-02
-3.781472e-02
5.058698e-02
1.239713e-02
-1.581809e-02
-4.562860e-02
-2.942359e-02
-5.707663e-03
-2.128712e-02
-3.380428e-02
1.729733e-02
-4.752469e-02
-3.522712e-02
-5.905265e-03
-1.645494e-02
2.694391e-02
-6.947170e-03
1.473278e-02
-3.514915e-02
-4.245037e-02
2.807748e-02
1.236665e-03
1.873742e-02
2.383447e-03
-2.106472e-03
9.912436e-03
3.889390e-02
1.044662e-02
-4.252607e-02
4.045346e-05
-3.034503e-02
8.795873e-03
-1.128358e-02
-8.249892e-03
1.746488e-02
3.004760e-03
-1.578948e-02
-2.121419e-04
2.934388e-02
-1.395100e-02
-1.810172e-02
-7.001081e-03
-1.773700e-02
-1.692916e-02
3.670860e-03
3.291616e-03
-8.795236e-04
4.991749e-02
-2.105753e-02
-3.758515e-02
1.215403e-03
3.606023e-02
-4.879468e-03
6.444019e-02
-4.802259e-02
-4.358406e-03
3.810990e-02
-2.904728e-02
-4.540399e-02
2.767395e-02
5.312747e-02
2.927365e-02
3.068120e-02
-3.248802e-02
-3.384957e-02
2.917777e-02
1.310828e-02
1.414440e-02
-3.153870e-02
-1.634286e-02
-3.083100e-02
-3.066524e-02
3.338751e-03
3.057351e-02
-1.378316e-02
-1.445368e-02
7.374750e-02
1.646044e-02
-7.424846e-04
9.820338e-03
4.200717e-02
-3.081034e-03
7.652012e-03
-1.136423e-02
-2.203722e-02
2.706423e-02
-3.771931e-02
2.572499e-03
-4.507476e-02
-3.274278e-02
1.314209e-02
-5.180408e-02
1.591360e-02
-1.930431e-02
-4.113399e-02
-3.633517e-02
-2.955154e-02
2.164397e-02
4.391289e-03
1.381683e-02
-4.259829e-02
-5.099318e-03
1.704208e-02
7.522309e-04
-3.995136e-02
1.302246e-02
5.369903e-03
9.659217e-03
2.579976e-02
-4.441487e-02
-2.196163e-02
5.242946e-02
6.498942e-02
-3.274730e-02
-6.327908e-03
-1.199534e-02
8.705510e-03
-2.796705e-02
-1.930525e-03
1.266826e-02
6.580038e-03
3.959166e-02
1.685830e-02
-1.611009e-02
-8.091756e-03
-4.068083e-02
2.666716e-02
-3.888139e-02
-5.550592e-02
3.221773e-02
1.810934e-02
-5.231985e-02
1.659063e-02
8.651586e-04
1.050400e-03
5.655218e-03
1.258740e-02
1.493273e-03
2.268713e-02
-1.069079e-02
1.788500e-02
6.985755e-03
2.182610e-02
1.987663e-02
-1.571164e-02
6.916449e-02
4.886527e-02
-2.988964e-02
-2.551805e-02
-6.470935e-02
-4.994543e-02
-6.236104e-02
-9.322409e-04
-4.354552e-02
-1.903564e-02
4.263927e-02
-5.266172e-02
-3.568888e-02
-2.320481e-02
4.315554e-04
7.269737e-03
1.426784e-02
-3.196587e-03
-3.025231e-02
1.320288e-02
-1.700169e-02
-5.103393e-03
-1.972141e-02
-1.234749e-02
-2.490032e-02
-9.121429e-03
-2.671871e-03
-5.775859e-03
3.153382e-02
8.168539e-03
1.203194e-02
2.292605e-02
7.199561e-02
8.979618e-02
1.103840e-02
1.998715e-02
-1.421836e-02
-2.489141e-02
-2.599770e-02
1.861592e-03
1.440080e-02
2.927278e-03
8.626721e-03
-2.654955e-03
3.010929e-02
3.098073e-02
-5.516360e-04
-2.764302e-02
2.067139e-02
3.264574e-02
3.736962e-02
4.140611e-03
-4.783463e-03
-1.902687e-02
-2.288231e-02
-7.507978e-03
-7.517728e-03
-7.954624e-03
-3.233743e-02
-1.611324e-02
-3.388398e-02
-2.904271e-02
-3.770594e-02
7.663616e-03
3.347210e-02
2.629981e-02
3.874697e-02
1.065522e-01
-2.269412e-02
1.339693e-02
5.084516e-03
-2.854815e-02
3.967093e-02
2.087820e-02
-3.003303e-02
2.279027e-02
2.433410e-02
8.525327e-03
-1.180349e-02
-1.868480e-02
4.928098e-02
-1.003082e-02
1.739923e-02
-1.076657e-02
-2.016984e-02
-5.047980e-03
9.557214e-03
-9.692974e-03
-1.232496e-02
-3.327178e-02
-5.123614e-02
-1.057019e-03
-5.239525e-02
-4.802946e-02
-2.595884e-02
4.268441e-03
7.632086e-03
6.596324e-03
2.885034e-02
-1.120234e-02
3.583523e-03
-1.509515e-02
-6.627222e-03
-1.407914e-02
-1.424550e-02
-4.135177e-02
2.448775e-03
3.158994e-02
2.200629e-02
1.326649e-02
6.898887e-03
2.181889e-02
1.861040e-02
3.160353e-02
-3.323150e-03
2.001407e-03
-2.059222e-02
6.732179e-03
-9.338238e-03
-3.353879e-02
1.044197e-03
-5.822751e-03
5.771018e-03
-1.356496e-02
-9.573770e-03
1.102586e-02
-1.738539e-02
-4.883272e-03
2.829722e-02
-1.583275e-02
-1.840470e-02
2.515533e-03
-1.792926e-02
1.260932e-02
5.472468e-02
-3.539157e-03
1.317688e-02
7.894889e-03
-4.084825e-02
-2.572415e-03
-7.250259e-03
-1.473038e-02
-4.374746e-03
-2.265151e-02
-5.498777e-02
2.300509e-02
-1.451287e-02
-1.422982e-02
2.151867e-02
-1.023359e-02
-4.215997e-02
8.850551e-03
-4.137769e-02
-8.435120e-02
-8.847436e-04
-5.977469e-03
-5.147872e-02
3.048218e-02
1.946830e-02
5.667544e-03
-9.575915e-03
-7.797475e-03
-3.433317e-02
-8.604306e-03
3.156325e-02
-5.794057e-02
-1.316786e-02
-1.310144e-02
-2.735671e-02
-2.096822e-02
3.774789e-02
2.230314e-02
6.348615e-03
-1.846675e-02
1.976508e-02
5.336795e-02
-1.462294e-03
3.277564e-02
-1.859314e-02
4.523979e-03
2.357597e-02
2.142331e-02
2.070945e-02
4.896846e-03
-1.306726e-02
-3.311811e-02
-7.340841e-03
4.179719e-02
-5.429421e-02
-2.728445e-03
2.921972e-02
-3.260285e-02
3.435187e-02
2.487116e-02
3.094738e-05
1.753188e-02
-1.272229e-02
-3.992028e-02
-1.156980e-02
-1.081286e-02
-7.394533e-02
-1.044507e-02
-1.445232e-03
3.466149e-02
-5.032128e-02
-2.305696e-02
1.638553e-02
-4.052939e-02
-6.708684e-03
-3.058075e-03
-8.986876e-04
3.908832e-02
-6.359532e-05
-2.675111e-03
4.280983e-02
-5.306993e-02
-9.219668e-02
-5.178399e-02
-1.699343e-02
-5.973562e-02
-8.740832e-02
-1.104338e-02
-5.066694e-02
2.999210e-03
4.015165e-02
5.278606e-02
2.591566e-02
-4.079415e-02
-5.846812e-03
2.724545e-02
1.901478e-02
1.681692e-02
-1.151210e-02
-2.584046e-03
-5.251619e-03
-4.386713e-02
4.426622e-02
3.581161e-02
1.606550e-02
1.165571e-02
-2.616424e-02
-2.184407e-03
1.447312e-02
-2.134700e-02
-1.545739e-02
-1.364808e-02
-1.026624e-02
-7.201015e-02
-2.135546e-02
-9.902375e-03
5.138861e-02
5.718112e-03
-2.843012e-02
-4.625794e-02
-1.602843e-02
3.360991e-02
-1.858285e-02
2.153378e-02
2.319990e-02
-4.655863e-02
-1.043358e-02
-1.079012e-02
6.684021e-03
-2.290980e-02
1.238889e-03
-3.688957e-02
1.608858e-02
-4.608778e-04
-3.549818e-03
2.971418e-02
-3.716064e-02
2.845505e-02
1.654031e-02
-6.407230e-02
1.905504e-02
-3.692586e-02
-1.603878e-02
9.017602e-03
1.604019e-02
-1.754561e-02
1.155117e-02
2.449760e-03
3.627143e-02
-1.357885e-02
3.732981e-03
3.067194e-02
-3.576722e-03
8.986270e-03
3.319352e-02
2.180265e-02
3.535273e-03
1.609146e-02
-6.430397e-03
-7.429291e-03
-5.204859e-02
9.869524e-03
-1.429778e-02
-2.714895e-02
-1.875514e-02
7.328556e-03
-2.765279e-02
-1.552535e-02
-4.100883e-02
-2.123736e-02
-2.683650e-02
5.518533e-02
5.258819e-02
1.704468e-02
1.192921e-03
-1.925679e-02
-1.356140e-02
2.738811e-02
4.080305e-03
2.243296e-02
-1.605691e-02
-3.760446e-03
-2.107243e-03
-1.208325e-06
2.450712e-03
1.677196e-02
-1.100024e-02
-3.747782e-03
-9.808512e-03
1.571790e-02
-2.517633e-03
2.386995e-02
-1.170250e-02
-2.491264e-03
-2.793510e-02
3.252155e-02
1.327783e-02
-1.054937e-02
2.047256e-02
4.875239e-02
-5.643005e-02
1.984972e-02
-1.888434e-02
-6.235880e-02
-5.614234e-03
3.782312e-02
-7.669624e-03
3.331980e-02
1.708278e-02
-2.444784e-02
-2.225811e-02
-3.147696e-03
-4.556039e-02
-4.593638e-04
-2.462778e-02
1.252690e-02
1.537722e-02
2.569706e-02
1.336704e-03
3.920554e-02
4.150056e-03
-7.304498e-03
-9.946475e-04
-3.088571e-02
-2.454261e-02
5.412291e-02
4.003653e-02
1.243014e-02
2.441383e-02
2.503857e-02
1.409751e-02
-1.885176e-02
-2.958683e-02
2.522625e-02
-7.259806e-03
-2.821235e-02
-1.739430e-03
6.241549e-03
-2.986043e-02
-5.705375e-02
-3.366639e-02
-3.109542e-03
-3.058717e-02
-4.612450e-03
5.938893e-03
-1.757691e-02
1.983553e-02
-1.407617e-02
-2.897482e-03
-5.237884e-04
-1.482836e-02
-1.359245e-02
-1.103828e-02
-1.541889e-02
-4.984006e-03
-2.895277e-02
-4.648862e-03
2.135433e-02
3.652643e-02
1.637663e-02
2.595514e-02
-5.379845e-03
1.763172e-02
2.310040e-02
2.464916e-02
1.740539e-03
-1.862637e-02
8.817990e-03
1.926086e-02
2.042510e-03
-5.480361e-03
-4.140051e-02
5.702983e-03
2.468867e-03
-1.828084e-02
-1.018208e-02
-1.915206e-02
-3.819695e-02
-4.173884e-02
-2.500681e-02
-3.543443e-02
-1.819963e-04
3.062677e-02
-1.737902e-02
-1.002883e-02
-3.213160e-02
5.153619e-03
5.988494e-02
-2.103825e-02
3.194190e-02
-1.850642e-03
-2.547598e-02
1.214999e-02
-3.426799e-02
-2.709328e-02
-9.632237e-03
-4.871250e-02
-2.369087e-02
-2.982904e-02
-4.372206e-02
2.232808e-02
2.173367e-02
3.748194e-02
-2.785924e-02
2.557301e-02
2.104274e-03
-1.865915e-02
-3.185931e-02
-1.770855e-02
-2.565624e-02
1.669187e-02
-1.667139e-02
-8.762639e-03
-7.172375e-03
-5.618797e-03
-7.586830e-03
1.947095e-02
1.222067e-02
-7.912925e-03
5.230859e-02
-7.929013e-03
2.997305e-02
2.139563e-02
-8.801249e-03
4.461882e-02
7.206223e-03
-3.033230e-02
-1.814095e-02
-6.005578e-02
4.301120e-04
-8.823204e-03
6.021891e-03
-2.884030e-02
-1.955225e-02
-3.479677e-02
-2.466361e-02
2.211257e-02
3.942433e-02
3.254956e-02
-7.446027e-03
-9.676663e-03
-1.218224e-02
-6.626924e-03
3.202877e-03
1.122076e-02
-2.151272e-02
3.498812e-02
2.758429e-03
3.137768e-02
2.697340e-02
1.055297e-02
1.207974e-02
-6.816362e-03
-5.148017e-02
-5.236791e-02
-2.490517e-02
-1.029104e-02
-1.189497e-02
2.373877e-02
3.653047e-02
-1.335090e-02
6.365042e-02
-2.142552e-02
-4.739963e-02
-6.400368e-02
-1.549149e-02
-3.611479e-02
-1.392807e-02
2.239129e-02
-1.455514e-02
4.683526e-02
3.534918e-02
1.511907e-02
3.928200e-02
7.753863e-03
1.017148e-02
1.561454e-02
-3.807107e-02
-1.580139e-02
1.113132e-02
2.741946e-02
3.429041e-02
-2.780367e-02
-2.160944e-02
-9.568290e-03
-2.558405e-02
2.716916e-03
3.290207e-02
3.339422e-02
-8.440685e-03
8.036994e-02
-1.276813e-02
1.085748e-02
-1.689956e-02
-4.538767e-02
-4.900071e-02
-5.438150e-02
-4.348797e-02
-4.365643e-02
2.489157e-02
5.555367e-02
6.477116e-02
1.172928e-02
-1.016486e-02
-9.228890e-03
4.991655e-02
7.692738e-03
-2.946947e-02
-1.723918e-02
-3.886924e-02
1.987155e-02
9.770358e-03
5.075795e-02
4.474454e-02
-2.972989e-02
-3.532164e-02
-1.186189e-02
7.350578e-03
1.032494e-03
-2.200167e-02
-1.288844e-02
8.249285e-03
9.555213e-03
-3.350087e-02
6.838915e-02
2.699099e-02
-1.811299e-02
-5.742833e-03
-4.431259e-02
-6.179836e-02
-3.670902e-02
-2.422778e-02
-6.937822e-02
-8.149107e-02
8.330092e-03
-2.259102e-02
-3.017752e-02
5.996802e-03
-1.486380e-02
-1.509040e-02
5.607201e-02
-2.719244e-02
-9.138970e-04
2.810161e-02
-2.757597e-02
-1.107786e-02
-8.795803e-03
-4.226656e-02
-2.532103e-02
1.010892e-02
-2.534091e-03
-1.311824e-02
3.399636e-02
1.122143e-02
-5.415286e-02
2.422339e-02
-4.926250e-02
5.086470e-03
2.489489e-02
-4.373146e-02
-4.853554e-02
-2.979032e-02
-2.230112e-02
-4.373435e-02
-1.402069e-02
-3.523273e-02
-3.472075e-02
2.579664e-02
-1.041333e-03
-5.932346e-03
-2.008248e-02
3.268956e-02
4.599859e-02
2.815160e-03
4.978045e-02
-1.154993e-02
-1.157592e-03
-3.528149e-02
-2.643800e-02
-3.998089e-02
-1.866052e-02
-3.693463e-02
-3.595788e-02
-7.921408e-04
-7.397447e-03
3.430777e-02
1.155928e-02
2.873906e-02
3.119042e-02
-2.921918e-02
-2.855549e-02
-6.289387e-02
-7.005311e-03
2.777770e-03
-1.581752e-02
4.025095e-03
2.554061e-02
2.043299e-02
1.433385e-02
2.467381e-02
5.993870e-02
-1.846653e-02
9.122618e-03
5.744985e-02
-3.407659e-02
-1.132141e-02
-3.651697e-02
-1.278934e-02
1.351251e-02
-2.874272e-02
1.393262e-02
2.673164e-02
-1.330914e-02
2.097752e-02
1.369786e-02
3.774211e-03
-1.175018e-02
-1.514762e-02
5.152387e-03
-8.014166e-02
5.684761e-02
-5.233292e-02
-2.001912e-02
7.815896e-02
-3.172445e-02
3.151877e-02
-4.856457e-03
2.323905e-02
-1.136724e-02
-1.439026e-02
6.285177e-03
5.494548e-03
-2.058356e-02
-2.261007e-02
-3.869107e-04
7.352576e-03
-1.453973e-02
1.337666e-02
-1.373844e-02
1.029199e-02
-3.997325e-03
1.243568e-02
6.205859e-03
-5.715774e-03
1.904155e-02
1.312446e-02
3.022534e-02
-2.099166e-02
-3.450960e-02
-4.513204e-02
2.678888e-03
-4.209802e-02
2.071844e-03
-3.857158e-02
-2.563800e-03
2.015931e-02
-1.572209e-02
8.245938e-03
2.102839e-02
1.542408e-02
4.201598e-02
-1.873792e-02
-1.855310e-02
9.711522e-03
-2.429013e-02
-1.072505e-02
-3.526460e-02
1.519464e-02
7.479584e-02
2.594226e-02
1.048706e-02
4.575470e-02
3.137095e-02
2.819156e-02
-4.535987e-02
-8.241404e-02
-2.138373e-02
-6.426974e-02
-4.045652e-02
-7.730486e-03
-1.349505e-02
-1.968280e-02
5.298287e-02
1.380552e-02
8.907022e-02
3.083088e-02
3.322101e-02
1.790504e-03
-3.880423e-02
-2.412828e-02
-7.866307e-03
-2.237313e-02
1.579265e-02
-2.240251e-02
-5.794100e-02
-8.659193e-03
-2.825461e-02
-2.137261e-02
-3.818848e-02
-6.180665e-03
8.845268e-03
3.032847e-02
2.319625e-02
4.243162e-02
-3.751710e-02
-1.848922e-02
2.420289e-02
2.533320e-02
-1.819080e-03
3.069731e-02
-4.056818e-02
1.128495e-02
1.929577e-02
9.613506e-03
1.946237e-02
-1.835282e-02
3.015117e-03
-2.885201e-02
-3.090204e-02
-3.885129e-02
-2.619255e-03
-2.247885e-02
-3.354510e-02
-7.311968e-04
-3.353714e-02
-7.727600e-03
-3.245141e-02
-2.805141e-02
-1.300734e-02
-5.607285e-03
-2.065753e-03
-2.525620e-02
-1.878524e-02
-4.774947e-02
-9.472236e-03
3.674917e-02
-3.786433e-02
4.923241e-03
1.241135e-02
2.457966e-02
-3.324362e-02
2.095462e-02
9.854543e-03
4.276157e-02
-2.690556e-02
1.464848e-02
5.631486e-03
4.131275e-02
-2.459923e-02
-2.559065e-02
1.488520e-02
2.272861e-03
-3.912089e-02
2.400428e-02
5.675859e-02
-6.900636e-03
-1.088024e-02
-7.463990e-03
4.135224e-03
-1.345866e-02
5.169991e-02
-1.610320e-02
-3.343860e-02
-2.133602e-02
6.212892e-03
-9.814390e-03
-8.383235e-03
3.168141e-02
-3.537666e-02
5.313653e-03
-4.970295e-02
-3.375312e-02
1.409061e-02
3.453924e-03
3.071200e-02
-1.268412e-02
3.828037e-02
4.107683e-02
1.278978e-02
-9.175664e-04
2.209607e-02
2.003999e-02
1.056542e-02
-2.142977e-02
4.003538e-04
4.983489e-03
-7.185601e-03
-8.912535e-03
5.708600e-02
-7.563626e-03
-3.746578e-02
-7.608617e-03
4.662891e-02
-1.149487e-03
6.347918e-02
9.391183e-03
9.658699e-04
-8.469222e-03
5.944996e-04
-1.788779e-04
6.606214e-03
1.937761e-02
-1.166479e-02
-3.602947e-02
4.282727e-03
-2.111519e-03
-1.386789e-02
-5.815160e-03
1.793927e-02
-3.889504e-02
1.445458e-03
-6.293546e-02
3.931741e-03
-4.353712e-02
8.428761e-03
6.992958e-03
2.217885e-03
-5.135354e-03
5.118156e-02
-2.063364e-02
-1.916710e-03
-2.584350e-02
-4.765058e-02
2.071697e-02
8.242619e-03
-1.592538e-02
2.151979e-02
5.265365e-02
6.517197e-03
3.409635e-02
-1.525241e-02
-2.547426e-02
1.469573e-02
-8.251388e-02
-7.528582e-02
-1.928436e-02
8.857017e-03
-1.860955e-03
1.041744e-02
5.068858e-03
6.882784e-03
6.644407e-02
-4.659601e-02
2.527400e-02
5.830692e-02
3.312819e-02
-2.792482e-02
-3.219762e-02
3.633665e-02
2.332635e-02
1.214025e-02
4.212315e-02
1.578039e-02
-1.645130e-02
-3.616609e-02
2.105233e-02
-4.337939e-02
1.167795e-02
3.425471e-02
3.117017e-02
2.391047e-02
1.372500e-03
-2.576661e-02
1.711172e-02
-3.398332e-03
-5.089481e-04
-1.061411e-02
-2.015864e-02
-2.430266e-02
-3.208838e-02
-5.641823e-02
2.184526e-02
1.369460e-02
3.593652e-02
-1.746865e-02
2.541812e-02
2.337925e-02
-6.428835e-02
9.922544e-03
3.612586e-02
2.781023e-03
-1.220653e-02
3.271031e-02
-2.749120e-02
4.921699e-02
-2.952505e-02
-3.169505e-02
2.385807e-02
-1.610541e-02
1.833848e-02
-1.199817e-02
-2.660105e-02
8.049185e-03
-5.401500e-02
8.348753e-02
-4.922246e-02
6.332763e-02
7.029743e-02
-2.685983e-03
2.310213e-02
-5.162544e-02
1.175533e-02
-2.758726e-02
-8.572648e-03
-2.225912e-02
-4.517558e-02
-3.152234e-02
1.341138e-02
8.118344e-03
-1.729293e-02
3.514372e-02
-4.473889e-02
-5.080707e-02
1.659789e-02
-2.725438e-04
3.590191e-03
-1.675252e-02
1.424189e-02
-1.371430e-02
1.373210e-02
2.572998e-02
1.867364e-02
5.392906e-03
5.139641e-03
1.416876e-02
-4.798574e-02
-2.805724e-02
-5.517184e-03
-1.231294e-02
6.749378e-02
2.247798e-02
3.875212e-02
2.317853e-02
5.873803e-03
-9.559350e-03
4.402799e-03
-1.441153e-02
2.957539e-02
-4.276659e-02
-5.620951e-02
1.813176e-02
-3.207883e-03
1.358013e-02
-2.868270e-02
-7.081227e-02
2.299665e-02
-1.144454e-03
-2.446585e-02
4.275306e-02
4.626013e-03
-2.891645e-02
4.066112e-02
-3.005745e-02
3.417141e-02
-1.945295e-02
-1.767102e-02
4.046708e-02
2.680285e-02
1.566083e-02
5.058447e-02
6.484043e-02
2.834208e-02
3.102860e-02
1.514735e-02
-4.789107e-02
-1.351991e-02
-1.242583e-03
-1.911360e-02
-1.556560e-02
4.669503e-03
2.132176e-02
7.966388e-03
1.090442e-02
-5.025294e-03
-2.996328e-02
-2.357593e-02
1.448192e-02
6.739103e-04
4.561584e-03
9.111456e-03
2.811179e-02
-1.657734e-02
-1.664618e-02
3.412520e-02
-2.517244e-02
-1.217919e-02
-1.370385e-02
-8.752485e-03
1.142939e-02
-2.037097e-02
-2.824248e-02
-3.964363e-02
-8.960110e-03
1.423896e-02
-1.298577e-02
3.001078e-02
-1.881562e-03
-3.533800e-02
-5.213281e-02
-3.255361e-02
4.792185e-02
-4.329272e-03
-1.496317e-02
2.797168e-02
9.924880e-03
-3.248174e-03
6.842529e-03
1.750580e-02
-5.957135e-03
3.706075e-02
7.831413e-03
-7.156707e-03
4.257238e-03
2.145705e-03
-1.701860e-02
2.143412e-02
4.579421e-02
-3.718874e-03
-5.832962e-02
-3.592953e-02
-5.810865e-02
-8.595151e-03
6.152575e-02
4.302365e-02
1.955124e-02
-3.932099e-02
1.256976e-02
3.640010e-02
5.308045e-02
5.876561e-02
-2.741461e-02
-4.010446e-02
-5.112129e-02
-2.079434e-02
1.458153e-02
9.629818e-03
-3.347266e-02
-4.519199e-02
-2.257085e-03
2.972884e-02
2.418081e-02
4.831555e-02
-4.208062e-03
-4.505841e-03
-3.452877e-02
3.072715e-03
4.731242e-02
5.604896e-02
2.865070e-02
3.460568e-02
3.500699e-02
6.489115e-02
5.511165e-02
9.072028e-03
-3.204354e-02
-6.109847e-02
-9.794309e-02
5.293448e-02
1.969094e-02
4.209259e-02
-1.601528e-02
-9.438012e-03
-2.605991e-02
4.354994e-02
3.584968e-02
9.643890e-03
-1.212969e-02
-1.495984e-02
-5.091557e-02
8.089123e-03
7.986678e-03
-5.506746e-03
-1.014488e-03
-2.691575e-02
-1.958645e-02
-1.141047e-02
7.040760e-03
3.719506e-02
8.465306e-03
8.014318e-02
3.975582e-02
-1.432155e-02
-5.081473e-02
-6.894360e-02
2.316568e-02
2.615170e-02
-5.577167e-03
-6.130083e-03
-2.744552e-02
-1.432865e-02
5.365916e-02
2.328457e-02
8.433748e-03
-1.042571e-01
-3.238345e-03
-2.400667e-02
1.033885e-02
3.281404e-02
1.286608e-02
-5.677631e-02
-3.165952e-02
-3.102802e-02
2.908699e-02
3.519617e-02
1.481844e-02
4.970280e-02
2.485648e-02
-8.191043e-04
-3.313398e-02
-8.689391e-03
-2.239598e-03
-1.300349e-02
-2.131338e-02
3.136383e-02
5.115911e-02
1.382382e-02
2.601758e-02
3.103250e-02
-5.371233e-03
2.983853e-02
1.214961e-02
-6.427065e-02
5.041857e-03
1.478848e-02
1.523395e-02
-1.473714e-02
1.780380e-03
-1.724103e-02
-5.402698e-02
2.125444e-02
7.444194e-03
7.245534e-03
-1.074336e-02
-1.027403e-02
-1.617776e-02
-1.164404e-02
-4.788181e-02
-2.554435e-02
-3.028011e-02
-1.499704e-02
-1.025596e-02
-1.951243e-02
1.165872e-02
-4.881690e-02
-3.698194e-02
2.010132e-02
5.000224e-03
-5.435988e-03
2.569026e-02
2.084718e-02
3.651657e-03
-4.666957e-02
-2.242452e-02
1.765679e-02
-1.953825e-02
2.310791e-02
2.584483e-02
5.193778e-02
1.114697e-02
3.181145e-02
-2.335749e-03
-2.684079e-02
2.559599e-02
2.171853e-02
2.960108e-02
5.212880e-02
7.266940e-03
-2.569308e-02
9.572139e-03
-6.601209e-02
1.666659e-02
-8.762040e-03
8.639842e-03
8.986278e-03
2.757989e-02
5.613615e-02
-2.312927e-03
-4.450147e-02
3.352010e-02
2.255010e-03
-4.906353e-02
-1.061307e-02
-3.598601e-02
-3.868622e-02
-2.539581e-02
-2.226057e-02
-2.380507e-02
-3.721164e-03
-1.399262e-02
-5.958897e-02
1.131173e-02
-2.409520e-03
-3.258789e-02
-3.058526e-02
-5.835490e-04
-3.147346e-02
3.897464e-02
-4.981937e-02
5.736680e-02
-3.345212e-03
-2.048710e-02
1.237637e-02
3.008986e-02
-2.423160e-02
3.635816e-02
4.175752e-02
-1.915796e-02
-2.105640e-02
2.383392e-02
-2.997099e-02
-1.835205e-02
2.761069e-03
3.179785e-02
5.347317e-03
4.771306e-02
-2.477708e-02
5.010597e-02
1.068886e-01
3.949958e-02
4.218825e-02
3.914711e-02
3.662848e-02
-1.992127e-02
1.504787e-02
1.645280e-02
-1.078675e-02
-1.209496e-02
8.249812e-03
-1.288182e-02
-2.291043e-02
-1.474815e-02
-5.481654e-03
-4.214233e-02
8.410905e-03
-2.337727e-03
-3.585174e-02
8.993060e-03
2.599259e-02
8.692978e-03
8.780389e-03
1.135253e-02
3.484034e-02
-1.377428e-02
-2.360258e-02
2.515578e-02
-2.460229e-04
-5.422215e-02
-6.257229e-02
-7.427741e-02
1.416372e-03
-5.008282e-02
-5.797569e-03
-2.786365e-02
-4.991622e-02
1.990784e-02
-5.567996e-02
-4.043805e-02
-1.579452e-02
-1.343105e-02
-5.886326e-02
-3.969463e-02
-2.378584e-02
1.307672e-02
1.675048e-02
-1.133157e-02
-2.871291e-03
5.938641e-02
3.170701e-03
-1.833376e-02
2.078205e-02
2.354142e-02
-1.486869e-02
1.651981e-02
5.676716e-03
-6.167106e-02
-5.384523e-03
-2.721730e-02
-1.898928e-02
2.393885e-02
-1.866755e-02
5.856670e-02
2.484302e-02
3.515317e-02
5.377696e-02
1.296658e-02
-4.430837e-02
-7.835757e-03
3.780102e-02
-2.816746e-03
3.766669e-02
5.391356e-02
-2.049150e-02
1.042952e-04
9.190572e-03
-2.743370e-04
4.965876e-02
3.246138e-02
1.256295e-02
2.507015e-02
-2.669804e-02
-2.168580e-02
2.826396e-02
-8.711086e-03
4.375694e-03
2.468763e-02
-2.189486e-02
-1.874867e-02
1.506786e-02
5.870250e-03
-8.025506e-03
-2.917078e-02
-1.291325e-02
-5.386812e-03
-2.110168e-02
5.947295e-03
-3.255712e-02
-2.082646e-03
-2.093893e-02
-6.439618e-03
-1.398382e-02
-6.380934e-03
3.677896e-02
-5.360341e-03
2.483660e-02
1.390130e-02
-3.200894e-02
4.399028e-02
1.246216e-02
-2.043738e-02
-3.781727e-02
-4.258398e-03
7.492292e-03
5.537814e-03
2.877168e-02
-3.091251e-02
4.860106e-02
1.275643e-02
6.677948e-02
2.443630e-02
-2.307573e-03
-6.704838e-02
3.397360e-02
-1.197178e-02
-8.830104e-02
6.779100e-02
-1.644999e-02
-5.118455e-03
3.787351e-02
-4.348340e-02
1.101174e-02
-5.743906e-02
-1.024431e-02
2.870097e-03
6.776679e-04
1.431564e-02
-1.731753e-02
-3.550482e-02
7.512309e-03
-6.409644e-03
-1.510673e-02
-2.332378e-04
-3.725242e-03
1.276364e-02
3.969241e-02
1.789121e-02
2.000269e-02
1.472865e-02
3.058201e-02
4.784945e-03
1.801185e-02
-1.929223e-02
3.472534e-03
-1.630246e-02
-1.972610e-02
-9.690479e-03
-2.158976e-02
2.362720e-02
1.394125e-02
-1.741960e-02
-8.601759e-04
-2.618279e-02
1.908810e-02
2.963321e-02
2.848228e-03
-1.589757e-02
-3.995322e-02
-2.698852e-02
-1.134107e-02
-5.424126e-02
1.765109e-02
2.358746e-03
-1.800774e-02
3.896530e-02
-2.511729e-02
-3.701160e-02
4.952498e-04
-3.575718e-02
3.973798e-02
-2.666500e-02
-3.506751e-03
1.819036e-02
1.413656e-02
-1.506658e-02
-1.417587e-02
1.325734e-02
2.400598e-02
-3.502996e-02
-1.502184e-02
-2.771459e-02
2.459454e-02
3.408429e-02
3.286459e-02
-3.449021e-03
-2.242824e-02
-4.110275e-02
2.178229e-02
-4.836835e-02
-3.894783e-02
-2.805766e-02
2.533993e-02
-1.980970e-02
-1.467327e-03
-1.104471e-02
3.463529e-02
-3.126676e-02
-2.957721e-02
5.946194e-02
4.781248e-02
2.896150e-02
6.392172e-02
-1.688714e-02
3.598658e-04
5.667322e-02
-1.763788e-02
2.366562e-02
5.988231e-03
-1.327399e-02
1.162162e-02
5.325563e-03
-3.024463e-02
-2.532052e-02
-5.248712e-02
-1.622182e-03
1.881588e-02
-3.367114e-02
3.060648e-02
4.498648e-02
2.423325e-02
-1.163070e-02
1.459819e-02
2.087925e-02
-6.227072e-02
-5.839375e-02
3.550926e-03
1.508651e-02
2.889583e-02
1.896709e-02
-3.080885e-02
-9.296569e-03
-1.876090e-02
-7.303289e-02
6.028421e-02
2.548844e-03
-8.532673e-04
-9.866519e-03
-3.252580e-02
4.305787e-02
-7.003719e-03
7.322069e-02
5.622110e-02
-7.783937e-02
-1.346209e-02
-6.301354e-02
-1.109178e-02
-2.759733e-02
1.913326e-02
2.183612e-02
1.729897e-03
7.222338e-02
2.219871e-02
-9.669351e-04
7.180260e-03
3.219745e-02
-2.351492e-02
-3.306784e-03
-4.943770e-03
-4.894722e-02
4.764114e-02
-5.743178e-02
9.309651e-04
-3.214333e-02
2.504712e-02
2.879401e-02
-3.056981e-03
1.904213e-02
5.528801e-03
-5.367053e-04
6.218977e-03
-4.253042e-02
-4.790292e-02
5.133386e-03
6.893679e-02
-1.685296e-02
1.158819e-02
-1.527170e-02
1.892082e-02
1.559820e-02
-9.982942e-03
-1.901535e-02
-3.301769e-03
-4.699700e-02
-6.375855e-02
2.728364e-02
-3.046741e-02
2.032605e-02
-8.569649e-03
3.942700e-02
-2.483143e-02
2.282059e-02
2.355911e-02
8.087728e-03
-1.930368e-02
6.704302e-02
-6.816557e-02
8.932526e-03
4.780775e-02
-2.255275e-02
7.177769e-03
1.455750e-02
7.322364e-03
-2.226418e-02
-8.343529e-03
3.858897e-02
-6.102076e-02
-5.412641e-02
-1.587329e-02
-3.275971e-02
