-1.415168e-01
1.816001e-02
8.009994e-02
-7.521647e-02
4.704093e-02
-1.130926e-01
1.203598e-01
-6.631594e-02
3.550131e-02
7.651436e-02
-6.123920e-02
-8.882900e-03
-1.667506e-02
6.960937e-02
-9.499495e-02
-7.391143e-02
2.028057e-03
-1.584033e-01
-9.216752e-02
-7.087673e-03
6.911992e-02
4.759262e-02
4.707515e-03
1.508322e-02
5.721780e-02
-5.146949e-02
8.220866e-02
4.032604e-02
1.148567e-01
-5.737451e-02
4.519482e-02
3.709349e-02
-7.899765e-02
-4.583452e-02
-7.087206e-02
9.824841e-02
-1.054334e-01
1.113108e-02
1.207208e-01
1.167954e-01
-5.577178e-02
1.572400e-01
-8.113289e-02
1.078682e-01
1.351030e-01
-8.737437e-02
8.383036e-02
-5.908617e-02
-5.066185e-02
-4.675728e-02
7.259569e-02
7.630386e-02
5.096389e-02
4.666700e-02
-5.485116e-02
4.696839e-02
-8.625780e-02
7.495809e-02
5.446113e-02
-3.244658e-02
-1.083678e-02
1.244932e-02
5.277774e-02
1.047587e-01
