7.836734e-03
6.946308e-03
7.589778e-03
5.902351e-03
7.525228e-03
7.125227e-03
5.559089e-03
5.066059e-03
8.321626e-03
6.042293e-03
7.699345e-03
8.533711e-03
7.338800e-03
8.452576e-03
5.295950e-03
3.701267e-03
5.334414e-03
7.572236e-03
8.745808e-03
7.888141e-03
6.926119e-03
7.217211e-03
6.680555e-03
5.778954e-03
8.237269e-03
6.117666e-03
5.367750e-03
6.297962e-03
8.731001e-03
3.919676e-03
7.520969e-03
7.461939e-03
7.319575e-03
6.088552e-03
5.078588e-03
5.655608e-03
9.665824e-03
5.032876e-03
6.005765e-03
8.708371e-03
5.738021e-03
8.203201e-03
6.269493e-03
7.135131e-03
9.069514e-03
5.740216e-03
8.251677e-03
6.620131e-03
5.754875e-03
6.939002e-03
7.817327e-03
6.179235e-03
7.886918e-03
7.707128e-03
7.679468e-03
5.098576e-03
8.866723e-03
8.915973e-03
7.355722e-03
8.242210e-03
7.558486e-03
8.631108e-03
7.900323e-03
7.726340e-03
