1.144935e-02
1.885195e-02
2.864310e-02
1.350723e-02
1.383876e-02
3.120429e-02
2.346325e-02
1.941266e-02
2.410772e-02
4.550868e-02
3.231107e-02
2.276043e-02
2.362408e-02
1.539449e-02
2.747176e-02
1.985693e-02
1.853367e-02
2.158272e-02
2.272920e-02
1.651127e-02
1.939271e-02
2.710189e-02
1.867739e-02
1.517084e-02
1.367619e-02
2.396955e-02
3.096069e-02
1.950365e-02
2.429361e-02
2.786148e-02
2.597448e-02
3.754056e-02
1.349576e-02
5.808641e-02
2.277509e-02
3.389645e-02
1.619299e-02
2.857479e-02
2.478276e-02
1.596811e-02
1.058646e-02
1.478636e-02
1.390056e-02
1.211590e-02
2.700104e-02
2.002488e-02
1.726503e-02
1.496779e-02
3.044775e-02
2.226553e-02
2.317420e-02
1.965889e-02
2.916855e-02
2.150222e-02
1.873436e-02
1.638549e-02
1.395385e-02
9.721709e-03
2.482899e-02
2.566728e-02
2.025324e-02
1.574800e-02
3.794109e-02
2.290542e-02
