-1.069702e-02
8.354132e-03
1.960741e-02
-2.336779e-02
-6.044220e-03
-1.236523e-02
-2.960892e-02
9.599596e-03
-3.534022e-02
3.188300e-03
-9.652475e-03
-1.975473e-02
-2.245302e-02
-2.267357e-02
3.470836e-02
-1.922307e-02
-5.801449e-03
-2.597208e-03
2.420089e-03
1.589916e-02
-3.896449e-02
-1.911352e-02
-4.688968e-03
-7.085347e-03
6.588527e-03
-3.630883e-02
-1.905333e-02
2.972417e-02
-3.660866e-03
2.795582e-03
-1.910833e-02
-7.306280e-03
-2.934627e-02
-1.058226e-02
1.583900e-02
-1.765455e-02
-1.913871e-02
2.621935e-02
1.075516e-02
1.538009e-02
-1.393904e-02
-2.319535e-02
1.200801e-02
-2.127880e-02
-1.178954e-02
-7.881189e-02
-4.140360e-02
1.416319e-03
-3.026385e-02
-5.719952e-02
-4.163772e-03
5.832554e-03
-2.824875e-02
1.136974e-02
-8.662605e-03
-8.417380e-03
-2.605030e-02
-1.716194e-02
1.213327e-03
-8.221378e-03
4.960926e-03
-3.595551e-05
1.815938e-02
-2.343975e-02
-3.115866e-02
8.472038e-03
-2.950049e-02
1.761305e-02
2.592163e-02
-2.063220e-02
1.230894e-02
-1.304859e-02
2.014680e-02
2.375011e-03
1.044753e-02
7.077938e-03
3.091247e-02
1.937931e-02
1.373689e-04
-1.334498e-02
2.468445e-02
-2.105770e-02
-1.382264e-02
3.781503e-03
-1.266875e-02
-2.724890e-02
4.762125e-02
-1.206820e-02
8.150346e-03
2.871240e-04
-2.542588e-02
-2.982712e-02
1.200945e-02
1.150188e-02
1.575921e-02
2.813833e-02
8.576946e-03
-1.570195e-03
3.100656e-03
-2.109143e-03
-2.482088e-02
-1.813249e-02
1.747274e-02
7.731245e-03
7.343694e-03
4.114567e-02
1.525791e-02
1.438097e-05
-2.854087e-03
-1.179666e-02
3.852090e-02
4.905802e-02
2.199544e-02
2.189453e-02
9.099046e-02
5.237051e-02
1.950526e-02
7.279998e-03
-1.429758e-02
9.675809e-03
3.585271e-02
-5.763319e-03
-1.975904e-03
1.227419e-02
3.613635e-02
-1.241802e-02
-1.011917e-03
1.631469e-02
4.627823e-02
-1.403679e-02
2.979725e-02
4.440305e-02
1.887375e-02
2.980391e-02
1.933443e-02
1.135432e-02
-9.818219e-03
-2.576558e-02
1.870224e-02
-1.134385e-02
3.644735e-03
2.496916e-02
-6.708045e-03
2.590178e-03
7.891242e-03
3.110994e-03
2.011842e-02
1.317452e-02
-1.624513e-02
1.747870e-02
9.624211e-03
8.755930e-03
-3.259910e-02
-1.738520e-02
-1.227841e-03
2.622140e-03
6.835803e-03
1.711595e-02
-3.355552e-03
1.784856e-02
-9.744339e-03
-2.446682e-02
5.416649e-03
-2.364586e-02
-1.288775e-02
-2.304280e-02
-2.728715e-02
-1.541499e-02
-3.630210e-02
-1.316522e-02
-3.870235e-03
-1.744682e-02
1.553404e-02
-2.473197e-03
-1.547405e-02
2.352611e-03
8.786177e-03
-2.466618e-02
-2.238055e-02
-8.670526e-03
-1.044040e-02
8.808739e-03
2.713057e-02
-1.035049e-02
-3.069615e-03
3.126527e-02
1.525541e-03
-3.331861e-03
2.069097e-02
-3.831286e-02
-2.612175e-03
-3.244542e-03
-5.784575e-03
-3.234865e-02
-1.053582e-02
-1.613335e-02
-7.149793e-02
-3.062247e-02
1.604982e-02
1.389992e-02
2.240938e-02
3.153263e-02
1.452127e-04
2.069396e-02
3.015370e-02
-6.832993e-03
-1.433606e-02
-1.749607e-02
1.391314e-02
-3.058981e-02
-1.886395e-02
-5.820151e-03
-7.168332e-03
-1.544670e-02
-2.105675e-02
-1.170337e-02
-1.988148e-02
-2.169688e-02
-3.141867e-02
-6.901352e-02
-2.703279e-02
1.639745e-02
-3.550644e-02
-2.872549e-02
-1.087100e-02
8.865246e-03
6.763731e-03
2.052503e-02
7.219250e-03
1.373658e-03
2.842049e-02
-2.736846e-03
-4.599327e-03
-1.957124e-03
-2.104541e-02
1.691428e-03
-2.345115e-02
-2.021944e-02
-1.002843e-02
-2.587922e-02
-2.109090e-03
-2.765844e-02
-2.704884e-02
1.182209e-02
5.220065e-02
-6.530441e-03
-2.442077e-02
2.101738e-02
-5.491311e-03
1.128075e-02
4.958996e-03
-7.445578e-03
2.454497e-02
2.253927e-02
3.768654e-03
4.504848e-02
3.912347e-02
-5.621640e-04
1.565850e-02
2.130387e-02
5.618569e-03
-4.221022e-03
-3.258919e-03
2.463673e-02
1.439685e-02
3.034972e-02
2.212233e-02
2.255381e-02
-1.014331e-02
-1.465589e-03
-1.476036e-02
1.880764e-02
-1.007970e-02
3.326608e-03
3.678997e-03
9.369690e-04
3.346937e-04
1.424182e-02
3.297847e-03
2.499333e-02
2.391431e-02
8.852623e-04
-1.431405e-04
6.119337e-03
4.293991e-02
2.430870e-02
2.032411e-02
-1.755416e-02
-3.448280e-02
-2.797755e-02
-1.143465e-02
-2.322445e-02
-6.925129e-03
-1.156419e-02
-6.320057e-03
-3.209409e-02
-5.462015e-02
1.280915e-02
-6.468656e-04
9.407005e-03
3.865312e-02
2.108382e-02
2.848261e-02
1.367455e-02
3.550324e-02
6.235875e-03
-9.441502e-03
-1.054579e-02
-1.399379e-02
-1.921057e-02
-3.494435e-04
-5.388437e-03
-1.393066e-02
-1.073557e-02
-3.306359e-02
1.956691e-02
-3.360318e-03
1.460352e-02
2.350455e-02
-3.141831e-02
1.551114e-02
-1.582429e-02
-1.851748e-02
-4.138796e-03
9.594250e-03
3.489605e-02
1.308817e-02
9.846304e-03
2.909926e-02
1.334113e-02
1.028213e-03
9.884811e-03
-3.540025e-02
2.108891e-03
2.186300e-02
1.123198e-02
1.749250e-02
2.441143e-02
6.339115e-03
3.443020e-02
2.745252e-02
1.876488e-02
-2.720093e-02
-1.242411e-02
9.408609e-03
-2.200447e-02
-4.250985e-02
-3.087276e-02
-2.418283e-02
-2.671734e-02
-2.943276e-02
-5.902798e-03
-2.863275e-02
-9.238123e-03
2.780157e-04
-4.136334e-02
-1.197994e-03
-1.945466e-02
-4.516831e-02
-7.231129e-03
5.497180e-03
1.027870e-02
-2.002975e-02
5.769392e-03
-1.346652e-02
1.580906e-03
-1.711098e-02
-9.174809e-03
-7.617258e-03
1.434467e-02
-4.579422e-02
-3.169624e-02
3.114872e-03
5.766786e-03
2.245276e-02
2.381144e-02
2.704194e-03
1.313308e-02
3.565346e-02
3.442254e-02
2.693368e-02
4.334558e-02
5.197800e-02
4.313856e-02
3.873029e-02
2.710303e-02
3.447585e-02
-2.449279e-02
-1.918057e-02
2.359973e-02
-2.436051e-02
-4.862193e-02
-3.310781e-02
-3.151112e-02
-2.784653e-02
-6.349165e-02
-8.872269e-03
-8.928522e-03
1.310363e-03
-1.232770e-02
3.771628e-03
4.974030e-03
-2.856102e-02
-2.460741e-02
-2.179696e-02
5.196925e-03
2.692694e-02
-1.095394e-02
-1.344413e-02
-5.454153e-03
-2.401276e-02
-3.886770e-03
3.248840e-02
8.611275e-04
1.316408e-02
-2.269309e-02
-5.576553e-02
-1.464229e-03
-9.399605e-03
6.281917e-03
-1.182686e-03
1.401812e-03
-8.859666e-03
-3.977878e-02
-7.553039e-03
2.242608e-03
-1.369458e-02
-1.436737e-02
-2.094179e-03
-1.084572e-02
1.724028e-02
-2.712211e-03
1.548924e-02
-2.385967e-03
-7.613534e-03
2.029044e-02
-2.269706e-02
1.612473e-02
6.283241e-02
-8.332398e-03
3.925264e-02
-1.833959e-02
-3.075198e-02
-1.691189e-02
-2.602419e-02
8.502016e-04
-7.511353e-03
-5.889162e-03
1.396210e-02
2.185395e-02
6.229017e-04
4.024542e-03
1.294945e-02
-1.508634e-02
-1.566753e-02
3.633068e-03
-2.754980e-03
-1.373871e-02
1.432436e-02
-2.965177e-03
-1.595390e-02
-7.477137e-04
-7.578324e-03
-4.284521e-02
-1.993054e-02
-1.189010e-03
-3.722039e-02
7.772446e-03
-1.480304e-02
-6.761789e-03
2.550259e-02
-5.160360e-03
-2.307195e-02
-6.437879e-04
1.831117e-03
-1.814318e-02
2.895782e-02
1.170477e-02
-1.451703e-02
-2.494838e-02
4.087048e-02
7.511591e-03
5.182036e-03
4.757703e-02
1.880351e-02
1.836954e-02
-7.278686e-03
-6.059455e-02
-2.843757e-02
-1.972697e-02
-4.834219e-02
-2.109335e-02
-3.783812e-02
-5.933844e-02
-5.702545e-02
-6.778260e-03
-3.372034e-02
-8.330847e-03
-3.117106e-02
-3.634594e-02
5.954974e-03
-4.137064e-03
-3.025166e-02
-4.299118e-02
1.108974e-02
1.445655e-02
-6.653349e-03
1.712038e-02
-7.802312e-03
1.254652e-02
-2.661015e-02
-2.743496e-02
1.383214e-02
8.739164e-03
7.681367e-03
-1.248333e-03
1.340391e-02
1.650059e-02
1.399956e-02
1.400619e-02
2.925695e-02
1.790094e-02
-2.461262e-03
-2.474340e-02
-2.053999e-02
-3.329151e-03
-8.029786e-03
1.447344e-02
1.071862e-04
3.442449e-03
-1.489982e-02
2.600410e-02
-2.448116e-04
-2.467921e-02
-3.322792e-03
1.191703e-02
2.551330e-02
2.774286e-02
4.693138e-02
-9.860545e-03
1.408678e-02
6.910556e-03
3.854280e-03
-1.107524e-03
-2.702557e-03
-2.608916e-02
-9.350979e-03
1.187396e-02
1.768230e-02
4.444900e-04
-2.334888e-04
-1.258886e-02
-1.427304e-02
2.989570e-03
5.116094e-03
-1.405558e-02
3.652793e-02
2.903712e-02
-1.135062e-02
-2.807713e-03
9.641079e-03
-2.922494e-02
-2.016238e-02
-2.383240e-02
-3.059061e-02
-1.979606e-03
-2.262082e-02
2.262229e-02
3.753366e-03
1.372269e-02
-2.436795e-03
2.446245e-02
8.380193e-03
-1.212456e-02
-2.762648e-03
-4.231364e-02
-3.287296e-03
-2.948538e-02
4.534784e-02
-7.681534e-03
-3.660665e-02
-2.787013e-02
-2.055377e-02
-7.287913e-03
-2.328073e-02
-2.802176e-02
-2.878367e-03
1.449938e-02
-5.033290e-03
1.764825e-02
1.587118e-02
2.123640e-02
-3.102603e-02
-1.466361e-02
2.220492e-02
2.622532e-02
-1.407828e-02
1.359122e-02
5.692660e-02
2.981645e-02
4.525704e-02
4.080273e-02
2.197018e-02
-4.633771e-02
-2.064306e-03
-3.422099e-03
-6.860568e-03
-3.418516e-02
-4.213995e-02
-7.203213e-03
-1.081873e-02
-8.009714e-03
-2.244757e-02
2.800088e-02
-1.748978e-02
1.243283e-03
-6.521364e-03
2.849031e-02
1.720282e-02
5.719823e-02
-1.300166e-04
-1.703879e-02
-5.881005e-03
1.655758e-02
-7.503595e-03
-9.729587e-03
1.184398e-02
-2.659716e-02
-1.312056e-02
-4.368689e-03
-5.660477e-03
-4.041856e-03
1.994126e-02
-5.203525e-02
1.262453e-02
1.431843e-02
-1.230742e-02
-2.852377e-03
2.141304e-02
-5.233286e-03
8.681808e-03
2.537436e-02
-1.733852e-02
-2.213202e-02
2.807546e-02
-2.026937e-02
-7.014302e-03
1.284200e-02
-1.867693e-02
4.531839e-03
-7.733200e-03
-5.860413e-02
6.003990e-03
3.627831e-03
1.775914e-02
-4.083710e-02
-7.729176e-03
-1.129904e-02
6.774467e-02
2.853554e-02
4.508413e-02
1.041355e-02
1.190309e-02
-5.197301e-06
1.253916e-02
-5.603742e-03
-9.554715e-03
-1.578552e-02
-3.224008e-02
1.624365e-02
-3.117955e-02
2.619508e-02
1.746407e-04
9.265671e-03
1.188518e-02
-1.118453e-02
1.645780e-02
1.986342e-03
3.642861e-02
4.701293e-02
-2.104738e-03
1.865691e-02
2.994506e-02
5.291014e-02
-3.045740e-03
1.253171e-02
2.034544e-02
2.683596e-02
9.459731e-03
6.813169e-02
3.752230e-02
2.217480e-02
2.124729e-02
9.527268e-03
3.097480e-02
2.582799e-02
-2.786713e-03
-2.304183e-02
2.279816e-02
9.340928e-03
4.899773e-03
5.492482e-03
-1.076567e-03
2.880729e-02
2.998058e-02
5.088524e-04
5.916761e-03
1.336355e-02
-4.141956e-03
5.939297e-03
1.437121e-02
-3.196396e-02
-8.113433e-03
-1.683107e-03
4.034635e-02
1.513018e-02
-1.350827e-02
-1.728445e-02
5.401984e-03
-5.788900e-03
1.515264e-02
-3.060158e-03
-1.331925e-02
-3.087128e-02
-2.556076e-02
8.646725e-03
1.904599e-02
-5.735396e-02
4.547923e-03
9.428794e-03
-2.249570e-03
-2.789672e-03
2.038919e-02
-1.111945e-02
1.036319e-02
-1.577511e-02
-2.095000e-02
-3.400358e-02
2.526168e-02
6.779244e-02
4.785080e-03
-1.498705e-02
4.535381e-02
3.354358e-02
2.152977e-02
-1.774210e-02
-1.404324e-02
3.654046e-03
5.571008e-03
1.688358e-02
3.869399e-03
2.690445e-02
9.222695e-03
4.541669e-03
-2.604126e-02
-3.122743e-02
-3.377793e-02
3.001604e-02
3.004744e-02
1.206890e-02
3.218522e-02
4.605279e-03
4.284309e-02
6.030245e-02
4.130860e-02
7.939675e-03
2.155004e-02
3.352164e-03
-3.258846e-02
-8.116746e-03
-6.025232e-03
-5.063066e-02
-4.187728e-02
-2.064504e-02
-1.969891e-02
5.185065e-03
-2.010781e-02
-2.918842e-02
-6.997264e-03
-8.812454e-03
-1.135998e-02
8.286346e-03
1.608624e-02
-6.197479e-03
-2.237771e-02
2.294338e-02
-6.104134e-02
-8.880839e-02
-6.622911e-03
-2.175727e-02
-5.751877e-02
-1.127673e-02
-7.764567e-03
-7.210408e-04
3.035219e-02
-1.341536e-02
2.031432e-03
3.045479e-03
1.881957e-02
6.517412e-03
8.898003e-03
8.403765e-03
2.342584e-02
2.626592e-02
1.788961e-02
-6.021641e-03
2.895001e-04
-3.175782e-02
-1.655557e-02
-1.152821e-02
1.385336e-02
-1.938847e-02
-1.325754e-02
-9.256772e-03
1.781657e-02
4.316508e-03
1.211417e-02
-2.344126e-02
-4.489659e-02
2.416640e-02
-1.004214e-02
-2.248456e-02
5.183365e-02
1.156957e-02
1.433509e-02
7.275201e-03
1.894154e-02
-4.697306e-03
1.336131e-02
2.184907e-02
2.109857e-02
-8.244144e-03
-6.074545e-03
2.139321e-02
1.552583e-02
-3.161127e-02
-3.054149e-02
5.600567e-03
3.144615e-03
-7.527601e-03
5.648752e-03
3.136952e-03
-2.672442e-02
2.946515e-02
3.163388e-02
1.329005e-02
-9.236665e-03
2.256265e-02
2.551864e-02
-1.498867e-02
-1.859071e-02
7.988733e-03
-1.279632e-02
-4.200273e-02
3.563453e-03
-1.125324e-02
-2.043918e-02
-3.186017e-02
5.681195e-03
5.653294e-03
-1.560293e-02
-4.256968e-03
2.135425e-02
-1.463784e-02
-8.800486e-03
5.932963e-03
-2.846437e-03
-2.617493e-02
4.151578e-03
2.751446e-02
1.480245e-02
-9.276967e-03
5.325250e-02
-1.913097e-02
-1.911039e-02
3.461585e-02
8.263496e-03
4.096419e-02
2.007170e-02
5.012983e-02
2.978976e-02
-2.172787e-03
-8.719581e-03
-6.186864e-03
2.752561e-02
-1.407261e-02
-5.684769e-03
-4.023045e-03
-3.286685e-03
-6.334274e-03
-5.094315e-03
9.650951e-04
-4.376951e-02
-1.270663e-02
2.248298e-02
-3.754620e-02
-1.192069e-02
1.172260e-02
-1.869603e-02
1.419483e-02
-3.835565e-02
-7.886339e-03
1.374649e-02
4.766277e-02
-1.120200e-03
4.133250e-02
2.547427e-02
2.884160e-02
1.432382e-02
-2.812865e-02
-1.514456e-02
1.914189e-02
-7.599426e-03
6.896985e-03
2.517149e-04
-3.098154e-03
-1.146303e-02
-4.761625e-02
-6.489493e-03
-1.850732e-02
-2.060086e-02
2.114223e-02
1.093582e-02
-1.299522e-02
-1.012959e-02
-1.433185e-04
2.892028e-02
-1.826604e-02
-2.580347e-02
-8.212943e-03
-2.390672e-02
-4.783905e-02
-1.633918e-02
-3.763175e-02
-6.067391e-02
-1.016132e-02
5.450004e-02
8.625575e-03
1.190022e-02
5.442858e-02
1.217941e-02
3.923920e-03
1.883263e-02
9.416726e-03
3.745417e-02
-2.196183e-02
4.927753e-02
4.412748e-02
2.626461e-02
1.642641e-02
1.171879e-02
2.628741e-02
9.193761e-03
4.125029e-02
-5.888355e-03
-6.349275e-03
6.707651e-04
-1.469027e-03
-1.684852e-02
-2.001098e-02
2.201539e-02
-3.023328e-02
-1.177226e-02
-3.688047e-02
-2.191480e-02
-3.558132e-02
-2.026554e-02
-8.191924e-03
-1.712588e-02
1.341549e-03
1.248308e-02
-5.295772e-03
3.751780e-03
-1.963928e-02
-2.575680e-02
-2.037843e-03
1.673095e-03
2.505543e-02
-1.151577e-02
-2.006437e-02
1.636443e-03
-6.632735e-05
-7.831337e-03
2.311508e-02
-4.080703e-03
1.125960e-02
1.302796e-02
1.460678e-02
-2.322252e-03
1.036756e-02
-8.858507e-03
-2.031479e-02
-2.995778e-02
8.194862e-03
-2.034179e-02
-1.912077e-02
1.851599e-02
3.914426e-02
2.147750e-02
9.114290e-03
5.927247e-03
1.607077e-02
-1.144287e-02
-6.261763e-03
2.100993e-02
2.182751e-02
-1.179710e-02
-1.101578e-02
-2.418237e-04
1.125806e-03
1.301316e-02
2.217695e-02
1.376334e-02
-3.005344e-03
4.488731e-02
2.536962e-02
2.255595e-02
-4.784850e-02
-1.056986e-02
-7.801184e-03
-1.376427e-02
-3.527542e-02
-1.460939e-02
1.660443e-03
4.985875e-02
1.383172e-02
4.466671e-03
1.007394e-02
9.176641e-03
-2.382048e-02
-2.103311e-02
-3.348468e-02
-5.222699e-02
-2.721020e-02
-1.547328e-02
-2.679028e-02
1.430517e-02
1.846369e-02
-1.963498e-03
-2.109953e-02
1.507081e-02
-1.663255e-02
5.735096e-03
2.496282e-02
2.544374e-02
-7.194268e-03
-2.468771e-02
3.286486e-03
1.675698e-03
-4.266289e-02
1.738934e-02
6.146408e-03
-2.228695e-03
-1.633322e-02
-3.567604e-02
-1.223228e-02
-2.574626e-02
-2.844441e-02
-1.830848e-02
1.941192e-04
-2.561435e-02
2.848940e-02
-1.048553e-02
1.846257e-02
2.324314e-02
-3.434496e-02
-4.150923e-02
2.047254e-02
3.759746e-02
-7.735029e-03
1.416690e-02
-1.441354e-03
1.325898e-02
4.566860e-02
-7.194251e-03
1.542335e-02
-4.436334e-03
-5.169569e-03
-3.570466e-02
1.174964e-02
-1.927197e-03
-8.220220e-03
-3.296866e-02
4.693931e-03
2.118153e-02
1.013781e-02
-3.513163e-02
-6.009652e-03
-1.814786e-02
-2.412190e-02
6.121972e-03
8.473250e-03
6.632458e-03
1.980341e-02
5.855345e-03
-7.344788e-03
2.827956e-02
7.605171e-03
-1.364251e-03
-1.915628e-02
-5.998115e-03
2.048994e-03
-4.183127e-03
-1.511040e-03
2.961754e-02
-1.154319e-02
8.458819e-03
1.687582e-02
-2.104612e-02
3.125433e-03
1.613313e-02
-4.475191e-02
-1.282473e-03
5.245994e-02
1.823983e-02
-2.933776e-02
1.445087e-02
1.604540e-02
3.388335e-02
1.464956e-02
5.752352e-03
1.655087e-03
4.033932e-02
9.044751e-03
3.645341e-02
-5.516037e-03
7.256033e-03
-9.438875e-03
-1.244847e-02
-1.774248e-02
-1.764831e-03
-3.072019e-02
-1.265945e-02
1.619409e-02
6.018148e-02
4.433630e-02
2.668743e-02
2.963858e-02
1.913312e-02
-1.524222e-02
-1.232987e-02
2.676029e-02
-1.732343e-02
1.312665e-02
4.814859e-02
2.868851e-02
1.131905e-02
2.445076e-02
1.310704e-02
1.510611e-02
2.429258e-02
1.730952e-02
-1.196463e-02
-1.113429e-02
-3.006795e-02
-1.059608e-02
-3.333617e-02
-2.526997e-02
-6.669686e-02
-2.100865e-02
-4.065102e-02
-5.619365e-02
6.477540e-03
-7.516616e-03
-1.918856e-02
-2.764614e-02
-1.963735e-02
7.419678e-03
-1.887404e-02
-1.253629e-02
3.882742e-03
-3.833446e-03
-1.624107e-02
-1.413534e-02
3.184075e-03
-3.003670e-03
-7.419272e-03
-1.348575e-02
-6.271112e-03
9.794213e-03
1.445493e-02
1.170084e-02
-1.948746e-02
9.378059e-03
1.341764e-03
7.331734e-03
-2.546746e-02
-1.488379e-02
-3.417067e-02
1.474275e-03
1.924487e-02
1.290691e-02
2.188878e-02
7.376358e-03
2.265858e-02
3.031965e-02
-2.903805e-03
-6.297680e-02
-2.014038e-02
1.456413e-02
-1.112135e-02
-1.608355e-02
-1.096808e-02
1.995070e-02
6.768894e-02
1.692406e-02
-4.498367e-02
-2.465056e-02
-3.342284e-02
2.277398e-02
4.380982e-02
2.607378e-02
7.890715e-03
-1.670967e-02
-2.445892e-02
6.843227e-03
6.921647e-03
4.222706e-02
5.595849e-03
-4.791474e-03
4.452305e-03
1.449148e-02
7.526606e-03
5.273489e-03
-9.705488e-03
-2.631373e-02
-1.361613e-02
-2.168443e-02
8.523525e-03
-1.273436e-02
-2.023634e-02
-2.556563e-02
3.666773e-03
-1.933911e-03
-7.965149e-03
-1.709247e-02
2.083746e-03
-3.633911e-02
-2.366399e-02
-2.638758e-02
-1.050934e-02
1.304330e-02
5.647016e-04
-9.422859e-03
2.603362e-03
2.700674e-02
1.854756e-02
2.566182e-02
-1.914753e-02
-1.198494e-03
-3.165923e-02
4.816884e-03
-2.747028e-03
-5.172186e-03
4.165136e-02
3.355699e-02
1.020740e-02
2.716243e-02
1.623866e-02
-8.749837e-03
1.192837e-02
8.001580e-03
3.423584e-02
-8.890205e-03
2.122368e-02
1.929357e-02
-1.676802e-02
-3.894546e-02
-1.293968e-02
1.129000e-02
2.513169e-02
4.584043e-02
-3.646717e-03
1.796664e-02
1.194465e-02
2.265963e-02
6.419749e-03
2.502742e-02
2.482961e-02
5.882135e-03
1.332015e-02
-1.255735e-02
1.011663e-03
2.628155e-02
-6.608733e-03
-2.542139e-02
-1.690295e-03
5.235379e-03
-1.469194e-02
-3.163983e-02
6.322833e-03
-2.407233e-03
-5.306718e-03
-1.687102e-02
-6.773537e-03
-2.249571e-02
1.025615e-02
5.169975e-03
-2.538425e-03
-2.998584e-02
-7.787181e-03
-1.427233e-02
-3.454667e-02
-3.592357e-02
-1.685753e-02
-3.729666e-02
1.196896e-02
1.823729e-04
-4.363005e-03
-6.993158e-03
-1.275970e-02
-2.662085e-02
-1.818487e-02
-5.050936e-02
1.187484e-02
-8.504996e-03
2.418203e-02
1.993127e-02
-1.493117e-02
-2.186906e-02
2.003430e-02
3.328608e-02
2.508350e-02
-8.830231e-03
1.281868e-02
3.098978e-03
-2.416803e-02
-5.269547e-03
-3.684571e-02
-4.500410e-02
-9.490673e-03
-2.582294e-02
1.448234e-02
1.112461e-02
-2.187603e-03
4.313864e-03
1.374621e-02
7.534633e-03
3.184797e-02
-4.668885e-02
1.040346e-02
-1.473862e-02
-2.972061e-02
-2.672281e-02
-9.750853e-03
-4.139449e-03
-1.762389e-02
-4.834304e-02
-5.268234e-02
-5.166744e-02
-6.753096e-03
3.420807e-03
3.375927e-02
-6.614186e-03
2.265790e-04
-3.291801e-02
-1.620510e-02
-3.126603e-02
-2.089445e-02
2.965391e-02
-2.080547e-02
-2.406068e-02
1.181410e-03
-4.570224e-02
-3.478923e-02
4.722268e-03
-1.357041e-02
-1.195884e-02
-1.158807e-02
-1.373665e-02
-2.034975e-02
-3.057306e-02
-2.605276e-02
-1.985029e-02
-2.845725e-02
-1.174706e-02
-2.090679e-02
-1.886539e-02
-1.557330e-02
-1.665048e-02
9.177709e-04
-1.908632e-03
-3.519246e-02
3.587419e-03
-6.661003e-03
-1.139952e-03
2.500547e-02
-4.561967e-02
-4.351187e-03
1.895813e-02
-2.954870e-03
-3.091782e-02
3.036324e-02
7.909859e-03
-3.213551e-02
2.489518e-04
1.580552e-02
-3.099691e-03
1.084959e-03
3.693000e-02
5.155166e-03
1.532761e-02
1.011010e-02
1.841976e-03
-7.444762e-03
-6.311316e-03
-1.561681e-02
-2.152122e-02
-2.722326e-02
-2.645814e-02
3.157346e-03
8.674410e-03
-8.195438e-03
2.319804e-02
-3.621826e-03
-1.513969e-02
2.365439e-03
3.256178e-02
2.599972e-02
-2.614704e-02
-2.031102e-02
-2.312594e-02
-3.591948e-02
1.370600e-04
-2.370005e-02
-8.078967e-03
1.598123e-02
-1.534352e-02
1.535754e-02
-2.160962e-02
1.189251e-02
2.326345e-02
2.035208e-02
-7.521136e-03
9.424975e-04
6.913730e-03
3.403208e-02
-1.568701e-02
-1.717349e-03
1.614626e-02
-1.437299e-02
-1.315808e-02
-3.379631e-02
1.860682e-02
1.186968e-03
-9.922246e-03
9.706010e-03
-2.595301e-02
-1.911655e-03
-3.332680e-02
-1.135319e-02
1.504456e-02
-1.858292e-02
2.744749e-02
1.142527e-02
-1.464598e-02
3.581611e-02
2.250675e-03
1.169511e-02
4.274410e-02
3.943019e-02
3.644699e-02
5.190327e-02
1.753392e-03
1.253826e-02
2.307607e-02
-2.243631e-02
1.780260e-02
-2.908579e-03
2.415389e-02
1.573484e-02
-3.512560e-03
1.579163e-02
-7.041727e-04
1.532907e-02
-2.822008e-03
6.862572e-04
1.824544e-02
2.295741e-02
1.077578e-02
-4.433912e-03
-1.146652e-03
1.594883e-02
-1.165862e-02
-1.297711e-02
-1.226455e-02
-3.044832e-02
-2.154127e-02
-2.307788e-02
-5.398829e-03
-2.775881e-02
-4.533345e-02
-3.712444e-03
-1.872197e-02
2.468963e-02
-1.347175e-02
-1.397512e-02
-1.869293e-02
-3.222165e-02
1.334903e-02
-3.752085e-02
-2.832055e-02
-2.427229e-02
-2.415622e-02
3.407715e-03
3.784901e-03
-4.486337e-02
2.806211e-04
2.379423e-02
1.093823e-02
-8.444361e-03
1.451770e-02
-1.950331e-02
-3.392902e-02
-2.832478e-02
-3.101882e-02
-4.089349e-02
-2.427735e-02
-1.097358e-02
-2.836785e-02
-5.259191e-02
-2.275058e-03
1.274860e-02
1.482354e-02
4.483407e-03
3.086635e-02
-3.193343e-03
5.636756e-03
3.058874e-02
2.398728e-03
-1.210210e-02
-1.984846e-02
-9.489162e-03
2.355138e-03
-2.898323e-02
-7.576554e-03
4.191743e-03
-2.050771e-02
4.359427e-02
5.719318e-03
8.315727e-03
1.662174e-02
1.584054e-02
1.040731e-02
4.243456e-02
1.902456e-02
-8.705987e-03
1.569013e-02
-8.144801e-04
2.271005e-02
3.558195e-03
1.932904e-02
-8.105036e-03
5.075527e-03
1.329155e-02
1.930116e-03
2.354548e-02
-1.674498e-02
-2.233595e-02
-1.933564e-02
1.175441e-03
-2.166703e-02
1.047377e-02
8.482968e-03
-5.426480e-03
2.608425e-02
-1.252007e-02
2.139466e-02
3.733115e-02
-1.483554e-02
-2.692748e-02
-7.988946e-04
-8.141022e-03
-1.946527e-02
-1.238243e-02
-2.436462e-02
1.110589e-02
2.737477e-02
2.827921e-02
2.531879e-02
-1.449315e-02
1.509197e-02
-6.128557e-03
-4.311852e-02
2.147472e-02
8.471373e-03
1.574780e-02
-1.393624e-02
-1.509329e-02
1.115180e-02
-1.490842e-02
-2.578798e-02
6.330648e-03
-1.185278e-02
1.123149e-02
-7.761009e-03
3.386216e-03
1.909015e-02
2.358525e-02
1.424137e-02
3.666114e-02
6.657194e-03
-2.199715e-02
-4.494390e-04
-2.163111e-02
6.007570e-03
-2.061479e-02
-4.451175e-02
2.080399e-02
-3.503069e-02
-2.159766e-02
-1.792025e-02
3.626147e-03
-2.301960e-02
5.395035e-03
-6.046883e-03
9.290072e-04
-2.779756e-02
-2.882249e-02
-1.108736e-02
7.165044e-03
-2.269441e-02
-4.309659e-02
2.309728e-02
-8.729574e-03
-1.851767e-02
-1.776955e-02
-1.729441e-02
-1.707467e-02
-9.136933e-03
1.137671e-02
3.720281e-03
-1.591189e-02
-1.935142e-02
6.669040e-03
-1.170107e-02
6.196216e-04
8.723536e-03
2.631764e-02
2.725058e-02
-6.638485e-03
-2.444129e-04
4.608041e-02
-1.073120e-02
-4.549266e-03
1.667388e-02
5.215693e-02
2.339859e-02
3.404793e-02
4.534525e-03
1.988232e-02
1.669539e-02
5.057695e-03
-1.344933e-02
1.913146e-02
-1.543086e-02
-3.012563e-02
-2.965082e-02
-5.127462e-02
-2.000633e-02
-1.773498e-02
-3.479124e-03
2.160937e-03
-3.520090e-02
-4.256248e-02
3.927325e-03
2.817981e-02
2.419221e-02
1.822078e-02
-1.693164e-03
-2.360729e-02
9.189372e-03
1.657334e-02
3.627571e-03
3.094307e-03
-1.602047e-03
2.678924e-02
3.826845e-03
1.192343e-02
1.011195e-02
-8.226689e-03
-1.099862e-02
3.208981e-02
2.180893e-02
7.863886e-03
1.445254e-03
2.168268e-02
1.954040e-02
1.699493e-02
-1.997419e-02
7.946893e-03
3.903699e-02
-3.980890e-03
-2.607208e-02
-1.072810e-02
6.532453e-03
-1.143252e-02
-2.802848e-02
2.784147e-03
-1.858484e-02
-1.698634e-02
7.549171e-03
-9.525945e-03
-1.252634e-02
1.422112e-02
3.719179e-02
9.356480e-03
-1.040510e-02
2.150453e-02
2.875495e-02
-1.606955e-02
1.593986e-02
1.117980e-02
3.732540e-02
-6.567605e-04
9.102499e-03
1.557698e-02
5.643047e-02
4.403251e-03
-2.510631e-02
1.244343e-02
-2.954422e-03
-5.655589e-03
1.136382e-02
1.360605e-02
1.018346e-02
9.320397e-03
1.883276e-02
-3.939516e-04
4.595263e-03
3.860154e-03
7.676204e-03
4.378634e-03
5.808644e-03
2.395544e-02
2.653823e-02
2.714616e-02
1.497653e-02
1.225496e-02
-2.073766e-02
-2.857950e-02
-2.760381e-02
-3.081948e-02
-5.640642e-02
-2.866344e-02
-2.418486e-02
8.845329e-03
2.750501e-02
1.984587e-02
1.626791e-03
2.334542e-02
5.030758e-02
4.918152e-03
1.122898e-02
7.034290e-03
-3.625785e-04
-6.841329e-03
-4.490492e-02
-2.413160e-02
-2.233295e-02
-2.296075e-02
-6.279915e-02
-4.430372e-02
-4.084906e-02
1.519348e-02
1.003485e-02
-2.046898e-03
-7.539816e-03
-4.169226e-02
-2.272498e-02
2.048313e-02
3.261214e-02
1.830297e-02
-2.257948e-02
-2.928789e-03
-7.867874e-04
-1.159668e-02
-1.588129e-02
-7.233590e-03
1.352759e-02
8.586392e-03
-1.662949e-02
-8.331269e-03
-2.181022e-02
-5.493398e-03
-7.047116e-03
-2.387485e-02
-4.821001e-03
-3.661166e-03
7.085211e-03
6.722906e-03
-2.471030e-02
-2.729210e-02
2.607860e-02
1.388691e-02
2.237661e-02
8.421919e-03
-5.493986e-03
2.110241e-03
4.031730e-03
-2.262193e-02
3.944837e-03
-1.207658e-02
1.589069e-02
2.659027e-02
2.832879e-02
3.607985e-02
9.551689e-03
1.718553e-02
3.605301e-03
-1.257537e-02
-8.181421e-03
-1.524227e-02
-6.716755e-02
-6.750552e-02
4.236594e-03
3.803161e-04
-1.317253e-02
-1.178079e-02
-6.750075e-03
3.216488e-02
2.151562e-02
2.305460e-02
3.075262e-02
6.038162e-03
2.150934e-02
-8.346928e-03
3.166395e-02
-4.411720e-03
6.283119e-03
1.056850e-02
2.848139e-02
1.399617e-02
6.206981e-03
1.386500e-02
2.429593e-02
-3.159694e-02
-3.631022e-03
-2.603511e-02
4.156313e-05
9.085543e-03
-4.037526e-03
3.389424e-02
1.975120e-02
-6.464999e-03
-2.648369e-02
-5.388788e-03
1.058805e-02
2.529356e-02
3.866259e-03
3.437545e-02
-9.402336e-04
9.156853e-04
4.143254e-03
2.799614e-02
2.866297e-02
9.905552e-03
2.848271e-02
3.994966e-02
3.999230e-02
-2.245575e-03
1.078055e-02
1.693155e-02
-1.072116e-03
-1.843371e-02
-2.234125e-02
-4.818932e-02
-1.996994e-02
-4.265115e-03
-2.617354e-02
-1.970271e-02
-2.717985e-03
-3.865161e-02
-8.612133e-03
9.268500e-03
-1.631720e-02
-3.348508e-03
2.144873e-03
-1.047616e-02
2.353254e-02
2.585004e-02
-2.136983e-02
-1.686498e-02
-3.675750e-02
-2.946949e-02
-2.493631e-02
-1.696615e-03
-2.993913e-02
-9.691705e-03
3.225870e-02
1.371909e-02
3.666491e-02
-3.601824e-03
3.391035e-02
-1.144037e-02
-2.330279e-02
4.894696e-03
-2.554931e-02
-6.374960e-04
6.839708e-03
-1.218330e-02
-1.354843e-02
3.362859e-02
-1.891799e-02
1.848795e-02
3.134105e-02
-1.077927e-03
2.549123e-02
3.243283e-02
1.212333e-02
7.858781e-03
2.187471e-02
1.554260e-02
1.183611e-02
-1.669921e-03
2.941757e-03
-4.305759e-03
-1.751081e-02
-1.665183e-03
2.328291e-02
1.767197e-02
6.338153e-03
-2.166355e-03
-3.224161e-02
-3.485711e-02
-1.028026e-02
1.341610e-02
4.363414e-02
1.978561e-02
-1.652105e-02
-1.018759e-02
-3.134873e-02
-2.748334e-02
-2.013662e-03
-2.167334e-02
9.077918e-03
-3.650808e-02
-2.404081e-02
-6.437071e-03
-3.200632e-02
1.373429e-02
2.924137e-02
1.011265e-02
3.225587e-04
4.948254e-02
-1.986885e-03
1.613823e-04
1.702032e-02
-5.124274e-03
7.572179e-03
-4.643823e-03
1.951786e-02
2.755938e-02
-3.590288e-02
-7.818125e-03
-3.523162e-02
-1.795824e-02
-1.549351e-02
-1.365025e-03
8.263183e-03
3.155858e-06
8.754456e-03
-4.625969e-02
-6.023735e-02
9.666115e-03
-4.604862e-02
-4.865003e-02
4.063304e-03
-1.519138e-02
-2.116888e-04
6.149169e-03
-2.209818e-02
2.241090e-03
2.184222e-02
-1.097584e-02
1.414600e-02
2.919198e-02
1.366035e-02
1.996855e-02
1.640523e-02
4.041747e-02
1.672188e-02
2.930717e-02
1.007281e-02
-3.511874e-02
1.166868e-02
5.133168e-03
-2.348763e-02
3.239319e-03
-9.452836e-03
-2.758864e-02
-1.371747e-02
-4.395544e-02
8.672600e-03
5.968613e-03
8.876859e-03
1.635904e-02
-2.746282e-03
1.145751e-02
2.614767e-02
1.879986e-02
-2.678115e-03
4.439785e-02
1.657685e-02
3.110592e-03
-1.783084e-02
1.837831e-02
9.683683e-03
-1.738471e-03
2.697629e-02
2.624452e-03
6.545661e-03
3.595993e-03
-2.930475e-02
-8.549228e-03
-7.574866e-03
-9.377782e-03
-4.050097e-02
-6.007455e-03
-3.210749e-02
-3.259982e-02
-2.694642e-02
-2.604939e-02
-2.520696e-02
-2.090616e-02
-1.536760e-03
-1.090851e-02
-3.963953e-02
-2.434093e-02
-3.957079e-02
-6.685981e-03
-1.998759e-02
-2.681730e-02
-3.443907e-03
5.655678e-03
4.007804e-02
9.836781e-03
1.328086e-04
4.388537e-02
4.129788e-02
-5.820472e-03
-2.854352e-02
4.012346e-02
6.039996e-03
-5.377278e-03
1.420325e-02
4.103197e-02
-2.458692e-02
-2.237154e-02
2.158777e-02
-4.312264e-02
-5.141329e-02
-1.740636e-02
1.903937e-02
4.014422e-02
3.845453e-02
1.707669e-02
2.463308e-02
1.942310e-02
5.177457e-03
3.257575e-02
-4.296999e-02
-2.921940e-02
-2.510524e-02
4.577609e-03
-1.295370e-02
-1.501573e-02
-2.057472e-02
1.475260e-02
2.037506e-02
1.482407e-02
4.204131e-03
-4.899735e-02
7.769216e-03
-4.999875e-04
1.697594e-03
-1.435030e-02
-3.444172e-02
-1.233216e-02
-1.789488e-02
4.139493e-03
2.952647e-02
-1.978326e-02
-1.351648e-02
-3.864364e-02
-1.090422e-02
3.535524e-03
2.416792e-02
2.755675e-02
3.348225e-02
5.709307e-03
4.090311e-02
3.946774e-02
2.135076e-02
3.099188e-03
1.147238e-02
2.431338e-02
-5.939385e-03
1.133090e-02
-2.634520e-02
-2.371268e-02
5.501834e-02
-4.372797e-03
7.725770e-03
6.641456e-03
1.298248e-03
2.267509e-02
2.798054e-02
3.081494e-02
-1.060057e-02
-7.493633e-03
1.018270e-02
-2.891877e-02
-9.233753e-04
-1.617734e-02
4.101200e-02
-1.611228e-03
1.148976e-03
4.745331e-02
-2.509531e-03
1.033619e-02
1.130652e-02
3.635512e-02
-1.424826e-02
2.483558e-02
-8.456135e-03
3.445098e-02
4.921151e-02
-1.304350e-02
8.944801e-03
9.761969e-03
2.875987e-04
7.856383e-03
6.258424e-03
-1.772629e-02
1.967717e-02
-7.537938e-03
-2.260873e-02
-1.993462e-02
9.989103e-03
-1.726464e-02
-2.379803e-02
-3.184561e-02
-3.525274e-02
5.396229e-03
-3.624085e-02
-3.045026e-02
3.044834e-02
1.002265e-02
1.184260e-02
2.593758e-02
1.054229e-02
-6.939064e-03
3.033334e-02
2.829721e-02
2.651078e-03
2.763082e-02
1.448516e-02
2.842967e-03
9.829340e-03
-4.725735e-03
2.741054e-02
-1.990414e-02
3.374736e-02
5.191240e-03
1.305715e-02
2.394715e-02
-2.411664e-02
1.036654e-02
-7.331436e-03
1.431145e-02
-5.296566e-03
-1.135145e-02
-3.927165e-03
-1.036573e-02
-1.244624e-02
-1.257401e-02
-2.484519e-02
1.874737e-02
4.727506e-02
3.343655e-02
4.000687e-02
4.646314e-02
-4.554893e-03
1.984555e-02
1.226100e-02
3.954778e-02
-2.378612e-02
2.886495e-02
1.100008e-03
1.532844e-03
-5.461488e-03
-1.273523e-02
-2.208858e-03
-2.909236e-02
1.883286e-02
-3.084149e-03
-1.429657e-02
-3.190542e-03
-2.735948e-02
-3.794364e-02
-4.239811e-02
-2.676405e-02
-5.082997e-02
-3.767099e-02
-1.613031e-02
-2.868590e-02
2.517892e-02
-2.763165e-02
4.404111e-03
-1.987421e-02
-2.321141e-02
-2.482114e-02
-1.999855e-02
2.092262e-02
-2.873687e-02
1.623741e-02
-2.074294e-02
-2.478427e-02
1.671672e-03
-3.721917e-02
-3.195289e-02
-3.210735e-02
1.747721e-02
1.615132e-02
3.361611e-03
-9.306029e-03
2.156693e-02
1.755867e-02
-3.928952e-02
6.599755e-03
-1.607882e-02
-9.304226e-03
-4.488357e-02
2.228465e-02
-2.986628e-02
-2.628773e-02
-1.243127e-02
-6.470190e-02
1.578785e-03
-1.443952e-02
1.429899e-02
-5.473286e-03
-1.759725e-02
1.341520e-02
2.535060e-02
1.460577e-02
1.179996e-02
1.403330e-02
2.236460e-02
6.158579e-02
-3.786356e-03
1.837130e-02
1.654254e-02
-2.171675e-03
4.161369e-02
-2.641326e-03
2.454721e-02
2.408760e-02
-5.311559e-03
-3.012300e-04
1.922150e-02
-3.863102e-03
-1.804967e-02
-9.322553e-03
5.413839e-03
3.312290e-03
-2.436486e-02
-1.593509e-02
3.000530e-02
-8.818870e-03
-8.390473e-03
-2.406255e-02
5.699470e-03
1.459020e-02
-1.741080e-02
1.416379e-02
4.625989e-03
4.399702e-03
5.042393e-02
1.627083e-02
1.339875e-02
3.117960e-02
2.604061e-02
-1.224479e-02
4.125042e-02
-3.246684e-02
-3.058475e-02
-1.985870e-02
-1.322289e-02
-2.762017e-02
1.703963e-02
1.157755e-02
-3.329072e-02
-2.556656e-03
4.378366e-02
1.567826e-02
5.668174e-02
-2.195954e-02
1.498051e-02
1.261015e-02
2.556186e-02
1.487815e-02
3.546519e-03
