6.413233e-03
8.424223e-03
9.102781e-03
9.186832e-03
6.065842e-03
1.031767e-02
7.640216e-03
6.517744e-03
9.689751e-03
8.799721e-03
5.889972e-03
6.438889e-03
1.183935e-02
1.076961e-02
6.990983e-03
7.454271e-03
8.861484e-03
7.655798e-03
6.847546e-03
6.195420e-03
7.095935e-03
7.755613e-03
9.729812e-03
8.051595e-03
1.083662e-02
7.211206e-03
1.079599e-02
7.631919e-03
1.068164e-02
7.589952e-03
8.454503e-03
7.566145e-03
6.533501e-03
9.679778e-03
9.050136e-03
7.484358e-03
9.595059e-03
1.192424e-02
8.248890e-03
8.267249e-03
8.319047e-03
8.088143e-03
9.942599e-03
8.089373e-03
1.152911e-02
1.282765e-02
6.522750e-03
5.041666e-03
6.126207e-03
6.796550e-03
8.798502e-03
6.086985e-03
7.532221e-03
7.320182e-03
9.198690e-03
1.319849e-02
9.141018e-03
7.893689e-03
1.012882e-02
8.610203e-03
5.934473e-03
8.054007e-03
1.035783e-02
6.358575e-03
