2.340589e-01
2.388880e-01
2.782404e-01
2.497365e-01
2.156674e-01
2.364358e-01
2.514231e-01
2.434497e-01
2.252443e-01
2.289505e-01
2.976509e-01
2.875626e-01
2.214466e-01
1.986916e-01
2.199783e-01
2.467097e-01
2.582575e-01
2.952086e-01
2.650994e-01
3.025476e-01
2.100375e-01
2.317387e-01
3.127686e-01
2.788911e-01
2.572639e-01
2.867987e-01
2.871907e-01
2.530862e-01
2.935000e-01
3.513206e-01
3.080603e-01
3.174156e-01
2.340414e-01
2.207651e-01
3.109537e-01
2.826907e-01
2.595012e-01
2.233860e-01
3.341437e-01
2.716655e-01
2.718630e-01
2.545075e-01
2.822095e-01
2.843230e-01
2.238614e-01
2.450991e-01
2.767633e-01
2.949263e-01
2.446604e-01
2.342480e-01
2.402025e-01
3.178516e-01
2.574408e-01
2.274429e-01
2.336278e-01
2.753147e-01
2.681864e-01
2.768731e-01
2.312236e-01
2.541729e-01
2.089050e-01
2.155635e-01
2.127233e-01
2.490742e-01
