9.381126e-03
2.136034e-02
-1.896874e-03
-2.251015e-02
-6.977167e-03
-2.031462e-02
-7.716479e-03
-4.892934e-03
-2.899557e-02
7.928291e-03
-3.589491e-02
-1.977415e-02
6.496442e-03
-8.402948e-03
-1.357378e-02
-1.321049e-02
-2.495224e-02
-1.496091e-02
-1.467312e-02
-1.740238e-02
-4.881256e-03
2.282165e-03
-2.503424e-02
-1.106196e-02
-1.049014e-02
-1.759457e-02
-1.949658e-02
-8.960367e-03
-4.159294e-02
3.802385e-03
-1.551956e-02
-2.131872e-02
-1.875618e-02
-4.125458e-02
-2.252118e-02
-1.065840e-02
-1.242020e-03
-1.186086e-02
-1.730671e-02
1.486079e-02
-9.043751e-03
-1.302004e-02
-1.685770e-02
-8.830830e-04
1.674666e-02
5.037187e-03
-2.361395e-02
-2.990447e-03
-3.177084e-02
1.067108e-02
-2.854844e-04
2.227291e-02
-2.541611e-03
-2.079973e-02
-1.137254e-02
1.001689e-02
4.851139e-04
3.640066e-02
-5.967480e-03
-1.231123e-02
-5.809456e-03
-1.935933e-02
1.447192e-02
-1.206898e-02
