-6.844169e-03
9.727139e-03
-2.788397e-03
1.189862e-02
-8.042569e-03
1.590947e-02
1.009034e-02
9.080226e-03
-1.584744e-03
-1.237066e-02
-1.402825e-02
-2.084529e-03
1.167449e-02
6.752261e-03
-5.979121e-03
1.186283e-02
2.137126e-02
-6.944916e-03
7.691381e-03
2.345590e-02
-2.267463e-03
-6.255741e-03
1.554765e-03
-8.831136e-03
-1.683896e-02
5.429232e-03
-1.533096e-02
-1.129714e-02
-4.689823e-02
-7.626551e-03
-8.609165e-03
-9.738585e-03
3.666205e-03
-4.384915e-03
-2.014193e-02
-1.110803e-02
-2.240339e-03
1.109361e-02
2.203739e-02
5.612247e-03
-1.247365e-02
4.057278e-05
-8.807061e-03
-1.378062e-02
6.615066e-03
5.703731e-03
-2.148360e-02
-1.100651e-02
-1.439426e-02
4.446864e-03
-9.387730e-03
-4.864991e-03
-2.719198e-03
-1.604616e-02
-9.720150e-04
1.018321e-02
7.497855e-03
-2.834863e-03
-7.789175e-03
2.927585e-04
1.527327e-02
-8.281854e-03
-1.188006e-02
3.399020e-03
