1.905579e-01
1.970120e-01
2.122083e-01
1.855960e-01
2.045445e-01
2.221774e-01
2.118849e-01
1.847413e-01
2.032140e-01
2.110920e-01
2.306664e-01
2.111000e-01
2.040604e-01
2.004786e-01
1.944504e-01
1.960631e-01
2.076070e-01
2.043508e-01
2.064770e-01
2.181860e-01
1.870091e-01
1.950453e-01
2.519195e-01
2.198699e-01
2.128505e-01
1.916373e-01
2.114070e-01
2.018306e-01
1.934337e-01
1.850464e-01
2.127503e-01
2.121775e-01
1.974339e-01
1.949455e-01
2.089540e-01
2.249859e-01
2.056047e-01
1.815363e-01
2.116988e-01
1.995999e-01
1.740100e-01
1.843714e-01
1.661778e-01
1.881977e-01
2.084991e-01
2.295185e-01
1.867062e-01
1.857295e-01
2.006178e-01
2.155496e-01
2.076816e-01
2.051675e-01
1.834482e-01
1.801476e-01
2.070827e-01
2.201727e-01
2.094915e-01
2.136749e-01
2.179540e-01
1.815744e-01
1.930231e-01
1.867937e-01
1.904372e-01
1.953753e-01
