6.886697e-02
8.160946e-02
8.059442e-02
6.111852e-02
6.144267e-02
5.871524e-02
5.703625e-02
7.561135e-02
6.809334e-02
7.685462e-02
8.437101e-02
6.735083e-02
6.693412e-02
4.307330e-02
7.287940e-02
8.338302e-02
6.341344e-02
8.232138e-02
7.296956e-02
9.461654e-02
5.192048e-02
5.617143e-02
6.901706e-02
6.194804e-02
5.755061e-02
5.939676e-02
7.720106e-02
5.281062e-02
7.694829e-02
9.017782e-02
4.892587e-02
6.333246e-02
6.216757e-02
6.954505e-02
8.767699e-02
8.015218e-02
1.023099e-01
5.575878e-02
8.895911e-02
7.423563e-02
7.645112e-02
7.811573e-02
5.920517e-02
1.034442e-01
6.916694e-02
8.794552e-02
8.595802e-02
1.069196e-01
8.119012e-02
7.609960e-02
8.704118e-02
8.251468e-02
5.630806e-02
6.293847e-02
7.233931e-02
6.840812e-02
7.036503e-02
8.065910e-02
5.675875e-02
9.634484e-02
6.134096e-02
5.263738e-02
5.941455e-02
7.281315e-02
