-5.011684e-02
-4.983365e-02
-8.196733e-02
-7.500665e-02
-7.741175e-02
-6.111731e-02
-4.437156e-02
-6.429835e-02
-4.984277e-02
-5.579522e-02
-5.014414e-02
-5.464954e-02
-6.163271e-02
-6.179887e-02
-6.198287e-02
-5.862316e-02
-3.822981e-02
-4.497328e-02
-5.351597e-02
-6.811222e-02
-1.007912e-02
-6.041244e-02
-6.808949e-02
-4.042754e-02
-9.715156e-02
-5.733231e-02
-7.814732e-02
-4.253579e-02
-5.416721e-02
-5.987898e-02
-6.772050e-02
-4.101057e-02
-3.746186e-02
-5.774162e-02
-5.592662e-02
-3.297583e-02
-5.027863e-02
-4.427905e-02
-3.575588e-02
-3.171854e-02
-4.415503e-02
-2.691872e-02
-3.945534e-02
-4.422384e-02
-5.724021e-02
-7.681302e-02
-5.956396e-02
-4.048670e-02
-4.651726e-02
-3.786482e-02
-6.630754e-02
-7.028683e-02
-6.569028e-02
-6.678370e-02
-7.477184e-02
-5.234728e-02
-6.119794e-02
-8.873755e-02
-6.113378e-02
-7.941964e-02
-5.527611e-02
-4.589741e-02
-4.769253e-02
-4.925814e-02
