2.238663e-02
-5.661068e-02
2.046077e-02
-2.716843e-02
-2.715477e-02
-2.600742e-02
-3.602238e-02
-2.694541e-02
-1.933279e-03
-1.856903e-02
-1.851137e-02
-3.630682e-02
-3.997710e-02
-2.930984e-02
-4.009643e-02
-1.834326e-02
-2.276740e-02
-3.123073e-02
-9.438405e-03
-1.825769e-02
-1.488250e-02
-6.863167e-02
-4.557572e-02
-2.008548e-02
-9.935603e-03
-3.077783e-02
-9.961369e-03
-1.399216e-02
1.600674e-02
-2.201248e-02
-1.185983e-02
3.640044e-02
4.516446e-03
-2.061340e-04
1.831634e-02
-2.945379e-02
-1.415409e-02
-3.056742e-02
2.088762e-03
-1.563897e-02
-1.356890e-02
-3.739240e-02
-2.572052e-02
-1.526351e-02
-3.193378e-02
-3.439175e-02
-2.745513e-02
-1.851613e-02
-2.595610e-02
5.925683e-03
3.883809e-02
3.984912e-03
2.643143e-02
-5.158039e-03
-1.157227e-02
4.924411e-02
6.009514e-03
1.432321e-03
2.491712e-02
2.990327e-02
2.292213e-02
1.413602e-02
-1.325539e-02
-3.328846e-02
6.752690e-03
-1.317898e-02
3.166886e-03
1.413851e-02
-1.960656e-02
1.125298e-02
1.248922e-02
-1.666546e-02
2.893288e-02
-4.181361e-02
2.208265e-02
-2.199643e-02
-1.878922e-02
-5.726216e-02
-9.687309e-03
-2.554832e-02
-1.035479e-02
2.379178e-02
2.975805e-02
-1.078993e-02
5.314432e-03
-4.729986e-03
1.241618e-02
2.703581e-02
-1.625863e-02
3.332254e-03
5.544264e-03
-2.446212e-02
-4.481675e-02
-4.666608e-03
-2.452649e-02
-3.172817e-02
-2.886851e-02
-3.039464e-02
-1.707921e-02
1.021332e-02
1.914872e-02
3.481906e-03
1.782374e-02
1.128191e-02
-3.417112e-02
5.036598e-03
-1.013743e-02
-3.478132e-02
1.515607e-02
1.579012e-03
-4.118101e-02
-2.903035e-03
-3.791766e-02
8.096537e-03
3.977428e-04
-2.288014e-02
-7.070649e-03
-5.594959e-03
-2.697098e-02
4.055375e-03
-1.973939e-02
-2.596284e-02
8.758768e-03
-4.851209e-03
-9.978527e-03
1.460658e-02
-1.109597e-02
-2.010853e-02
-1.511978e-03
3.995347e-03
2.297785e-02
-7.078407e-03
8.871585e-03
1.717320e-02
-3.050595e-02
4.517350e-02
3.577420e-02
1.332967e-02
1.969849e-03
1.619504e-02
-1.304706e-02
4.879044e-02
2.525881e-02
1.467669e-02
3.517058e-02
3.773980e-02
3.419798e-02
-1.596758e-02
4.932497e-02
1.215029e-02
-1.206291e-02
-3.540806e-03
-7.726111e-03
-3.096226e-02
2.713308e-03
-9.944512e-03
-2.122381e-02
8.481796e-03
-1.548624e-02
3.638234e-02
2.239430e-02
4.122740e-02
-1.057494e-03
2.069204e-02
3.599715e-02
-1.503318e-02
1.279019e-02
3.732329e-03
-9.445083e-03
3.368233e-03
2.164000e-02
1.051090e-02
-1.004636e-03
1.490998e-02
3.327541e-02
-3.145228e-02
1.140968e-03
-1.415605e-02
5.776031e-03
4.211282e-03
-1.371307e-02
1.333412e-02
-1.154186e-02
-1.163234e-02
-7.413429e-04
-2.570225e-02
1.127402e-02
5.756075e-03
-3.831452e-03
-4.917593e-03
3.392255e-03
2.949886e-02
-3.181399e-02
-8.655027e-03
1.917248e-02
1.272801e-02
-2.154870e-02
-1.360466e-02
2.725663e-02
4.988823e-02
-1.253858e-02
2.123388e-02
3.456480e-02
2.173108e-02
-3.413368e-02
-2.207220e-02
3.486938e-03
-6.697435e-03
-1.171354e-02
9.339986e-03
-8.112513e-03
7.396056e-03
-4.526422e-03
-5.672237e-03
-1.286144e-02
-4.702987e-03
-2.229365e-02
-1.903999e-03
-1.750638e-02
-2.443483e-02
-2.823543e-02
1.281561e-02
1.626168e-02
-3.233907e-02
-9.930481e-03
5.216392e-04
-4.181449e-03
1.324522e-02
-1.842124e-02
-1.340649e-02
-2.780954e-03
3.730996e-03
-3.772866e-03
1.075807e-02
9.712373e-03
1.403421e-02
4.705318e-02
-1.923275e-02
-1.873915e-02
5.738529e-03
2.189613e-02
2.895041e-03
-1.020605e-02
-5.945804e-03
2.628350e-03
-2.145875e-03
-4.144156e-02
-5.658514e-04
1.268787e-02
5.414093e-02
3.689159e-02
3.305585e-02
4.751388e-03
9.949378e-03
1.010450e-02
-2.566514e-02
-6.084681e-02
-1.285297e-02
2.865810e-02
-3.207478e-03
1.100785e-02
2.047783e-02
5.992984e-02
3.238732e-02
-2.225038e-02
-5.912717e-03
-4.235523e-03
-2.648044e-02
-3.086282e-02
-7.719173e-03
6.838278e-03
3.240004e-02
-6.482089e-03
4.654965e-03
2.075109e-02
2.036055e-02
-2.186025e-03
-4.258765e-03
1.011675e-02
-3.372369e-02
-6.650793e-02
-3.926744e-02
-4.762973e-02
-6.783120e-02
-3.262891e-02
1.276046e-02
-3.990249e-02
-1.298333e-02
-7.162533e-03
9.790009e-03
-4.142008e-02
-3.405183e-02
-5.758068e-03
4.501011e-02
3.456016e-02
-4.275309e-02
1.918613e-02
-1.758901e-02
2.308107e-02
1.454899e-02
1.089583e-02
-3.557354e-02
2.273298e-02
2.313957e-03
2.844624e-02
-3.290037e-02
2.395455e-03
-1.890353e-02
9.779202e-03
-1.970631e-02
-5.621389e-02
5.103421e-02
2.633038e-02
3.777543e-03
-3.101426e-02
-1.870070e-02
9.679928e-03
3.325618e-03
-3.028956e-02
-8.448699e-03
1.972270e-02
-3.085704e-03
5.527646e-03
-4.876212e-03
-4.862863e-03
-1.624182e-02
-4.048365e-02
-1.132780e-01
-2.224540e-02
5.239459e-02
6.009424e-02
-6.857124e-02
-5.122247e-03
-5.597848e-03
-2.571978e-02
-9.723878e-03
-4.730505e-02
-2.500464e-02
9.442723e-02
-2.705914e-02
-4.949257e-02
1.536537e-02
1.223777e-02
-2.608232e-02
1.100759e-02
-2.419478e-02
-1.882466e-02
-9.739658e-03
-2.827660e-02
4.579071e-02
1.607771e-02
4.252406e-02
5.781366e-03
5.014380e-02
3.671172e-02
-5.525794e-02
-2.548963e-03
2.765008e-02
2.551725e-02
-2.457846e-02
-1.988178e-02
-5.483747e-03
9.403181e-03
6.231308e-03
-4.169403e-02
1.943486e-02
7.877348e-04
6.488740e-03
-5.186150e-03
-6.238680e-03
4.814501e-03
8.381659e-03
1.033160e-03
4.662934e-02
-2.479872e-03
-7.855925e-02
-1.003164e-02
3.183154e-02
2.158645e-03
-2.329017e-03
6.171090e-03
8.806031e-03
-1.628722e-02
2.846907e-02
-6.289702e-02
3.694964e-02
2.758869e-02
1.326214e-02
-1.171187e-03
-2.560727e-02
3.045229e-02
4.117171e-02
-4.898647e-02
6.159337e-03
-1.767027e-04
1.820396e-02
5.642517e-03
1.701099e-03
-2.691037e-03
-3.766176e-02
-1.255138e-03
-1.060441e-02
-3.282923e-02
3.642543e-04
-1.279695e-02
-1.500943e-02
4.838522e-02
-2.545426e-02
2.157199e-02
1.684045e-02
-7.649957e-02
5.604227e-02
-3.276251e-02
1.426870e-02
-3.911482e-02
1.038292e-01
-3.649577e-03
2.354301e-02
-1.384239e-02
1.212454e-02
6.564669e-02
-2.994736e-02
-2.777710e-02
-3.782311e-02
1.164100e-02
-5.032293e-03
1.098147e-01
-1.624799e-02
-4.975384e-02
-3.812957e-02
-2.959836e-03
-3.077562e-02
-4.031550e-03
-2.711061e-02
-5.865354e-03
1.462762e-03
6.709921e-03
5.829832e-02
-7.044672e-03
9.030477e-03
3.544028e-02
4.991957e-03
3.978238e-04
1.784084e-02
-1.015825e-02
-1.286027e-02
-2.799528e-02
1.315390e-02
-1.631426e-02
1.504950e-02
-9.563285e-03
5.353915e-02
1.690603e-02
-1.622850e-02
6.792898e-02
-6.698096e-02
1.983402e-02
2.389512e-02
-8.771830e-02
-6.409680e-02
3.651475e-02
4.506451e-04
-1.927183e-02
3.535847e-02
7.954692e-03
-2.285396e-02
4.142853e-02
-4.943540e-03
-2.022621e-02
-1.489623e-02
-3.144883e-04
2.094731e-02
2.027788e-02
-4.556327e-02
-1.195615e-04
-4.841331e-02
7.761224e-03
1.411897e-02
9.395607e-03
9.803875e-03
-1.465313e-02
-1.975129e-02
8.728147e-03
7.904432e-03
2.824420e-02
-6.054507e-03
-6.504301e-04
1.498615e-02
-2.558672e-02
-1.275999e-02
3.085698e-02
-1.305862e-02
-1.376017e-03
1.524066e-02
-2.265185e-03
-5.785536e-03
-9.797847e-05
-1.317548e-02
8.076761e-03
1.847711e-02
8.479005e-03
5.616295e-03
-3.783383e-03
-1.000668e-02
3.300720e-02
-2.138865e-02
-3.444630e-02
-9.781740e-03
-3.956620e-02
-2.446847e-03
-1.276491e-02
-2.656938e-02
1.491566e-02
1.653799e-02
1.048586e-03
-5.652462e-02
4.499584e-02
-3.584777e-02
-3.330628e-02
5.142178e-02
-7.177027e-03
2.165071e-02
9.049063e-03
2.213797e-02
-2.387183e-02
7.053176e-03
-9.541756e-03
-7.831966e-03
6.821342e-03
-4.314647e-02
-7.742436e-03
5.093245e-03
-2.268105e-02
-4.898238e-03
-7.490169e-03
-3.506425e-02
-9.619622e-03
3.243814e-02
-1.723286e-02
3.645318e-02
2.816475e-02
9.778951e-03
7.544938e-02
1.816436e-02
-1.591537e-02
9.960256e-03
2.558678e-02
-7.352060e-03
1.109893e-02
2.147156e-03
1.643076e-02
-3.568957e-02
-1.193836e-02
4.717760e-02
-3.088196e-02
-1.282625e-02
1.850638e-02
-1.132480e-02
2.091072e-03
-6.325308e-04
-3.529078e-02
-2.876523e-02
3.313778e-02
-2.748315e-03
2.014738e-02
3.929421e-02
-8.549276e-03
-4.294659e-04
6.859115e-04
-2.879024e-02
-1.035243e-02
-4.847046e-02
-1.702495e-02
7.647270e-04
-3.413537e-02
5.262253e-02
-1.394732e-02
-1.861824e-02
-1.457158e-02
-1.701756e-02
2.143431e-02
2.265931e-02
4.874103e-02
1.154133e-02
8.693560e-03
-1.864863e-02
-1.661433e-02
1.082160e-02
-1.755416e-02
9.920291e-06
-3.982666e-06
-6.932155e-03
-8.863060e-03
3.084915e-02
5.225099e-02
3.758948e-02
6.200969e-02
3.547378e-03
-5.762380e-03
1.670659e-02
-4.528216e-02
-4.122684e-02
-9.937013e-03
-2.287555e-02
-1.421598e-02
-6.108052e-02
2.731922e-02
1.532662e-03
-2.184972e-02
1.156624e-02
1.310555e-02
2.322152e-02
1.094928e-02
-3.791463e-02
-4.812790e-02
-1.140866e-02
1.434006e-02
-7.795307e-03
3.524953e-02
-1.847787e-02
6.959894e-03
-1.256948e-02
5.173046e-04
-2.971905e-02
4.784323e-02
5.171014e-02
2.023771e-02
-7.624936e-03
-2.470322e-02
-8.971741e-03
-1.556597e-02
-4.926207e-04
3.446303e-02
-2.158051e-02
-2.735971e-02
-1.561555e-02
-1.077508e-02
5.177908e-04
-3.931054e-03
-8.451780e-03
-6.962988e-03
-4.929993e-02
4.198871e-02
5.377061e-02
2.709570e-02
1.262113e-02
4.724792e-03
-8.489095e-03
-3.161649e-03
-3.064382e-02
-2.106245e-02
3.370180e-02
-1.299946e-02
-9.078575e-03
-1.472956e-02
2.003451e-02
3.246787e-02
-2.737086e-02
-7.996064e-03
-9.902194e-03
5.722866e-03
9.412695e-03
-3.080853e-03
3.859741e-02
3.705388e-02
-6.856611e-04
3.937572e-02
3.260138e-02
-1.053045e-02
8.324643e-03
-1.689374e-02
-2.487770e-02
6.313699e-03
1.197774e-02
9.036847e-03
-5.933990e-03
-1.130965e-02
1.280441e-02
-2.968507e-02
-9.457095e-03
-1.140247e-02
-5.409757e-03
-8.530148e-03
-3.052281e-03
-1.450263e-02
-2.870955e-02
-2.637115e-02
3.691589e-02
3.864580e-02
3.255439e-02
1.684399e-02
8.920440e-03
-1.053663e-02
1.250559e-02
2.492927e-02
3.538362e-02
-3.168888e-02
2.221743e-02
5.804588e-02
-6.717789e-02
-6.801751e-02
-4.492354e-02
2.775204e-03
-5.811639e-03
5.086193e-03
1.326852e-02
7.214443e-03
-4.067396e-02
-1.002950e-02
1.498737e-02
8.892596e-03
2.365159e-02
1.871254e-02
9.372200e-03
-2.059537e-04
1.183612e-02
1.846231e-02
-2.185254e-02
-1.660003e-02
-1.701062e-03
-6.009899e-03
4.501331e-02
2.321703e-02
-1.654822e-02
6.049847e-02
1.411213e-02
-1.661096e-02
2.436015e-02
1.474656e-02
5.058606e-02
6.348764e-02
-5.009361e-04
-2.658998e-04
2.432745e-02
-1.671005e-03
1.614531e-02
2.022452e-02
-7.410270e-03
1.027675e-02
1.480948e-02
-4.207989e-02
3.072702e-02
2.729724e-02
-1.804201e-02
3.445965e-02
-1.482056e-02
-1.979359e-02
1.077352e-02
2.595866e-02
-1.808879e-02
4.327264e-02
3.792097e-02
-2.970337e-02
7.231768e-02
5.429158e-02
-2.015854e-02
5.644470e-03
6.387054e-03
-4.836616e-03
1.076558e-03
2.333810e-02
2.182619e-02
8.709399e-03
1.614826e-02
-9.413626e-03
1.055210e-03
-2.578447e-02
-5.978808e-04
-3.970528e-03
-5.371827e-02
-3.145478e-02
-3.808497e-02
-2.154523e-02
-1.744705e-02
-5.491353e-03
-1.366268e-02
-3.779446e-02
5.283246e-02
-6.876352e-03
-2.485679e-02
2.293306e-02
-2.302242e-02
-4.411796e-02
9.726933e-03
1.755844e-02
3.778769e-02
-6.774151e-03
-3.563658e-04
-7.869014e-03
-2.551848e-02
-2.875686e-03
9.083396e-03
-3.160535e-02
-2.418381e-02
3.410810e-02
2.314738e-03
1.572512e-02
4.129198e-02
-4.456644e-02
-1.999734e-02
-8.813486e-03
-1.387461e-03
-1.174942e-02
-3.749372e-03
-2.014293e-02
-2.095258e-02
-2.700482e-03
1.780661e-02
2.050587e-03
4.848036e-03
3.851296e-03
-3.965967e-03
-1.697483e-02
1.593878e-02
1.859874e-03
1.121488e-02
5.188233e-03
8.863677e-03
1.174897e-02
2.440184e-02
9.467465e-03
1.124127e-02
-4.245096e-02
-1.951688e-03
1.844657e-02
-2.635210e-02
-2.644419e-04
-2.348406e-03
3.010192e-03
-3.631441e-03
1.166391e-02
1.374011e-02
-6.512820e-03
1.715256e-02
3.031084e-03
-4.316995e-02
2.793035e-02
8.303017e-03
1.183562e-02
1.409364e-02
-3.065652e-02
-2.941216e-02
-1.774173e-02
-1.732300e-02
-1.784732e-02
2.473960e-03
2.803661e-02
2.579824e-03
1.327573e-02
1.497043e-03
1.967392e-02
4.915409e-03
-1.771166e-02
1.980699e-02
2.682137e-02
-3.582598e-03
2.529352e-03
1.252959e-02
3.138977e-03
-2.254931e-02
6.018119e-03
-3.623615e-02
-8.898522e-03
4.284716e-03
2.839406e-02
2.198186e-02
6.826101e-02
8.973005e-03
-1.279946e-02
-8.228366e-03
-4.566531e-03
-2.156095e-02
-2.672336e-02
2.446370e-02
1.583809e-02
7.713185e-03
1.984756e-02
5.980435e-02
7.410760e-03
1.230888e-02
3.022569e-02
7.744507e-03
3.641703e-02
-4.833351e-04
-7.399099e-03
-7.423761e-03
-8.201288e-03
2.867838e-04
2.706049e-02
1.121665e-03
1.678780e-02
-1.612644e-02
2.149820e-02
4.001908e-03
-3.146674e-02
-6.733367e-03
-3.618531e-02
2.317792e-02
4.063296e-02
-6.714593e-03
-4.034980e-02
8.424323e-05
6.542015e-03
1.074099e-03
-1.698138e-02
-3.368790e-03
3.228666e-02
2.718572e-02
7.360459e-03
-1.335507e-02
-3.748533e-02
1.168949e-02
-6.453839e-03
-1.575895e-02
-2.103694e-02
-8.090854e-03
-2.492634e-02
9.765066e-03
-3.439994e-02
1.245799e-02
-2.760388e-02
3.454417e-03
1.439828e-02
5.625031e-03
-2.872039e-03
1.469431e-03
-3.726063e-02
-6.172866e-02
-3.058610e-02
-1.777187e-02
4.747960e-02
5.872525e-02
5.711618e-02
-2.444768e-02
-9.353900e-03
-1.561264e-02
6.608059e-02
3.968575e-02
-5.248830e-03
1.664442e-02
-3.380119e-02
-2.778499e-02
-2.131042e-02
-4.728514e-03
2.117728e-02
8.980406e-03
-1.687094e-02
-4.343123e-04
2.001904e-02
2.205953e-02
2.875604e-02
-2.044487e-02
8.664408e-03
1.900531e-02
-1.622653e-03
-2.127918e-02
2.037214e-02
1.048548e-02
3.848390e-03
1.861404e-02
-3.483656e-02
1.354407e-03
3.339108e-02
-3.550677e-02
-2.933899e-02
-2.615564e-02
4.913106e-02
9.031476e-03
2.867627e-02
2.393795e-02
2.529006e-02
-3.683798e-03
-5.255744e-03
-1.809494e-02
1.313022e-03
-8.162182e-03
2.376977e-03
4.695003e-02
-7.707424e-03
1.209805e-02
1.949065e-02
7.871522e-03
-1.279139e-03
1.140762e-02
7.730389e-03
4.435194e-02
2.766670e-02
-3.320377e-02
-5.538231e-02
2.990737e-04
2.711872e-02
-3.460633e-02
-1.820833e-02
-1.481683e-02
-1.849279e-02
1.611516e-02
9.739325e-03
1.930623e-02
4.594162e-02
1.878038e-02
2.435169e-02
-1.635383e-02
-2.270594e-02
-2.060031e-02
-2.266328e-02
-2.356357e-02
-3.821186e-02
7.837619e-03
1.578740e-02
4.040177e-03
6.861890e-03
-1.586760e-02
1.068515e-02
1.272470e-02
2.419058e-02
3.204371e-02
4.541056e-03
2.630885e-02
3.301537e-02
2.622570e-02
3.368859e-02
1.544909e-02
2.276867e-02
-1.913911e-02
-1.452306e-02
-7.552087e-03
-3.257209e-02
1.424352e-02
-7.933212e-03
-1.810495e-02
2.342612e-03
-3.769813e-02
-1.956406e-02
2.919972e-02
1.010973e-02
1.408473e-02
-5.806503e-03
-4.335864e-02
-2.442764e-02
3.755226e-03
1.454017e-02
-2.283493e-02
2.728923e-02
5.124547e-02
1.046170e-02
-2.152293e-02
-9.145207e-03
6.003210e-03
-1.143864e-02
7.343785e-03
-5.044912e-03
-4.423301e-05
8.047298e-03
-4.409226e-02
-3.473317e-02
-1.282901e-02
-1.035072e-02
5.025182e-02
-8.073101e-03
4.020771e-02
1.200888e-02
-1.355668e-02
5.457041e-03
-3.216928e-02
-3.699332e-02
-3.854325e-02
-1.597429e-02
-6.703352e-05
-1.357287e-02
-3.980122e-02
5.918967e-03
-1.335229e-02
-2.303125e-02
1.931953e-03
-2.359800e-02
-1.753821e-02
1.352198e-02
-4.087635e-02
-1.448267e-02
-9.050733e-03
6.826350e-04
-1.726910e-02
-1.372556e-02
-3.921875e-02
5.492300e-03
8.169354e-03
-1.859817e-02
5.776578e-03
2.211104e-03
-3.789296e-03
-5.326995e-03
-2.674703e-02
1.120228e-02
1.891041e-02
7.857752e-03
-2.300247e-02
1.389525e-02
-2.667590e-02
-3.694417e-02
-2.638665e-02
1.092662e-02
-1.333160e-02
1.357053e-02
6.223163e-02
1.152433e-02
-5.494905e-03
2.941954e-02
2.782716e-02
2.689868e-02
3.862809e-02
3.467460e-02
2.880015e-03
6.186431e-03
9.254466e-03
1.398202e-02
3.155431e-03
-9.182903e-03
4.707314e-02
1.449502e-02
2.272642e-03
-3.215100e-02
-7.691741e-03
-2.878967e-03
3.179254e-02
1.790698e-02
-2.588543e-02
4.088076e-03
4.352096e-02
-3.006238e-03
1.734379e-02
4.112434e-02
1.650626e-02
2.028558e-02
-2.659723e-02
2.033543e-02
4.152077e-02
6.129393e-02
4.773997e-02
9.470784e-03
1.320589e-02
-2.585361e-02
-3.032164e-02
-1.453692e-02
4.975605e-03
-2.061312e-02
-1.541052e-02
-2.951856e-03
-2.000224e-03
-1.517684e-02
1.126800e-03
-2.815610e-02
-6.945369e-03
2.101179e-02
2.906718e-02
-1.622708e-02
-2.287579e-02
-2.688479e-02
1.813465e-02
-7.624376e-03
-2.353782e-02
-3.601639e-03
1.748616e-02
1.869261e-02
2.907474e-02
-2.121262e-02
2.111075e-03
-2.212560e-02
4.866319e-02
-3.108554e-03
-1.206313e-02
-6.892581e-02
-6.925756e-02
1.670802e-03
-1.391330e-02
3.181124e-02
5.050458e-02
5.446283e-02
3.790822e-02
2.567422e-02
1.775906e-02
2.291359e-02
1.466372e-02
-1.752798e-03
-1.527682e-02
-3.002386e-02
2.783345e-02
1.649104e-02
-8.097202e-03
-2.205397e-02
2.627604e-02
1.560688e-02
-5.871524e-03
9.355783e-03
6.688678e-02
3.504554e-02
-2.186688e-02
-5.548973e-02
-2.143886e-02
-3.591053e-02
-5.417250e-02
-3.263123e-02
-3.026607e-03
9.314998e-03
-2.438680e-02
-1.266043e-02
2.819480e-02
-6.267724e-03
2.253656e-02
4.571647e-03
-7.865729e-03
3.423821e-03
-2.641421e-02
-1.247033e-02
-2.532235e-03
-4.798999e-02
2.258240e-02
1.906432e-02
1.611854e-03
5.675762e-03
1.428326e-02
-1.508308e-02
8.170910e-03
-2.378409e-02
1.623679e-02
-1.289517e-02
-1.430603e-02
-7.142217e-03
-3.484578e-02
-1.053603e-02
1.757562e-02
-1.212252e-02
2.636568e-02
-6.176163e-03
-3.172126e-02
-2.931642e-02
-1.732114e-02
-1.897448e-02
-3.192057e-02
-3.173987e-03
-1.770234e-02
-2.965024e-02
-2.448806e-02
9.583960e-03
6.327254e-03
1.219889e-02
5.662821e-03
-2.697747e-03
3.636162e-02
-1.227615e-02
-8.094766e-03
-3.160764e-03
2.700081e-02
-1.153855e-04
-1.153956e-02
-5.539535e-02
-1.420804e-02
-1.498768e-02
-1.891661e-02
-1.378845e-02
2.632240e-02
-9.841653e-03
3.858452e-03
-3.002460e-02
-1.151106e-02
3.584826e-03
4.906188e-02
2.647408e-02
5.309963e-02
4.425418e-02
-4.585253e-02
-1.131676e-02
-1.070409e-03
-4.472793e-03
4.492174e-02
-1.309261e-02
-2.811856e-02
7.689007e-03
-3.243303e-02
8.638195e-03
-1.924230e-03
-2.777993e-02
6.866471e-05
-6.530833e-03
-2.726069e-03
1.590272e-02
-3.833650e-03
7.529195e-03
1.062186e-02
-2.678096e-02
-6.897294e-03
1.875173e-02
7.137459e-02
6.546252e-02
1.502728e-02
4.741537e-02
-1.866289e-02
1.927448e-02
2.362737e-03
-6.778638e-03
-3.790947e-02
2.016765e-02
-5.898909e-03
1.389806e-02
7.719073e-03
1.954495e-02
-4.303752e-02
-1.737144e-02
-1.687457e-02
-1.175887e-02
-2.296201e-02
-1.278167e-02
-2.511605e-02
-8.599749e-03
-2.443920e-02
-5.325967e-03
1.469748e-02
-1.385187e-02
-6.227374e-02
1.728031e-02
2.981668e-02
3.856923e-03
2.807863e-02
-8.387710e-03
-5.974862e-04
3.644315e-02
-1.838355e-02
2.195874e-02
1.041941e-02
-2.586785e-03
-2.692757e-03
1.925748e-02
8.781538e-03
1.413743e-02
1.808956e-03
2.106304e-02
-8.129423e-03
2.069743e-02
6.951750e-03
2.393245e-02
-3.372208e-02
1.346931e-02
1.409133e-02
-1.188015e-02
3.147224e-02
-1.449771e-02
-3.360638e-02
7.644244e-03
1.414058e-02
8.346827e-03
3.528411e-02
-1.135743e-02
2.529665e-02
1.882634e-02
2.790954e-02
3.211278e-02
-2.194332e-02
-3.827790e-02
-3.040131e-03
1.648449e-02
9.867380e-03
-2.807456e-02
-2.388993e-02
1.307927e-02
-5.476573e-02
-7.107055e-03
-1.612343e-02
-1.577192e-02
2.513173e-03
-1.219888e-02
-1.315507e-02
-1.706371e-02
-3.318261e-02
-3.117344e-02
-2.579514e-02
-3.147197e-02
-2.281706e-02
-2.521036e-02
1.182120e-02
-5.037835e-03
6.650623e-03
3.039627e-02
1.384376e-02
2.372919e-02
-1.094001e-02
3.012622e-02
-1.287973e-02
-8.647996e-03
-2.920377e-04
-3.373282e-02
8.619124e-03
-3.729151e-02
-3.365023e-03
-1.952776e-02
9.218485e-03
-2.494841e-02
5.846145e-04
-2.936881e-02
-3.392432e-02
-2.322973e-03
-8.020732e-03
-3.149315e-02
-9.929895e-03
-2.558947e-02
-1.749268e-02
-3.878450e-02
-5.566721e-02
-5.181470e-02
-9.002306e-03
-7.190143e-03
-5.664009e-02
-3.312381e-02
-4.700252e-02
-6.672789e-02
-3.789743e-02
-3.766325e-03
2.025426e-02
-2.751590e-02
-1.307561e-02
-9.940728e-05
3.986631e-03
-9.563302e-03
4.790918e-03
1.517995e-02
-1.649506e-03
-1.422498e-02
1.870742e-02
-2.739151e-02
-2.230726e-03
2.961590e-02
-5.668905e-03
3.464328e-02
-1.912259e-02
-2.862152e-02
-2.621161e-02
-4.500530e-03
-3.009672e-02
-1.706205e-02
3.779647e-03
-1.842775e-02
-4.136733e-03
-2.235555e-02
2.151657e-02
7.210545e-03
-1.962936e-02
4.801955e-02
-8.407172e-03
-2.331035e-02
1.995685e-02
3.325218e-02
6.774499e-03
-2.185539e-03
-2.332764e-02
1.341406e-03
-2.344629e-02
1.673732e-02
2.590245e-02
-4.951951e-03
4.900974e-02
1.948717e-02
2.749064e-02
-2.439090e-02
6.237234e-03
2.881356e-03
-6.485418e-02
-2.601490e-02
-6.652678e-04
-6.367244e-02
-3.228365e-02
-1.401465e-02
-1.044083e-02
-2.040850e-02
1.282575e-02
2.104214e-02
2.280607e-02
3.444357e-02
9.296697e-03
6.984596e-03
6.253859e-03
-1.667797e-02
-4.243384e-02
4.938519e-02
-6.925150e-03
3.353823e-03
2.952460e-02
4.254793e-02
2.107126e-02
3.883373e-02
4.421336e-02
-7.342842e-03
4.701113e-03
-9.524037e-03
1.735754e-03
-8.173962e-03
-1.690274e-02
-8.932945e-03
3.729756e-02
2.640865e-02
3.642629e-03
1.139607e-02
2.359124e-02
-2.324396e-02
1.011010e-02
1.258268e-02
-1.452961e-02
3.771566e-03
7.539218e-03
-1.771627e-02
-3.795352e-03
-3.036410e-02
1.581989e-02
-2.280267e-02
-6.277864e-04
3.516069e-02
3.751881e-03
1.293403e-02
-2.721548e-02
-2.060384e-02
-9.138511e-03
1.123952e-02
-1.985507e-02
-1.392145e-02
-1.996166e-02
-2.576229e-03
-3.851580e-02
-3.211844e-02
-1.071341e-02
-4.836880e-02
-1.443095e-02
-6.414484e-03
-2.285061e-02
-3.769498e-02
1.671485e-02
-4.068071e-02
3.254714e-02
5.359710e-02
-5.915659e-03
4.783502e-02
2.939907e-02
2.066063e-03
-1.788883e-02
1.342745e-02
1.697529e-02
7.852571e-04
1.892627e-03
-9.814346e-03
-7.954947e-03
1.501050e-02
-3.397068e-02
2.157750e-02
-3.615092e-02
-2.156709e-02
-5.785081e-03
-4.546640e-02
-3.560421e-02
1.838478e-02
-2.142562e-02
-3.730964e-02
1.932570e-02
3.405183e-02
9.816553e-03
-1.020757e-02
-1.492705e-02
5.642093e-03
-7.162201e-03
-1.263798e-02
-4.556286e-03
4.252791e-02
2.185023e-02
1.406263e-02
4.308940e-02
4.864441e-03
4.837079e-03
1.337251e-02
2.264475e-02
1.653202e-02
1.843863e-02
2.497523e-02
1.473705e-02
-3.195577e-02
1.867358e-02
-5.498845e-03
-9.029867e-03
4.095680e-02
-2.709914e-02
1.190855e-02
-1.145499e-02
-2.961999e-02
2.729629e-02
2.045449e-02
-2.546994e-02
3.473743e-02
4.218613e-02
2.008383e-02
-3.327388e-03
-4.771476e-02
-2.288152e-02
2.137993e-02
6.776017e-03
-1.165726e-03
1.197820e-02
-2.531596e-02
-9.936159e-03
4.055280e-02
-9.978912e-03
-1.281311e-02
1.339050e-02
3.529101e-02
1.578766e-02
-1.101424e-02
2.345840e-02
3.927554e-02
-2.541691e-03
-2.605091e-02
-1.631531e-02
-1.771534e-02
-5.177086e-03
-1.487004e-02
2.130770e-02
9.816296e-04
-2.528201e-02
-2.849731e-02
-1.186841e-02
-2.932782e-02
5.850217e-02
2.803661e-04
-1.141901e-02
3.576874e-02
4.550816e-03
3.931476e-02
3.707151e-03
-8.000161e-03
-1.219000e-02
1.197575e-02
1.364118e-02
-3.651327e-02
1.024340e-02
5.694805e-02
-6.755508e-03
-2.911177e-02
1.298520e-02
3.711205e-02
-2.800316e-02
-1.136774e-02
4.136059e-03
3.172554e-02
-2.383013e-03
-3.173803e-02
-7.926920e-03
-1.543891e-02
-3.568766e-02
1.164224e-02
-7.109740e-03
-2.721916e-02
1.005650e-02
1.719580e-02
-6.462076e-03
3.202749e-02
-1.598849e-02
-6.232452e-02
6.025597e-03
-2.368266e-02
-3.147642e-02
-1.556890e-02
1.780668e-02
-5.464429e-03
1.582310e-02
1.489230e-02
-9.149516e-03
-1.343751e-02
1.552772e-02
2.464167e-02
1.365153e-04
1.833997e-02
5.922141e-03
-2.165513e-02
-1.279607e-02
-5.393590e-02
-1.671881e-03
4.342011e-02
3.000478e-02
9.183827e-03
1.538952e-02
2.582674e-02
-9.093478e-03
2.579132e-02
6.903113e-02
-1.151064e-02
-5.463464e-03
6.631318e-03
-1.476254e-02
-1.051330e-02
-1.794366e-03
-1.459106e-03
7.939909e-03
-2.830313e-02
8.119840e-03
-1.670400e-02
-6.631185e-02
-5.616952e-02
-5.114361e-03
-1.180208e-03
-1.224947e-02
1.791352e-02
3.201330e-03
1.182050e-02
2.915026e-02
1.677010e-02
6.422198e-03
-6.167338e-03
1.624700e-03
2.507067e-02
9.212178e-03
1.490750e-02
-3.191661e-02
-8.948851e-03
-1.781831e-02
-1.430789e-02
-5.072378e-03
-1.788888e-02
-1.842047e-02
-1.719992e-02
1.601562e-02
-2.071723e-02
1.103193e-02
3.160338e-02
-3.755900e-02
2.421139e-02
4.222567e-03
-1.224830e-03
-1.105407e-02
-2.964600e-02
-1.294611e-02
1.497633e-02
-3.812730e-02
-3.005863e-02
2.661363e-02
-4.995513e-02
-1.987250e-02
-1.521386e-02
-2.021445e-02
-1.911440e-02
-4.477738e-02
1.784548e-02
4.309393e-03
4.702048e-03
-2.742009e-02
1.051478e-02
2.058669e-02
2.955099e-03
1.588623e-02
7.698160e-03
1.575069e-03
4.239437e-03
3.438386e-02
-1.442294e-02
1.488782e-02
1.224162e-04
-1.670576e-02
3.472718e-02
1.912931e-02
-6.114626e-03
-1.512752e-02
2.054815e-02
-1.928447e-02
-1.042713e-02
-1.954919e-02
-5.267558e-02
-9.954084e-03
4.026421e-02
-5.429950e-02
3.502650e-02
3.326082e-02
2.865576e-02
-1.921257e-03
4.875828e-02
1.542641e-03
-4.162636e-02
1.943637e-02
-5.105564e-04
-4.320022e-02
-5.311681e-02
-4.058977e-02
-2.757994e-02
-2.599224e-02
-1.229345e-03
-1.863230e-02
2.961287e-02
2.471755e-02
3.014958e-02
7.646298e-03
2.896426e-02
-3.333471e-02
-1.314011e-03
-4.809594e-02
-2.103114e-02
2.066169e-02
5.219982e-02
1.026701e-02
-2.719209e-02
3.997634e-02
-5.343150e-03
4.248296e-02
2.084264e-03
-4.558479e-03
3.415564e-02
-3.450200e-03
-4.269826e-02
-7.230124e-03
1.936653e-02
-3.268007e-02
-4.349808e-02
-5.121861e-02
-2.720029e-02
-2.129533e-02
-4.871083e-02
4.225004e-03
-8.883971e-03
-1.773777e-02
-7.076939e-02
-1.615460e-02
-2.242945e-02
6.543568e-03
1.255163e-03
-1.130423e-02
2.842108e-02
-8.793121e-03
-1.549787e-02
-3.657855e-02
-2.326615e-02
2.191402e-02
-3.916768e-02
-1.787226e-02
-3.639921e-02
1.182149e-03
-2.366678e-02
-4.188282e-02
-1.400238e-02
-2.392671e-02
-1.985727e-02
2.712087e-03
-2.335849e-02
-1.383867e-02
-7.937103e-03
-6.168563e-03
-2.815464e-04
-3.795400e-02
-9.218991e-03
-2.559375e-02
-1.018547e-02
-3.512641e-04
-2.176368e-02
-2.143860e-02
9.961650e-03
-3.750912e-02
-1.491797e-02
8.543990e-03
-2.235833e-02
-3.617295e-02
1.329723e-02
-6.601546e-02
-8.181667e-03
9.858323e-03
-1.275436e-02
-2.826140e-02
1.533602e-02
-2.251825e-02
-8.576548e-03
5.161075e-02
9.426430e-04
3.112843e-02
-4.175838e-02
5.972116e-03
1.043536e-02
-3.697001e-04
-1.130403e-02
3.430922e-02
2.238949e-02
-1.725299e-02
1.299480e-02
-1.632229e-03
-7.879497e-03
-2.234695e-02
8.951544e-03
-3.689244e-02
-1.870573e-02
1.557424e-02
3.740849e-03
3.204989e-02
7.447755e-03
1.234880e-02
3.141649e-03
-2.803995e-02
1.622914e-02
6.288970e-02
4.617205e-03
9.933645e-03
1.698607e-02
-1.533304e-02
-4.423150e-02
-1.577841e-02
1.092896e-02
-3.075535e-03
1.900139e-02
-1.166416e-03
-7.102402e-03
3.138075e-02
-2.376591e-02
-1.224897e-02
1.437463e-02
8.646262e-03
-2.895631e-02
-1.636604e-02
2.450873e-02
-1.830720e-02
8.998499e-03
-5.721138e-03
7.283748e-03
-2.092473e-02
-9.010810e-03
4.652265e-02
-3.461781e-02
3.519496e-03
4.076019e-02
7.265731e-04
-1.870953e-02
-3.206265e-02
1.717357e-02
-8.621746e-04
-3.431582e-02
1.583142e-02
-3.687135e-03
-1.783682e-02
2.683832e-02
2.429081e-02
2.716426e-02
-2.298212e-02
2.624871e-03
-2.869228e-02
1.231355e-02
-3.291052e-02
-2.066841e-02
7.852427e-03
-1.926639e-02
-1.101965e-02
-8.544661e-03
4.606133e-03
-9.127626e-03
4.374353e-03
3.003984e-02
4.514714e-02
-2.317070e-02
1.114597e-02
3.522272e-02
-6.067907e-03
6.932202e-04
4.305893e-04
-3.078065e-03
-1.104880e-02
1.481622e-02
1.552015e-02
1.478792e-02
3.514289e-02
-3.734681e-02
-2.919208e-02
1.045067e-02
-1.241975e-02
-1.471220e-02
-1.348380e-02
1.336400e-02
-6.107387e-03
1.279912e-03
7.691835e-03
-1.729166e-02
8.758733e-03
1.516876e-02
-7.346146e-03
-2.770079e-02
4.375219e-03
1.608677e-02
2.049198e-02
5.323134e-03
6.098044e-03
-3.543062e-03
-5.002516e-02
-2.839962e-02
-1.860655e-02
-2.419560e-02
-2.756574e-02
-1.483525e-02
3.529268e-02
1.694847e-02
-5.090221e-04
1.963943e-02
-2.168150e-03
-1.470651e-02
4.510225e-02
8.285517e-03
-3.017901e-02
-8.261527e-03
9.954325e-03
-1.525498e-02
1.739611e-02
-2.137451e-02
7.996467e-03
-1.845268e-03
5.075276e-03
2.007226e-03
-2.475659e-03
7.049165e-02
-6.327017e-04
9.578031e-03
2.087377e-02
2.595867e-02
-2.866735e-03
4.846545e-03
1.266366e-02
-3.267652e-02
-2.624661e-02
-9.487343e-03
3.857953e-03
-1.254771e-02
-3.631570e-02
1.500557e-02
9.456640e-03
-1.006259e-02
-6.127011e-04
-6.985787e-03
4.370051e-03
-4.455457e-03
-3.176284e-02
5.970343e-03
1.261422e-02
1.668534e-02
1.464537e-02
3.046038e-03
-3.258955e-03
3.135823e-02
-2.702623e-02
-2.891416e-02
5.261907e-03
8.428426e-03
-8.784755e-04
8.529641e-04
2.678703e-02
-8.158929e-03
-1.129469e-02
1.674705e-02
-1.800746e-02
1.979061e-03
1.272041e-02
1.555484e-02
-1.698897e-02
-2.127613e-02
1.028905e-02
-1.696468e-02
-5.986114e-03
8.160761e-03
1.709893e-02
-2.600385e-03
1.617749e-02
2.923299e-02
2.870035e-02
1.736328e-02
1.580633e-02
1.760916e-03
-6.203659e-04
-8.160805e-03
-3.430066e-02
-5.972148e-02
-1.954136e-02
-1.276810e-02
-1.100191e-02
3.981182e-03
1.021076e-02
7.380249e-02
4.793977e-02
-2.561511e-02
2.492418e-02
4.978745e-02
1.244039e-02
2.061826e-03
2.045099e-02
8.019143e-03
4.304264e-02
5.920629e-03
-3.136059e-02
-4.480770e-02
-1.869069e-02
-5.842352e-02
-8.789347e-03
4.826793e-03
1.069346e-02
-2.663113e-02
-1.284841e-02
-1.424189e-02
1.591198e-02
8.055341e-04
3.004700e-02
3.722654e-02
-8.496023e-04
-1.647602e-02
8.373056e-03
-4.039674e-03
-1.259818e-02
-2.416840e-02
6.633865e-04
-4.222507e-02
-3.376280e-02
-3.173983e-02
4.565676e-02
2.184219e-02
1.697289e-02
4.397077e-02
2.868441e-02
-7.337229e-03
1.760944e-02
8.994670e-03
4.719924e-02
-2.990698e-02
3.982629e-02
2.833453e-02
-2.221639e-02
7.268740e-03
1.764021e-04
1.045335e-02
1.785470e-02
8.068318e-03
1.712372e-02
5.030755e-03
-1.106593e-02
2.879897e-03
-3.463346e-03
-2.330840e-02
-2.531244e-02
3.969459e-03
1.982252e-02
1.838738e-02
-1.348913e-02
4.033715e-02
2.352184e-02
-9.030413e-03
-1.713388e-02
-3.496260e-02
-7.201972e-03
-2.070212e-02
-1.434766e-02
-1.633014e-02
-1.749278e-02
-3.053916e-02
-2.544553e-02
2.129135e-03
-1.594613e-02
6.745808e-03
-4.042270e-02
3.272999e-02
1.291209e-02
-4.052203e-02
3.815544e-02
8.407633e-03
1.141892e-02
1.239643e-02
1.455687e-02
8.781712e-03
6.223980e-04
4.886546e-04
-8.093325e-03
-5.051502e-03
1.082266e-02
3.646852e-03
1.319633e-03
-3.508509e-02
-3.494554e-02
-1.860312e-02
-1.671499e-02
-1.157553e-03
1.733497e-02
9.146468e-03
1.104042e-02
1.654971e-02
2.049619e-03
2.217599e-02
2.394261e-03
3.279013e-03
-1.935798e-03
-2.987330e-03
1.267505e-02
3.661356e-02
3.568652e-02
-2.964813e-04
-2.272687e-02
-1.024955e-02
-2.264863e-02
-3.839405e-02
2.946293e-03
-2.066441e-02
-2.916131e-02
2.001338e-03
1.016062e-02
4.523967e-02
4.976702e-02
1.518371e-02
-1.058675e-02
3.225293e-02
9.284486e-03
4.620167e-02
-2.326862e-02
-1.448837e-02
4.548709e-02
-2.609845e-02
-2.860170e-02
1.231942e-02
-5.165789e-03
1.474505e-02
5.869974e-02
1.117722e-02
2.108576e-02
-4.085213e-02
1.671102e-02
2.688464e-02
-3.827523e-02
1.580879e-02
2.036529e-02
-3.306650e-02
2.140358e-02
-1.159328e-02
1.122203e-02
1.221082e-02
-6.873509e-03
-3.332273e-02
9.218406e-03
-1.285546e-02
-3.316339e-03
4.417216e-02
-2.492123e-02
7.435882e-03
-3.466560e-02
6.423189e-03
-4.432088e-02
-2.186366e-02
-1.752512e-02
-1.525394e-02
-2.918429e-02
3.571950e-02
-1.590521e-02
-2.768170e-04
-1.038424e-02
1.135193e-03
1.883185e-02
-1.069734e-02
4.858748e-02
1.445510e-02
-1.516253e-02
-7.157677e-03
2.812487e-02
-1.621926e-02
-2.656086e-02
-2.254938e-02
-3.219653e-02
-2.442895e-03
-1.882878e-02
-2.027631e-02
-3.224505e-02
-1.526123e-02
8.940539e-03
2.747477e-02
3.797580e-03
-1.652458e-02
1.668292e-02
-2.817533e-02
-1.948863e-02
-5.786273e-04
6.610581e-03
-1.131098e-02
-2.299423e-02
4.059926e-03
-2.725608e-02
1.411526e-03
1.983320e-02
7.464907e-03
4.597029e-02
3.300794e-02
1.035921e-02
-4.531876e-03
1.194178e-02
1.001845e-03
-1.927368e-02
-3.110149e-02
-6.008341e-03
-5.537566e-03
-2.316914e-02
1.957841e-02
2.856044e-02
6.234502e-03
4.997953e-02
1.248065e-02
2.853502e-02
-1.744243e-02
-3.732304e-02
5.543937e-03
-1.603713e-02
2.823614e-02
-3.890360e-02
3.195319e-03
-4.941967e-02
