4.390708e-04
3.347840e-04
4.276441e-04
2.972369e-04
3.985334e-04
3.977339e-04
2.937476e-04
3.378293e-04
4.258948e-04
3.060100e-04
3.345124e-04
3.218450e-04
3.651064e-04
2.841766e-04
2.869919e-04
3.479929e-04
3.530275e-04
3.747048e-04
4.665143e-04
2.552120e-04
4.231415e-04
3.667352e-04
3.135344e-04
2.776846e-04
3.776489e-04
5.314698e-04
2.868766e-04
4.109028e-04
1.864366e-04
3.997538e-04
3.060154e-04
3.446334e-04
3.381526e-04
3.449795e-04
3.558470e-04
4.242529e-04
2.976586e-04
4.115463e-04
3.941596e-04
3.300440e-04
2.950685e-04
4.055514e-04
3.414807e-04
3.530887e-04
4.033674e-04
3.291759e-04
3.126043e-04
3.309969e-04
2.433627e-04
4.676993e-04
3.291185e-04
6.197349e-04
3.131191e-04
2.990752e-04
3.587104e-04
4.738549e-04
3.825266e-04
2.971690e-04
4.161391e-04
3.753651e-04
2.843177e-04
3.019860e-04
2.635456e-04
3.349428e-04
