1.510496e-02
5.733612e-03
-1.045872e-02
1.141195e-02
-1.144068e-02
2.781719e-04
4.721547e-03
-2.327792e-02
-4.032709e-03
9.398412e-05
-2.524046e-02
-1.161472e-02
8.872378e-03
-3.704731e-03
-7.108459e-03
2.240148e-02
1.310287e-02
2.956129e-03
2.452699e-02
2.220180e-02
1.312635e-02
7.471418e-03
-1.500904e-02
8.957854e-03
1.830013e-02
3.087626e-02
-1.040189e-02
6.283700e-03
3.882734e-02
2.513664e-02
1.515671e-02
9.178069e-03
1.219441e-03
3.275161e-02
2.124274e-02
2.966108e-02
1.947178e-02
1.706977e-02
2.320998e-02
3.109540e-02
-4.988510e-04
8.981566e-03
1.501789e-02
2.130263e-02
1.228932e-02
1.893494e-02
1.573488e-02
3.904754e-02
4.771057e-03
-4.220178e-02
1.283586e-02
1.425051e-03
-3.627663e-03
-5.307435e-03
7.128021e-04
6.996220e-03
-6.455004e-03
-9.412047e-03
-3.833345e-02
-9.463649e-04
2.430889e-02
-2.003051e-02
-3.409495e-02
1.092470e-02
