3.203792e-01
3.531730e-01
3.773316e-01
3.096845e-01
2.634503e-01
3.567221e-01
3.017558e-01
2.804943e-01
3.155628e-01
2.926878e-01
3.900541e-01
3.175759e-01
2.689017e-01
2.263691e-01
2.849538e-01
3.642621e-01
2.944495e-01
4.157905e-01
3.488126e-01
3.390664e-01
3.120466e-01
3.486589e-01
3.522227e-01
3.400066e-01
3.898038e-01
3.808501e-01
3.971516e-01
3.946295e-01
3.980646e-01
4.712053e-01
4.124077e-01
4.618200e-01
3.212273e-01
3.427199e-01
4.672692e-01
4.148993e-01
3.451475e-01
2.917650e-01
4.122366e-01
3.513382e-01
3.794450e-01
3.163203e-01
3.830483e-01
3.872451e-01
2.963023e-01
3.881401e-01
3.717936e-01
3.971375e-01
2.926137e-01
3.239048e-01
3.510275e-01
4.155741e-01
3.253484e-01
2.982843e-01
2.804703e-01
3.334084e-01
2.955149e-01
3.212048e-01
3.347608e-01
3.351004e-01
3.200563e-01
2.832047e-01
3.018107e-01
2.965922e-01
