1.620609e-03
-2.403175e-03
-1.568547e-02
3.396542e-03
-1.998841e-02
6.192473e-03
1.079740e-02
1.673850e-03
-3.036718e-03
-9.628984e-03
-1.844934e-02
-3.089522e-03
1.578305e-02
1.165359e-02
-3.061186e-04
6.464597e-03
1.651946e-02
1.612331e-03
9.291667e-03
1.043720e-02
6.442274e-03
5.999785e-03
-3.699788e-03
-1.335148e-02
-2.465579e-02
-4.064823e-04
-1.046791e-02
-1.341486e-02
-3.321384e-02
-7.592219e-03
-2.240554e-03
-5.469929e-04
5.361109e-03
-1.524870e-02
-1.992363e-02
-3.862697e-03
-1.574218e-02
-1.903174e-02
6.199669e-03
-4.476763e-03
-2.058177e-02
-1.582413e-03
-2.075767e-02
7.164455e-03
1.250027e-02
1.002139e-02
-1.353277e-02
-2.190227e-02
-1.492978e-02
-1.947197e-02
-1.025470e-03
1.145280e-02
-6.482403e-03
-6.445236e-03
9.454870e-03
3.385616e-03
1.480970e-02
4.417801e-03
-4.410368e-04
-4.105880e-03
-4.972357e-03
-1.065975e-02
-1.172868e-02
-1.638820e-03
