-1.156805e-03
2.223297e-02
1.251394e-02
2.235216e-02
-4.268353e-03
1.394446e-02
-3.500659e-02
-3.517646e-02
-2.700670e-02
3.126410e-02
3.177302e-02
1.259193e-02
7.763563e-03
2.920088e-02
-2.256064e-02
2.534630e-02
-1.443444e-03
2.547506e-03
6.819882e-03
-1.790343e-02
-5.209299e-03
-8.226764e-03
-3.040170e-02
-2.076318e-02
-8.632843e-03
-1.990124e-02
-2.821609e-02
1.639604e-02
-5.129299e-04
-3.191897e-02
8.015095e-05
2.187211e-02
-1.119985e-03
1.639516e-02
1.273315e-02
2.297570e-02
1.194616e-02
-1.673068e-02
7.122052e-03
1.212549e-02
-3.958186e-02
-8.678888e-03
-1.194879e-03
2.200621e-02
2.236168e-02
1.186911e-02
-3.683069e-02
2.937609e-02
-9.692130e-03
-9.577607e-03
6.622222e-03
1.417269e-02
6.704289e-03
3.285696e-03
-1.193815e-02
-1.072182e-02
8.201649e-03
3.500456e-03
1.559138e-02
2.490010e-02
1.581484e-02
7.584814e-03
3.150454e-03
-6.614004e-04
3.010897e-02
-1.197895e-03
3.569575e-02
1.675627e-03
-1.255671e-02
4.277300e-02
1.677824e-02
1.437423e-02
4.567829e-02
-2.456302e-02
-7.142260e-03
-4.197347e-03
-3.264337e-02
-7.771070e-03
3.160930e-02
-1.436010e-02
2.468060e-03
-1.257208e-02
1.035605e-02
-1.986339e-02
1.971220e-02
3.428459e-02
2.565247e-02
-1.311987e-02
3.504158e-02
9.178829e-03
-1.002356e-02
-2.370539e-02
-3.085185e-02
2.692568e-02
1.237549e-02
-1.507080e-02
-1.008199e-02
-1.401234e-02
-7.776459e-03
-6.836759e-02
-3.812035e-02
-2.658649e-02
-4.364311e-02
-3.211252e-03
-2.579986e-02
1.127245e-02
-2.835847e-02
-5.281609e-03
2.772677e-02
3.337305e-02
9.999341e-03
2.098577e-02
1.565287e-02
-2.563776e-03
1.827503e-02
-1.807377e-02
2.210576e-03
-3.614862e-02
-1.173838e-02
2.945249e-02
-5.120140e-02
1.503861e-02
6.453533e-04
-6.425526e-02
-2.767014e-02
1.369721e-02
-2.489365e-02
-1.208809e-02
8.567539e-03
7.978597e-03
-1.312145e-02
1.005897e-02
-1.576599e-02
-5.050867e-02
-1.851569e-02
2.960769e-02
-9.910629e-03
-6.073040e-02
2.641254e-02
1.215816e-02
-3.269068e-02
-1.546259e-03
-4.816631e-03
-1.192772e-02
-3.991967e-02
2.218858e-02
-1.011015e-02
1.385049e-02
2.825423e-02
3.183996e-02
6.848959e-03
2.700128e-02
-2.261468e-04
2.563972e-02
1.353797e-02
1.182538e-02
-1.746379e-03
3.724548e-02
8.590789e-03
-1.836848e-02
6.078978e-03
-3.563257e-02
9.257070e-03
-4.204367e-03
1.985138e-02
1.600316e-02
2.231955e-02
4.323243e-02
2.307948e-03
1.716695e-02
6.869859e-03
8.154889e-04
4.444935e-04
-2.534517e-03
-2.530497e-02
8.556916e-03
-9.757960e-03
-5.905213e-03
-4.204309e-03
-8.023447e-03
-1.245060e-02
-8.846946e-03
2.635627e-02
2.731716e-02
-1.834010e-02
3.551077e-02
2.325453e-02
2.628461e-02
2.768394e-02
3.244012e-02
-2.573702e-02
4.829092e-03
-1.731059e-03
-2.110190e-02
-2.623437e-02
-1.005856e-02
-2.648711e-02
-1.604217e-04
-2.290926e-02
2.622453e-02
3.090650e-02
4.364961e-03
-2.397731e-02
5.641044e-03
1.164552e-02
3.056832e-02
-2.415747e-03
2.634813e-02
3.931148e-02
2.799929e-02
9.089189e-03
-2.741126e-02
-2.003247e-02
-1.413837e-02
-1.041529e-02
-6.463291e-05
-7.259123e-03
-7.639572e-03
-3.700063e-02
-3.647854e-02
1.056623e-04
-9.907059e-03
7.831362e-04
5.093964e-03
8.048126e-03
-1.116586e-02
2.185700e-03
2.469769e-02
-1.403147e-02
-4.409564e-02
-1.523081e-02
1.363696e-02
-4.799872e-02
-3.036385e-02
4.085958e-02
1.864863e-02
-1.106133e-02
1.543184e-03
3.134294e-02
-4.457421e-03
-2.178447e-02
1.039708e-02
8.232366e-03
2.322719e-02
4.069862e-03
-2.307944e-02
-2.447649e-02
1.465157e-02
-1.700439e-02
-8.636123e-04
-1.029190e-02
2.926284e-02
2.124817e-02
6.972112e-03
9.269182e-03
3.841588e-02
1.284914e-02
1.961533e-02
-4.763525e-02
-6.446637e-03
-2.461557e-03
9.904992e-03
-2.503876e-02
-4.895300e-02
-2.278329e-03
3.068882e-02
4.521449e-02
2.678445e-02
4.943743e-02
5.563113e-02
-1.379723e-02
-2.820018e-02
-2.724105e-02
-2.151609e-02
-1.705816e-02
-4.379589e-03
-5.001267e-02
-7.216778e-03
-1.449277e-02
-3.095274e-02
-1.937038e-02
-7.961198e-03
-2.098399e-02
-1.241498e-02
4.211794e-03
-3.363302e-03
-3.376741e-02
-4.394263e-02
3.756668e-02
-1.036328e-03
-3.872518e-02
5.412538e-02
3.976791e-03
4.029201e-02
2.201545e-02
2.935554e-02
1.242196e-03
-1.816844e-02
-4.655614e-03
3.469075e-02
3.163851e-02
2.949506e-02
1.437124e-02
4.300798e-02
-7.352491e-03
-2.018678e-03
1.050731e-02
3.498679e-02
-9.516147e-03
-1.243740e-03
2.992134e-02
-4.260711e-03
5.948495e-03
7.449002e-03
-1.574235e-02
8.714630e-03
1.341252e-02
-7.509943e-03
-1.268931e-03
-2.338946e-03
-2.263360e-02
-2.666846e-03
-2.822954e-02
-3.469200e-02
-2.203885e-02
5.009704e-03
2.888161e-02
-1.575460e-02
5.825948e-03
1.262764e-02
-1.949292e-02
-4.565658e-02
4.225915e-03
3.216093e-02
1.205812e-02
6.254103e-03
-2.432173e-03
-5.388647e-03
-1.487537e-02
2.466577e-03
-1.983735e-02
-2.305447e-02
4.213594e-02
2.966524e-02
1.592066e-02
6.482361e-03
4.127474e-02
1.665984e-02
9.058205e-03
1.130628e-02
3.808848e-03
6.827593e-03
1.870825e-03
3.660521e-02
-8.158427e-03
2.554626e-02
-3.488063e-04
-1.546400e-02
2.660579e-03
-8.926214e-03
-1.172286e-02
-2.420594e-03
-1.860660e-02
5.194127e-03
-1.220506e-02
6.157861e-03
1.994928e-02
3.483431e-03
2.017481e-02
-1.135624e-02
2.807742e-03
-2.093726e-03
-2.665564e-02
-3.953680e-02
1.276299e-02
-8.996238e-03
-3.200668e-02
-1.422749e-02
4.406970e-03
-1.102970e-03
-1.479623e-02
-3.359918e-03
8.511026e-03
4.838615e-02
-3.278262e-02
-3.129433e-02
1.073835e-02
-2.361552e-02
2.414718e-02
4.445830e-02
-2.795124e-02
1.188671e-02
6.240555e-02
-2.055640e-02
-1.649603e-02
5.652505e-02
3.296750e-02
1.667653e-02
3.375201e-02
1.949617e-02
5.993243e-02
4.478228e-02
1.108992e-02
3.572394e-02
2.703112e-02
-2.013344e-02
-1.467989e-03
2.288243e-03
-1.344542e-02
-3.590295e-02
-2.115232e-02
2.998383e-02
1.241656e-02
-5.557387e-02
-4.507223e-04
-2.603857e-02
-1.512605e-02
-3.136973e-03
-4.057752e-02
1.372214e-02
-1.791236e-03
-2.402579e-02
3.713415e-03
-1.077132e-02
-3.272840e-02
1.895528e-02
3.465099e-02
1.598151e-02
2.257807e-02
-2.342046e-03
-2.080428e-03
4.393836e-02
4.583183e-02
-4.811433e-02
-8.385652e-03
-3.893104e-02
-7.050753e-02
-5.020900e-02
-1.079033e-02
-2.967930e-02
-2.771583e-02
-1.204321e-02
6.479342e-03
1.422791e-02
-1.361871e-02
2.049278e-02
2.693937e-02
2.062619e-03
1.397428e-02
2.468547e-02
-2.307286e-02
-1.508086e-02
-6.459118e-03
-4.694466e-02
2.966024e-03
6.539405e-04
-4.088187e-02
-8.721344e-03
8.215276e-03
-5.411091e-03
-3.351330e-04
7.819954e-03
-6.092162e-04
5.959331e-03
-1.372546e-02
2.234993e-02
1.319551e-02
-1.591801e-02
-1.277114e-02
-5.791616e-03
1.015305e-02
-2.451338e-02
-1.310128e-02
1.115773e-03
-7.412511e-03
-4.618626e-02
-2.464995e-02
-1.736335e-02
-1.759711e-02
-1.959835e-02
7.699562e-04
-1.234018e-02
-4.509257e-02
-1.006845e-03
-1.309177e-02
4.980530e-03
-3.598173e-02
-3.077194e-02
-2.029676e-02
-2.561833e-02
-1.910928e-02
3.212709e-02
-3.902531e-03
5.801332e-03
3.364338e-02
2.987406e-02
2.937780e-02
-1.588555e-03
3.211957e-02
1.637772e-02
-5.788412e-03
1.506720e-02
3.397076e-04
-7.139526e-03
-3.661928e-02
2.148205e-02
4.901574e-02
-1.609302e-02
1.260266e-02
4.094416e-02
2.900494e-02
-2.735316e-03
7.652196e-03
-2.119007e-02
-1.205194e-02
-6.256628e-03
-2.240861e-03
2.717529e-02
4.720801e-02
2.872129e-02
3.892839e-02
6.418580e-02
1.680602e-02
-9.176102e-03
-6.107375e-03
2.219085e-02
-4.291575e-03
-3.533686e-02
1.384852e-02
1.944280e-02
-4.453473e-02
1.992553e-03
4.245897e-02
2.221546e-02
3.468532e-02
4.555685e-02
3.107512e-02
6.627786e-02
5.864071e-02
2.653680e-02
9.401671e-03
-1.531613e-02
-1.255886e-02
2.179935e-03
-1.494618e-02
2.169449e-02
2.536546e-02
1.942940e-02
1.146806e-02
-1.390402e-02
-1.965117e-02
1.850966e-02
2.575274e-03
-1.579470e-02
1.519997e-02
1.681209e-03
3.119816e-02
8.736929e-03
1.921405e-02
1.658031e-02
1.885183e-02
1.444704e-03
-3.691023e-03
6.452645e-03
-3.981318e-02
-5.397933e-02
5.551350e-03
-1.506582e-02
2.829719e-02
4.729405e-02
9.049632e-04
1.980520e-02
3.834840e-02
1.915671e-02
2.196372e-02
3.714102e-02
2.066769e-02
-1.125904e-02
1.134933e-02
2.739295e-02
2.039893e-03
4.466273e-02
-5.198937e-03
-2.306850e-02
1.741309e-03
1.500670e-03
3.249915e-02
-7.597548e-04
-1.367658e-02
4.870195e-02
2.542950e-02
-2.789769e-02
-1.875861e-02
3.275173e-02
8.498175e-03
1.130883e-02
1.870484e-02
4.004080e-02
1.358568e-02
-5.366396e-03
3.141288e-02
1.578509e-02
2.324833e-02
8.345225e-04
2.770533e-02
-5.726127e-03
6.872435e-03
1.865267e-02
-1.079784e-02
8.548615e-03
-1.633309e-02
2.510580e-03
3.276856e-02
-1.215090e-02
-1.232835e-02
5.191055e-02
1.460907e-02
-3.269066e-02
3.113649e-02
4.568321e-02
1.089050e-02
1.352452e-03
-4.848300e-03
5.306226e-02
-2.430220e-03
1.896345e-02
1.218261e-02
1.953558e-02
2.845180e-02
-2.127384e-02
-1.596210e-02
3.919370e-02
-1.415813e-02
-2.060302e-02
1.094648e-03
2.286371e-02
-6.068357e-03
-1.555010e-02
-4.880900e-02
6.865428e-03
8.231594e-03
-8.801685e-03
2.829226e-02
8.761493e-03
-6.693658e-03
-2.174011e-02
-2.013632e-02
-8.646569e-03
1.132430e-04
-1.256530e-02
-1.607880e-02
2.360311e-02
6.091270e-04
5.973688e-03
2.551466e-02
1.147101e-02
2.312750e-03
3.182662e-02
1.549954e-02
9.168039e-03
-8.470086e-03
-1.477767e-02
-1.982755e-02
-1.745579e-02
-1.162515e-02
3.079498e-02
-2.251645e-02
-4.618106e-02
-1.276607e-02
-2.884601e-03
-3.231122e-02
-1.806986e-02
-1.404533e-02
-5.614478e-03
-1.461398e-02
1.208641e-02
-1.045195e-02
-2.267898e-02
3.181826e-02
-3.772508e-03
2.953431e-02
1.056150e-02
8.809141e-03
5.235014e-03
-1.068987e-02
-2.548624e-02
3.320237e-04
6.859897e-03
-1.203828e-02
-4.113940e-02
6.445668e-04
-5.352654e-03
-2.086150e-03
1.846098e-05
5.915172e-03
2.589105e-02
-2.674233e-02
-5.549580e-03
3.073869e-02
-1.462642e-02
-1.566327e-02
3.484813e-02
-2.183223e-02
-1.093432e-02
-5.134734e-02
-2.296938e-03
-5.778529e-02
-4.653771e-02
-1.720476e-02
-6.808192e-03
-1.758737e-02
-5.934570e-02
-6.178745e-02
-4.018154e-02
-2.521667e-02
-5.753597e-02
-5.463014e-02
3.466909e-02
-2.218484e-02
-1.763835e-02
-3.042423e-03
-1.107918e-02
-1.277880e-02
-5.376972e-02
-3.846267e-02
-3.742250e-02
-2.814303e-02
-2.645931e-02
-2.469049e-03
-7.677025e-03
2.289505e-02
-2.094506e-02
-2.354968e-03
6.379755e-03
7.217636e-03
1.167746e-02
-2.528344e-02
2.436749e-02
-8.121569e-03
-6.897601e-03
-1.128627e-02
-8.380828e-03
1.254348e-02
1.159733e-02
-7.177959e-03
-1.734679e-02
1.905233e-03
1.670896e-02
-1.972853e-02
-2.426908e-02
-3.081310e-02
-6.387787e-02
-4.493551e-02
2.313516e-03
-4.772360e-03
3.216788e-03
1.949464e-02
1.819985e-02
-3.286624e-03
1.230272e-02
-8.892399e-03
-3.520651e-02
7.266407e-03
-2.049866e-02
-3.621647e-02
5.476655e-03
-2.034481e-02
-2.055433e-02
1.792575e-02
-9.493819e-03
-2.813899e-03
4.561082e-02
1.233894e-02
1.522424e-02
-2.608040e-02
-1.153262e-02
-3.656828e-02
-2.531707e-02
-4.666301e-02
-1.737101e-02
-6.715349e-03
-3.191895e-02
-1.340379e-02
2.017117e-02
1.458695e-02
-9.537623e-03
1.894334e-02
3.260986e-02
8.527568e-03
-2.066599e-02
1.238276e-02
4.098983e-02
-2.189402e-02
-1.381175e-02
-2.122105e-02
-1.687148e-02
-2.742594e-02
-2.102649e-02
-4.230974e-02
-5.490936e-02
-3.181978e-02
-8.430803e-03
-2.658444e-02
-1.425794e-02
1.951269e-02
-1.082181e-02
-9.888042e-03
2.400260e-02
1.963338e-03
4.533684e-03
-3.658758e-02
-1.937441e-02
2.040795e-02
-4.886618e-02
-2.913768e-02
4.616261e-03
-2.262671e-02
-2.122300e-02
1.604807e-02
1.257107e-02
-3.686810e-04
1.629278e-02
1.033079e-02
-2.894721e-03
2.315876e-03
-1.387319e-02
-3.866252e-03
2.752825e-02
-5.375028e-03
1.592080e-02
2.416229e-02
5.922794e-02
3.816321e-02
4.918675e-02
2.408447e-02
5.952853e-04
9.202507e-03
5.471088e-02
1.427547e-02
-2.391877e-02
-1.713353e-02
-9.682062e-03
3.590008e-02
1.494265e-02
-3.017008e-02
-5.274071e-02
-1.970359e-03
3.086250e-02
6.241971e-03
-1.231364e-02
1.745526e-02
-3.830036e-03
-1.565134e-02
8.358857e-03
3.167945e-02
3.295330e-02
-2.609974e-03
1.181002e-03
9.717896e-03
1.909302e-02
-1.886685e-02
7.989175e-03
1.260206e-02
6.744488e-03
3.473283e-02
4.190223e-03
2.656287e-03
4.124386e-02
-1.416613e-02
-3.956070e-03
3.802762e-02
1.525521e-02
-2.761719e-03
-1.393992e-02
-5.677636e-03
2.183972e-02
-1.673578e-02
-9.412115e-03
6.118020e-03
1.236365e-03
1.710337e-04
-1.676507e-02
-6.068773e-03
2.685884e-02
5.717194e-03
1.835554e-03
4.445718e-03
2.483874e-02
9.801845e-05
2.494629e-02
1.128776e-02
-1.007598e-02
-7.892454e-02
-3.336757e-02
-2.772435e-03
3.052834e-02
1.700786e-02
-6.960292e-03
-6.013357e-03
8.359090e-03
8.191332e-03
4.343110e-02
3.709440e-02
-4.378659e-02
-8.242506e-03
3.422872e-02
-1.015474e-02
-1.222926e-02
-3.920518e-04
-1.911457e-02
-1.810311e-02
-4.155029e-02
-8.048618e-03
-1.107555e-02
-1.661072e-02
-3.500088e-02
-2.945481e-02
-4.001709e-02
-1.225059e-02
-1.611805e-02
-2.635711e-02
-2.131080e-02
-1.242572e-02
-2.698770e-02
-1.681452e-02
8.425885e-03
-2.090450e-02
-3.514821e-02
-9.119920e-03
-2.067538e-02
3.858861e-02
2.137937e-02
2.202802e-02
5.353701e-02
5.469790e-02
2.843882e-02
-1.561026e-02
-3.868275e-02
6.958566e-03
-4.066918e-03
-2.670337e-02
-1.469405e-02
1.394085e-02
-1.001355e-02
-4.013430e-02
-2.247128e-02
-1.211234e-02
-2.195004e-03
-3.602185e-03
-4.006267e-02
1.342462e-02
-3.331772e-02
-2.037187e-02
-6.376843e-03
5.621872e-03
-4.859966e-02
-3.087464e-02
2.617786e-03
-5.577287e-02
-2.265378e-02
-3.110259e-02
-3.365608e-02
-3.472561e-02
1.161885e-02
-2.429378e-02
-1.114189e-02
1.810310e-02
2.211112e-02
2.561178e-02
4.280670e-02
-4.055455e-03
-1.781927e-03
3.070500e-02
1.152992e-02
-5.783582e-04
4.033114e-02
2.302991e-02
-1.920361e-03
2.950180e-02
3.200839e-02
-5.510935e-03
1.041540e-02
-1.602325e-02
-1.491512e-02
7.175149e-03
-2.970192e-02
-8.566568e-03
-4.044179e-02
-2.046382e-02
-6.643979e-04
-1.004453e-02
-2.011986e-03
2.070739e-02
8.499157e-03
-5.018912e-02
-2.476178e-02
-1.537357e-02
-6.382858e-02
-7.308041e-02
-5.011530e-02
1.301511e-02
1.440407e-02
-1.537366e-02
-2.809530e-02
-1.813617e-02
9.455551e-03
-3.152747e-02
-6.374097e-03
1.247267e-02
-1.518381e-02
4.058641e-03
-5.565237e-03
-3.407253e-02
-1.361031e-02
-3.490813e-02
-1.193660e-02
-2.400939e-02
1.231184e-02
-4.679546e-03
1.488491e-02
-1.268966e-02
-1.525195e-04
2.088679e-03
1.248654e-02
-3.329715e-03
-2.704139e-02
3.529140e-03
-3.437160e-02
1.906964e-03
2.864220e-02
7.866956e-03
3.280426e-02
-2.298235e-02
-1.157401e-02
7.991550e-03
1.743387e-02
5.253341e-03
2.285139e-02
-4.573239e-03
-2.293228e-02
-5.828242e-03
-2.653225e-02
-2.120316e-02
-6.043776e-02
3.338048e-04
-4.085739e-03
2.049693e-02
-4.100624e-02
-1.441149e-02
-7.686636e-03
-3.361519e-02
-4.633676e-02
-3.392765e-02
-6.875298e-03
3.424395e-02
1.454840e-02
8.277378e-03
3.909522e-02
4.196818e-03
2.538122e-02
4.476875e-02
2.920955e-02
1.435221e-02
1.193181e-02
-1.969289e-02
9.029953e-03
4.124152e-02
2.368939e-02
2.309283e-02
4.688452e-02
1.325732e-02
5.446520e-03
-1.417177e-02
5.519804e-03
-1.037775e-02
-8.852452e-03
1.165190e-02
-9.698707e-03
1.909039e-02
1.797165e-02
-3.216066e-02
-4.381585e-02
-1.438213e-03
-8.744437e-03
-7.443310e-03
-7.706394e-03
-1.999100e-02
-6.320155e-03
2.566544e-02
8.745272e-03
-7.130210e-03
-2.829524e-03
2.576547e-02
2.679530e-02
-1.431590e-02
9.222998e-03
3.766757e-03
2.840498e-02
-1.422315e-04
8.520338e-03
2.940155e-02
-4.613340e-02
-2.579343e-02
1.547568e-02
-2.575140e-02
-1.297712e-02
-6.376034e-03
-3.545195e-02
-2.093485e-02
-3.694764e-02
-1.678422e-02
-3.751574e-02
-2.315009e-02
-2.367898e-02
-6.085452e-03
3.255815e-02
1.377341e-02
2.934748e-02
2.161403e-02
-3.736043e-02
4.874679e-03
1.464113e-02
-6.150220e-02
2.927330e-02
2.449402e-02
-3.491434e-02
-2.607623e-02
-7.861673e-03
8.289705e-03
-1.658454e-02
3.461667e-02
-1.997982e-02
-4.416200e-03
-1.088628e-02
2.227592e-03
1.879883e-02
4.497525e-02
-2.965866e-02
7.072557e-03
7.080627e-04
-2.629542e-02
2.763454e-02
1.162089e-02
2.090592e-02
-3.460599e-03
-1.223211e-02
-2.731942e-02
-5.371229e-02
-8.370792e-03
-2.749902e-02
5.905475e-03
1.274607e-02
4.386923e-02
2.834561e-02
-2.234393e-03
2.216370e-02
-1.071461e-02
3.060198e-02
-3.409230e-02
-5.439280e-02
-2.754705e-02
2.212102e-02
2.572028e-03
1.427864e-02
2.355335e-03
-3.417253e-03
8.305681e-03
-2.957357e-02
-3.107330e-02
-1.268699e-02
1.363007e-02
-6.027202e-02
-1.807719e-03
1.234957e-02
-5.315997e-02
5.697777e-03
7.154709e-03
-3.898747e-03
-8.946093e-03
-2.136605e-02
-5.086735e-02
-4.880151e-02
-3.307368e-02
-2.574765e-03
8.011256e-03
6.054665e-03
6.172977e-03
-2.651377e-02
-3.607446e-02
6.697356e-03
6.295305e-03
1.744206e-02
4.376322e-03
7.993090e-03
1.549612e-02
3.424195e-02
-1.794293e-02
-1.722650e-02
-1.001525e-02
1.773899e-03
2.519611e-04
-2.244486e-02
-2.037915e-02
2.333220e-02
2.390029e-03
-6.144292e-03
-7.731076e-03
-4.161444e-02
6.805677e-03
-7.741013e-03
-4.429053e-02
-6.647082e-03
2.875735e-04
5.152110e-03
-2.278549e-02
-2.998153e-02
-2.686353e-02
5.537112e-03
3.330947e-03
6.146186e-03
-1.272603e-02
-1.238428e-02
-3.128040e-02
-9.166682e-03
-2.149302e-02
-1.556781e-02
-2.456659e-04
-3.071440e-03
2.313885e-02
6.228715e-03
3.842901e-02
2.547647e-02
3.151198e-02
2.693342e-02
1.572981e-02
1.412797e-02
3.494094e-02
3.029507e-02
-1.524104e-02
1.969038e-02
1.228989e-02
2.890732e-04
-3.996820e-02
-1.364562e-02
-2.047950e-02
-1.825298e-02
-1.650570e-02
-1.307744e-02
-2.673698e-02
1.348968e-03
2.603175e-03
-1.960111e-02
-4.775239e-03
-1.975915e-02
1.341964e-02
-1.682630e-02
8.565630e-03
3.261130e-02
1.192121e-02
3.515188e-02
3.242652e-02
5.107218e-02
-4.132768e-03
-1.952039e-02
3.211754e-03
4.069351e-03
-1.493062e-02
-1.701420e-03
-1.204234e-02
1.047731e-03
1.823047e-02
3.603729e-02
2.758175e-03
5.015665e-02
3.295197e-03
-2.037986e-02
1.103073e-02
1.443612e-02
3.155402e-02
3.392464e-02
-3.678746e-03
1.106505e-02
3.316734e-02
3.954408e-02
-2.181133e-02
2.097145e-02
4.941059e-02
2.962191e-02
-9.015135e-05
-1.756334e-02
2.201506e-02
3.551662e-02
1.780732e-02
-1.905143e-03
1.247291e-02
5.117084e-03
1.676255e-02
-7.015304e-03
6.705697e-06
-3.741398e-02
-3.346576e-02
-1.490665e-02
6.135479e-03
-1.836308e-02
-4.338454e-02
-2.417088e-02
-1.650679e-02
-3.605746e-02
1.386117e-02
-6.523934e-03
-5.911457e-03
-2.187982e-02
-3.199360e-02
-1.390994e-02
7.159572e-06
2.392992e-02
-3.039656e-02
-1.211768e-02
4.140363e-02
4.475494e-03
6.179764e-02
1.354146e-02
2.529095e-02
1.439025e-02
-1.854577e-02
-2.134309e-02
1.832676e-02
6.291405e-03
8.686965e-03
2.301257e-02
1.973345e-02
6.782476e-02
3.582327e-03
4.680629e-03
-6.533391e-04
-4.652494e-02
-6.679284e-03
5.400050e-03
-8.180563e-03
6.297811e-03
-6.330927e-03
-5.084214e-02
-2.152199e-02
2.842405e-02
-6.612226e-03
-1.394949e-02
-5.204147e-03
1.653386e-02
9.585468e-03
-2.334617e-02
-6.707945e-03
-1.822893e-02
-1.875427e-02
3.896774e-03
-1.014086e-02
-1.745071e-02
-1.825308e-03
-3.293363e-03
-6.651703e-03
1.718543e-02
2.158557e-02
-1.956894e-02
-7.928836e-04
2.889536e-02
1.617563e-03
2.548121e-02
2.606917e-02
3.316652e-02
9.188583e-03
1.388663e-02
2.499064e-02
2.052375e-02
5.939018e-03
-2.036922e-02
-1.281002e-02
2.894393e-02
-2.803042e-02
-3.312523e-02
-5.599666e-02
-3.278645e-02
-2.046293e-02
-5.449727e-02
-2.375771e-02
-2.125886e-02
-4.737354e-02
-4.522524e-02
-3.091175e-02
2.506609e-02
2.604266e-02
-6.088639e-02
-8.231870e-03
-1.466804e-02
-3.116270e-02
-1.228484e-02
-1.579879e-02
1.627138e-02
1.152884e-02
-2.032773e-02
3.546159e-02
-1.903465e-03
-2.017935e-02
1.022981e-02
1.050425e-02
5.476968e-03
-7.590073e-03
-1.124239e-02
1.070119e-02
4.469962e-02
4.629376e-02
-1.302749e-02
-4.949383e-02
1.667154e-02
-2.646872e-02
-3.067949e-02
4.297467e-03
-1.609799e-02
-2.661557e-03
3.900170e-04
2.312707e-02
4.906282e-02
3.344955e-02
3.743022e-02
3.628162e-02
5.331670e-02
3.261943e-02
-9.136064e-04
8.144670e-03
-8.517656e-03
3.274892e-02
1.421989e-02
1.506817e-02
-5.181907e-02
-2.825398e-02
-3.785679e-02
-2.172613e-02
1.225245e-02
1.679750e-02
7.915989e-03
1.767751e-04
1.524997e-02
2.612795e-02
3.053186e-02
1.565674e-02
2.398670e-02
2.186422e-03
4.627313e-03
-4.393093e-03
-3.591429e-02
-2.265533e-02
-4.613481e-03
-2.319113e-03
8.260622e-03
4.557174e-02
2.432752e-02
-1.028093e-02
3.370236e-02
8.305026e-03
-3.366232e-02
1.345721e-02
2.601922e-02
5.089934e-03
-3.303150e-04
-2.890353e-03
-4.913600e-03
-1.445881e-02
2.517005e-03
-2.069092e-02
1.284604e-03
-8.058542e-03
-2.579278e-02
1.025369e-02
-1.220104e-02
-2.301118e-02
-2.372784e-02
1.614507e-03
1.278303e-02
-1.451391e-02
-6.409158e-03
2.546172e-02
-7.080094e-03
3.089292e-03
3.066699e-02
1.835185e-02
-1.098296e-03
3.653296e-02
-2.326567e-02
1.846359e-03
3.872348e-02
-5.373512e-02
-2.238297e-04
1.067446e-02
1.141083e-02
-2.570764e-02
-2.753696e-02
-9.094384e-03
3.286027e-03
-1.744197e-02
1.099149e-02
-1.151501e-02
-3.748485e-03
1.385179e-02
7.856989e-03
-1.108678e-02
-5.008762e-03
1.310898e-03
7.159470e-03
2.076742e-02
6.736141e-03
-7.819109e-03
1.391163e-02
6.441306e-03
-4.621989e-03
5.266558e-02
1.003502e-02
-4.948102e-03
4.467155e-02
1.875239e-02
1.160140e-02
4.972961e-02
1.370452e-02
-1.943649e-02
-6.444229e-03
-7.332249e-03
-5.913931e-03
9.321502e-03
1.133318e-02
1.731538e-02
2.750905e-02
1.227247e-02
2.326342e-02
1.264516e-03
6.682954e-03
-1.685905e-02
-9.538574e-03
-4.101713e-03
-1.636224e-02
2.175398e-02
-2.270924e-02
-1.579595e-02
-5.341788e-03
1.083675e-02
-2.517330e-02
-1.265918e-03
1.828677e-02
-3.056654e-03
-1.091107e-02
-3.566968e-03
3.369388e-02
-1.457914e-02
-2.605232e-02
-1.227891e-02
-2.993691e-02
-2.535929e-02
-2.034300e-02
4.371246e-03
-3.681750e-03
-2.993930e-02
3.214515e-02
1.145416e-02
1.891793e-02
1.372970e-05
-2.797905e-02
-7.568258e-03
-2.834599e-02
-5.701779e-02
-3.129542e-02
5.829312e-02
8.951457e-03
-3.083858e-02
2.662584e-03
1.692467e-02
-6.324202e-03
-1.130709e-02
-3.884694e-02
-3.550776e-02
1.268382e-02
-4.566451e-03
-3.363228e-02
2.548685e-02
2.296388e-02
2.043409e-02
-2.432557e-02
1.777792e-02
-2.396016e-03
1.626691e-03
2.481844e-02
-2.086418e-02
1.871761e-02
-6.192667e-03
-1.243968e-02
6.646059e-04
5.239698e-03
8.897624e-03
-3.998630e-03
9.279268e-03
-2.570686e-02
-6.175700e-03
2.837626e-02
-3.202408e-03
2.335777e-02
4.484276e-02
3.798699e-02
3.250627e-02
-7.390706e-03
2.013504e-02
-4.126649e-02
-6.647089e-03
-2.187705e-02
-3.193657e-02
-3.272288e-02
1.128373e-04
1.808598e-02
-3.166004e-02
1.735778e-02
3.960257e-02
4.004202e-03
3.169505e-02
4.858928e-03
-5.477481e-03
4.645265e-03
2.939597e-02
3.547589e-03
-3.252753e-02
3.606703e-02
1.984770e-02
-4.656069e-04
2.309593e-02
4.701773e-02
-1.420782e-04
2.407578e-02
-9.034705e-04
-4.396230e-03
1.967194e-02
2.474830e-02
3.310393e-02
1.012303e-02
2.581469e-02
1.076353e-02
-2.196652e-02
2.193823e-02
1.533719e-02
-6.350102e-03
-4.663432e-03
1.184907e-02
-1.224654e-02
-3.272224e-02
1.471776e-02
4.583702e-03
-1.336603e-03
-4.740851e-03
-2.326226e-02
2.689311e-02
2.035834e-02
-1.489635e-02
-6.732859e-03
5.310095e-03
-6.595287e-03
2.362121e-02
3.714030e-03
9.426600e-03
-1.543677e-02
-3.053975e-02
-5.483967e-04
1.566155e-02
-3.505886e-02
-1.618087e-02
-1.166230e-02
3.474618e-03
-1.870947e-02
6.182704e-03
-2.387675e-03
1.968133e-02
2.661440e-02
2.680567e-02
2.076095e-02
4.030632e-02
2.267684e-02
-8.631636e-03
-1.547126e-02
-4.425445e-04
-1.920919e-02
2.718416e-02
2.678324e-02
5.213093e-02
2.853975e-02
-1.373960e-02
5.018951e-02
2.013149e-02
3.961055e-03
-1.246101e-02
1.312702e-02
1.949851e-02
-2.953564e-02
1.575110e-02
3.687342e-02
-1.606292e-02
1.514090e-02
7.478942e-03
1.334097e-02
-6.666052e-03
-1.038552e-02
-2.657049e-02
-5.633238e-02
-1.828717e-02
-2.397249e-02
-5.492205e-02
-2.200094e-02
-2.346875e-02
-2.892056e-02
-1.551719e-02
-3.009976e-02
-2.570449e-02
-2.106109e-02
2.038180e-02
-2.789686e-02
-1.595683e-02
1.639233e-03
-1.775818e-02
-1.720683e-02
-3.380645e-02
-2.654724e-02
3.036262e-03
-1.325782e-02
4.155327e-03
-8.725964e-03
4.128402e-02
2.555563e-02
3.588910e-02
7.781947e-02
4.421318e-02
3.041398e-02
-1.181180e-02
7.192036e-03
1.405679e-02
6.601563e-03
1.372430e-02
-2.347575e-02
7.122827e-03
3.556379e-03
-1.869055e-03
-1.234993e-02
-2.371939e-02
-6.961950e-03
6.165556e-03
-1.191723e-03
-9.123669e-03
-6.972680e-03
-3.408339e-02
1.767618e-02
1.804441e-02
6.988902e-03
3.747811e-02
-1.927264e-02
3.371020e-03
-3.054774e-03
-1.112664e-02
-1.840615e-02
2.994702e-02
-3.707439e-02
-2.403242e-02
7.760747e-03
-1.252903e-03
-3.161728e-03
3.256175e-02
-4.608166e-02
-2.787215e-02
-2.862884e-02
-3.495504e-03
-2.272578e-02
-4.646080e-02
-3.421146e-02
-1.440206e-02
-2.224314e-02
5.037250e-02
-3.767987e-03
-8.220154e-03
-6.762614e-03
-4.402986e-02
-4.277971e-03
-1.807316e-02
-2.897617e-02
-1.468586e-02
7.740816e-03
1.701071e-02
-3.596127e-04
-5.120330e-02
-3.901755e-02
-2.400864e-02
9.921655e-03
4.693843e-02
-3.165799e-02
-2.786069e-02
-2.304559e-02
-4.488725e-02
-1.339798e-02
-3.571830e-02
-3.681878e-02
9.531555e-03
3.827394e-02
1.851797e-02
1.456360e-02
3.429480e-03
3.197270e-03
-3.296872e-02
-1.465787e-02
-6.376612e-03
1.770602e-02
-2.224552e-02
-4.311644e-02
-2.803048e-02
-2.078342e-02
2.774922e-02
-2.222371e-02
-3.332961e-02
-1.101841e-02
9.816993e-03
9.890698e-03
4.208780e-02
-1.334290e-02
-2.346337e-02
-2.943400e-02
-5.661969e-03
-1.325071e-02
-4.653094e-03
-2.049027e-02
-1.899653e-02
-2.017268e-02
-1.152465e-02
2.335915e-02
3.593566e-02
4.014583e-03
2.141279e-02
3.258439e-03
2.969018e-02
-9.499345e-03
-1.896827e-02
9.800874e-03
1.721938e-02
-7.420836e-03
6.854502e-03
-1.292426e-02
-2.052093e-02
2.177722e-02
5.283096e-02
3.801032e-02
-3.119438e-02
-9.681811e-03
1.863702e-02
9.623226e-03
-2.425837e-03
4.487843e-02
-1.546612e-02
-2.057311e-02
4.054021e-02
-2.242324e-02
-3.064445e-02
-1.927395e-02
1.196982e-02
-6.879230e-03
-4.014310e-02
1.355472e-02
1.981668e-02
3.823007e-03
-2.291964e-02
2.009028e-02
3.536330e-02
1.604558e-02
5.360747e-02
4.101011e-03
1.183838e-02
7.708033e-04
-2.824913e-02
2.202351e-03
3.088689e-02
3.390775e-02
9.743539e-03
1.503828e-02
1.455454e-02
-2.718966e-02
6.481293e-03
2.784994e-02
-2.024910e-02
-2.841604e-02
-8.540886e-03
-2.778755e-02
-3.384047e-02
-5.077768e-03
-2.009718e-02
-8.123418e-03
-2.842861e-03
2.854184e-02
2.270074e-02
-7.313594e-03
-3.818333e-02
8.186875e-03
4.160744e-03
-3.346421e-03
4.062036e-02
2.426305e-02
2.775707e-02
2.455185e-02
1.219273e-02
4.813533e-03
2.928175e-02
1.956505e-02
-2.533239e-02
-2.424677e-02
3.069855e-02
-1.064724e-02
-1.425386e-02
2.498145e-02
-2.265853e-02
-4.321315e-03
3.466205e-02
1.924816e-03
1.308840e-02
3.517384e-02
-9.976378e-03
-1.152199e-03
3.473316e-02
-1.938690e-03
1.548414e-02
-4.398465e-03
-1.012345e-02
3.733763e-03
7.809903e-03
1.519918e-02
1.569952e-02
-3.135084e-02
1.404556e-02
1.415943e-02
2.010820e-02
2.232860e-02
2.619587e-02
1.599427e-02
-1.454109e-02
-1.007122e-02
-7.546112e-03
-6.220171e-02
1.900424e-02
4.124435e-02
-3.971999e-02
-1.663046e-02
2.325295e-02
-7.811051e-04
3.027193e-02
2.201217e-02
-8.381981e-03
1.047006e-02
9.327866e-03
-3.542890e-04
-9.280382e-03
-9.984604e-03
2.151432e-02
-3.217341e-02
-3.528358e-02
-2.668940e-04
-1.451925e-02
6.500211e-03
3.443433e-02
-9.306017e-03
-2.465966e-02
-1.350933e-03
-1.896654e-02
-1.425928e-02
-1.078412e-02
-2.833828e-03
-1.665572e-02
-1.652524e-02
-2.497525e-02
-6.370240e-02
-1.077157e-02
2.220419e-02
1.612806e-02
3.112178e-02
1.754827e-03
-2.992410e-03
3.435985e-02
5.211720e-03
1.185008e-02
7.650987e-04
-1.446772e-02
1.898370e-02
-4.113138e-02
-5.272552e-02
1.013467e-02
5.072270e-03
-2.156708e-02
-3.513303e-02
-2.045734e-02
7.965062e-03
-1.278035e-02
2.451180e-02
3.372004e-02
1.194816e-02
5.066924e-03
2.871371e-02
-1.138828e-03
1.165304e-02
-3.311980e-03
-1.569793e-02
-8.426763e-03
2.208194e-02
-6.541477e-05
-1.742978e-02
-2.540548e-02
9.078933e-03
4.278437e-02
5.157266e-02
4.757508e-02
2.829536e-02
5.461684e-02
-7.123599e-03
1.058928e-02
-4.594014e-03
-7.204451e-03
-1.329236e-03
-1.967518e-02
-4.171078e-02
4.663559e-03
2.352017e-03
-1.436974e-02
2.071878e-02
-5.930138e-03
1.992921e-03
-2.385400e-04
-4.614222e-02
-1.151305e-02
-1.311038e-02
-9.182300e-03
-4.144252e-02
-1.403417e-02
-2.459672e-02
-2.815554e-02
7.783502e-03
2.464603e-02
7.778145e-03
3.570608e-02
2.622785e-02
4.859989e-02
-4.258502e-03
4.140549e-02
1.621852e-02
2.941586e-02
1.840020e-02
1.640482e-02
-1.200254e-02
3.768257e-02
2.771722e-02
-2.410506e-03
-2.125242e-02
-2.272725e-02
2.464452e-02
1.508357e-02
2.064307e-03
4.888400e-04
-4.455672e-02
-1.837612e-02
-6.941285e-03
-1.302000e-02
1.398204e-02
5.240520e-03
-3.751203e-02
-4.227060e-02
-2.047086e-02
-9.443443e-03
-3.743311e-02
-3.828947e-02
-5.038628e-02
-5.374331e-02
-1.615700e-02
-2.489032e-02
-5.128726e-02
1.051451e-02
2.302799e-02
-4.182047e-02
9.023498e-03
-2.110320e-02
-3.589402e-02
-1.540757e-02
-8.190046e-03
3.142615e-02
1.848462e-02
4.254114e-03
1.923163e-02
-3.315775e-02
-7.801003e-03
-3.641148e-02
7.915901e-03
-8.191372e-03
-2.881863e-02
2.698436e-02
1.120660e-02
3.532945e-02
1.452160e-03
1.594248e-02
-3.707958e-03
4.789903e-02
-1.141334e-02
3.281977e-02
1.418519e-02
-2.165351e-02
1.201310e-02
-1.032666e-02
3.838978e-03
5.488024e-03
5.184868e-02
-1.924123e-02
3.141307e-02
2.108344e-02
-1.505416e-02
-1.402829e-02
-4.056508e-02
-6.238285e-03
2.276297e-03
-1.604593e-02
-7.610770e-03
1.832426e-02
3.750122e-02
9.449856e-03
3.630934e-02
3.301810e-02
1.258965e-02
3.741846e-03
-2.399125e-02
-1.944667e-02
-6.643737e-03
-1.356159e-02
5.489736e-03
1.380206e-02
3.565379e-03
3.213088e-02
3.105052e-02
-1.338942e-02
1.145079e-02
-7.653070e-03
-2.576684e-02
-2.059004e-02
-5.123313e-02
-3.650592e-02
-3.091399e-02
-4.826354e-02
2.203159e-02
7.748735e-03
-1.745781e-02
3.417039e-02
-3.669636e-02
2.875396e-03
-1.222245e-02
2.674922e-03
1.992105e-02
-9.607626e-03
3.323303e-02
2.468094e-02
2.797230e-02
6.094100e-02
2.371632e-02
5.618849e-03
5.763007e-03
-1.934620e-02
-1.607184e-02
-2.316831e-02
2.431328e-02
2.236016e-03
2.359345e-02
7.949798e-03
-1.922997e-02
2.116894e-02
-2.441552e-02
1.456260e-02
1.296359e-02
1.871802e-02
-9.205695e-03
1.185559e-03
-2.892608e-03
-8.740832e-03
-2.637445e-03
1.929023e-02
1.393571e-02
3.086329e-02
-1.073915e-03
2.050405e-02
-1.611179e-02
-5.660544e-03
2.938097e-02
2.822911e-02
-9.453988e-03
-5.584033e-03
-2.211433e-02
-2.010188e-02
1.370568e-02
6.763836e-03
9.256553e-03
1.355666e-02
-7.074308e-03
-7.496139e-03
1.477741e-02
2.334948e-02
-6.346594e-03
2.324858e-03
-1.480796e-04
1.773191e-02
-4.094201e-03
3.398313e-02
3.523972e-02
7.608762e-03
3.494832e-03
-2.634569e-02
-1.971501e-02
-4.630862e-02
-3.326851e-02
-4.393318e-02
-4.291908e-02
-2.525807e-02
4.487464e-03
-4.766238e-03
-1.066470e-02
-1.591265e-03
-1.050086e-02
1.784815e-02
-8.971808e-03
-3.553059e-02
6.625527e-03
1.803318e-02
-1.435219e-02
1.329122e-02
1.491635e-02
3.193063e-02
-2.355911e-02
2.116673e-02
5.077519e-02
-3.153098e-03
-3.978088e-02
-2.036933e-02
-5.053784e-03
-2.999292e-03
-3.041729e-03
-4.611138e-02
-1.142896e-02
-1.413745e-02
-2.571911e-02
5.175330e-03
-1.334061e-02
1.648446e-02
2.250929e-03
-6.349719e-04
-2.408416e-02
-6.631154e-03
-1.391184e-02
-4.490300e-02
-1.537635e-02
3.416958e-02
3.784148e-02
4.027843e-03
7.887533e-02
3.424568e-02
7.897902e-02
2.921618e-02
9.708516e-03
-2.681311e-02
1.066489e-02
-1.724761e-02
-7.879629e-03
1.651414e-02
-1.596589e-02
1.842123e-02
-1.475699e-02
3.147288e-03
-4.766433e-03
1.399440e-02
1.616865e-02
9.990380e-03
1.274919e-02
9.544574e-03
2.015307e-02
2.901724e-02
2.656789e-02
-2.049117e-02
-3.253349e-02
-1.496294e-02
3.202958e-02
3.112918e-02
-4.481661e-02
7.922256e-03
-6.876343e-03
2.643722e-02
-3.272493e-02
2.617669e-02
2.146143e-02
-1.666790e-03
3.726450e-02
3.112829e-02
-1.493034e-02
3.395391e-02
-4.679037e-03
1.363404e-02
-1.545517e-02
4.776304e-02
2.044525e-02
-1.246092e-02
5.031771e-02
3.103399e-02
-1.637806e-02
1.666148e-03
