4.386680e-02
6.344926e-02
4.127916e-02
3.230192e-02
2.328595e-02
3.743216e-02
4.425386e-02
2.693543e-02
3.994265e-02
5.200955e-02
4.149556e-02
2.490891e-02
4.099770e-02
2.139785e-02
3.896899e-02
4.642500e-02
4.059319e-02
4.391953e-02
5.366271e-02
5.421912e-02
3.920769e-02
3.384194e-02
3.424874e-02
5.868664e-02
5.437213e-02
4.524856e-02
3.949894e-02
3.612443e-02
6.998219e-02
6.004338e-02
3.105926e-02
3.071266e-02
3.567054e-02
4.661869e-02
7.158782e-02
7.054634e-02
6.984250e-02
3.977543e-02
5.522985e-02
5.255237e-02
3.173430e-02
4.443940e-02
3.935683e-02
7.036798e-02
4.877366e-02
6.228536e-02
6.710020e-02
7.637341e-02
5.056112e-02
4.020870e-02
5.232507e-02
5.024811e-02
2.955090e-02
2.156238e-02
4.430005e-02
4.637061e-02
4.026551e-02
3.428849e-02
2.571793e-02
5.260257e-02
4.678277e-02
1.986753e-02
2.304693e-02
4.421935e-02
