1.144386e-01
1.345746e-01
1.284298e-01
1.371812e-01
1.175592e-01
1.225176e-01
1.341390e-01
1.291548e-01
1.292121e-01
1.320494e-01
1.214171e-01
1.191419e-01
1.372323e-01
1.338280e-01
1.188078e-01
1.158188e-01
1.288676e-01
1.176766e-01
1.210814e-01
1.230275e-01
1.168889e-01
1.299196e-01
1.344410e-01
1.147434e-01
1.240065e-01
1.281494e-01
1.415265e-01
1.298690e-01
1.110658e-01
1.137083e-01
1.275219e-01
1.283631e-01
1.120364e-01
1.228461e-01
1.239716e-01
1.335025e-01
1.365941e-01
1.289396e-01
1.354222e-01
1.271174e-01
1.070905e-01
1.257744e-01
1.270259e-01
1.252617e-01
1.330921e-01
1.227267e-01
1.143400e-01
1.090283e-01
1.181967e-01
1.221497e-01
1.229411e-01
1.125577e-01
1.155457e-01
1.291777e-01
1.150540e-01
1.568618e-01
1.110627e-01
1.307307e-01
1.338867e-01
1.220101e-01
1.071382e-01
1.294218e-01
1.465468e-01
1.271622e-01
