6.742655e-03
-5.449363e-03
-4.806432e-03
-4.931460e-04
1.389167e-03
3.748278e-03
-1.034078e-03
6.608082e-03
2.604561e-03
-7.651836e-03
3.586862e-03
-8.844613e-04
4.618812e-03
-8.582805e-04
-1.116864e-02
5.973503e-05
-4.798627e-03
-6.014662e-03
9.364249e-04
-4.417366e-03
-7.431189e-03
8.014893e-04
-6.060883e-03
-6.320100e-03
-1.180905e-03
-1.004488e-03
7.955189e-04
-9.600216e-04
6.954230e-03
6.111109e-03
-1.497620e-03
8.872694e-03
5.146922e-03
-3.834661e-03
-3.404669e-03
-3.640788e-03
-1.005504e-03
-1.739469e-03
-5.105605e-03
-1.303995e-03
-5.256502e-04
3.294969e-03
4.816148e-04
-5.064027e-03
2.335049e-03
8.185010e-03
1.096249e-03
-7.158901e-03
-9.176618e-04
1.605756e-03
-7.045946e-03
3.025463e-03
-1.714914e-03
-3.408092e-03
2.014008e-03
-4.037096e-03
6.589517e-03
4.944967e-03
-2.631407e-03
-1.720902e-03
-1.921101e-03
6.767970e-03
5.240820e-03
-6.435989e-04
