-1.014713e-02
1.244132e-02
8.392692e-03
-1.320594e-02
-1.006944e-02
-9.568132e-03
-9.120604e-03
-1.861773e-04
-4.577596e-03
-1.539319e-02
3.637591e-03
-1.819547e-02
3.794535e-03
1.103846e-02
-2.618057e-03
5.207533e-03
-1.108161e-02
-6.375556e-03
-1.155985e-02
1.722899e-02
-1.340718e-03
-3.018936e-03
-1.767333e-02
-5.569634e-03
-1.946387e-02
2.544316e-03
-7.136829e-03
-2.152143e-02
-7.304445e-03
4.382118e-03
-1.367515e-02
-5.799137e-03
3.531559e-04
-1.174592e-02
-2.926707e-02
1.546320e-03
-9.372048e-03
-1.049502e-02
2.722685e-03
1.220400e-02
-1.038633e-02
1.727637e-03
-2.246292e-03
-6.761144e-03
4.055506e-03
7.599010e-03
-1.143406e-02
-5.709447e-03
-3.122889e-02
-1.850906e-02
-9.046732e-03
-1.302258e-04
-7.337026e-03
-1.535473e-02
-5.641519e-03
-8.811994e-03
5.167139e-03
6.870154e-03
-5.394554e-03
-1.699712e-03
4.119447e-03
1.036086e-02
-1.439364e-04
8.364568e-03
