1.079939e-01
-5.104334e-02
-1.883104e-02
-2.758097e-02
-4.878567e-02
1.107873e-02
-2.855213e-02
-7.469691e-02
-6.165055e-02
-7.504275e-02
7.747170e-02
-9.444164e-02
5.737031e-02
-2.790717e-02
-8.797885e-02
-4.018407e-02
-4.581135e-02
-4.434580e-02
3.874829e-02
-1.925707e-02
-1.385144e-01
-4.054468e-03
4.966202e-02
2.830863e-02
-1.848138e-02
-9.121069e-02
-1.022278e-02
-1.348657e-02
-3.267804e-02
5.833731e-03
1.871465e-02
-4.412666e-02
-1.024438e-01
1.012942e-01
-6.505390e-02
-1.617882e-01
2.598226e-02
-7.194491e-02
4.737941e-03
-1.338189e-01
-3.022892e-02
-6.243473e-02
-1.077248e-02
-2.675722e-02
-3.867276e-02
-7.165640e-03
-5.319930e-02
-2.567864e-02
-6.654090e-02
2.155104e-02
-7.463135e-02
-2.220884e-02
5.094358e-02
-2.255224e-03
-1.872663e-02
-7.981681e-02
-2.915850e-02
-1.197313e-02
-5.021232e-02
-2.012642e-02
3.304902e-03
-2.944871e-02
-1.281480e-02
1.750563e-02
