7.912208e-03
-8.004996e-03
-2.109754e-02
-7.718243e-03
1.035068e-02
-1.086868e-02
-1.421534e-02
-1.779294e-02
-2.010197e-02
-2.977277e-02
7.674171e-03
-2.747310e-02
2.380927e-03
-6.288058e-03
-5.800576e-03
-2.402167e-02
-6.849121e-03
-3.797466e-03
-1.950355e-02
-4.610383e-03
2.867884e-03
-2.299414e-03
-9.319474e-03
-1.711157e-02
-6.902964e-04
-5.313679e-03
-1.222819e-02
-1.646340e-02
-4.228335e-03
-6.844243e-03
-3.225208e-02
-3.979383e-02
-7.903564e-03
-7.999677e-03
-1.606847e-02
-1.280085e-02
-5.783176e-03
7.172149e-03
-1.957532e-02
-4.716658e-03
-7.247839e-03
-1.371063e-02
-2.112652e-02
-3.322246e-03
-1.111335e-02
-4.242110e-03
-2.726403e-02
-1.547308e-02
7.178708e-03
-1.589374e-02
-1.784866e-02
-7.833484e-03
-8.140402e-03
-9.155122e-04
-4.973453e-03
7.027926e-04
-3.126888e-02
-1.170099e-02
-1.153801e-02
-1.578968e-02
-2.138465e-02
-1.081893e-02
-1.513819e-02
-8.078543e-03
