9.952695e-02
-1.007846e-01
-2.777637e-01
-7.867932e-02
-1.398831e-01
-6.352479e-02
-2.602043e-02
-2.209587e-02
-6.365035e-02
-1.599282e-01
-8.137525e-02
-9.523446e-02
-1.347916e-01
-2.332643e-01
-4.104771e-02
-1.732386e-01
-1.807652e-01
-6.116490e-02
-1.418164e-01
-1.720582e-02
-1.220543e-01
-3.068120e-02
-1.638813e-02
-1.638675e-01
-2.387492e-01
-1.364905e-01
-1.028270e-01
-1.303945e-01
-4.778802e-02
-4.643127e-02
-6.039569e-02
5.863990e-02
1.334456e-02
-7.487838e-02
-1.249909e-01
-9.315372e-02
-9.079856e-02
-6.867396e-03
-5.255235e-02
-1.324882e-01
-9.450941e-02
-5.398089e-02
-4.880740e-02
-1.708465e-01
-2.142551e-02
-7.989163e-02
-6.117092e-02
-9.109504e-02
-2.634961e-02
4.719474e-02
-6.813464e-03
-2.310389e-01
-1.666138e-01
-1.366873e-01
-5.004604e-02
-5.202343e-03
-6.317624e-02
-1.386012e-01
-7.415570e-02
-1.150695e-01
-1.564480e-01
7.439851e-02
-1.296963e-01
-2.733185e-02
