4.702924e-04
6.197086e-04
5.554400e-04
4.943969e-04
5.974196e-04
5.310600e-04
5.503063e-04
7.345462e-04
4.364840e-04
5.239810e-04
1.023799e-03
5.238480e-04
5.761309e-04
5.677695e-04
5.508410e-04
5.405386e-04
5.137878e-04
5.817217e-04
4.463329e-04
5.591219e-04
5.488883e-04
5.326904e-04
8.554098e-04
6.282456e-04
5.231407e-04
5.248967e-04
6.705241e-04
3.717651e-04
5.615733e-04
5.415498e-04
5.819681e-04
4.963123e-04
6.556499e-04
4.800688e-04
4.918713e-04
6.053980e-04
4.734701e-04
3.978292e-04
5.772663e-04
5.176127e-04
4.707715e-04
4.427224e-04
4.744570e-04
6.074996e-04
4.376753e-04
7.190827e-04
5.417216e-04
5.687769e-04
6.885249e-04
6.959830e-04
7.443959e-04
6.866906e-04
5.304884e-04
5.577792e-04
6.509344e-04
5.724773e-04
4.987985e-04
6.467731e-04
6.551007e-04
5.061046e-04
4.642085e-04
5.711064e-04
4.265727e-04
5.313043e-04
