1.887094e-01
2.164011e-01
1.818580e-01
1.893104e-01
1.890856e-01
1.845297e-01
2.017163e-01
2.010619e-01
1.842158e-01
2.022264e-01
2.046527e-01
1.976707e-01
2.007826e-01
1.923415e-01
1.925849e-01
1.931103e-01
1.417002e-01
1.583295e-01
1.801336e-01
1.556550e-01
1.636819e-01
1.629739e-01
1.707619e-01
2.027950e-01
1.699606e-01
1.674480e-01
1.911093e-01
1.452411e-01
1.647686e-01
1.615488e-01
1.596275e-01
1.881366e-01
1.683898e-01
1.547417e-01
1.439843e-01
1.748405e-01
1.547770e-01
1.518932e-01
1.714654e-01
1.823491e-01
1.685943e-01
1.695717e-01
1.551875e-01
1.645836e-01
1.605478e-01
1.698308e-01
1.750629e-01
1.657155e-01
1.904558e-01
1.895747e-01
2.115380e-01
1.798018e-01
2.006728e-01
2.050826e-01
2.015815e-01
1.887046e-01
1.905935e-01
1.920223e-01
1.961242e-01
1.809184e-01
1.880909e-01
1.769106e-01
1.883859e-01
1.957028e-01
