6.784301e-02
7.363014e-02
7.619548e-02
5.655557e-02
5.645128e-02
5.631368e-02
5.548064e-02
6.772789e-02
6.176534e-02
7.088672e-02
7.758542e-02
6.329099e-02
6.144187e-02
3.883233e-02
6.499870e-02
6.998814e-02
5.657031e-02
6.903064e-02
6.754490e-02
9.077670e-02
4.788939e-02
4.791436e-02
6.009874e-02
6.508195e-02
6.011255e-02
5.419633e-02
6.305849e-02
5.070817e-02
8.195764e-02
8.444557e-02
4.180038e-02
5.564438e-02
5.391222e-02
6.493008e-02
8.160159e-02
7.605455e-02
9.077102e-02
5.300534e-02
8.082644e-02
6.609522e-02
6.358023e-02
7.106115e-02
5.638916e-02
9.983187e-02
6.173608e-02
7.565742e-02
8.253034e-02
9.616438e-02
7.693295e-02
6.773615e-02
8.335259e-02
8.186558e-02
5.364836e-02
5.968486e-02
6.908306e-02
6.953929e-02
6.331570e-02
7.175437e-02
5.270593e-02
8.252313e-02
5.724979e-02
4.813287e-02
5.225996e-02
6.560428e-02
