-5.726987e-03
-3.524120e-02
-3.817606e-02
-2.432380e-02
-4.718737e-02
-2.448551e-02
-2.029039e-02
-2.559153e-02
-3.481634e-02
-1.961617e-02
-2.095772e-02
-3.145484e-02
-3.523884e-02
-4.034684e-02
-1.529627e-02
-1.732066e-02
-2.791823e-02
1.393781e-02
-1.667887e-02
-4.755962e-02
-3.751319e-02
-2.314414e-02
-2.997392e-02
-2.923970e-02
-3.469990e-02
-2.797252e-02
-4.247506e-02
-4.739131e-02
-4.820560e-02
-8.944649e-03
-4.857448e-02
-4.159896e-02
3.416291e-03
-7.852260e-03
-3.890587e-02
-1.934563e-02
-3.473010e-02
-3.526349e-02
-3.914733e-02
-3.331465e-02
-1.998977e-02
-5.107291e-02
-1.906292e-02
-3.908551e-02
-5.814885e-02
-4.644638e-02
-5.137580e-02
-1.990225e-02
-1.042590e-02
-2.979097e-02
-5.690344e-02
-2.859837e-02
-4.797170e-02
-2.893410e-02
-3.669859e-03
-2.901604e-02
-3.990573e-02
-5.952752e-02
-3.292870e-02
-4.714820e-02
-3.651213e-02
-7.197753e-02
-3.274604e-02
-2.831973e-02
