7.166704e-03
6.366964e-03
6.509463e-03
7.840049e-03
8.283933e-03
4.748165e-03
7.645765e-03
1.016530e-02
5.398287e-03
6.624279e-03
7.154787e-03
5.408019e-03
6.634427e-03
4.343032e-03
7.063648e-03
9.669769e-03
8.670998e-03
5.655604e-03
4.880987e-03
8.606123e-03
5.912694e-03
5.082414e-03
6.614725e-03
7.534160e-03
7.907833e-03
7.979563e-03
4.574729e-03
5.629235e-03
5.869542e-03
6.937055e-03
7.252187e-03
7.591885e-03
7.734392e-03
5.728395e-03
6.798360e-03
6.477497e-03
7.338380e-03
6.275450e-03
5.929229e-03
8.301223e-03
5.814640e-03
6.681685e-03
7.041164e-03
7.839275e-03
6.396609e-03
8.209524e-03
6.516922e-03
5.707847e-03
6.386057e-03
6.147114e-03
5.511730e-03
8.260597e-03
7.681328e-03
5.416383e-03
6.873253e-03
6.807939e-03
5.614168e-03
7.983126e-03
5.924212e-03
6.983171e-03
4.034727e-03
5.024389e-03
5.082973e-03
7.233127e-03
