4.416356e-04
3.271784e-04
4.145175e-04
3.151959e-04
3.734373e-04
4.208831e-04
4.566881e-04
4.332177e-04
4.472785e-04
3.755436e-04
4.622559e-04
3.866629e-04
3.586780e-04
3.420046e-04
3.694885e-04
4.501445e-04
3.254692e-04
4.040115e-04
3.097101e-04
3.156976e-04
3.282239e-04
3.649846e-04
3.176946e-04
4.361651e-04
3.705181e-04
3.269849e-04
5.044546e-04
4.460693e-04
3.178352e-04
4.917026e-04
3.343531e-04
3.830578e-04
3.787386e-04
3.605109e-04
4.020163e-04
3.157777e-04
3.585805e-04
3.366388e-04
3.627512e-04
3.139018e-04
3.948187e-04
4.394985e-04
3.775589e-04
3.692083e-04
3.368068e-04
3.847414e-04
4.197758e-04
3.681095e-04
4.936871e-04
4.068069e-04
4.347430e-04
3.358735e-04
4.266105e-04
4.143902e-04
3.027732e-04
5.745793e-04
3.653937e-04
4.827630e-04
4.364809e-04
4.983216e-04
3.509165e-04
4.810370e-04
3.511144e-04
3.527291e-04
