-2.012361e-02
-2.405442e-02
-3.637115e-02
3.330365e-03
6.470262e-02
-6.409402e-03
2.204730e-02
4.879438e-02
3.532657e-02
-1.464567e-02
-3.108244e-02
-1.060655e-02
2.121149e-03
-1.850606e-02
1.813066e-02
4.263985e-02
-8.306446e-03
4.265101e-02
4.740286e-03
-4.213881e-02
8.266320e-04
-5.333572e-02
-1.278606e-02
-3.690239e-02
-4.731296e-02
-2.456940e-02
-2.825847e-02
5.585405e-02
6.320309e-02
1.036999e-02
3.863553e-02
5.905654e-02
3.921500e-02
-1.417272e-02
-2.853257e-03
-1.837399e-02
1.889976e-02
-1.743845e-02
-2.332013e-02
-1.200617e-02
-2.710445e-04
-1.457347e-02
-3.414598e-03
-2.083923e-02
-3.715920e-03
-1.679435e-02
-1.066831e-03
1.982909e-02
-3.504737e-02
-7.762650e-03
1.166879e-02
-5.246103e-03
-4.519179e-02
2.840851e-02
3.072524e-02
3.687301e-02
2.556492e-02
2.576176e-02
-9.562964e-03
4.227848e-03
-3.648740e-02
-1.607153e-02
-7.145767e-03
-7.372969e-03
-3.936602e-03
8.728896e-03
5.111120e-02
1.920807e-02
-2.620534e-02
4.795823e-02
2.763762e-02
-4.005060e-02
-4.642517e-02
-2.415029e-02
4.144375e-02
-1.964225e-03
-2.639629e-02
1.944946e-02
-4.825549e-02
-4.481594e-02
-8.915420e-03
3.027334e-03
-1.278624e-03
2.539231e-02
-3.337228e-03
6.249366e-04
-1.875557e-02
-2.213820e-02
2.894884e-02
1.919389e-03
2.032563e-02
-3.379034e-02
-1.905829e-02
2.396617e-02
-4.234048e-02
-2.715936e-02
2.031227e-02
-2.802803e-02
-4.474008e-02
-3.722988e-03
-1.367528e-02
3.649233e-02
-7.173222e-03
7.691593e-03
7.762880e-03
-1.743654e-02
1.076316e-02
1.364280e-02
8.070841e-03
-6.904192e-03
5.796093e-03
1.455888e-02
2.559928e-02
2.003156e-02
-3.608788e-03
-8.472624e-03
-3.700755e-02
-1.989042e-02
2.238187e-03
2.794404e-02
-1.095635e-02
-5.153465e-03
2.818421e-02
-5.629071e-02
3.981694e-02
-9.136626e-03
-3.557470e-02
1.464122e-02
-2.421161e-02
1.975932e-02
-2.166541e-03
3.538212e-02
-1.103778e-02
-9.306815e-03
1.740668e-02
1.983636e-02
-2.588185e-02
-4.005820e-02
2.328310e-02
-2.539277e-02
-3.674673e-02
-3.312412e-02
-5.145690e-02
-1.958902e-03
2.327927e-02
2.226038e-02
1.391461e-02
1.928794e-02
-9.782882e-03
-6.987597e-03
4.187835e-02
3.909278e-02
-1.837260e-02
1.408103e-02
-7.953648e-03
1.842219e-02
2.084254e-04
1.679921e-02
3.197806e-02
3.480457e-03
1.005520e-02
-2.068010e-02
-1.268950e-02
-1.595442e-03
-1.140525e-04
-3.315369e-02
-4.826099e-02
-3.844802e-02
-3.837593e-02
2.912368e-02
-6.450544e-03
-3.721427e-02
4.838466e-02
-1.155637e-02
2.865344e-02
5.599711e-02
1.499554e-02
-1.647557e-02
9.217052e-03
1.508906e-02
-8.433059e-03
-2.725629e-03
-7.061598e-03
1.673327e-02
5.441078e-05
-1.390468e-02
-4.157291e-03
-2.010533e-02
-1.756235e-02
2.638740e-02
1.967675e-02
2.505455e-02
2.024245e-02
2.539702e-02
1.142073e-02
1.268088e-02
3.530211e-02
-2.685223e-04
1.541866e-02
3.793199e-02
-2.475720e-02
1.539668e-02
7.321833e-03
8.155026e-03
2.115845e-02
-4.716085e-02
-1.510487e-03
4.957551e-02
7.340463e-03
2.059709e-02
3.337977e-02
-7.687703e-05
3.181573e-02
9.035386e-03
-2.320791e-03
1.799672e-02
3.748505e-02
-5.726439e-03
2.644757e-02
2.454412e-02
3.421853e-02
3.653995e-02
-3.123164e-02
-6.055527e-03
-1.271449e-02
-3.602053e-02
-2.988066e-02
-1.253896e-02
-2.532590e-02
-1.474602e-02
-4.064207e-03
-4.600286e-03
-6.413664e-03
-4.419437e-02
-1.520582e-02
1.667472e-03
1.632189e-02
-4.036115e-02
1.131582e-02
9.138549e-03
2.165867e-02
4.917251e-03
-3.095572e-02
-1.187395e-02
1.494413e-02
-1.220628e-02
-2.284543e-02
2.219211e-02
-9.493895e-03
-4.142180e-02
3.505342e-02
3.295373e-02
1.459821e-03
1.284003e-03
-9.094174e-03
2.861007e-02
-1.278355e-02
5.856857e-03
-8.936314e-03
-4.304457e-04
-4.013054e-04
4.346028e-03
-3.257368e-02
-6.627764e-02
-3.980946e-02
-4.268896e-02
-2.056265e-02
1.140782e-02
-1.947903e-02
4.905014e-03
-3.758824e-02
-3.124765e-02
5.928518e-03
2.697827e-02
7.621143e-03
-2.269640e-03
2.087070e-02
2.070336e-03
-2.641266e-02
2.301654e-02
1.743042e-02
4.215624e-03
1.433866e-02
1.255674e-02
-2.152782e-03
1.432024e-02
-3.606844e-02
-1.255656e-02
-2.287062e-02
2.276363e-02
3.926672e-02
-3.670268e-04
1.817159e-03
-1.982210e-03
-3.409704e-02
2.431939e-02
1.011049e-02
2.519386e-02
-1.771730e-02
-4.509152e-02
-7.591553e-03
-2.662826e-02
-6.699891e-02
6.447342e-03
-6.579661e-02
-6.091563e-02
1.444374e-02
-3.970393e-02
-2.442485e-02
9.034975e-03
7.065791e-04
-2.153873e-02
4.730327e-02
3.400805e-02
-1.853538e-02
-4.855440e-02
-5.258282e-02
-5.154897e-02
-1.758209e-02
-2.013540e-02
-3.102158e-02
1.027353e-02
-5.244836e-03
3.531182e-02
-1.490927e-02
1.196869e-02
-8.591187e-04
-6.017865e-03
8.476277e-03
2.493437e-02
-5.558569e-03
-3.788745e-02
2.676193e-02
-3.283558e-02
-5.757814e-02
-4.105531e-03
-5.514551e-03
-3.485239e-03
-2.142605e-02
-1.980901e-03
1.727064e-03
-4.618718e-03
-3.907400e-03
7.189567e-03
-1.980269e-02
-4.689025e-03
-7.150517e-03
-1.454971e-02
1.166835e-02
-5.476110e-02
1.690273e-02
1.471296e-02
1.239553e-02
-2.329006e-02
-1.124259e-02
-1.940687e-02
-2.872167e-02
2.009760e-02
5.022677e-02
1.542305e-02
3.254033e-02
1.756086e-02
-2.571519e-02
4.223698e-02
3.133400e-02
-3.222619e-02
1.847972e-02
5.287441e-02
-2.437021e-02
-9.897365e-03
-2.216449e-02
1.021029e-02
-4.526556e-03
-8.452594e-03
-1.420571e-02
-1.435138e-02
-5.569819e-02
2.289956e-03
-3.682130e-02
-1.560407e-02
-1.435697e-02
-2.613511e-02
1.347173e-02
3.335484e-02
2.020983e-02
-7.008538e-04
3.927960e-02
-4.409900e-02
-1.790786e-02
6.052610e-02
1.616810e-02
-5.090541e-03
5.989125e-02
1.494546e-02
9.346690e-03
5.379467e-02
-3.152796e-02
1.788118e-02
1.105508e-03
-1.711265e-02
3.329599e-02
1.156196e-02
-2.787632e-02
2.849822e-02
5.147234e-02
2.940897e-02
4.590332e-02
-3.424530e-02
1.243804e-02
-6.438415e-03
-5.132012e-03
-1.315778e-02
7.588023e-03
2.701704e-02
-1.521894e-02
2.111731e-02
2.386105e-02
4.799828e-03
2.772160e-02
-1.804753e-02
4.166640e-03
2.968025e-02
5.002122e-02
-1.264985e-02
-7.859234e-03
2.862343e-03
-2.351517e-02
2.696364e-02
-5.663748e-03
5.804420e-03
4.845334e-02
-3.489682e-03
-2.174313e-02
-1.828420e-03
-7.703444e-03
-9.856129e-03
1.900685e-03
1.566580e-02
1.054429e-02
-1.009151e-02
8.696965e-03
-2.495633e-02
-4.135252e-03
-2.802116e-02
-4.089449e-02
-1.672784e-02
-3.969850e-02
-2.201129e-02
-4.969884e-02
-6.311031e-02
3.514935e-02
2.560730e-02
-4.249413e-02
-1.950122e-02
-3.534937e-02
-3.019458e-02
-1.163932e-02
-4.511218e-02
6.491886e-03
-1.212179e-02
5.649103e-03
-1.209038e-02
5.635507e-03
-5.466050e-03
1.548425e-02
-1.368519e-03
-1.408135e-02
-5.645833e-03
-3.528535e-02
-2.457645e-02
5.764937e-03
-5.603597e-03
3.973716e-02
1.013719e-02
-2.724743e-04
2.639055e-02
5.910940e-03
2.685648e-02
2.039296e-02
-2.550871e-02
1.405680e-02
3.175170e-02
-2.298303e-02
2.222333e-02
1.348870e-02
7.840459e-03
2.183340e-02
1.385268e-02
2.199420e-02
1.445190e-02
1.038568e-02
2.217485e-02
-2.728940e-02
-2.977599e-02
5.904326e-03
1.272424e-02
3.689392e-02
-2.459107e-03
2.776262e-02
1.315379e-02
1.611523e-02
1.104989e-02
-2.616488e-02
6.232798e-04
1.324031e-02
3.317920e-03
-2.080381e-02
-5.466341e-03
-2.660435e-02
-3.934459e-02
-4.773372e-02
-2.733500e-02
-3.495827e-02
1.632168e-03
3.091827e-03
3.793472e-03
1.504222e-02
3.312821e-02
5.117150e-02
6.768900e-03
2.176884e-02
-6.317160e-03
7.486431e-03
1.412797e-02
5.418045e-02
2.167842e-02
-5.483766e-04
1.727983e-02
6.155032e-03
-7.358098e-03
9.295172e-03
4.094533e-02
4.217331e-02
-8.897761e-03
-5.295436e-03
-2.476843e-03
-3.414556e-02
-1.130375e-02
-1.319366e-02
-4.804162e-02
5.938121e-03
-1.795886e-02
-1.547223e-03
-1.912975e-02
2.051709e-02
2.786684e-02
2.473072e-02
-4.287092e-02
-4.607430e-03
-1.765569e-02
5.471534e-02
3.585242e-02
-1.124170e-02
2.539254e-03
7.942508e-03
1.237154e-02
1.592754e-02
3.898262e-03
-1.954590e-02
-1.759459e-02
9.915907e-03
-1.374959e-02
-2.244950e-02
2.812750e-02
3.908230e-03
-1.113518e-04
2.077862e-02
-3.544772e-02
2.010935e-03
-1.852295e-03
-9.772668e-03
-4.775717e-02
-1.885021e-02
-1.723063e-03
-1.843812e-02
-1.623207e-03
1.502031e-02
-1.542087e-02
1.953000e-02
5.418945e-02
-1.138448e-02
-4.065524e-02
3.215848e-02
1.667823e-02
3.037672e-02
-3.107885e-02
-2.136662e-03
1.286091e-02
3.423904e-02
-2.636725e-03
-2.705806e-02
1.097815e-02
-2.715525e-02
-2.736715e-02
-5.447108e-02
-6.526034e-02
6.508178e-03
-8.982763e-03
-4.760195e-02
-4.916801e-02
-9.215633e-03
-3.836481e-02
1.004401e-02
1.007746e-02
-1.046557e-02
-2.268498e-02
-2.880144e-02
-2.393765e-02
-3.412713e-02
-4.143223e-02
3.924155e-03
-2.262552e-02
3.171571e-02
6.348017e-03
1.050678e-02
-1.391217e-02
2.613983e-02
-3.281531e-02
2.506948e-03
-2.662505e-02
-8.592972e-04
5.351906e-02
-1.744503e-02
1.951537e-02
-2.505614e-02
-1.117265e-02
-1.603025e-02
1.857421e-02
3.528478e-02
5.805333e-02
-2.008096e-03
-1.140059e-03
-4.057350e-02
5.373547e-02
4.352422e-02
-5.334428e-02
-2.013907e-02
4.594728e-02
1.092933e-03
-1.943799e-02
3.004268e-02
2.130345e-02
2.953792e-04
-9.438060e-03
-6.074624e-02
1.653584e-03
8.393073e-03
-4.225729e-02
3.294308e-04
1.132635e-02
1.123781e-02
1.826995e-02
-4.597596e-02
2.992230e-02
-3.710260e-02
-2.555105e-02
9.408141e-03
-1.498553e-02
-1.608322e-02
3.809549e-02
2.814254e-02
1.079634e-02
2.919395e-05
-2.012343e-02
-1.054015e-03
-2.364494e-02
-1.832106e-02
2.483194e-02
-4.009046e-02
2.650361e-02
-5.642021e-03
-2.430931e-02
1.770299e-02
6.938220e-03
-9.737046e-03
3.139141e-03
1.921862e-02
1.006366e-02
1.168513e-02
-3.622322e-02
-1.035456e-02
7.758549e-03
-3.988054e-02
-7.284917e-02
2.330588e-02
3.648381e-03
-2.766051e-03
4.475668e-02
3.775081e-02
1.925820e-02
-1.935418e-02
-2.746563e-03
-1.264452e-03
-4.711061e-02
-8.828489e-03
2.617612e-02
2.944198e-02
-7.588916e-03
8.061031e-03
2.882535e-02
1.972640e-02
4.367550e-02
-3.787229e-02
2.333179e-02
-1.576995e-02
-6.042936e-02
2.680124e-02
9.513704e-03
-3.057609e-02
-7.136148e-02
2.143004e-02
1.197186e-02
3.962591e-02
-2.840523e-02
-3.517654e-04
3.510278e-02
2.602910e-02
1.870749e-02
2.121636e-02
3.542029e-02
-9.179533e-03
-1.267951e-02
8.574877e-03
-6.194434e-04
-1.306821e-02
-3.223954e-02
-2.938571e-03
-5.589420e-03
2.079332e-02
2.074063e-03
-9.595892e-03
-2.634112e-02
1.882111e-02
-2.811449e-02
-6.248132e-03
-1.585076e-02
-1.968179e-02
-3.135921e-03
-1.629393e-02
-2.350784e-02
-3.471840e-02
-1.597852e-02
2.818300e-02
-1.572811e-02
-4.435642e-02
-5.772262e-03
3.028842e-02
-6.941481e-03
1.077780e-02
1.947909e-02
-3.919595e-02
-6.643365e-05
2.528260e-02
-2.047036e-02
-1.694622e-02
8.430190e-03
3.404801e-02
4.744864e-04
3.877778e-02
2.314433e-02
2.968356e-02
-6.642535e-03
-3.093883e-02
1.961138e-02
3.782537e-03
1.950336e-02
1.881057e-03
1.785500e-02
2.743766e-02
2.552707e-02
-1.044670e-02
4.102988e-03
-4.033743e-02
-1.432743e-02
6.401560e-03
-1.151067e-02
1.847827e-02
1.512178e-02
2.026010e-02
-3.054610e-02
1.309869e-02
2.645882e-02
1.453561e-02
7.632714e-03
-9.127685e-03
-2.773856e-02
1.338476e-02
-4.493895e-03
1.300843e-02
-2.166737e-02
-1.556080e-02
4.751384e-02
-1.247269e-02
2.124546e-02
8.190210e-03
-1.546061e-02
9.642607e-03
-2.092731e-02
2.673744e-02
6.941700e-02
7.606634e-03
3.291959e-02
2.706044e-02
1.512568e-03
3.155782e-02
-5.040031e-03
-1.880633e-02
-2.958923e-04
1.662282e-02
-1.274497e-02
4.014126e-04
3.339403e-02
8.721322e-03
6.224767e-02
2.261376e-02
2.336322e-02
2.981340e-02
1.893216e-02
-2.800209e-02
3.060381e-02
2.619632e-02
-1.362518e-02
8.509024e-03
-8.982363e-03
-1.686112e-02
1.421247e-02
-8.485527e-03
1.731298e-03
1.809104e-02
3.018722e-02
8.704668e-03
5.161243e-02
3.821209e-03
-5.657575e-03
-2.668819e-03
2.477815e-03
1.440610e-02
-1.230231e-02
6.412724e-02
1.504958e-02
-8.009368e-03
-1.043707e-02
-1.448265e-02
-5.288065e-02
-1.587002e-02
-6.836101e-03
9.940183e-03
4.850574e-02
2.115220e-02
8.461837e-03
5.248599e-02
5.142564e-02
-3.514684e-02
-5.905004e-03
-9.409809e-03
2.265462e-03
1.030175e-01
5.451697e-02
-7.373190e-03
4.260862e-02
5.060003e-02
2.811590e-03
1.933632e-02
-1.080104e-02
-1.849795e-02
9.101529e-03
9.023600e-03
-1.515222e-02
5.165926e-02
2.328976e-02
1.739503e-02
-2.832585e-02
-1.270636e-03
3.671993e-02
2.676750e-02
-7.779999e-03
-6.174442e-03
1.150835e-02
3.207823e-02
-5.865221e-03
1.755746e-02
-1.396309e-02
6.840042e-03
-1.504817e-02
-4.177754e-04
-5.492512e-05
-9.255002e-03
-2.331050e-02
1.303807e-02
1.989640e-02
-4.184697e-03
-3.912550e-03
-2.573928e-02
-4.447256e-02
-3.308031e-02
-3.393681e-02
-1.857302e-02
-2.469625e-02
-1.531307e-02
-1.134296e-02
-5.955193e-02
-3.351873e-02
1.973792e-03
-6.278770e-02
-5.000759e-02
-2.340658e-02
2.948919e-03
-4.606373e-02
-3.387958e-02
1.332581e-02
-7.243169e-03
-3.035773e-02
-9.705163e-04
-1.649801e-02
-3.616231e-03
-8.737839e-03
6.093062e-03
5.144306e-03
5.739513e-03
6.645395e-03
3.320197e-02
2.255697e-04
-3.817472e-03
-1.510798e-03
1.169826e-02
-3.322511e-02
9.094121e-03
-1.074174e-02
9.782430e-04
3.417334e-03
-2.869990e-02
-2.650613e-02
-6.182065e-03
-2.757929e-02
-2.005514e-02
6.695304e-03
8.007825e-03
2.224471e-02
8.359046e-03
2.103434e-02
3.528081e-02
2.222937e-02
1.396814e-02
3.427923e-03
-1.313740e-02
4.181783e-02
-2.201203e-03
-2.416467e-03
5.612627e-02
1.557092e-02
-1.952642e-03
3.167038e-02
-4.236844e-03
7.504670e-03
1.011757e-02
-4.190711e-02
-1.275795e-03
-3.887090e-03
-1.793478e-03
-2.405153e-02
-2.507259e-02
-2.062749e-02
-2.699570e-03
1.945897e-02
2.694393e-02
-2.068867e-02
4.487716e-02
-1.415238e-02
-1.351870e-02
-1.975103e-02
1.456646e-03
-2.216515e-02
2.205811e-02
4.932507e-02
3.775557e-02
-2.196548e-02
-1.562031e-02
2.218057e-03
-2.455679e-02
-3.192752e-02
-1.089393e-02
-1.430535e-02
6.221595e-03
3.361251e-04
-1.569779e-02
2.401411e-02
4.598151e-03
6.160404e-03
3.026821e-02
-1.868618e-03
-1.282010e-02
-1.371189e-02
1.606361e-03
-1.473343e-02
9.950034e-03
1.604349e-02
-3.463068e-02
4.377579e-03
-2.197131e-02
-3.135705e-02
-4.565041e-02
6.627733e-03
5.159747e-03
-3.457506e-02
-5.669319e-02
3.644323e-02
-3.207252e-03
-6.729479e-03
1.182339e-02
-1.246010e-02
2.687008e-02
-1.093036e-02
-1.028953e-02
4.826412e-02
2.128080e-02
4.523538e-02
3.038624e-02
-1.423659e-02
2.679134e-02
-1.348850e-02
3.202866e-02
6.274073e-04
-1.628275e-02
3.600770e-04
1.198703e-02
-9.869246e-03
1.033465e-02
-3.479510e-02
-4.318932e-02
3.331034e-02
7.233491e-03
1.699799e-02
1.012342e-02
-7.964749e-05
3.286487e-03
-5.062606e-02
-2.225097e-02
-3.394861e-02
-2.617881e-02
-7.921875e-02
-3.271465e-03
-4.573578e-02
-3.198830e-02
-5.133788e-02
1.988112e-02
-2.699786e-02
-1.353833e-02
-1.317239e-03
-4.498176e-02
-4.431928e-02
6.986325e-03
-6.382356e-03
-2.010479e-02
-1.939045e-02
-7.405702e-03
2.099207e-02
5.895426e-03
2.556411e-02
-2.349590e-03
-2.380208e-02
2.619578e-02
4.004384e-02
-8.419976e-03
-2.730748e-02
-1.343645e-03
6.037960e-04
2.022214e-02
1.459390e-02
-3.528274e-02
1.356566e-02
-2.562825e-02
3.278076e-02
1.877734e-02
-6.617185e-03
2.221350e-03
-8.509269e-04
-6.654386e-05
-2.148120e-02
2.251788e-02
3.991158e-04
4.356425e-02
-3.837137e-03
2.501770e-02
2.111952e-02
3.048462e-02
4.152087e-02
1.686103e-02
2.636977e-02
-1.047249e-02
1.617397e-02
5.536490e-03
1.838914e-02
1.802698e-02
-4.702275e-02
-1.436829e-02
3.848111e-02
-2.867302e-02
3.489050e-02
-2.845356e-03
-7.489042e-05
-3.693999e-03
-1.336220e-02
2.374404e-02
-5.137046e-03
-1.256637e-02
3.185748e-03
3.412070e-03
-6.493197e-03
-8.331952e-03
3.203407e-02
-2.479801e-02
1.896510e-03
1.504968e-02
1.409247e-02
-8.581188e-03
-5.895764e-02
-3.471362e-02
-3.073412e-02
-5.071667e-02
-6.089386e-03
-6.735401e-02
-5.602620e-02
-1.265234e-02
-5.807364e-02
-5.652351e-02
-1.587126e-03
2.204940e-02
-9.865788e-04
3.975859e-03
2.010934e-02
-1.544463e-02
-5.423615e-03
-3.290774e-02
-3.276259e-03
-9.796932e-03
8.425293e-03
5.715098e-03
2.642195e-02
-1.265481e-02
8.058311e-03
-3.013764e-02
3.056215e-03
5.067873e-02
3.304333e-03
-7.604196e-03
-1.395048e-02
-1.153084e-02
3.581937e-02
-2.581296e-02
1.721508e-02
-9.474529e-03
2.007978e-03
-3.058380e-03
4.453845e-02
-3.000667e-02
-2.889321e-02
-1.328080e-02
8.462801e-03
9.654005e-03
-1.601015e-02
-1.523257e-02
-1.731008e-03
3.059074e-02
5.363997e-02
3.990112e-02
-1.510872e-02
-1.719707e-02
5.985121e-02
1.598775e-02
9.434206e-03
-4.702333e-02
6.004105e-03
-1.235523e-02
-3.248466e-02
4.192172e-02
3.623134e-04
-1.638818e-02
1.998586e-02
-7.258301e-03
1.203313e-02
2.516203e-02
2.922913e-02
-1.743772e-02
-4.009796e-03
-9.869711e-03
-3.177922e-02
-1.182646e-02
-1.657279e-02
1.693453e-03
1.393235e-02
2.229835e-02
1.435036e-02
-2.363914e-03
-1.121253e-02
-7.435560e-03
-4.625298e-02
-1.231764e-02
-2.075721e-02
-1.195231e-02
-3.909210e-02
-3.235943e-02
-7.050349e-03
-1.904119e-02
-1.360679e-02
-4.560250e-03
4.092243e-02
-1.194555e-02
-1.784586e-02
-6.188779e-02
2.978891e-02
-1.208312e-02
-5.894821e-03
8.520459e-02
4.359473e-02
-5.987243e-03
1.205371e-02
4.123810e-02
1.777239e-03
-5.310394e-02
-3.058920e-02
2.272656e-02
-2.398501e-02
-4.616494e-03
2.146813e-02
1.375824e-03
3.546442e-02
-1.982860e-02
-4.942096e-02
-3.176084e-02
-6.465671e-02
-3.057310e-02
2.302610e-02
-2.877964e-03
2.517259e-02
-2.152831e-03
2.030817e-02
-3.231150e-02
3.577142e-03
-1.865872e-03
-4.062954e-02
-4.491425e-02
-2.221769e-02
-9.022155e-03
2.570158e-02
-1.099339e-02
3.755959e-03
2.173281e-02
-2.299506e-03
-2.996152e-02
1.017248e-02
-7.340492e-03
-2.084641e-02
-1.361808e-02
4.429498e-03
1.910588e-03
4.008118e-03
6.463407e-03
-5.201806e-03
4.565993e-02
-3.171716e-03
2.588785e-02
1.539495e-02
4.353400e-02
-2.546384e-02
-2.817333e-02
-5.204131e-02
-4.820536e-02
-3.381467e-02
-1.752189e-02
3.000376e-02
3.348180e-02
1.748127e-02
-1.353394e-02
5.254553e-02
-2.562409e-02
-1.394596e-02
7.530705e-03
-3.828232e-02
-4.752410e-03
3.460143e-02
1.231296e-02
2.946630e-02
2.069075e-02
-1.231221e-02
-1.917347e-02
-1.145823e-02
8.343790e-03
2.255635e-02
5.840478e-02
-6.718707e-03
2.512720e-02
1.683637e-02
-2.400857e-02
-3.466928e-04
-1.175582e-02
9.013328e-03
-1.444621e-02
-3.948629e-02
-4.379074e-02
1.601310e-04
-2.050082e-03
-1.313757e-02
-1.649026e-02
-3.467715e-02
6.571496e-03
-2.066579e-02
4.136103e-02
-3.457116e-02
-5.208822e-02
3.054200e-02
1.552078e-02
-1.182600e-02
3.185577e-02
-1.379024e-02
1.996343e-02
2.773765e-03
8.566786e-03
-1.285880e-02
1.929864e-02
3.036080e-02
1.036871e-02
9.260346e-03
-1.501155e-02
-3.571310e-02
-4.797686e-02
-1.163568e-02
-4.668741e-02
-2.204421e-02
-5.113049e-02
-4.421123e-02
-4.358955e-02
-4.545322e-02
3.368817e-02
7.132258e-03
4.354928e-02
3.149482e-03
1.821938e-02
-7.944745e-03
-3.627621e-02
2.052007e-02
1.952937e-02
-2.325222e-03
2.602665e-02
2.356234e-02
-1.045362e-02
8.224309e-04
7.839113e-03
7.992151e-03
1.889137e-02
-1.138156e-02
2.316587e-02
3.192101e-02
-2.093606e-03
3.456164e-03
2.407145e-02
1.217036e-02
-2.128578e-02
-2.929294e-02
1.443972e-02
-2.704068e-02
-2.577284e-02
-3.128509e-02
-2.625218e-03
-2.103807e-02
-1.127333e-02
3.446344e-02
-3.341091e-02
1.083072e-03
-7.158340e-03
4.344922e-03
-1.861963e-03
-2.281206e-02
-2.569558e-02
-2.214886e-02
-2.490113e-02
3.151535e-02
1.742909e-02
-1.247308e-02
-2.524046e-02
2.036184e-02
-3.561283e-02
-5.685481e-02
-3.239010e-02
-5.718273e-02
-5.042175e-02
-1.840215e-02
6.003022e-04
1.575107e-02
2.843654e-02
3.964838e-02
2.350496e-03
-3.828924e-02
-1.562737e-02
-1.640198e-02
-4.293817e-02
1.447837e-02
-2.246773e-02
-2.157957e-02
1.012801e-02
-3.196996e-02
-2.640739e-02
1.716821e-02
-8.894064e-03
2.616995e-02
-3.172890e-02
-6.232887e-02
-5.635433e-02
-4.569621e-02
-9.969768e-02
-6.812757e-02
-3.296651e-02
-3.628027e-02
5.736426e-03
4.089341e-02
-3.173738e-03
-2.844889e-02
2.755811e-02
5.706527e-03
-1.169802e-02
-9.892818e-03
-3.415363e-03
2.584504e-02
3.481059e-02
-1.825439e-03
-6.697822e-03
5.984513e-03
-1.260190e-03
-1.234233e-02
1.446903e-02
2.814969e-02
-9.847778e-03
-6.704675e-03
5.775022e-02
9.647823e-03
-1.843470e-02
-6.373898e-03
-4.619244e-02
-1.025617e-02
2.911482e-02
1.841463e-02
-2.746573e-02
-4.213028e-02
1.495471e-02
-1.899571e-02
5.669344e-03
2.986609e-02
-2.024336e-03
3.373307e-04
2.619615e-02
-6.539785e-02
-2.017145e-02
-1.741552e-02
9.799993e-03
-1.538175e-02
-5.339681e-03
1.301438e-02
1.714147e-02
-2.524665e-03
-4.664537e-03
-2.516254e-02
-3.629785e-02
3.784904e-03
-1.994083e-02
-2.571497e-02
-1.112932e-02
-3.824968e-03
-2.510950e-02
1.998426e-02
2.386990e-02
-6.176793e-02
2.099669e-02
2.132973e-02
-1.427755e-02
1.691663e-02
4.097633e-02
-2.282947e-02
8.444722e-03
9.827665e-03
-4.363835e-02
-2.215710e-02
-2.240385e-02
9.831678e-03
-3.586987e-03
-1.826350e-02
-2.239511e-02
6.246005e-02
5.459398e-02
-6.899187e-03
-1.837257e-02
1.842814e-02
-1.165801e-02
-4.465966e-02
-3.986718e-02
-2.227262e-02
-2.749168e-02
-1.617253e-02
2.396032e-02
-1.070136e-02
2.978269e-03
6.560452e-02
-3.073809e-02
1.749780e-02
9.507959e-03
-2.113663e-02
-1.983945e-02
2.194638e-02
1.529680e-02
-3.717677e-02
-2.562260e-02
-1.504425e-02
3.992467e-03
-1.020457e-02
3.163622e-02
2.519921e-02
4.995455e-04
3.823465e-02
3.199797e-02
1.329247e-03
8.933180e-02
2.136203e-02
8.994821e-03
7.948942e-03
-3.674158e-03
-4.688935e-02
4.235113e-02
1.641585e-02
-1.240583e-02
4.472141e-03
-2.752222e-02
-1.160298e-02
2.358429e-02
1.776488e-02
-5.745556e-03
3.001267e-02
1.618691e-02
-1.017469e-02
3.045720e-02
-2.455580e-02
9.055389e-03
-2.650367e-02
2.516961e-02
2.432986e-02
1.052461e-02
4.388738e-02
2.496549e-02
1.149359e-02
9.374784e-03
2.067470e-02
-1.424441e-03
-1.761726e-02
-1.790499e-03
1.536295e-02
8.882344e-03
1.306618e-02
9.183512e-03
2.100474e-02
-8.480633e-03
-1.212548e-02
-2.178101e-02
4.832906e-04
3.113711e-02
-2.501732e-02
-4.447091e-03
3.427998e-03
-4.757981e-03
1.664829e-02
1.890852e-02
-3.709278e-02
-8.135918e-02
1.109711e-02
2.128851e-02
-1.911810e-02
4.991835e-02
5.287281e-02
-8.607362e-03
-1.704426e-02
1.199102e-02
2.412868e-02
-1.409148e-02
1.328380e-03
2.606817e-02
2.433010e-02
-4.144711e-03
-6.967507e-03
1.430831e-02
-3.344927e-03
1.644053e-02
-1.850666e-03
8.054009e-03
6.115725e-02
-3.276329e-02
-2.524098e-02
1.245900e-02
-3.679059e-02
4.933448e-02
1.765384e-02
7.191129e-03
1.178662e-02
-4.801679e-03
-2.939147e-02
-6.964487e-03
6.045616e-03
3.923611e-03
2.159968e-02
-8.538261e-03
4.946532e-03
1.315651e-03
-2.519588e-02
-5.189623e-03
1.776053e-02
-4.054941e-03
-3.699034e-02
-3.059131e-02
-9.777639e-03
-7.283614e-03
-2.303442e-02
-3.618048e-02
5.169365e-02
-1.021514e-02
6.971929e-03
-5.190259e-02
-3.412353e-03
1.764330e-02
3.021080e-02
4.892660e-02
-9.692596e-03
-3.377498e-03
-5.438334e-03
-1.227028e-02
-1.247835e-02
-1.067998e-02
-2.715175e-02
-3.027085e-02
6.954762e-03
-2.381491e-02
-8.106803e-04
2.482139e-02
-1.269094e-02
-2.392612e-04
2.554632e-02
1.193362e-02
1.001915e-02
4.212827e-02
9.311919e-03
2.062594e-02
-3.572820e-04
-3.148986e-02
-1.109761e-02
-9.087722e-03
-5.504978e-02
2.433202e-02
-2.348110e-03
-2.124305e-02
1.719730e-02
-3.748890e-02
4.072847e-02
-1.797276e-02
3.152094e-02
2.273371e-02
-6.534110e-03
9.004273e-03
-2.109702e-02
-8.864889e-02
-2.466754e-02
-2.704304e-02
2.292405e-02
-5.517131e-03
-8.757274e-03
1.985593e-02
3.163795e-02
1.683844e-02
2.782701e-02
9.964495e-03
-2.311419e-03
-5.258496e-03
-9.689508e-03
-1.835574e-02
-2.145004e-02
-1.065999e-02
-4.491237e-02
6.824580e-03
-2.905088e-02
-2.499411e-02
-1.395358e-02
7.771699e-03
-1.770574e-02
2.166620e-02
1.705296e-02
3.613891e-03
4.412912e-03
4.362324e-02
-3.897514e-03
-4.737962e-03
9.007514e-03
-5.348652e-02
-1.861502e-02
-3.996703e-02
-1.269976e-02
-3.072319e-02
-2.153595e-02
-4.390199e-02
-3.062406e-02
-7.342381e-02
-3.462580e-03
3.136571e-04
-1.964091e-02
1.107118e-02
-4.976951e-04
3.081030e-02
2.387277e-02
-1.910475e-02
-2.189214e-02
-9.089952e-03
-3.008304e-03
4.103880e-02
1.853433e-02
3.546766e-02
4.016158e-02
3.320567e-03
-7.127308e-03
-3.565978e-02
-1.389230e-02
-1.778560e-02
-3.231489e-02
-9.363070e-03
-1.275211e-03
-4.359852e-03
-5.818985e-02
8.498874e-03
1.144156e-02
-6.045916e-04
-2.094557e-03
-3.005903e-02
-3.057506e-02
1.017765e-02
2.704383e-02
6.902611e-02
-5.617585e-02
-6.355593e-02
-1.915709e-02
4.629088e-02
5.427014e-02
2.963193e-02
-1.409055e-02
-3.884315e-02
3.096891e-02
2.154502e-02
-1.969489e-02
5.161364e-03
2.324638e-02
4.579698e-02
2.150058e-02
2.905093e-02
-2.823882e-02
-4.396756e-02
-2.216411e-02
-3.497537e-04
-4.860566e-03
-7.727085e-03
4.522644e-02
1.189492e-02
5.571771e-03
-2.716844e-03
-1.210199e-02
-2.479224e-02
-3.898256e-03
1.048939e-02
-4.118452e-02
-1.184587e-02
-1.599230e-02
2.695887e-02
-5.131972e-03
-2.660232e-02
-6.840554e-03
3.653385e-02
7.960736e-03
1.489032e-02
2.381838e-02
3.886520e-02
-2.041361e-02
-3.083922e-03
2.290267e-02
-1.595198e-02
-1.633266e-02
-2.658276e-02
-4.621692e-04
-9.577409e-03
7.490173e-03
5.122811e-02
3.826570e-02
1.923826e-02
-4.322681e-02
-3.318046e-02
-1.037210e-02
2.826606e-02
3.239301e-02
3.632347e-02
-1.439192e-02
-4.941317e-02
-8.541697e-03
2.316911e-02
3.017561e-02
-2.414818e-02
-1.508000e-02
-9.336503e-03
2.881859e-03
-4.963898e-02
1.098670e-02
1.024482e-02
-1.614651e-02
-4.337880e-03
1.416987e-02
-1.299395e-02
-4.511562e-03
2.188648e-02
-5.552106e-04
2.580205e-04
-2.467598e-02
-2.396208e-02
3.262666e-02
-1.083369e-02
-6.830928e-03
6.855035e-02
2.297751e-02
-3.033105e-02
-4.660467e-03
-2.108886e-02
3.450669e-03
-1.939590e-02
-2.886088e-02
-1.477439e-02
4.230914e-02
1.350667e-02
-1.537956e-03
-6.942729e-03
-6.198513e-03
7.661119e-03
-2.717628e-02
1.969485e-03
1.355826e-02
-2.423897e-02
1.084141e-02
-1.756171e-02
1.056162e-02
3.587041e-05
-2.152862e-02
-1.776214e-02
-2.240722e-02
-4.421025e-02
-1.700858e-02
-1.808441e-02
-3.345378e-02
-2.352403e-02
-2.774410e-02
9.388690e-03
-7.938748e-04
2.687900e-02
3.085822e-02
1.443469e-02
-6.652038e-03
-3.839034e-02
-6.087260e-02
-4.079716e-02
2.621790e-02
2.064252e-02
3.086963e-03
-2.024613e-02
-1.212007e-02
3.025207e-02
2.543514e-02
-6.524725e-03
-3.096887e-03
-5.151205e-03
-3.255973e-02
-6.231022e-04
1.107319e-02
-3.438990e-02
1.597727e-02
2.280994e-02
-6.352971e-02
-1.704383e-02
-1.096566e-02
1.065877e-02
-1.293145e-02
-2.153188e-02
5.487624e-03
3.796670e-02
-1.929691e-02
-1.487279e-02
-2.626731e-02
4.189299e-02
2.055107e-02
-1.516042e-02
4.826538e-02
1.245781e-02
-1.860601e-02
-3.482600e-02
-2.960840e-02
-2.099454e-02
-1.175283e-02
4.834914e-03
-1.665059e-02
-2.066944e-02
4.201284e-03
-2.709070e-02
2.365566e-03
1.751109e-02
-1.256975e-02
2.012457e-02
7.492636e-02
3.544728e-02
1.040175e-02
1.231787e-03
2.702108e-02
-3.087201e-02
-1.133250e-02
-3.730845e-03
-1.462825e-02
-5.646568e-02
-2.996689e-02
-2.597365e-02
-6.742117e-03
2.301485e-02
-2.092801e-02
-5.119608e-03
4.444009e-02
-2.631815e-02
-4.188444e-02
-1.785866e-02
-3.352827e-02
-3.022523e-02
-1.816079e-02
-1.308958e-02
-2.136341e-02
1.333472e-02
-1.855964e-02
-1.105264e-02
3.493303e-02
4.271038e-04
-8.444944e-03
2.658620e-02
6.143432e-03
8.437392e-03
1.260350e-02
2.249296e-03
2.333628e-03
2.374762e-02
9.262514e-03
2.049773e-02
4.747665e-02
1.863886e-02
9.752283e-03
-2.167438e-02
4.767093e-02
-8.806395e-03
-2.042771e-02
-2.459672e-02
-4.137956e-02
-2.964001e-02
5.396723e-03
-2.201288e-02
1.003799e-02
-1.436240e-02
-2.655821e-02
5.534682e-03
-2.540916e-02
-2.139092e-02
-1.923586e-02
1.320367e-02
-2.209373e-02
-2.714226e-02
-2.269755e-02
-1.917809e-02
3.337357e-02
-3.869447e-02
5.143067e-04
4.322971e-02
-3.514852e-02
-2.256019e-02
6.283477e-03
2.880731e-03
-3.788542e-02
2.224361e-02
-1.877955e-02
-1.886651e-02
1.606101e-02
-1.514322e-02
-6.910058e-03
3.258193e-03
1.806941e-02
3.075429e-02
-8.139625e-03
4.250028e-03
6.238664e-02
-3.374453e-02
-9.807086e-03
5.799694e-03
1.561568e-02
3.315058e-02
-3.216491e-02
-1.840734e-02
3.756775e-02
-5.643225e-03
1.206057e-03
-8.702064e-03
-2.839291e-02
-1.018500e-02
7.425552e-03
1.853259e-02
5.219258e-02
1.011168e-02
-3.686384e-02
-1.182961e-02
-5.557306e-02
-3.381036e-02
-4.683219e-02
7.534194e-02
-9.312453e-03
-6.857330e-03
2.666693e-02
-5.164516e-02
-3.253951e-02
7.794001e-03
-1.878150e-02
1.913989e-02
6.677988e-03
2.074984e-02
1.459668e-02
-1.165198e-02
1.889040e-02
4.860759e-03
-1.695138e-02
-2.719894e-02
-1.945255e-02
-1.662651e-02
8.273859e-03
4.174605e-03
6.122498e-02
-7.069728e-03
-4.611026e-02
-3.204297e-02
-2.981492e-02
-2.996702e-02
-9.668133e-03
2.042695e-02
4.598317e-02
-8.795449e-03
-4.624749e-02
3.332241e-02
-3.214478e-02
-3.888227e-02
-3.206867e-02
2.275924e-02
-6.441189e-03
2.169841e-02
-5.050401e-02
-4.071260e-02
-5.090920e-02
-2.612686e-02
-3.282170e-02
-3.932013e-02
1.643365e-02
-2.720945e-02
-9.099795e-03
7.752359e-05
-2.157679e-02
-5.550689e-02
1.762559e-02
3.097118e-02
-2.858796e-02
7.517346e-03
1.773533e-02
-6.788841e-03
1.314109e-02
4.339417e-02
1.104795e-03
5.147937e-02
-1.218627e-03
-1.968297e-02
-2.088333e-02
9.493692e-03
-2.680573e-02
3.980373e-03
1.257361e-02
-7.094100e-04
6.965045e-03
5.102369e-03
-4.701108e-02
1.084179e-02
-3.886017e-02
-8.563697e-03
2.165351e-02
-4.817803e-03
2.310344e-02
1.643647e-02
-2.387372e-03
-2.074705e-03
1.946577e-02
-8.396043e-03
1.039713e-02
-7.167743e-04
-3.187010e-03
3.944897e-03
-2.756750e-02
1.231077e-02
5.992278e-03
-4.519949e-02
-3.123714e-02
-2.472211e-02
-3.399818e-03
-1.157328e-02
5.787735e-03
2.230686e-02
-1.431260e-02
5.110006e-02
3.820537e-02
-8.525653e-03
-3.785254e-02
-1.542747e-02
-3.530974e-02
-4.497429e-02
-1.372845e-02
-7.738303e-03
-7.705708e-03
-5.882373e-04
-2.071304e-02
2.804413e-03
-2.402592e-02
-2.767666e-02
-2.605494e-02
-3.935050e-02
1.132316e-03
9.059848e-03
-3.177334e-02
-3.914128e-02
-2.737637e-02
1.882791e-03
9.850055e-03
-8.687003e-04
5.220336e-03
1.202722e-02
-2.414424e-02
-7.713537e-03
2.194032e-02
3.930146e-02
2.972059e-02
4.852084e-02
6.944312e-03
-4.870486e-03
7.636215e-04
5.709774e-03
-3.622938e-03
-1.747277e-02
-1.004859e-02
-3.955321e-02
-4.016006e-02
-2.247533e-02
1.946084e-02
-2.002520e-02
-1.503121e-02
-2.399158e-02
2.494592e-03
2.288377e-02
1.086948e-02
3.898818e-03
1.705472e-02
3.611017e-02
6.714116e-03
-7.347163e-02
-2.900778e-04
-3.286415e-02
-1.969139e-02
-3.909649e-02
-4.394660e-02
-1.969396e-02
-3.204230e-02
-3.512699e-03
2.586448e-02
-3.723108e-02
1.816435e-02
1.596954e-02
-9.078205e-03
-4.718690e-02
1.649478e-02
-5.085894e-02
-2.408928e-02
9.565671e-03
1.573643e-02
-7.926544e-02
-4.789729e-03
-4.014591e-02
4.247529e-03
-8.001883e-03
-2.130503e-02
4.581411e-02
-4.992506e-02
3.752103e-02
-7.837554e-03
-7.637748e-03
2.246109e-02
-2.375315e-02
1.117929e-02
-1.386953e-02
4.730784e-02
2.371090e-03
-4.387730e-02
-1.849015e-02
-1.106907e-02
-2.107503e-02
-4.170778e-02
-2.176139e-02
-2.778495e-02
-1.490953e-02
-3.392056e-02
2.685862e-03
-1.890835e-02
-2.845676e-02
1.917678e-02
-1.977654e-02
1.039822e-02
7.411779e-03
5.396457e-02
-3.194509e-02
-4.244667e-03
1.884207e-02
-3.346456e-03
-1.601537e-02
1.279944e-02
-2.731165e-02
2.606768e-02
-1.323602e-02
-3.045189e-02
-2.797572e-02
2.518636e-02
1.959175e-02
8.766270e-04
-2.503531e-03
-9.980390e-03
-4.777893e-02
-6.369158e-02
3.689022e-02
2.744197e-03
6.387097e-02
2.326128e-02
-9.333143e-04
-7.981238e-03
-3.235762e-02
-1.002992e-02
-5.469222e-02
1.950149e-02
-8.959325e-03
-2.862781e-02
-4.975021e-02
-3.701023e-02
-8.135994e-02
1.060474e-02
1.857607e-02
4.487066e-02
6.776286e-02
-1.347792e-03
2.187518e-02
-4.796774e-03
-1.385953e-03
2.141433e-03
1.845307e-02
4.309403e-03
-9.583125e-03
6.543100e-02
-5.539581e-02
-4.589611e-02
7.223254e-03
4.802276e-02
-3.237144e-02
-9.965683e-03
2.928230e-04
1.211706e-03
-3.380295e-02
3.365118e-02
-2.672314e-03
1.268341e-03
8.368334e-02
9.468978e-03
-4.030358e-03
-2.540890e-02
3.225659e-02
-1.437464e-03
-2.507297e-03
-2.214263e-02
-1.065366e-02
-1.569448e-02
1.214732e-02
2.453928e-02
-2.300130e-02
-6.061790e-03
2.506386e-02
1.415601e-02
-9.152877e-03
-1.827368e-02
-4.061038e-02
2.900309e-02
3.077226e-02
-9.546813e-06
1.351995e-02
2.440702e-02
