1.138396e-01
1.253813e-01
1.456548e-01
1.404811e-01
1.442617e-01
1.285032e-01
1.128992e-01
1.398255e-01
1.347435e-01
1.569688e-01
1.537429e-01
1.256140e-01
1.378165e-01
1.354859e-01
1.308747e-01
1.273504e-01
1.347568e-01
1.297793e-01
1.417910e-01
1.270667e-01
1.354222e-01
1.184925e-01
1.236832e-01
1.351510e-01
1.398672e-01
1.356814e-01
1.244846e-01
1.334306e-01
1.443739e-01
1.290190e-01
1.369012e-01
1.211443e-01
1.228002e-01
1.201112e-01
1.249301e-01
1.456776e-01
1.254351e-01
1.380497e-01
1.325716e-01
1.243386e-01
1.165022e-01
1.253510e-01
1.315699e-01
1.368920e-01
1.327035e-01
1.241696e-01
1.305145e-01
1.268649e-01
1.296123e-01
1.124256e-01
1.165287e-01
1.448623e-01
1.457297e-01
1.227435e-01
1.312933e-01
1.366050e-01
1.443251e-01
1.232563e-01
1.371476e-01
1.428252e-01
1.539718e-01
1.225550e-01
1.198480e-01
1.391502e-01
