1.271538e-01
1.307292e-01
1.599592e-01
1.259410e-01
1.256389e-01
1.357224e-01
1.247078e-01
1.437059e-01
1.410353e-01
1.427248e-01
1.415298e-01
1.567329e-01
1.307943e-01
1.255033e-01
1.374186e-01
1.441831e-01
1.343284e-01
1.359475e-01
1.231846e-01
1.404123e-01
1.292407e-01
1.280428e-01
1.199066e-01
1.350154e-01
1.215023e-01
1.346022e-01
1.436002e-01
1.328256e-01
1.261931e-01
1.276705e-01
1.529254e-01
1.755462e-01
1.362375e-01
1.227382e-01
1.286068e-01
1.292450e-01
1.457738e-01
1.191443e-01
1.363270e-01
1.300840e-01
1.303010e-01
1.260258e-01
1.486704e-01
1.255050e-01
1.214565e-01
1.183248e-01
1.297977e-01
1.358260e-01
1.398712e-01
1.237738e-01
1.323790e-01
1.317102e-01
1.294331e-01
1.169027e-01
1.302268e-01
1.337169e-01
1.371647e-01
1.289238e-01
1.244880e-01
1.416396e-01
1.480785e-01
1.498653e-01
1.549088e-01
1.180075e-01
