1.355909e-01
1.271868e-01
1.212071e-01
1.379988e-01
1.256910e-01
1.451427e-01
1.343965e-01
1.455560e-01
1.384850e-01
1.129183e-01
1.164244e-01
1.229361e-01
1.158424e-01
1.206113e-01
1.347143e-01
1.348852e-01
1.194863e-01
1.552693e-01
1.476284e-01
1.237238e-01
1.285072e-01
1.306054e-01
1.337232e-01
1.279156e-01
1.329035e-01
1.414112e-01
1.368438e-01
1.180088e-01
1.303984e-01
1.318771e-01
1.298169e-01
1.264054e-01
1.432154e-01
1.345788e-01
1.273174e-01
1.295531e-01
1.351400e-01
1.216240e-01
1.258508e-01
1.276456e-01
1.443109e-01
1.347532e-01
1.556968e-01
1.291238e-01
1.250902e-01
1.369096e-01
1.405322e-01
1.474072e-01
1.387093e-01
1.398862e-01
1.314751e-01
1.167249e-01
1.232853e-01
1.433650e-01
1.528527e-01
1.130459e-01
1.377268e-01
1.308399e-01
1.238243e-01
1.427801e-01
1.368751e-01
1.251429e-01
1.299236e-01
1.216004e-01
