3.189722e-02
3.251239e-02
-3.233373e-02
3.294647e-03
4.180884e-03
-5.113190e-02
1.241638e-02
-8.933329e-04
-4.787995e-02
-2.223298e-02
-3.038285e-03
1.952268e-02
-1.947864e-02
5.980177e-03
1.820834e-04
-2.092901e-02
1.474911e-02
7.608494e-03
8.289281e-03
-1.642520e-02
2.644976e-03
-2.423380e-02
-4.853801e-02
1.510094e-03
-2.625197e-04
-4.078975e-02
-1.487564e-02
-4.502870e-03
-2.016366e-02
-1.068250e-02
1.659060e-02
9.350038e-03
5.315541e-03
4.606552e-02
4.158743e-03
-2.122701e-02
-1.058912e-03
-1.843354e-03
-5.231221e-02
-4.506292e-02
-2.429983e-02
-2.052882e-02
2.339537e-02
1.944337e-02
3.287215e-02
-1.061065e-02
-6.953575e-02
-4.531821e-02
-3.586449e-02
-5.608935e-02
-5.610105e-02
-3.495906e-02
-2.774928e-02
-8.340911e-03
-1.663871e-02
2.496505e-02
1.004271e-03
-2.613709e-02
-7.948523e-03
-2.070011e-02
-9.409383e-03
1.380228e-02
-3.350478e-02
-1.226328e-02
-1.358348e-02
3.006718e-02
2.707272e-02
2.072265e-02
2.380998e-02
1.361968e-02
-5.914935e-03
2.141353e-02
1.833394e-04
9.994654e-03
-3.121316e-02
2.624465e-02
1.840887e-03
-2.668895e-02
-2.733541e-02
-9.323503e-03
-2.679312e-02
-1.440492e-02
-7.786644e-03
-1.836111e-02
1.382499e-02
6.190990e-03
-1.479414e-02
-2.290556e-02
1.660447e-02
-1.869958e-02
2.790724e-03
-2.835332e-03
4.054707e-03
2.147082e-02
2.231467e-02
1.516687e-02
6.099899e-03
2.214410e-02
2.401544e-02
-4.842636e-03
-3.964188e-03
-2.395705e-02
7.976692e-04
1.442377e-02
8.132767e-03
2.987431e-02
1.886615e-02
1.588422e-02
1.926823e-03
-9.607595e-03
-5.398371e-02
1.138727e-02
-8.682729e-03
-2.042933e-02
-9.316336e-03
-2.277922e-02
-1.780855e-02
3.132074e-02
2.911908e-02
3.219228e-02
3.905398e-02
1.744223e-02
1.602753e-02
-1.583834e-02
4.856819e-04
1.115422e-05
4.976139e-02
-2.187172e-02
-1.557105e-03
-2.090387e-02
1.399106e-03
8.051340e-03
1.119096e-02
3.416092e-02
9.853600e-03
4.571588e-02
1.800231e-02
1.507500e-02
4.302613e-03
-7.847115e-03
6.426797e-03
8.344191e-03
-1.371006e-02
2.576699e-02
-3.072114e-02
2.623881e-04
-9.096924e-03
-2.185038e-02
2.294758e-02
2.769683e-02
-2.861959e-03
5.957551e-02
1.521948e-02
1.272032e-02
-1.772987e-02
5.214035e-03
1.494286e-02
1.889935e-03
-1.488959e-02
-1.576591e-02
-1.589971e-03
5.263611e-03
5.720820e-04
-2.801912e-02
9.418292e-03
4.333502e-02
-4.551238e-02
-1.533814e-02
-1.787502e-02
-1.453835e-02
-1.977603e-02
-7.488887e-03
3.228505e-02
-3.726739e-02
-9.140542e-03
2.483390e-04
-7.848073e-03
-4.301854e-02
1.990727e-02
1.897900e-02
-1.475340e-02
3.067612e-02
-3.971158e-02
1.731131e-02
-2.194823e-02
-1.423154e-02
-3.832401e-02
-8.440276e-03
1.165537e-02
-4.754228e-03
1.531275e-02
3.871153e-02
4.917287e-02
2.419193e-02
3.427980e-02
-2.468352e-03
8.744393e-03
1.124996e-02
7.134980e-03
-1.472805e-02
1.097045e-02
-3.510856e-02
-5.843594e-02
-8.143554e-03
8.291574e-03
-3.357278e-02
1.842981e-02
-7.115755e-03
1.814024e-03
-8.944528e-03
-3.357463e-03
-1.174028e-02
-2.707744e-03
-2.195922e-02
3.608517e-03
4.562968e-03
2.472873e-03
-2.859406e-02
3.341821e-03
-6.298222e-03
1.332131e-03
-5.496017e-03
1.828575e-02
1.048436e-02
1.065553e-02
2.480506e-02
-2.709994e-02
-3.423588e-03
3.014057e-03
-3.939758e-02
-3.231209e-03
1.323669e-02
1.206969e-02
-3.529593e-03
1.182512e-02
-1.760817e-03
3.702178e-02
1.551004e-02
9.640772e-03
1.078440e-02
1.512049e-02
-2.274560e-02
4.810707e-03
3.677989e-02
3.341753e-02
-1.096052e-03
-2.060963e-02
-4.787788e-03
-2.330690e-02
-4.741608e-03
-3.225172e-02
2.160215e-02
1.639942e-02
-4.773530e-02
7.095475e-03
-2.017234e-02
1.785688e-02
-1.628835e-02
-1.660497e-02
-1.592829e-02
-3.014862e-02
-2.847885e-03
1.830738e-02
1.151668e-02
-3.094993e-02
-7.373778e-04
1.516650e-02
2.154739e-02
1.384380e-02
1.135765e-02
-1.292098e-02
-4.265773e-02
7.240156e-03
1.305474e-02
-9.241519e-03
5.742477e-02
1.710832e-02
1.608166e-02
-1.433208e-02
1.818164e-02
-6.101216e-03
1.318844e-02
2.965110e-02
5.403720e-03
-2.713966e-02
1.613752e-02
-3.050365e-02
1.037481e-02
-1.936985e-02
3.309232e-02
2.049763e-02
2.890632e-02
2.562197e-02
2.003610e-02
1.096312e-02
-4.423844e-03
-4.532165e-02
1.986774e-03
2.169549e-02
-5.987778e-03
-3.330025e-02
-1.874276e-02
3.791436e-02
2.266847e-02
-2.757639e-04
-5.747435e-03
2.311327e-03
1.810814e-02
1.570356e-02
-8.712065e-03
-8.853400e-03
-3.220185e-02
-3.411571e-03
-3.410351e-02
-1.843096e-02
9.268658e-03
1.204843e-02
4.941971e-03
3.876875e-02
6.572934e-03
-2.429069e-03
-8.097381e-03
-1.806660e-02
-4.749569e-02
-1.942764e-02
1.098242e-02
-9.579924e-03
-1.043925e-02
-1.371925e-02
-1.142424e-02
-1.800143e-02
-5.872602e-03
-8.832998e-03
-1.575089e-02
7.963687e-03
-2.479164e-02
1.505786e-02
-2.420069e-02
8.994621e-03
-3.084137e-03
1.092327e-02
-5.797636e-03
-4.498269e-03
-2.711614e-03
7.793386e-03
3.545497e-02
5.323434e-02
5.717989e-02
-4.157345e-02
-5.649445e-03
-1.055120e-02
2.011298e-02
3.853824e-03
2.929581e-02
1.962334e-02
2.039373e-02
3.439154e-02
-1.287058e-02
2.452739e-02
1.964418e-02
-3.753058e-02
-2.297371e-02
2.923583e-02
4.494457e-02
2.119981e-02
-1.093858e-02
1.405282e-02
2.413727e-02
1.297582e-02
-6.263898e-03
-1.093608e-03
-1.267847e-02
-1.965426e-02
-5.059680e-03
2.748931e-02
2.047268e-02
1.525319e-02
-1.320379e-02
1.281550e-02
-3.697952e-03
1.506308e-02
-3.180992e-02
-1.005447e-02
-1.718904e-02
-1.711415e-02
-4.354626e-03
-6.973180e-03
-1.917115e-02
5.192383e-03
-2.038252e-02
4.701592e-03
-2.442906e-02
1.431165e-02
1.014086e-03
3.329086e-03
-8.549726e-03
1.157374e-02
-1.608386e-02
6.800421e-03
-3.274184e-02
-1.851547e-02
-2.669198e-02
9.243885e-03
7.206781e-03
1.820200e-02
-3.216382e-02
-2.867574e-02
-3.738814e-02
-3.657871e-02
-1.627718e-02
-1.347090e-02
-6.682696e-03
3.050513e-02
5.567516e-02
1.323742e-02
3.118570e-02
3.261154e-02
1.291373e-02
7.492486e-03
-1.426378e-02
-1.917568e-02
-2.856661e-02
7.349211e-04
-9.450070e-03
-1.655763e-02
2.833636e-02
5.473335e-02
1.366481e-02
2.781133e-02
-1.854998e-02
-2.629737e-02
-3.590589e-02
1.758588e-02
1.974569e-02
-1.440436e-02
6.873438e-02
1.247110e-02
-2.378310e-02
3.970343e-02
-1.845079e-02
-1.786271e-03
-5.555949e-03
-4.668868e-03
-7.916631e-03
2.514419e-03
-9.798071e-03
-1.299085e-02
5.031789e-03
-1.250516e-02
1.190409e-02
2.432021e-02
-1.222290e-02
-5.305423e-02
-5.972956e-03
-3.578709e-02
-2.596154e-03
-1.279692e-02
-4.400064e-02
-3.977916e-02
-4.359866e-03
1.413098e-02
3.173257e-02
2.151564e-03
3.127342e-02
1.260471e-02
1.013719e-02
5.909630e-03
1.725148e-02
-1.741618e-02
6.788382e-03
2.194714e-02
-1.231711e-02
-2.119123e-02
8.563382e-03
6.667816e-03
2.845626e-02
1.686455e-02
2.231835e-02
1.242823e-02
2.713490e-02
1.335697e-02
1.299493e-02
2.130215e-02
2.377688e-02
3.515396e-02
5.116202e-02
-1.385049e-02
-2.268664e-02
-4.913238e-02
1.857238e-02
-1.017698e-02
-1.804186e-02
-1.289507e-02
6.305136e-03
9.798900e-03
-4.634933e-03
1.777815e-02
2.335422e-02
1.348680e-02
3.795656e-02
3.962016e-02
-2.899720e-02
-1.605454e-02
-2.037641e-03
-1.512170e-02
-5.303687e-02
3.188479e-02
-1.593552e-02
-2.939023e-02
-6.512085e-03
-8.362358e-03
9.106748e-03
-5.034782e-03
-1.559654e-02
-1.150092e-02
8.411146e-03
-1.719035e-02
1.648474e-02
2.712204e-02
-2.928882e-03
2.579243e-02
3.591298e-02
3.806682e-02
8.316567e-03
2.511303e-02
3.655802e-02
-1.591732e-02
2.400378e-02
4.093170e-02
1.994766e-02
3.795918e-02
-4.221902e-02
-1.241528e-02
9.498389e-03
-1.076037e-02
2.255689e-02
4.930735e-03
4.513041e-03
9.589459e-03
-1.086467e-02
-1.417418e-03
-7.329855e-03
-1.949053e-02
-1.664079e-02
-2.708203e-02
-1.335069e-02
5.078764e-03
-3.163240e-02
-1.595172e-02
-7.180064e-03
1.578710e-03
-2.417458e-03
4.368815e-03
-1.625655e-02
9.030803e-03
-1.398817e-02
-2.098889e-04
6.823083e-03
-8.344244e-03
-3.522643e-02
-4.503086e-02
-5.522886e-02
-9.720879e-03
-3.254477e-02
-1.488357e-02
-4.383591e-02
-1.881513e-02
1.703305e-02
1.157518e-02
-3.862611e-03
4.582052e-02
-2.709319e-02
-1.014198e-02
2.098485e-02
3.604697e-03
-3.795796e-03
2.031057e-02
1.255383e-02
8.656114e-03
-1.101258e-02
-2.379906e-02
-2.688861e-02
-1.021084e-02
-4.863786e-02
6.029543e-03
-1.253920e-02
-1.271802e-03
-1.976298e-02
3.263688e-02
1.879930e-02
-8.427612e-03
-2.472402e-02
2.533468e-02
2.074645e-02
2.976048e-02
-3.508982e-02
-9.462248e-03
1.919047e-02
1.258358e-02
1.699680e-02
-8.632450e-03
-8.667261e-03
3.314202e-02
-2.725643e-02
-7.168984e-03
5.118383e-03
2.005017e-02
-1.391490e-02
-1.579551e-02
1.498939e-03
-1.554458e-02
3.339541e-02
-1.036265e-03
1.672970e-02
-1.600900e-04
3.973071e-03
3.346442e-02
3.703684e-02
1.743253e-02
9.720429e-03
-2.383242e-02
-4.073925e-02
-2.456322e-03
-2.036244e-02
2.615771e-02
2.975562e-02
1.896025e-02
-4.783462e-02
1.215678e-02
4.576461e-03
-1.579135e-02
-1.720194e-02
2.761008e-03
-2.961064e-02
-2.728758e-02
-9.164544e-03
-1.897940e-02
-3.169177e-02
2.591002e-02
-1.432502e-02
2.327549e-02
1.022659e-02
7.446016e-03
4.094584e-02
8.573486e-03
2.067582e-02
3.146736e-02
-6.997661e-03
-1.069231e-02
-2.158633e-02
1.530719e-02
-1.429522e-02
8.672268e-03
8.529651e-03
-1.371515e-02
-1.552679e-02
-2.420916e-02
-3.474434e-02
-1.436242e-02
-2.767324e-02
-3.403531e-02
-2.692931e-02
1.224149e-02
4.705408e-03
9.788731e-03
1.262520e-02
-1.637378e-02
-4.395354e-02
-3.384242e-02
-6.368979e-04
2.338489e-03
1.388919e-02
1.029408e-02
1.034701e-02
4.149450e-02
6.083500e-02
4.552844e-03
-3.695477e-03
3.337927e-02
4.316691e-03
9.288522e-03
-2.318588e-02
1.637059e-02
1.524468e-02
5.516854e-03
-9.030524e-03
-1.746301e-02
8.034102e-02
3.520532e-02
2.731713e-02
1.934724e-03
-1.924698e-03
3.202048e-02
3.816794e-02
-2.834604e-03
7.119612e-03
-5.825489e-03
2.181953e-03
-5.225718e-03
8.745018e-03
-1.226126e-03
-6.505779e-03
2.089999e-02
-3.872856e-02
2.483568e-03
3.992485e-02
-6.433323e-03
2.815901e-02
3.922715e-05
-1.670118e-02
-2.897690e-02
-1.043679e-02
-4.067681e-03
-1.603432e-02
2.976990e-03
-5.007890e-02
-8.092487e-04
4.341016e-02
-1.253971e-02
-6.520296e-03
-1.339220e-02
-1.604742e-02
1.582177e-03
5.483619e-03
3.583226e-03
-2.473339e-02
1.824094e-02
-3.338557e-03
1.388287e-02
2.924801e-03
-3.691061e-04
-3.109227e-02
1.167879e-02
8.848858e-03
1.477830e-02
-5.287549e-02
1.959564e-02
1.666944e-02
1.427530e-02
1.145390e-02
-2.422508e-02
-2.849841e-02
-1.496364e-03
1.295642e-02
1.294997e-02
-2.419953e-03
-1.830518e-02
-8.594168e-03
-2.823596e-02
-3.415694e-03
-2.766642e-02
-4.882764e-02
-4.160839e-02
-4.362178e-02
-4.867094e-02
-2.948786e-02
3.670624e-03
5.307058e-03
-4.239902e-03
1.944288e-02
1.043173e-03
-4.518308e-03
-1.074560e-02
-4.088830e-02
-2.161715e-02
4.057126e-02
3.269524e-02
2.545738e-02
2.718562e-02
3.015419e-02
-2.163423e-03
1.061754e-02
2.808339e-03
-5.699065e-02
3.092091e-02
1.398837e-02
-1.828263e-02
-2.631190e-02
-7.326257e-03
-5.868618e-03
6.037788e-03
-4.510825e-03
3.469845e-02
7.232309e-03
-2.676268e-02
-3.270079e-02
-2.815278e-02
-3.214836e-02
-3.870378e-02
2.322364e-03
3.221131e-02
2.529138e-03
1.377536e-02
2.301050e-03
-2.243960e-02
-2.376437e-03
-5.241742e-03
-3.515059e-02
3.203045e-02
1.356663e-02
1.222793e-03
-1.210787e-02
-3.206220e-02
-4.758374e-02
6.965192e-03
2.912640e-03
3.069431e-02
2.997334e-02
3.161440e-02
1.534350e-03
-6.464435e-04
-1.830873e-02
-2.324061e-03
7.639529e-03
-1.711813e-02
5.649313e-03
2.070810e-02
3.471274e-03
-2.025346e-02
-3.033280e-02
1.366385e-03
-1.472853e-02
2.034401e-02
9.245991e-03
2.718795e-02
3.591354e-02
3.644346e-02
3.791033e-02
7.871914e-03
-1.459916e-02
4.920076e-03
-2.093812e-03
6.575980e-03
-2.625554e-02
1.665104e-02
4.516748e-02
1.384556e-02
1.678172e-03
-8.130858e-03
3.080158e-03
7.902589e-03
2.587356e-02
-3.211216e-02
1.946821e-02
3.984591e-02
2.408645e-03
2.501983e-02
2.193828e-02
2.198916e-02
3.438319e-02
6.400103e-02
1.656081e-02
2.896695e-02
8.093194e-03
5.253041e-02
1.497819e-02
1.790137e-02
3.714982e-02
1.281592e-02
1.083534e-02
1.488803e-02
-2.671519e-02
-1.839497e-02
-1.800624e-03
-2.736663e-02
-2.985059e-02
-1.957932e-02
-2.436139e-02
3.645416e-03
1.070316e-02
1.401844e-02
2.521395e-02
1.403523e-02
4.522051e-02
2.594939e-02
1.241091e-02
1.365657e-02
-2.136453e-02
2.227757e-03
1.138690e-02
-2.229285e-03
2.064564e-02
-3.308635e-02
-3.126691e-02
1.592600e-03
-2.077064e-03
-7.665604e-03
3.012459e-02
-2.697224e-02
-6.940338e-03
-8.191002e-03
-2.493707e-02
1.914960e-02
-2.810101e-02
-1.570783e-02
2.473170e-02
8.689213e-03
-4.424708e-02
1.561951e-03
4.048268e-02
-9.003039e-03
5.068488e-02
5.861474e-02
4.025010e-02
-2.255798e-03
1.035386e-02
-1.610921e-02
-6.028056e-03
-2.608972e-02
-4.673791e-02
-1.513492e-02
-5.313135e-03
-2.009610e-02
3.263721e-03
2.250614e-02
4.788574e-02
4.677223e-02
3.685295e-02
-2.366104e-02
9.630643e-03
6.884083e-03
5.741194e-03
-3.673694e-02
-2.522512e-02
-5.941189e-03
-1.574134e-02
-2.712706e-02
2.896193e-02
-4.698249e-03
-1.484991e-03
-1.778311e-02
-2.585713e-02
-2.880775e-03
-1.319302e-03
-1.048257e-03
1.570262e-03
-1.498459e-02
8.566839e-04
-1.074366e-02
-3.957181e-02
1.281972e-02
-2.660739e-02
1.881761e-02
1.204570e-02
4.195797e-02
1.619318e-02
-1.770262e-02
-2.763122e-02
-6.906028e-02
-4.008593e-02
-3.267523e-02
-2.567521e-02
4.764849e-04
-1.787206e-02
-2.280016e-02
-3.725372e-02
-2.691317e-02
-6.144117e-02
-1.741696e-02
1.706898e-02
2.075930e-02
-2.884623e-03
-1.769212e-03
1.417445e-02
-4.547524e-02
4.067391e-03
-3.071737e-02
-2.878151e-02
-3.647714e-02
7.243282e-03
-3.835211e-03
6.366799e-04
-4.159734e-02
-7.783126e-03
-3.201846e-02
-1.854429e-02
1.773273e-03
-2.222921e-02
-9.429424e-03
1.031655e-02
-1.951283e-02
-3.305456e-02
1.367836e-02
-7.241614e-04
1.143188e-02
1.866028e-02
-5.800168e-03
-4.219745e-02
-3.187597e-03
4.157489e-03
-4.446906e-03
1.280717e-02
3.252052e-02
2.843728e-02
-6.130864e-03
2.811108e-02
2.222782e-02
-2.496612e-03
4.708810e-03
-1.548664e-03
-1.586531e-03
5.780169e-03
6.710306e-03
7.212723e-03
1.118658e-02
-1.257400e-02
9.418272e-03
4.052794e-03
1.402197e-02
-1.919165e-02
-1.909081e-02
-3.604469e-02
-2.205244e-02
-1.999362e-02
-1.672265e-02
-3.688683e-04
-1.534475e-02
1.337250e-02
9.537515e-03
-3.187602e-05
2.118896e-02
8.892875e-03
-5.155022e-03
9.616509e-03
2.345277e-02
-1.265220e-03
-7.913386e-04
-3.577001e-03
1.164210e-02
-2.789062e-02
-1.460326e-02
2.038528e-03
9.583469e-03
-2.958838e-02
-1.106340e-02
7.061108e-03
-1.087858e-02
-1.778397e-02
1.226355e-02
3.992575e-03
5.706255e-03
-3.209566e-02
-1.007388e-02
-2.750522e-02
2.249744e-02
2.435169e-02
-4.012387e-03
1.698278e-02
-3.629168e-03
-4.044588e-03
8.456117e-03
-7.466682e-04
2.486272e-02
-4.332167e-02
-4.196563e-02
-5.951913e-02
-3.564081e-03
1.480035e-02
-2.328870e-02
1.687712e-02
1.444706e-02
1.543707e-02
3.273651e-02
4.556189e-02
2.761206e-02
2.092037e-02
8.816186e-03
-1.115490e-02
2.550203e-02
-8.375266e-03
-5.695064e-02
5.522837e-02
2.989084e-02
8.319355e-03
-2.370402e-02
8.750376e-03
-2.031012e-02
-1.381888e-02
-1.969945e-02
-5.966969e-02
-4.794287e-03
-2.060575e-02
1.578299e-02
6.759547e-03
-9.922341e-03
9.139984e-03
-7.069104e-03
-1.397530e-02
-3.283713e-02
8.730487e-03
3.916835e-03
2.515091e-03
6.495678e-04
2.688908e-02
2.655662e-02
-1.823047e-02
1.359587e-02
4.797847e-02
-2.943483e-02
-1.211944e-02
1.171381e-02
1.099293e-02
-3.498299e-02
-4.821422e-03
-5.095139e-03
-2.742779e-02
-1.362595e-02
2.970815e-02
1.938682e-02
-5.969405e-03
-1.223972e-02
1.615831e-02
-1.279459e-02
-1.873973e-02
-7.188064e-03
-5.466537e-03
-3.391378e-02
-1.551490e-02
2.174169e-02
-2.184349e-02
-7.477551e-03
-7.743552e-03
-2.501385e-02
1.840881e-02
3.736807e-02
-1.038759e-02
-2.025312e-02
-2.415733e-02
-4.799970e-03
8.728323e-04
1.826533e-02
-1.098025e-02
-9.467615e-04
1.929715e-02
-1.359189e-02
-1.324187e-02
-2.517973e-02
-2.162736e-02
-4.787940e-03
-2.824305e-02
1.486740e-02
1.165764e-02
-1.018236e-02
-4.266183e-02
-3.318444e-02
-2.213888e-02
-2.588127e-02
3.993410e-03
1.570647e-02
1.184315e-02
3.375866e-02
4.714305e-02
1.577033e-02
1.108544e-02
-1.229201e-02
-2.850888e-03
3.808239e-02
4.059510e-02
-2.211374e-02
-2.435215e-02
1.907211e-02
-2.401232e-02
-2.452202e-02
4.383897e-03
1.127747e-02
-1.400314e-02
-1.833196e-02
-7.118431e-03
-5.147942e-03
-2.634451e-03
1.014591e-02
3.591666e-02
2.202149e-02
-2.050257e-02
-2.350237e-02
-1.215865e-02
3.689215e-03
9.202981e-03
1.326366e-02
-3.487755e-02
-7.181810e-02
-3.853925e-02
1.163738e-02
-3.943394e-03
-2.780078e-02
4.730318e-02
3.762921e-02
1.177097e-02
2.139760e-02
-1.475023e-02
1.624292e-02
-4.903073e-03
1.810588e-02
3.936829e-02
4.795261e-03
-2.761056e-02
4.540695e-03
2.874170e-02
3.718245e-02
2.956127e-02
-1.001278e-02
1.127446e-02
1.444491e-02
-3.974498e-02
-1.136287e-02
-1.903843e-03
-2.193701e-02
-3.335967e-02
-2.446587e-03
4.210319e-02
-2.700122e-02
-1.985944e-02
5.232457e-02
2.675970e-02
1.376259e-02
4.145844e-03
-1.233726e-02
-2.319759e-02
1.938894e-02
4.788425e-02
-3.956595e-02
3.237492e-03
5.174996e-02
1.314817e-02
-2.853377e-03
-2.679667e-02
-5.867020e-02
3.215757e-04
3.547449e-02
-1.111242e-02
3.053189e-02
3.217980e-02
8.505945e-04
1.511001e-02
-7.036694e-04
7.897760e-03
2.508402e-02
2.729103e-02
5.083471e-02
-3.941941e-02
-3.193423e-02
-1.530931e-02
-4.070682e-02
-1.341174e-02
-4.150573e-05
-6.806828e-03
-6.020038e-03
-1.276797e-02
-4.251475e-02
9.142242e-03
2.176862e-03
2.081672e-02
2.164465e-02
4.241727e-03
-1.678088e-02
-1.964685e-02
-2.830571e-02
-6.796225e-04
1.432901e-02
-3.324639e-02
4.882468e-02
2.265318e-02
-1.445361e-02
1.877982e-02
3.933481e-02
2.098633e-02
-5.883917e-02
2.707534e-02
1.293796e-02
-5.031701e-02
-1.700449e-02
-4.878316e-02
3.483927e-02
-3.681690e-02
-3.684449e-02
3.081269e-02
1.303797e-03
4.000159e-03
-1.654389e-02
-4.254133e-03
1.944438e-04
-2.744946e-02
1.214601e-02
8.216046e-03
-2.035637e-02
-2.242418e-02
-5.945318e-04
-1.291111e-02
1.135018e-02
-5.253081e-03
8.169162e-03
8.905622e-03
-2.832792e-02
1.293031e-02
-3.354066e-02
-4.861417e-03
-4.567393e-03
8.149856e-03
-2.636189e-02
-1.032838e-02
3.097062e-02
3.157002e-02
-1.278855e-02
-3.280095e-02
3.427230e-02
1.679660e-02
1.751669e-02
-1.078193e-02
5.377890e-03
1.769830e-02
-4.317497e-02
-4.269354e-03
2.187392e-02
-8.276926e-03
8.380236e-03
3.144875e-02
9.807949e-03
3.095976e-02
-1.495356e-02
-2.908150e-02
-4.142469e-02
-2.072657e-02
5.004875e-03
1.800838e-02
4.843489e-03
-3.012394e-02
2.159529e-02
7.737408e-03
3.097037e-02
-2.365356e-02
1.146432e-02
1.032913e-02
6.417155e-02
3.028490e-02
-3.031284e-02
-4.958567e-03
5.726388e-02
-2.064773e-02
-6.714854e-02
-4.457530e-03
4.859493e-02
1.041930e-02
2.700338e-03
-4.334429e-02
4.381847e-02
3.622966e-02
-2.577072e-02
-3.833702e-02
2.261086e-02
4.706524e-02
-5.567427e-02
-1.104842e-02
-2.160438e-02
2.967297e-02
-3.707431e-02
-1.730674e-02
4.121908e-03
-8.757209e-03
-4.880114e-03
2.187859e-02
1.660395e-02
7.518510e-04
4.937202e-03
3.353955e-03
3.121842e-02
-4.503340e-02
8.503532e-03
2.252425e-02
2.108188e-02
1.559269e-02
1.639663e-02
-2.317919e-02
-1.943014e-02
2.073341e-02
1.423437e-02
1.242371e-02
-3.035295e-02
3.139158e-03
1.169864e-02
-1.235881e-02
4.959179e-02
3.326567e-03
-3.084961e-02
-3.451861e-03
3.464249e-02
7.653019e-03
1.585989e-03
-1.964685e-02
-4.566098e-02
-5.452089e-03
-1.113664e-02
-1.150568e-02
-1.047851e-02
2.140351e-02
7.788962e-03
-3.741041e-02
-1.554210e-03
1.362541e-02
2.190302e-02
-4.964893e-03
2.286414e-03
3.604630e-02
6.395236e-03
-2.172277e-02
-5.063852e-03
5.460009e-03
5.125870e-03
-4.718792e-02
4.487764e-02
4.278911e-02
-3.250680e-02
7.336945e-03
-3.587030e-03
-3.804829e-02
-9.009114e-03
1.128612e-02
-4.202436e-02
-4.483329e-02
1.817254e-02
-6.984719e-03
1.286675e-02
-8.179344e-03
-1.228417e-02
3.489408e-02
5.736984e-03
-1.111755e-02
3.654325e-02
3.341985e-03
-1.474477e-02
-2.025798e-02
-2.433142e-02
3.114538e-02
3.283499e-02
-2.599025e-02
1.914804e-02
-2.632115e-02
3.000899e-02
1.449372e-02
-8.389669e-03
2.160558e-02
2.418924e-02
1.115621e-02
2.280104e-02
5.420608e-03
2.503182e-02
-9.225830e-03
7.617168e-03
-7.944696e-03
-1.741531e-02
-5.413250e-03
1.379075e-02
2.461697e-02
3.323663e-02
2.815842e-02
1.474035e-02
3.778975e-02
2.788531e-02
1.389844e-02
-8.074458e-03
-2.984812e-02
1.192206e-02
1.019098e-02
-5.317027e-02
-4.808290e-02
-1.252581e-02
-1.614299e-02
-6.997153e-03
-7.456103e-03
-1.355579e-02
-1.477097e-02
-1.484813e-02
-2.811109e-02
-1.582602e-02
-3.165624e-02
-3.419251e-02
2.629924e-03
-3.648183e-02
3.595036e-02
-4.773340e-02
1.854918e-03
-2.112778e-03
-2.690304e-03
1.337383e-02
1.279374e-02
-6.068124e-03
6.215572e-03
1.645697e-03
2.842550e-02
-2.089897e-02
3.519588e-03
1.348826e-02
-3.241896e-02
-1.456794e-02
-2.170745e-02
-8.220363e-03
-9.284858e-03
1.839532e-02
-2.867951e-02
-1.998726e-02
6.020396e-03
3.555008e-03
-1.419628e-02
1.541041e-02
4.641813e-03
8.465918e-03
3.030404e-02
1.228283e-02
2.241657e-02
2.780958e-03
3.409561e-02
-1.375571e-02
5.131735e-02
-1.376803e-02
-1.590134e-03
-1.470444e-02
1.771172e-02
-2.523158e-02
-3.014471e-02
9.873128e-03
1.002169e-02
-3.261526e-02
-2.428624e-02
-2.027845e-02
2.111221e-02
-5.014415e-02
-2.494770e-02
-1.661251e-02
-1.474125e-02
3.326576e-03
-2.892819e-02
8.998523e-03
2.050024e-02
1.663273e-02
-5.400490e-03
1.068843e-02
-5.443828e-03
4.028968e-03
3.079351e-02
-4.444117e-02
-2.504657e-02
-9.998241e-04
-1.953662e-02
-6.758446e-03
-1.836914e-02
-1.222457e-02
-3.526048e-02
-3.040474e-02
-7.386071e-03
-4.957993e-03
2.708852e-03
-8.325081e-03
2.675137e-02
1.534197e-02
-5.696836e-03
7.617259e-03
1.795504e-02
-5.340083e-03
-1.010723e-02
-3.246123e-03
2.014820e-02
7.796868e-03
-4.089430e-03
3.801228e-02
-3.258755e-02
8.204116e-03
5.215236e-02
-9.135362e-03
-1.173995e-02
-2.072620e-02
1.155210e-02
-5.242596e-02
-1.851079e-02
3.886223e-03
-1.992142e-02
2.666558e-02
-1.157172e-02
6.691085e-03
-5.932277e-03
-1.129063e-03
-4.751484e-02
-3.053164e-02
-3.939857e-03
-9.358755e-04
1.470661e-02
-3.180506e-02
-1.409215e-02
4.811682e-03
4.589206e-02
1.494192e-02
1.227524e-02
3.545494e-02
-6.057574e-03
1.251225e-02
8.290839e-03
1.607952e-02
-1.284569e-03
9.921844e-03
-9.528623e-03
-2.084260e-02
5.857194e-03
-1.456201e-02
-1.991819e-02
-4.363640e-03
1.511165e-02
1.874811e-02
-4.361005e-03
-3.620094e-02
-4.650897e-04
-1.861986e-02
-5.393705e-03
-5.806542e-03
-1.002868e-02
9.914294e-03
-1.235333e-02
1.384405e-02
7.561999e-03
-2.213595e-02
-1.038188e-02
2.616854e-03
-4.983872e-03
-2.223274e-03
-1.442543e-03
2.271412e-02
-2.914760e-02
-2.300122e-03
-4.918374e-02
1.132322e-02
-2.285409e-03
3.003812e-02
-1.115733e-02
-2.244864e-02
-4.039024e-03
-1.873840e-03
-1.786108e-02
-2.179586e-02
-9.738535e-03
-6.070381e-03
4.088252e-03
9.869001e-03
1.271415e-02
-1.979013e-02
6.839554e-03
3.958495e-02
6.261319e-02
-7.222040e-04
-2.243376e-02
-2.626340e-02
-1.692535e-02
-7.212487e-03
2.003241e-02
2.647859e-02
-1.085119e-03
-2.562487e-02
1.703443e-02
-3.285607e-02
1.941493e-02
1.634568e-02
1.395445e-02
4.931913e-02
2.949893e-02
1.354905e-02
-2.009349e-02
5.118168e-03
-2.919035e-03
1.990238e-02
1.123144e-02
1.532741e-02
2.079296e-02
4.135890e-02
1.219295e-02
1.480686e-02
1.454033e-02
1.195478e-02
-1.499408e-02
2.737138e-03
-3.788310e-03
4.516070e-02
1.087317e-02
2.056994e-03
-3.575173e-02
5.309376e-03
-5.841418e-04
-6.265357e-03
-2.024758e-02
-2.581232e-02
9.909282e-03
-2.676230e-02
-4.098792e-03
-1.466973e-02
-2.053369e-02
-8.232353e-03
-8.276043e-03
2.038658e-02
-1.326379e-02
-2.329669e-02
1.204334e-03
-1.710220e-02
-3.292478e-02
2.591627e-02
1.518211e-02
3.331714e-02
-2.489534e-02
-2.580405e-02
-3.295922e-02
2.488321e-02
-5.874838e-03
1.302674e-02
-6.895650e-03
-2.533488e-02
3.405535e-02
-3.621774e-03
-3.414434e-03
-1.245865e-02
-4.431413e-02
-1.264362e-02
-3.031133e-02
-1.394931e-02
-8.846669e-03
2.302820e-03
6.482156e-03
-1.397338e-02
-4.287130e-03
1.163971e-02
-6.821396e-03
2.934330e-02
-4.307367e-02
-1.255533e-02
2.759618e-02
-1.126231e-02
1.131689e-03
-9.461886e-03
-1.505477e-02
3.214807e-02
1.398378e-02
-7.376945e-03
6.542244e-05
2.100290e-02
8.284810e-03
-3.369467e-02
9.797784e-03
3.019453e-02
-5.100925e-03
-1.045004e-02
2.541530e-02
1.649365e-02
1.763710e-02
-1.556730e-02
1.341382e-02
-2.732888e-02
1.570927e-02
1.992345e-02
1.683302e-02
3.592893e-02
2.871232e-02
-2.559829e-02
3.992873e-02
6.003434e-02
2.799795e-02
3.980665e-02
3.376428e-02
3.992309e-02
-1.567005e-02
1.512772e-02
1.959799e-02
7.999240e-03
8.731382e-03
2.118777e-03
9.989960e-03
-1.590216e-02
3.492863e-03
5.626097e-03
7.301913e-03
-1.371480e-02
-7.696429e-03
-1.726189e-02
2.749459e-02
-2.506226e-02
-1.810624e-02
-1.273965e-02
3.392689e-02
9.225219e-03
-7.628301e-03
2.188748e-02
4.000217e-02
4.417572e-02
4.858854e-02
4.270557e-02
6.742634e-02
6.408789e-02
1.409074e-02
8.912553e-03
-2.847421e-04
1.684739e-02
-1.016673e-02
-3.794677e-03
-9.401945e-03
-2.238578e-02
1.919090e-02
1.634648e-02
-2.391331e-02
1.376006e-02
4.789946e-02
1.573159e-02
1.482608e-02
1.454256e-02
2.336955e-02
-1.831120e-02
-1.449629e-02
9.829588e-03
6.965139e-03
-2.748782e-02
-2.625121e-03
-3.550823e-02
-1.620420e-02
-6.303968e-03
-9.899212e-03
-1.905149e-02
-4.826837e-03
-3.734139e-02
6.603765e-03
-8.749528e-03
-6.346792e-03
-7.777788e-03
-1.004543e-02
-1.479535e-02
-2.080763e-02
-1.350825e-02
-3.950882e-02
-9.041736e-03
-3.124687e-02
5.031003e-03
-1.158156e-02
-2.400489e-02
1.042808e-02
-2.849547e-02
-1.046942e-02
3.496632e-02
2.199393e-02
4.544074e-02
2.949699e-02
2.844679e-02
-9.811330e-03
2.656188e-03
3.842230e-02
6.949484e-02
1.070953e-02
-1.982671e-03
1.890328e-02
2.202760e-02
7.032829e-03
1.037320e-02
2.095104e-02
-1.174451e-03
2.203699e-02
-1.173005e-02
-2.189435e-02
-3.952180e-03
1.919929e-02
-6.053765e-03
5.031664e-03
-9.957897e-03
7.609406e-03
-2.381290e-02
-2.177573e-02
2.268966e-02
-1.205732e-04
3.376712e-02
1.070714e-02
7.926333e-03
-6.216836e-03
-1.075184e-02
-1.951956e-02
-1.521719e-02
-2.999538e-02
-6.235277e-03
-7.993782e-03
1.638475e-02
2.757424e-02
-1.463647e-03
2.637220e-02
5.914100e-03
2.211620e-02
1.138302e-02
-3.416960e-03
8.432875e-03
-1.112261e-02
-3.270771e-02
-3.605921e-02
-2.937010e-02
2.731777e-02
2.186362e-02
-3.538438e-03
-9.252632e-03
-6.063521e-03
-1.066863e-02
-1.113888e-02
1.719010e-02
-1.780861e-02
-3.680301e-02
-3.739955e-02
1.459193e-02
3.308738e-02
-1.388634e-02
3.124274e-02
2.767443e-02
1.818133e-02
5.266134e-02
-2.209030e-02
2.393480e-03
-1.256697e-02
2.382110e-02
-4.018378e-02
-3.902429e-02
-3.059866e-03
-1.480536e-02
-4.365599e-02
1.150874e-02
5.726428e-02
8.450046e-03
-2.727484e-02
-3.630349e-02
-2.241841e-02
-3.333794e-02
-1.797372e-02
-9.088214e-03
5.315485e-02
-1.764842e-04
-9.061928e-03
-1.187430e-02
-2.639121e-02
4.282533e-03
-1.046227e-02
1.239206e-02
9.987569e-03
2.130102e-02
3.039666e-02
2.732669e-02
-3.252732e-03
2.511373e-02
1.368143e-02
-4.542303e-02
-9.464771e-03
-2.881661e-02
-2.058305e-02
-3.034718e-02
3.325469e-02
9.810613e-03
2.236740e-02
3.547160e-02
-2.230714e-02
2.733594e-04
-1.717585e-03
4.233809e-03
3.757418e-02
3.281261e-02
-3.452251e-02
4.005722e-02
-8.478533e-03
-3.051590e-02
-4.333861e-02
-3.449072e-03
-2.022311e-02
1.057066e-02
-4.101488e-02
-3.039009e-02
-3.597903e-02
-2.928682e-02
2.499794e-02
-3.583021e-02
-6.393190e-03
3.295441e-02
9.500630e-02
-5.741041e-03
-2.017184e-02
2.240941e-02
-2.452838e-02
6.607180e-03
-1.174113e-02
-1.820113e-02
1.124064e-02
-5.266722e-02
-2.624159e-03
3.156630e-02
-2.686376e-02
3.986795e-02
1.694262e-02
3.523584e-02
-1.071318e-02
-6.190306e-02
-3.201030e-02
-6.680961e-03
-1.034434e-02
-1.746655e-02
1.986353e-02
3.434164e-02
1.546893e-02
2.307311e-02
-1.198990e-02
-1.038372e-02
-5.799213e-03
-1.455275e-02
6.914748e-04
8.495741e-03
4.616107e-02
1.400904e-03
4.586587e-02
3.162526e-02
-4.343367e-02
-1.821474e-02
8.741170e-03
-1.665452e-02
7.104649e-02
1.500805e-02
-1.420584e-02
1.835833e-02
-4.554052e-02
-1.898031e-02
-4.080385e-03
-2.786183e-02
-2.484733e-03
-1.769740e-02
-4.342299e-03
-2.294332e-02
1.124582e-02
-7.645737e-03
1.576897e-02
-6.174932e-03
-3.184299e-02
2.098377e-02
2.576207e-02
2.579601e-02
5.070214e-02
1.255949e-02
5.266361e-02
5.122642e-03
-1.558962e-02
-1.483384e-02
-5.201554e-03
-1.316455e-02
8.203852e-03
3.590570e-02
4.196147e-02
2.423770e-02
-3.337663e-02
-3.648851e-03
-8.118075e-03
-1.306814e-02
-2.714427e-02
1.126093e-02
-7.741084e-03
-2.203998e-02
-1.528401e-02
-9.841829e-03
1.215236e-02
-7.694793e-03
3.257558e-02
1.756621e-02
2.393466e-02
-1.067221e-02
1.286755e-02
5.058594e-03
-2.285417e-02
-3.828995e-03
-2.801398e-02
-1.745600e-02
2.640315e-02
-1.051869e-02
-1.740441e-04
2.435647e-02
-1.503270e-03
5.512333e-03
-1.125634e-02
7.044384e-04
7.276275e-03
-3.737588e-02
-2.854367e-03
-2.767662e-02
2.274995e-03
-3.552791e-02
-2.803454e-03
-1.643411e-02
-1.622556e-02
-3.274025e-04
3.870418e-03
9.792469e-03
-1.386856e-02
-2.473770e-02
-1.006586e-02
1.934209e-03
4.815781e-03
-1.855080e-02
-3.506586e-04
-2.066861e-02
5.171581e-03
-2.311884e-02
2.806710e-03
1.663019e-02
1.819646e-02
1.143404e-03
-1.986194e-02
-3.845435e-02
-2.702753e-02
-2.519071e-02
8.987703e-03
3.220827e-03
-2.683205e-02
2.676729e-02
-5.424620e-02
-5.697111e-02
-2.225962e-03
-1.019259e-02
-9.036866e-03
2.521231e-02
3.903191e-02
8.392878e-03
-2.328435e-02
1.400007e-03
-1.780130e-02
-6.265887e-03
1.865210e-02
2.949223e-02
-3.140936e-03
1.411737e-02
8.773088e-03
8.614236e-03
-2.470268e-02
-7.465241e-03
-2.711180e-02
2.840768e-02
-9.105715e-03
8.229566e-03
2.313610e-04
2.715421e-02
-1.356227e-02
-2.326023e-02
-5.408246e-02
-3.782499e-02
-3.410684e-02
-3.038995e-02
-3.854991e-02
-3.036383e-02
-7.374709e-03
2.158408e-02
2.373965e-04
1.601261e-03
3.443083e-02
-1.828281e-02
1.087324e-02
2.438772e-02
2.034905e-02
-3.382293e-03
4.542601e-03
-9.938723e-06
2.360293e-02
-1.472436e-02
-2.495576e-02
1.558311e-02
-1.656762e-02
-2.212447e-02
-1.135615e-02
1.518193e-03
2.099288e-02
7.185890e-03
1.172736e-02
3.996179e-02
7.280960e-03
-2.575680e-02
1.121853e-02
-1.233458e-02
-2.667441e-02
1.280930e-03
-4.083005e-02
-1.858861e-02
-1.586824e-03
-9.385328e-03
-2.757321e-03
3.298944e-04
-2.669040e-02
3.932406e-02
3.254952e-02
1.125795e-02
1.078961e-02
3.294732e-02
-7.084394e-03
4.938535e-04
1.257504e-02
1.199014e-02
-3.288827e-02
3.633387e-02
4.676994e-02
-3.351460e-02
2.490263e-02
1.592032e-02
-6.768025e-02
-3.683953e-05
-1.112886e-02
1.803935e-02
-2.156781e-02
-2.807177e-03
7.267431e-03
-2.589360e-02
5.145276e-02
-2.013928e-03
-5.711554e-02
-1.821916e-02
-5.252222e-03
-2.822086e-02
-8.053177e-03
8.742218e-03
7.910447e-03
-8.789754e-03
-3.383004e-02
2.569524e-02
-9.697309e-04
1.738031e-02
1.964676e-02
-8.165438e-03
1.366990e-02
2.538243e-02
-4.777050e-03
-1.161192e-02
3.360797e-02
-5.714025e-02
-1.994122e-02
-4.286293e-02
-3.498184e-04
-4.658708e-02
-2.923074e-02
-2.719285e-02
-2.007125e-02
-2.667429e-02
-6.543013e-02
-3.394807e-03
1.614321e-02
7.052914e-03
2.712049e-02
2.092580e-02
1.558790e-02
9.030865e-03
1.390898e-02
4.210259e-03
-2.965491e-02
2.323910e-02
3.378415e-03
-5.727110e-03
5.160292e-02
-1.476985e-03
-1.809651e-02
-4.203462e-03
1.741057e-02
1.002647e-02
4.310984e-03
6.144749e-03
1.494830e-02
1.426410e-02
1.547291e-02
3.298092e-03
1.712721e-02
1.931319e-02
6.574607e-04
-3.123021e-02
-4.219418e-02
-5.791041e-02
8.578055e-03
-2.813732e-02
-4.270622e-04
-1.854866e-02
-2.476530e-02
-3.458666e-02
-4.435846e-02
-7.840971e-03
1.001378e-02
1.265289e-02
1.493677e-02
-1.301153e-02
1.834880e-02
2.332124e-03
5.696080e-03
2.359476e-02
-1.099933e-02
2.841217e-02
6.514056e-02
-2.123229e-03
1.698716e-02
4.940317e-02
1.829961e-02
8.495073e-03
-1.099576e-02
-4.793404e-02
8.241829e-03
2.325619e-02
-1.927127e-02
-4.251770e-03
-1.949185e-03
-4.868346e-02
-2.866286e-02
-1.676395e-02
-5.109163e-02
1.703439e-02
4.700409e-03
1.228177e-02
-2.261774e-03
3.032194e-02
1.859559e-02
